0 0.7583333333333333 0.5046296296296297 0.05625 0.2685185185185185
0 0.6419270833333334 0.5185185185185185 0.06822916666666667 0.30185185185185187
0 0.8088541666666667 0.5101851851851851 0.057291666666666664 0.2685185185185185
0 0.8921875 0.4962962962962963 0.04895833333333334 0.25555555555555554
0 0.8359375 0.5138888888888888 0.040625 0.21666666666666667
0 0.7158854166666667 0.5032407407407408 0.06822916666666667 0.32685185185185184
0 0.79453125 0.5222222222222221 0.0859375 0.3592592592592592
0 0.67265625 0.524074074074074 0.07447916666666668 0.337037037037037
0 1.0 0.4847222222222222 0.035937500000000004 0.17314814814814813
0 0.8994791666666666 0.5833333333333334 0.05625 0.19074074074074074
0 0.8526041666666667 0.5310185185185184 0.053125 0.2472222222222222
0 0.7856770833333333 0.5027777777777778 0.07447916666666668 0.3333333333333333
0 0.1453125 0.5546296296296297 0.028125 0.14814814814814817
