0 0.9114583333333334 0.49259259259259264 0.040625 0.2185185185185185
0 0.5276041666666667 0.5379629629629629 0.115625 0.48703703703703705
0 0.6432291666666669 0.5101851851851852 0.03229166666666667 0.1796296296296296
0 0.37994791666666666 0.5416666666666666 0.12968749999999998 0.4925925925925926
0 0.9656250000000001 0.5037037037037037 0.03125 0.17037037037037037
0 0.8317708333333335 0.49907407407407406 0.05520833333333334 0.2462962962962963
0 0.9078125 0.5041666666666667 0.06354166666666666 0.25092592592592594
0 0.8432291666666667 0.5078703703703703 0.057291666666666664 0.2398148148148148
0 0.9226562500000001 0.4925925925925926 0.059895833333333336 0.2537037037037037
0 0.1453125 0.5546296296296297 0.028125 0.14814814814814817
