0 0.2768229166666667 0.5319444444444444 0.06718750000000001 0.3509259259259259
0 0.20442708333333334 0.538888888888889 0.07239583333333334 0.3314814814814815
0 0.22395833333333334 0.5430555555555555 0.10416666666666667 0.5527777777777777
0 0.16901041666666666 0.5893518518518518 0.12239583333333333 0.4546296296296296
0 0.7036458333333334 0.5 0.053125 0.2185185185185185
0 0.4869791666666667 0.6231481481481481 0.17708333333333334 0.8833333333333333
0 0.6723958333333334 0.5407407407407407 0.19375 0.987037037037037
0 0.7065104166666667 0.5592592592592592 0.034895833333333334 0.13518518518518519
0 0.7359375 0.5185185185185185 0.04791666666666666 0.21296296296296294
0 0.8114583333333334 0.48379629629629634 0.06874999999999999 0.287962962962963
0 0.1453125 0.5546296296296297 0.028125 0.14814814814814817
