0 0.9635416666666666 0.48935185185185187 0.03125 0.18425925925925926
0 0.15807291666666667 0.5819444444444444 0.19322916666666667 0.8398148148148148
0 0.7572916666666666 0.5064814814814815 0.03333333333333333 0.1796296296296296
0 0.13229166666666667 0.5546296296296297 0.11666666666666667 0.5907407407407407
0 0.6635416666666666 0.5175925925925926 0.07187500000000001 0.3351851851851852
0 0.9244791666666666 0.4935185185185185 0.046875 0.20925925925925926
0 0.9963541666666667 0.49675925925925923 0.04895833333333334 0.21203703703703702
0 0.9541666666666666 0.4944444444444444 0.043750000000000004 0.20740740740740737
0 0.9338541666666667 0.49861111111111106 0.059375000000000004 0.262037037037037
0 0.9744791666666667 0.4912037037037037 0.065625 0.26944444444444443
0 0.6796875 0.512962962962963 0.034374999999999996 0.16296296296296295
0 0.1453125 0.5546296296296297 0.028125 0.14814814814814817
