0 0.6390625000000001 0.5101851851851852 0.06354166666666666 0.32407407407407407
0 0.65546875 0.5148148148148147 0.059895833333333336 0.25740740740740736
0 0.67890625 0.5222222222222223 0.06718750000000001 0.3
0 0.7937500000000001 0.5055555555555554 0.058333333333333334 0.30185185185185187
0 0.7536458333333335 0.5199074074074074 0.042708333333333334 0.2398148148148148
0 0.6338541666666666 0.5148148148148148 0.075 0.4
0 0.6583333333333334 0.5393518518518519 0.09895833333333333 0.44166666666666665
0 0.5677083333333334 0.5361111111111111 0.08541666666666667 0.4074074074074074
0 0.99140625 0.48611111111111105 0.04010416666666666 0.18888888888888886
0 0.9229166666666666 0.5828703703703704 0.052083333333333336 0.19166666666666668
0 0.8468749999999999 0.5296296296296297 0.06145833333333334 0.24259259259259258
0 0.9888020833333334 0.47685185185185186 0.04739583333333334 0.17592592592592593
0 0.71640625 0.5097222222222222 0.09427083333333333 0.4083333333333333
0 0.1453125 0.5546296296296297 0.028125 0.14814814814814817
