0 0.8908854166666667 0.49583333333333335 0.043229166666666666 0.225
0 0.5736979166666667 0.5333333333333333 0.0984375 0.44259259259259254
0 0.6174479166666667 0.5125 0.0328125 0.18055555555555552
0 0.26171875000000006 0.5560185185185186 0.13177083333333334 0.5842592592592593
0 0.921875 0.5041666666666667 0.03958333333333334 0.20648148148148146
0 0.9497395833333334 0.5050925925925925 0.033854166666666664 0.1787037037037037
0 0.8026041666666667 0.5 0.057291666666666664 0.25555555555555554
0 0.8786458333333335 0.5111111111111111 0.065625 0.26296296296296295
0 0.8153645833333334 0.5106481481481482 0.059895833333333336 0.25092592592592594
0 0.9984375 0.5069444444444444 0.06145833333333334 0.33055555555555555
0 0.8934895833333334 0.4949074074074074 0.0609375 0.2638888888888889
0 0.1453125 0.5546296296296297 0.028125 0.14814814814814817
