0 0.5458333333333334 0.5203703703703704 0.06666666666666667 0.3592592592592592
0 0.6510416666666666 0.5078703703703703 0.051041666666666666 0.225
0 0.5817708333333333 0.5337962962962962 0.075 0.325
0 0.7309895833333334 0.5092592592592592 0.06614583333333333 0.35
0 0.6815104166666667 0.5333333333333333 0.06302083333333333 0.27777777777777773
0 0.5078125 0.5212962962962963 0.08333333333333333 0.44629629629629625
0 0.47317708333333336 0.5597222222222222 0.10052083333333334 0.5268518518518518
0 0.4002604166666667 0.549074074074074 0.1171875 0.48333333333333334
0 0.9591145833333333 0.49027777777777776 0.05677083333333334 0.19907407407407407
0 0.8609375 0.5740740740740741 0.040625 0.1685185185185185
0 0.8255208333333334 0.5189814814814814 0.04479166666666667 0.262037037037037
0 0.9583333333333334 0.4810185185185185 0.052083333333333336 0.2046296296296296
0 0.6177083333333334 0.5166666666666667 0.11354166666666668 0.47407407407407404
0 0.1453125 0.5546296296296297 0.028125 0.14814814814814817
