0 0.8552083333333335 0.5 0.04791666666666666 0.23703703703703702
0 0.6135416666666667 0.5277777777777778 0.08541666666666667 0.3777777777777777
0 0.014583333333333327 0.5782407407407407 0.16041666666666665 0.7194444444444444
0 0.8914062500000001 0.5064814814814814 0.05260416666666667 0.22407407407407404
0 0.9674479166666666 0.4888888888888888 0.044270833333333336 0.2222222222222222
0 0.9182291666666667 0.5087962962962963 0.036458333333333336 0.19537037037037036
0 0.7598958333333334 0.49675925925925923 0.05 0.2861111111111111
0 0.8265625 0.5166666666666666 0.06770833333333333 0.2907407407407407
0 0.7734375 0.5166666666666667 0.065625 0.26666666666666666
0 0.9234375 0.5828703703703704 0.057291666666666664 0.20092592592592592
0 0.9424479166666666 0.5134259259259258 0.06406250000000001 0.3046296296296296
0 0.8497395833333333 0.4981481481481482 0.06406250000000001 0.2796296296296296
0 0.1453125 0.5546296296296297 0.028125 0.14814814814814817
