0 0.2713541666666667 0.5287037037037037 0.07604166666666667 0.34629629629629627
0 0.19375 0.5398148148148147 0.06979166666666667 0.32407407407407407
0 0.16171875000000002 0.5518518518518518 0.17239583333333336 0.5722222222222222
0 0.10234375000000001 0.5828703703703704 0.09635416666666667 0.46759259259259256
0 0.6864583333333334 0.499537037037037 0.05520833333333334 0.21944444444444444
0 0.5307291666666667 0.6134259259259259 0.18125 0.825
0 0.70234375 0.5509259259259259 0.17760416666666667 0.9333333333333333
0 0.7044270833333334 0.5574074074074074 0.033854166666666664 0.13333333333333333
0 0.7356770833333334 0.5148148148148148 0.04739583333333334 0.21296296296296294
0 0.7932291666666667 0.48935185185185187 0.07604166666666667 0.29907407407407405
0 0.1453125 0.5546296296296297 0.028125 0.14814814814814817
