0 0.8070312500000001 0.5032407407407408 0.05260416666666667 0.24907407407407406
0 0.6317708333333334 0.5185185185185185 0.07604166666666667 0.3222222222222222
0 0.853125 0.512962962962963 0.051041666666666666 0.23888888888888887
0 0.9372395833333333 0.49166666666666664 0.0546875 0.23333333333333334
0 0.87734375 0.5106481481481481 0.03802083333333334 0.20648148148148146
0 0.7458333333333333 0.5037037037037037 0.06458333333333334 0.3
0 0.7937500000000001 0.5217592592592593 0.07291666666666667 0.325
0 0.7229166666666667 0.5194444444444444 0.06979166666666667 0.3
0 0.8971354166666666 0.5810185185185186 0.044270833333333336 0.19166666666666668
0 0.8919270833333334 0.5148148148148148 0.0734375 0.2796296296296296
0 0.8044270833333333 0.5013888888888888 0.06927083333333334 0.3009259259259259
0 0.1453125 0.5546296296296297 0.028125 0.14814814814814817
