0 0.5921875 0.5148148148148147 0.06458333333333334 0.34259259259259256
0 0.6544270833333334 0.5115740740740741 0.0546875 0.24166666666666667
0 0.6333333333333334 0.5277777777777778 0.06874999999999999 0.31111111111111106
0 0.7713541666666667 0.5083333333333333 0.07083333333333333 0.32407407407407407
0 0.7166666666666666 0.5263888888888889 0.051041666666666666 0.262037037037037
0 0.5812499999999999 0.5148148148148147 0.084375 0.42037037037037034
0 0.5765625000000001 0.5439814814814814 0.10312500000000001 0.475
0 0.49296875 0.5458333333333333 0.09427083333333333 0.44166666666666665
0 0.97890625 0.49027777777777776 0.044270833333333336 0.19722222222222222
0 0.9041666666666666 0.575925925925926 0.04583333333333334 0.18148148148148147
0 0.8294270833333335 0.5185185185185185 0.0453125 0.26666666666666666
0 0.9744791666666667 0.4810185185185185 0.04895833333333334 0.19166666666666668
0 0.6674479166666667 0.513425925925926 0.09427083333333333 0.44351851851851853
0 0.1453125 0.5546296296296297 0.028125 0.14814814814814817
