0 0.8338541666666667 0.5064814814814814 0.03958333333333334 0.17777777777777776
0 0.3140625 0.5375 0.09270833333333334 0.48796296296296293
0 0.09114583333333336 0.5583333333333333 0.15937500000000002 0.7055555555555555
0 0.78125 0.5106481481481481 0.05625 0.2861111111111111
0 0.6661458333333333 0.5134259259259258 0.04583333333333334 0.175
0 0.9604166666666667 0.48981481481481476 0.041666666666666664 0.19444444444444445
0 0.9875 0.4925925925925926 0.036458333333333336 0.18333333333333332
0 0.7955729166666669 0.5074074074074074 0.05572916666666666 0.2351851851851852
0 0.83359375 0.5050925925925925 0.0546875 0.23796296296296296
0 0.7635416666666667 0.5120370370370371 0.0375 0.1722222222222222
0 0.1453125 0.5546296296296297 0.028125 0.14814814814814817
