0 0.4973958333333334 0.5282407407407407 0.07083333333333333 0.3768518518518518
0 0.6411458333333333 0.5069444444444444 0.051041666666666666 0.2175925925925926
0 0.5200520833333334 0.5421296296296295 0.08385416666666667 0.35277777777777775
0 0.7049479166666667 0.5111111111111111 0.08385416666666667 0.3685185185185185
0 0.6364583333333335 0.5365740740740741 0.058333333333333334 0.2972222222222222
0 0.4390625 0.5259259259259259 0.12812500000000002 0.4759259259259259
0 0.3471354166666667 0.5666666666666667 0.12239583333333333 0.5703703703703703
0 0.2916666666666667 0.5597222222222221 0.12708333333333333 0.5287037037037037
0 0.9213541666666667 0.49351851851851847 0.04479166666666667 0.20555555555555555
0 0.8161458333333335 0.5736111111111111 0.05520833333333334 0.16203703703703703
0 0.8203125 0.5194444444444444 0.046875 0.25740740740740736
0 0.9377604166666667 0.4805555555555555 0.0546875 0.21296296296296294
0 0.5419270833333333 0.5222222222222223 0.12968749999999998 0.5166666666666667
0 0.1453125 0.5546296296296297 0.028125 0.14814814814814817
