0 0.4489583333333333 0.5277777777777778 0.075 0.37037037037037035
0 0.6143229166666666 0.5041666666666667 0.04739583333333334 0.20648148148148146
0 0.47187500000000004 0.5435185185185184 0.10833333333333334 0.3722222222222222
0 0.6513020833333334 0.5152777777777777 0.07864583333333333 0.39166666666666666
0 0.5848958333333334 0.5421296296296295 0.06666666666666667 0.3157407407407407
0 0.3510416666666667 0.5333333333333333 0.115625 0.5277777777777778
0 0.20572916666666666 0.5884259259259259 0.19270833333333334 0.6416666666666667
0 0.16484375 0.5814814814814814 0.17864583333333334 0.5833333333333334
0 0.8815104166666666 0.49537037037037035 0.06197916666666667 0.20925925925925926
0 0.7807291666666667 0.5736111111111111 0.034374999999999996 0.15462962962962962
0 0.8018229166666667 0.5189814814814814 0.05572916666666666 0.24907407407407406
0 0.91640625 0.48101851851851846 0.05677083333333334 0.21944444444444444
0 0.4450520833333333 0.5337962962962963 0.12968749999999998 0.5675925925925926
0 0.1453125 0.5546296296296297 0.028125 0.14814814814814817
