0 0.4057291666666667 0.5291666666666667 0.08645833333333333 0.375
0 0.3854166666666667 0.549074074074074 0.09895833333333333 0.3851851851851852
0 0.6026041666666666 0.5166666666666667 0.08958333333333333 0.4166666666666667
0 0.5195312500000001 0.5453703703703704 0.0734375 0.34629629629629627
0 0.23489583333333336 0.5435185185185186 0.140625 0.5703703703703703
0 0.053385416666666664 0.599537037037037 0.17552083333333335 0.7157407407407407
0 0.83359375 0.4981481481481482 0.05260416666666667 0.21296296296296294
0 0.16718750000000002 0.5342592592592592 0.3302083333333333 1.0
0 0.7583333333333334 0.5712962962962962 0.034374999999999996 0.15
0 0.7765625 0.5185185185185185 0.052083333333333336 0.24814814814814812
0 0.8950520833333334 0.4819444444444444 0.059895833333333336 0.22685185185185183
0 0.32994791666666673 0.5402777777777777 0.15364583333333334 0.6175925925925925
0 0.1453125 0.5546296296296297 0.028125 0.14814814814814817
