0 0.9697916666666666 0.487962962962963 0.030208333333333334 0.1796296296296296
0 0.058333333333333334 0.5972222222222221 0.225 0.9259259259259258
0 0.7770833333333333 0.5064814814814815 0.043750000000000004 0.1796296296296296
0 0.16875 0.5587962962962962 0.14583333333333334 0.5731481481481481
0 0.6921875000000001 0.5138888888888888 0.065625 0.3259259259259259
0 0.9322916666666666 0.4930555555555555 0.04583333333333334 0.20648148148148146
0 1.0 0.4981481481481481 0.04635416666666667 0.2037037037037037
0 0.9625 0.4976851851851852 0.042708333333333334 0.2046296296296296
0 0.90078125 0.5027777777777778 0.07760416666666667 0.25555555555555554
0 0.9380208333333333 0.4944444444444444 0.04583333333333334 0.26296296296296295
0 0.6953125 0.512037037037037 0.035416666666666666 0.1648148148148148
0 0.1453125 0.5546296296296297 0.028125 0.14814814814814817
