0 0.921875 0.4916666666666666 0.03958333333333334 0.2148148148148148
0 0.4973958333333333 0.5435185185185186 0.121875 0.5166666666666667
0 0.6578125 0.5101851851851852 0.03229166666666667 0.1796296296296296
0 0.41588541666666673 0.5324074074074073 0.08385416666666667 0.4685185185185185
0 0.9729166666666667 0.5027777777777778 0.03125 0.1685185185185185
0 0.8463541666666666 0.4972222222222222 0.05520833333333334 0.24259259259259258
0 0.915625 0.5050925925925925 0.0625 0.24537037037037035
0 0.8575520833333334 0.5069444444444444 0.0546875 0.2361111111111111
0 0.9375 0.48796296296296293 0.059375000000000004 0.24814814814814812
0 0.1453125 0.5546296296296297 0.028125 0.14814814814814817
