0 0.8807291666666667 0.4976851851851852 0.04479166666666667 0.2287037037037037
0 0.5893229166666667 0.5305555555555556 0.08697916666666668 0.4166666666666667
0 0.18489583333333334 0.5611111111111111 0.140625 0.611111111111111
0 0.9135416666666667 0.5009259259259259 0.04791666666666666 0.21296296296296294
0 0.9739583333333334 0.4842592592592592 0.03333333333333333 0.22037037037037036
0 0.9411458333333335 0.5074074074074074 0.034374999999999996 0.18518518518518517
0 0.7882812499999999 0.5009259259259259 0.05364583333333334 0.2648148148148148
0 0.865625 0.512962962962963 0.06666666666666667 0.2685185185185185
0 0.8013020833333334 0.512962962962963 0.06302083333333333 0.25555555555555554
0 0.9807291666666667 0.5837962962962961 0.06145833333333334 0.21203703703703702
0 0.9799479166666667 0.5087962962962963 0.06510416666666667 0.3194444444444444
0 0.87890625 0.4958333333333333 0.06197916666666667 0.26944444444444443
0 0.1453125 0.5546296296296297 0.028125 0.14814814814814817
