0 0.95078125 0.49305555555555547 0.0328125 0.1935185185185185
0 0.2903645833333333 0.562037037037037 0.15260416666666665 0.7203703703703703
0 0.7299479166666666 0.5078703703703703 0.03802083333333334 0.1787037037037037
0 0.03255208333333334 0.5643518518518518 0.15677083333333336 0.6231481481481481
0 0.5986979166666666 0.5226851851851851 0.07864583333333333 0.3564814814814815
0 0.9083333333333333 0.4944444444444444 0.04895833333333334 0.21666666666666667
0 0.9703125 0.5027777777777778 0.059375000000000004 0.22037037037037036
0 0.9296875 0.4976851851851851 0.046875 0.21388888888888888
0 0.9890625000000001 0.49305555555555547 0.04791666666666666 0.26759259259259255
0 0.6479166666666666 0.5143518518518518 0.03333333333333333 0.16018518518518518
0 1.0 0.48518518518518516 0.0546875 0.22592592592592592
0 0.1453125 0.5546296296296297 0.028125 0.14814814814814817
