0 0.775 0.5050925925925925 0.05416666666666667 0.25833333333333336
0 0.63671875 0.5180555555555555 0.07239583333333334 0.30833333333333335
0 0.8247395833333334 0.5092592592592593 0.0546875 0.25555555555555554
0 0.9093749999999999 0.4944444444444444 0.051041666666666666 0.2462962962962963
0 0.8500000000000001 0.5120370370370371 0.03958333333333334 0.21296296296296294
0 0.72578125 0.5055555555555554 0.06718750000000001 0.31296296296296294
0 0.7950520833333334 0.5222222222222221 0.08072916666666667 0.34629629629629627
0 0.6888020833333334 0.5222222222222223 0.07239583333333334 0.32407407407407407
0 1.0 0.48333333333333334 0.03229166666666667 0.17037037037037037
0 0.8973958333333334 0.5819444444444444 0.053125 0.19166666666666668
0 0.8559895833333334 0.5162037037037037 0.049479166666666664 0.26944444444444443
0 0.7903645833333334 0.5018518518518518 0.0734375 0.3222222222222222
0 0.1453125 0.5546296296296297 0.028125 0.14814814814814817
