0 0.5687500000000001 0.5175925925925926 0.065625 0.35185185185185186
0 0.6536458333333335 0.5101851851851851 0.053125 0.23148148148148145
0 0.6109375 0.5300925925925926 0.06979166666666667 0.3157407407407407
0 0.7471354166666666 0.5078703703703703 0.06406250000000001 0.3416666666666667
0 0.6984374999999999 0.5287037037037037 0.051041666666666666 0.2685185185185185
0 0.5440104166666667 0.5171296296296296 0.07968750000000001 0.43425925925925923
0 0.5281250000000001 0.5537037037037037 0.11041666666666668 0.5
0 0.45078125 0.5476851851851852 0.08385416666666667 0.46388888888888885
0 0.9721354166666666 0.4912037037037037 0.04635416666666667 0.20092592592592592
0 0.8856770833333334 0.575 0.04739583333333334 0.17592592592592593
0 0.82734375 0.5189814814814814 0.0453125 0.2638888888888889
0 0.96640625 0.48148148148148145 0.050520833333333334 0.19814814814814813
0 0.6385416666666667 0.512962962962963 0.1 0.4574074074074074
0 0.1453125 0.5546296296296297 0.028125 0.14814814814814817
