0 0.31692708333333336 0.5365740740740741 0.0859375 0.375
0 0.2541666666666667 0.5527777777777777 0.075 0.36666666666666664
0 0.4088541666666667 0.5314814814814814 0.10104166666666667 0.4925925925925926
0 0.3401041666666667 0.5703703703703703 0.11979166666666667 0.40555555555555556
0 0.7580729166666667 0.49907407407407406 0.04739583333333334 0.21666666666666667
0 0.2971354166666667 0.6412037037037037 0.26927083333333335 1.0
0 0.5414062500000001 0.5319444444444444 0.21614583333333334 1.0
0 0.7171875000000001 0.5662037037037037 0.034374999999999996 0.13796296296296295
0 0.7507812500000001 0.5194444444444444 0.049479166666666664 0.22407407407407404
0 0.8489583333333334 0.4856481481481481 0.065625 0.25277777777777777
0 0.016145833333333335 0.5824074074074074 0.19791666666666666 0.8166666666666667
0 0.1453125 0.5546296296296297 0.028125 0.14814814814814817
