0 0.94453125 0.4949074074074074 0.034895833333333334 0.19722222222222222
0 0.3408854166666667 0.5587962962962963 0.14635416666666667 0.6712962962962963
0 0.7151041666666667 0.5092592592592592 0.040625 0.17777777777777776
0 0.57421875 0.5203703703703704 0.07135416666666666 0.37407407407407406
0 0.8963541666666666 0.4944444444444444 0.051041666666666666 0.2222222222222222
0 0.9658854166666667 0.500462962962963 0.0578125 0.22129629629629627
0 0.9153645833333334 0.499537037037037 0.0484375 0.2175925925925926
0 0.6320312499999999 0.5148148148148148 0.0328125 0.15925925925925927
0 0.9872395833333334 0.4861111111111111 0.0546875 0.22592592592592592
0 0.1453125 0.5546296296296297 0.028125 0.14814814814814817
