0 0.7911458333333334 0.5046296296296295 0.053125 0.2537037037037037
0 0.634375 0.5199074074074074 0.07395833333333333 0.3157407407407407
0 0.8447916666666666 0.5087962962962963 0.052083333333333336 0.25277777777777777
0 0.9216145833333333 0.4930555555555555 0.04635416666666667 0.23796296296296296
0 0.86328125 0.5115740740740741 0.0390625 0.20833333333333334
0 0.7395833333333334 0.5050925925925926 0.06458333333333334 0.30648148148148147
0 0.7914062500000001 0.523611111111111 0.0765625 0.3379629629629629
0 0.70625 0.5212962962962963 0.07083333333333333 0.31296296296296294
0 1.0 0.4787037037037037 0.035416666666666666 0.1796296296296296
0 0.8989583333333334 0.5800925925925926 0.042708333333333334 0.19537037037037036
0 0.8731770833333333 0.5148148148148147 0.06718750000000001 0.274074074074074
0 0.7919270833333334 0.5023148148148148 0.07239583333333334 0.3101851851851852
0 0.1453125 0.5546296296296297 0.028125 0.14814814814814817
