0 0.32578125 0.5361111111111111 0.08697916666666668 0.3796296296296296
0 0.2716145833333333 0.5546296296296297 0.0703125 0.3759259259259259
0 0.46015625 0.5273148148148148 0.0984375 0.47129629629629627
0 0.390625 0.5569444444444444 0.07187500000000001 0.38981481481481484
0 0.034375 0.5546296296296295 0.11354166666666668 0.6685185185185184
0 0.7768229166666666 0.5 0.05364583333333334 0.21666666666666667
0 0.15494791666666666 0.6375 0.2838541666666667 1.0
0 0.49140625000000004 0.5300925925925926 0.2359375 1.0
0 0.7276041666666667 0.5675925925925926 0.034374999999999996 0.14074074074074075
0 0.7549479166666667 0.5189814814814814 0.050520833333333334 0.23055555555555554
0 0.8611979166666667 0.4875 0.06510416666666667 0.24351851851851852
0 0.12395833333333334 0.5652777777777778 0.18958333333333335 0.7472222222222221
0 0.1453125 0.5546296296296297 0.028125 0.14814814814814817
