0 0.97578125 0.48564814814814816 0.028645833333333332 0.175
0 0.0 0.5884259259259259 0.24791666666666667 1.0
0 0.7898437500000001 0.5069444444444444 0.04010416666666666 0.1787037037037037
0 0.21015625 0.5462962962962963 0.10260416666666668 0.55
0 0.7161458333333335 0.5106481481481481 0.06354166666666666 0.3101851851851852
0 0.61015625 0.5148148148148147 0.03072916666666667 0.1722222222222222
0 0.9424479166666666 0.48981481481481476 0.044270833333333336 0.20185185185185184
0 0.9669270833333334 0.4958333333333333 0.04010416666666666 0.19907407407407407
0 0.8705729166666667 0.5027777777777778 0.05260416666666667 0.2518518518518518
0 0.91640625 0.49398148148148147 0.07968750000000001 0.2546296296296296
0 0.7125 0.5125 0.036458333333333336 0.16574074074074074
0 0.1453125 0.5546296296296297 0.028125 0.14814814814814817
