0 0.9822916666666667 0.4842592592592593 0.027083333333333334 0.1722222222222222
0 0.8088541666666667 0.5074074074074074 0.051041666666666666 0.17592592592592593
0 0.26562500000000006 0.5467592592592593 0.14479166666666668 0.5268518518518518
0 0.7450520833333334 0.5078703703703703 0.06927083333333334 0.30277777777777776
0 0.6289062500000001 0.5134259259259258 0.0453125 0.17129629629629628
0 0.95078125 0.49027777777777776 0.04114583333333334 0.19722222222222222
0 0.9796875 0.4972222222222222 0.03958333333333334 0.19074074074074074
0 0.8460937500000001 0.5041666666666667 0.0734375 0.24166666666666667
0 0.884375 0.5009259259259259 0.052083333333333336 0.25
0 0.7286458333333334 0.5120370370370371 0.036458333333333336 0.1685185185185185
0 0.1453125 0.5546296296296297 0.028125 0.14814814814814817
