0 0.7411458333333334 0.5032407407407408 0.058333333333333334 0.2787037037037037
0 0.6463541666666667 0.5185185185185185 0.06979166666666667 0.29629629629629634
0 0.7888020833333335 0.5106481481481481 0.0609375 0.27314814814814814
0 0.88203125 0.49629629629629624 0.059895833333333336 0.2648148148148148
0 0.8223958333333333 0.5134259259259258 0.040625 0.21944444444444444
0 0.7114583333333334 0.5101851851851851 0.0625 0.33888888888888885
0 0.7802083333333334 0.524074074074074 0.084375 0.37407407407407406
0 0.6552083333333334 0.525 0.07604166666666667 0.34814814814814815
0 1.0 0.48657407407407405 0.034374999999999996 0.175
0 0.9052083333333334 0.5819444444444444 0.05 0.19166666666666668
0 0.8536458333333334 0.5421296296296295 0.057291666666666664 0.225
0 0.77890625 0.5037037037037037 0.07552083333333333 0.3444444444444444
0 0.1453125 0.5546296296296297 0.028125 0.14814814814814817
