0 0.615625 0.5125 0.06458333333333334 0.3324074074074074
0 0.6549479166666666 0.512962962962963 0.0578125 0.25
0 0.6559895833333335 0.524537037037037 0.06822916666666667 0.3046296296296296
0 0.7786458333333334 0.5064814814814814 0.05520833333333334 0.31111111111111106
0 0.7354166666666667 0.5231481481481481 0.053125 0.2518518518518518
0 0.6065104166666666 0.5157407407407407 0.0765625 0.41481481481481475
0 0.6177083333333334 0.5416666666666666 0.1 0.4574074074074074
0 0.5359375000000001 0.5398148148148147 0.08750000000000001 0.42407407407407405
0 0.9859375 0.4884259259259259 0.043750000000000004 0.1898148148148148
0 0.9216145833333333 0.5787037037037037 0.051562500000000004 0.18333333333333332
0 0.83515625 0.5217592592592593 0.050520833333333334 0.2601851851851852
0 0.9817708333333335 0.4791666666666667 0.04791666666666666 0.18425925925925926
0 0.6927083333333334 0.5078703703703703 0.09166666666666667 0.425
0 0.1453125 0.5546296296296297 0.028125 0.14814814814814817
