0 0.6619791666666667 0.5064814814814814 0.0625 0.3148148148148148
0 0.65625 0.5166666666666667 0.0625 0.26666666666666666
0 0.7010416666666666 0.5189814814814814 0.06666666666666667 0.2935185185185185
0 0.81171875 0.5013888888888888 0.05677083333333334 0.3009259259259259
0 0.7643229166666669 0.5226851851851851 0.0453125 0.2361111111111111
0 0.6489583333333333 0.5101851851851851 0.06666666666666667 0.3851851851851852
0 0.6947916666666666 0.5347222222222221 0.09583333333333333 0.42685185185185187
0 0.5973958333333333 0.5337962962962962 0.08958333333333333 0.39537037037037037
0 0.9979166666666667 0.4842592592592593 0.0375 0.18888888888888886
0 0.9151041666666667 0.5819444444444444 0.058333333333333334 0.19166666666666668
0 0.8528645833333334 0.5462962962962963 0.058854166666666666 0.20925925925925926
0 0.9971354166666667 0.4759259259259259 0.0453125 0.17407407407407408
0 0.7247395833333334 0.5009259259259259 0.0921875 0.39259259259259255
0 0.1453125 0.5546296296296297 0.028125 0.14814814814814817
