0 0.7244791666666667 0.5027777777777778 0.059375000000000004 0.28703703703703703
0 0.6497395833333334 0.5180555555555556 0.06822916666666667 0.2898148148148148
0 0.7684895833333334 0.5115740740740741 0.06406250000000001 0.2787037037037037
0 0.8611979166666667 0.4958333333333333 0.051562500000000004 0.26944444444444443
0 0.80859375 0.5148148148148147 0.0421875 0.22407407407407404
0 0.7015625 0.5083333333333333 0.057291666666666664 0.35
0 0.7716145833333334 0.5259259259259259 0.08697916666666668 0.3851851851851852
0 0.6440104166666666 0.5222222222222221 0.06406250000000001 0.3592592592592592
0 0.99765625 0.48657407407407405 0.0328125 0.1787037037037037
0 0.90859375 0.5810185185185186 0.049479166666666664 0.19166666666666668
0 0.8567708333333334 0.5518518518518518 0.06145833333333334 0.20185185185185184
0 0.7723958333333334 0.5050925925925925 0.07708333333333334 0.3546296296296296
0 0.1453125 0.5546296296296297 0.028125 0.14814814814814817
