0 0.8466145833333334 0.5037037037037037 0.04010416666666666 0.17777777777777776
0 0.34296875 0.5384259259259259 0.09427083333333333 0.47129629629629627
0 0.18098958333333334 0.5601851851851852 0.2046875 0.6703703703703704
0 0.7989583333333333 0.5106481481481481 0.05416666666666667 0.28055555555555556
0 0.6872395833333333 0.5078703703703703 0.043229166666666666 0.17685185185185184
0 0.9682291666666667 0.48842592592592593 0.041666666666666664 0.1935185185185185
0 0.9927083333333334 0.4949074074074074 0.034374999999999996 0.18055555555555552
0 0.765625 0.5074074074074074 0.046875 0.22592592592592592
0 0.8098958333333334 0.5060185185185185 0.052083333333333336 0.23240740740740737
0 0.78515625 0.5115740740740741 0.03802083333333334 0.17314814814814813
0 0.1453125 0.5546296296296297 0.028125 0.14814814814814817
