0 0.29270833333333335 0.5361111111111111 0.08333333333333333 0.3648148148148148
0 0.21666666666666667 0.55 0.075 0.3444444444444444
0 0.29348958333333336 0.5509259259259259 0.12656250000000002 0.5259259259259259
0 0.22994791666666667 0.575925925925926 0.09635416666666667 0.4388888888888889
0 0.7218749999999999 0.5 0.051041666666666666 0.2185185185185185
0 0.42031250000000003 0.6180555555555555 0.20104166666666667 0.9453703703703703
0 0.6294270833333334 0.538888888888889 0.20989583333333334 1.0
0 0.70859375 0.5611111111111111 0.035937500000000004 0.137037037037037
0 0.7403645833333333 0.5203703703703703 0.0484375 0.2148148148148148
0 0.81875 0.48981481481481476 0.07708333333333334 0.2722222222222222
0 0.1453125 0.5546296296296297 0.028125 0.14814814814814817
