0 0.8776041666666666 0.5018518518518519 0.034374999999999996 0.1796296296296296
0 0.4151041666666667 0.5287037037037037 0.07708333333333334 0.44259259259259254
0 0.39453125 0.5314814814814814 0.10572916666666668 0.5648148148148148
0 0.84453125 0.5009259259259259 0.0484375 0.2611111111111111
0 0.7489583333333334 0.5162037037037037 0.04895833333333334 0.1824074074074074
0 0.9776041666666666 0.48611111111111105 0.03854166666666667 0.1796296296296296
0 0.7041666666666667 0.513425925925926 0.05520833333333334 0.21018518518518517
0 0.73046875 0.5106481481481481 0.0484375 0.2157407407407407
0 0.8494791666666666 0.5092592592592592 0.040625 0.17777777777777776
0 0.9929687500000001 0.49166666666666664 0.06510416666666667 0.28703703703703703
0 0.1453125 0.5546296296296297 0.028125 0.14814814814814817
