0 0.4247395833333333 0.5291666666666667 0.07760416666666667 0.3731481481481482
0 0.42473958333333334 0.5472222222222222 0.08489583333333334 0.38333333333333336
0 0.6338541666666666 0.525 0.09479166666666668 0.4037037037037037
0 0.5510416666666667 0.549537037037037 0.07395833333333333 0.3342592592592592
0 0.29921875 0.5342592592592593 0.1015625 0.55
0 0.1328125 0.5944444444444444 0.17708333333333334 0.6851851851851851
0 0.08645833333333333 0.5810185185185186 0.13854166666666667 0.6027777777777777
0 0.8606770833333335 0.4972222222222222 0.05572916666666666 0.2111111111111111
0 0.0 0.5249999999999999 0.3145833333333333 1.0
0 0.76796875 0.5745370370370371 0.0328125 0.15277777777777776
0 0.7869791666666666 0.5185185185185185 0.051041666666666666 0.24814814814814812
0 0.9057291666666667 0.48101851851851846 0.058333333333333334 0.22314814814814812
0 0.37343750000000003 0.5421296296296296 0.140625 0.5916666666666667
0 0.1453125 0.5546296296296297 0.028125 0.14814814814814817
