0 0.9572916666666667 0.4907407407407407 0.03333333333333333 0.18888888888888886
0 0.21432291666666667 0.5722222222222222 0.21302083333333335 0.7777777777777778
0 0.7406250000000001 0.5064814814814814 0.04791666666666666 0.17777777777777776
0 0.07187500000000001 0.5592592592592592 0.153125 0.6074074074074074
0 0.6335937500000001 0.5175925925925926 0.0703125 0.3444444444444444
0 0.9166666666666669 0.4939814814814814 0.04791666666666666 0.21388888888888888
0 0.9911458333333334 0.49583333333333335 0.053125 0.2175925925925926
0 0.9447916666666666 0.49537037037037035 0.04583333333333334 0.20925925925925926
0 0.9625 0.49861111111111106 0.078125 0.2638888888888889
0 0.9924479166666667 0.4888888888888888 0.044270833333333336 0.2722222222222222
0 0.6630208333333334 0.5134259259259258 0.034374999999999996 0.16203703703703703
0 0.1453125 0.5546296296296297 0.028125 0.14814814814814817
