0 0.928125 0.49166666666666664 0.03854166666666667 0.20925925925925926
0 0.46484375000000006 0.549537037037037 0.12552083333333333 0.5527777777777777
0 0.6713541666666667 0.5101851851851852 0.03229166666666667 0.1796296296296296
0 0.46015625 0.5333333333333333 0.08177083333333333 0.4481481481481481
0 0.9802083333333333 0.5018518518518519 0.03125 0.16666666666666666
0 0.8604166666666666 0.4972222222222222 0.05416666666666667 0.24074074074074073
0 0.9270833333333334 0.5055555555555555 0.0625 0.24074074074074073
0 0.8713541666666667 0.5050925925925925 0.053125 0.2287037037037037
0 0.9544270833333334 0.48611111111111105 0.06510416666666667 0.24074074074074073
0 0.1453125 0.5546296296296297 0.028125 0.14814814814814817
