0 0.8231770833333334 0.5023148148148148 0.050520833333333334 0.24537037037037035
0 0.6247395833333333 0.524537037037037 0.07968750000000001 0.3416666666666667
0 0.8635416666666667 0.5083333333333333 0.051041666666666666 0.2351851851851852
0 0.9442708333333334 0.4898148148148148 0.04791666666666666 0.2296296296296296
0 0.8906250000000001 0.5101851851851851 0.0375 0.20185185185185184
0 0.7468750000000001 0.5027777777777778 0.06041666666666667 0.2944444444444444
0 0.80078125 0.5157407407407407 0.07968750000000001 0.3037037037037037
0 0.7403645833333334 0.5189814814814815 0.06822916666666667 0.287962962962963
0 0.8955729166666666 0.5824074074074074 0.04635416666666667 0.18888888888888886
0 0.9098958333333333 0.5125 0.059375000000000004 0.2898148148148148
0 0.8208333333333334 0.500462962962963 0.065625 0.2898148148148148
0 0.1453125 0.5546296296296297 0.028125 0.14814814814814817
