0 0.8562500000000001 0.5027777777777778 0.0375 0.1796296296296296
0 0.3666666666666667 0.5310185185185184 0.09166666666666667 0.45648148148148143
0 0.25859375 0.5398148148148147 0.09739583333333333 0.6351851851851851
0 0.8145833333333334 0.5074074074074074 0.052083333333333336 0.274074074074074
0 0.703125 0.5134259259259258 0.04583333333333334 0.1787037037037037
0 0.9708333333333334 0.4884259259259259 0.0375 0.1898148148148148
0 0.9994791666666666 0.49027777777777776 0.03333333333333333 0.18055555555555552
0 0.7447916666666666 0.5120370370370371 0.05 0.2185185185185185
0 0.7864583333333334 0.5074074074074074 0.05 0.22592592592592592
0 0.8065104166666667 0.5106481481481481 0.0390625 0.175
0 0.1453125 0.5546296296296297 0.028125 0.14814814814814817
