0 0.9895833333333334 0.48611111111111105 0.029166666666666667 0.1685185185185185
0 0.8203125 0.5055555555555555 0.03854166666666667 0.17777777777777776
0 0.28203125 0.5449074074074074 0.1171875 0.5083333333333333
0 0.0 0.5814814814814814 0.20260416666666667 0.7537037037037037
0 0.7604166666666666 0.5115740740740741 0.06041666666666667 0.29537037037037034
0 0.6466145833333334 0.5111111111111111 0.0390625 0.17592592592592593
0 0.9552083333333333 0.4907407407407407 0.043750000000000004 0.19629629629629627
0 0.9817708333333334 0.499537037037037 0.036458333333333336 0.19537037037037036
0 0.8205729166666667 0.5032407407407408 0.0484375 0.24166666666666667
0 0.8606770833333335 0.5032407407407408 0.06614583333333333 0.24537037037037035
0 0.7453125 0.5120370370370371 0.036458333333333336 0.1685185185185185
0 0.1453125 0.5546296296296297 0.028125 0.14814814814814817
