0 0.296875 0.5351851851851852 0.084375 0.37037037037037035
0 0.22421875 0.5574074074074074 0.07552083333333333 0.3648148148148148
0 0.3473958333333333 0.5379629629629629 0.09583333333333333 0.5037037037037037
0 0.28984375 0.576851851851852 0.09322916666666667 0.42407407407407405
0 0.7481770833333333 0.5009259259259259 0.05677083333333334 0.21666666666666667
0 0.3614583333333333 0.624537037037037 0.21666666666666667 1.0
0 0.5869791666666666 0.5356481481481481 0.21041666666666667 1.0
0 0.7125 0.5638888888888888 0.035416666666666666 0.137037037037037
0 0.7463541666666667 0.5199074074074074 0.04895833333333334 0.21944444444444444
0 0.8346354166666666 0.4851851851851851 0.06718750000000001 0.2648148148148148
0 0.1453125 0.5546296296296297 0.028125 0.14814814814814817
