0 0.7078125 0.5023148148148148 0.06145833333333334 0.2972222222222222
0 0.6533854166666667 0.5185185185185185 0.06614583333333333 0.2833333333333333
0 0.7466145833333334 0.5138888888888888 0.06510416666666667 0.2833333333333333
0 0.8502604166666666 0.49351851851851847 0.0578125 0.2685185185185185
0 0.7958333333333334 0.5171296296296296 0.046875 0.2287037037037037
0 0.6861979166666669 0.5078703703703703 0.07135416666666666 0.36203703703703705
0 0.7557291666666667 0.5296296296296297 0.090625 0.39629629629629626
0 0.63046875 0.5268518518518518 0.07447916666666668 0.3722222222222222
0 0.9950520833333334 0.48657407407407405 0.03177083333333333 0.18425925925925926
0 0.9104166666666667 0.5810185185185186 0.051041666666666666 0.19166666666666668
0 0.859375 0.5611111111111111 0.065625 0.1796296296296296
0 0.7661458333333334 0.5069444444444444 0.078125 0.3657407407407407
0 0.1453125 0.5546296296296297 0.028125 0.14814814814814817
