0 0.5221354166666667 0.5226851851851851 0.06822916666666667 0.3638888888888889
0 0.646875 0.5074074074074074 0.051041666666666666 0.2222222222222222
0 0.55078125 0.537037037037037 0.08177083333333333 0.3351851851851852
0 0.7174479166666666 0.5097222222222222 0.0734375 0.35833333333333334
0 0.6562500000000001 0.5310185185185186 0.053125 0.287962962962963
0 0.4783854166666667 0.5212962962962963 0.08177083333333333 0.46481481481481474
0 0.4083333333333333 0.562037037037037 0.13854166666666667 0.5425925925925926
0 0.3481770833333333 0.5532407407407407 0.09322916666666667 0.5064814814814814
0 0.9401041666666666 0.4939814814814814 0.04479166666666667 0.20277777777777778
0 0.8395833333333335 0.5736111111111111 0.04479166666666667 0.16574074074074074
0 0.8236979166666667 0.5194444444444445 0.044270833333333336 0.25925925925925924
0 0.9484375 0.4805555555555555 0.053125 0.20925925925925926
0 0.5692708333333334 0.5120370370370371 0.09479166666666668 0.4925925925925926
0 0.1453125 0.5546296296296297 0.028125 0.14814814814814817
