0 0.8697916666666666 0.49861111111111106 0.04583333333333334 0.23240740740740737
0 0.6072916666666667 0.5291666666666667 0.08333333333333333 0.39537037037037037
0 0.12421875000000002 0.574537037037037 0.20364583333333336 0.6675925925925925
0 0.9036458333333334 0.5037037037037037 0.052083333333333336 0.2222222222222222
0 0.9692708333333333 0.48703703703703705 0.035416666666666666 0.2222222222222222
0 0.9317708333333333 0.5069444444444444 0.035416666666666666 0.19166666666666668
0 0.7723958333333334 0.5041666666666667 0.053125 0.27314814814814814
0 0.8458333333333333 0.5143518518518518 0.06666666666666667 0.2787037037037037
0 0.7869791666666667 0.5138888888888888 0.06354166666666666 0.2611111111111111
0 0.9552083333333333 0.5828703703703704 0.05416666666666667 0.20833333333333334
0 0.9661458333333334 0.512962962962963 0.078125 0.31111111111111106
0 0.8643229166666667 0.4972222222222222 0.06302083333333333 0.274074074074074
0 0.1453125 0.5546296296296297 0.028125 0.14814814814814817
