0 0.26666666666666666 0.5273148148148148 0.07187500000000001 0.3324074074074074
0 0.19296875 0.5435185185185184 0.06510416666666667 0.31851851851851853
0 0.09322916666666667 0.5597222222222221 0.12708333333333333 0.5935185185185184
0 0.04427083333333334 0.6060185185185184 0.14895833333333336 0.4935185185185185
0 0.6703125 0.49629629629629624 0.05625 0.22037037037037036
0 0.5671875000000001 0.5972222222222221 0.178125 0.7703703703703704
0 0.7299479166666667 0.548148148148148 0.16510416666666666 0.874074074074074
0 0.7026041666666666 0.5564814814814815 0.03333333333333333 0.13148148148148148
0 0.7354166666666666 0.5115740740740741 0.046875 0.21203703703703702
0 0.7734375 0.48981481481481476 0.075 0.31111111111111106
0 0.1453125 0.5546296296296297 0.028125 0.14814814814814817
