0 0.9388020833333334 0.4949074074074074 0.035937500000000004 0.20277777777777778
0 0.38984375 0.5574074074074074 0.14427083333333335 0.6222222222222221
0 0.7036458333333334 0.5064814814814814 0.03958333333333334 0.17777777777777776
0 0.5375 0.5300925925925926 0.090625 0.39166666666666666
0 0.9953125 0.5009259259259259 0.03125 0.16296296296296295
0 0.8848958333333333 0.4962962962962963 0.051041666666666666 0.2296296296296296
0 0.9528645833333333 0.5032407407407408 0.059895833333333336 0.2287037037037037
0 0.9 0.5013888888888889 0.05 0.22129629629629627
0 0.6171875000000001 0.5166666666666667 0.03229166666666667 0.15555555555555553
0 0.9760416666666667 0.48657407407407405 0.05520833333333334 0.2287037037037037
0 0.1453125 0.5546296296296297 0.028125 0.14814814814814817
