0 0.8390625 0.5004629629629629 0.04895833333333334 0.24166666666666667
0 0.6169270833333333 0.5226851851851851 0.08385416666666667 0.36203703703703705
0 0.8807291666666667 0.5106481481481481 0.053125 0.22314814814814812
0 0.9515625000000001 0.48796296296296293 0.03958333333333334 0.22777777777777777
0 0.9046875 0.5083333333333333 0.036458333333333336 0.19814814814814813
0 0.7526041666666669 0.5046296296296295 0.06354166666666666 0.2833333333333333
0 0.8104166666666667 0.5194444444444444 0.06874999999999999 0.30185185185185187
0 0.75703125 0.5171296296296296 0.06718750000000001 0.275
0 0.8984375 0.5842592592592593 0.046875 0.19074074074074074
0 0.9223958333333334 0.5125 0.05520833333333334 0.2972222222222222
0 0.83515625 0.49907407407407406 0.06510416666666667 0.28518518518518515
0 0.1453125 0.5546296296296297 0.028125 0.14814814814814817
