0 0.4734375 0.525 0.07291666666666667 0.3685185185185185
0 0.6369791666666667 0.5074074074074074 0.051041666666666666 0.2148148148148148
0 0.49062500000000003 0.5421296296296296 0.08854166666666667 0.3564814814814815
0 0.6723958333333334 0.5148148148148147 0.07291666666666667 0.3796296296296296
0 0.6125 0.5393518518518517 0.06666666666666667 0.3046296296296296
0 0.3947916666666667 0.5263888888888889 0.09791666666666668 0.5027777777777778
0 0.2924479166666667 0.575925925925926 0.13385416666666666 0.6074074074074074
0 0.21536458333333336 0.5597222222222221 0.1015625 0.5546296296296297
0 0.9033854166666666 0.49398148148148147 0.044270833333333336 0.20833333333333334
0 0.7934895833333334 0.5726851851851851 0.035937500000000004 0.15648148148148147
0 0.8138020833333335 0.5199074074074074 0.05572916666666666 0.25277777777777777
0 0.92734375 0.4810185185185185 0.05572916666666666 0.2157407407407407
0 0.48697916666666674 0.523611111111111 0.10729166666666667 0.5416666666666666
0 0.1453125 0.5546296296296297 0.028125 0.14814814814814817
