0 0.3760416666666667 0.5324074074074073 0.08229166666666668 0.3759259259259259
0 0.3427083333333333 0.5509259259259259 0.08541666666666667 0.3722222222222222
0 0.5544270833333333 0.5222222222222221 0.10989583333333333 0.4296296296296296
0 0.48593749999999997 0.5527777777777777 0.090625 0.3592592592592592
0 0.17369791666666665 0.5402777777777777 0.1078125 0.5935185185185184
0 0.8140625 0.4981481481481481 0.042708333333333334 0.2148148148148148
0 0.3072916666666667 0.5361111111111111 0.3447916666666667 1.0
0 0.7481770833333334 0.5689814814814814 0.034895833333333334 0.1472222222222222
0 0.7666666666666667 0.5194444444444444 0.05520833333333334 0.23703703703703702
0 0.8841145833333335 0.48472222222222217 0.0609375 0.23055555555555554
0 0.2598958333333333 0.549074074074074 0.16458333333333336 0.6574074074074073
0 0.1453125 0.5546296296296297 0.028125 0.14814814814814817
