0 0.6854166666666666 0.5041666666666667 0.06145833333333334 0.30648148148148147
0 0.65625 0.5180555555555555 0.06458333333333334 0.27685185185185185
0 0.7239583333333334 0.5166666666666667 0.06666666666666667 0.28888888888888886
0 0.8359375000000001 0.5027777777777778 0.06874999999999999 0.2833333333333333
0 0.7820312500000001 0.5194444444444444 0.049479166666666664 0.23148148148148145
0 0.671875 0.5111111111111111 0.07291666666666667 0.37037037037037035
0 0.7307291666666667 0.5356481481481481 0.09375 0.41018518518518515
0 0.6057291666666667 0.5287037037037037 0.07708333333333334 0.3851851851851852
0 0.9955729166666666 0.48148148148148145 0.03072916666666667 0.18148148148148147
0 0.91015625 0.5810185185185186 0.0578125 0.19166666666666668
0 0.8575520833333334 0.5574074074074074 0.0609375 0.18703703703703703
0 0.7458333333333335 0.5050925925925926 0.084375 0.3768518518518518
0 0.1453125 0.5546296296296297 0.028125 0.14814814814814817
