0 0.15859374999999998 0.874537037037037 0.06822916666666666 0.25277777777777777
0 0.22994791666666664 0.874074074074074 0.06302083333333333 0.25370370370370365
0 0.2520833333333333 0.8407407407407407 0.05 0.23888888888888887
0 0.91328125 0.8865740740740741 0.05572916666666666 0.2287037037037037
0 0.3723958333333333 0.7583333333333333 0.05 0.2074074074074074
0 0.4182291666666666 0.7587962962962963 0.05 0.1935185185185185
0 0.8182291666666666 0.7342592592592593 0.05 0.2185185185185185
0 0.8559895833333332 0.7226851851851851 0.04114583333333333 0.20462962962962963
5 0.65859375 0.6435185185185185 0.0296875 0.1685185185185185
0 0.80078125 0.537037037037037 0.027604166666666662 0.09259259259259259
5 0.7153645833333333 0.487962962962963 0.028645833333333332 0.07592592592592592
0 0.7591145833333333 0.6893518518518518 0.0421875 0.1861111111111111
0 0.7791666666666666 0.6504629629629629 0.041666666666666664 0.16574074074074072
0 0.6453125 0.6726851851851852 0.03958333333333333 0.18425925925925926
0 0.5721354166666666 0.675 0.0421875 0.18148148148148147
0 0.7526041666666666 0.6282407407407407 0.03854166666666666 0.16574074074074072
0 0.4078125 0.49907407407407406 0.02395833333333333 0.09814814814814814
0 0.4296874999999999 0.47870370370370363 0.026041666666666664 0.11111111111111112
0 0.42447916666666663 0.5231481481481481 0.025 0.12407407407407407
0 0.4434895833333333 0.5125 0.028645833333333332 0.12314814814814815
0 0.4544270833333333 0.48611111111111105 0.027604166666666662 0.11296296296296296
0 0.4921875 0.4842592592592593 0.02708333333333333 0.12037037037037038
0 0.4736979166666666 0.5046296296296295 0.0328125 0.11851851851851851
0 0.4364583333333333 0.5814814814814814 0.035416666666666666 0.1611111111111111
5 0.6343749999999999 0.6097222222222222 0.029166666666666664 0.14907407407407408
0 0.4736979166666666 0.586574074074074 0.0328125 0.15462962962962962
0 0.4966145833333333 0.587037037037037 0.03177083333333333 0.14259259259259258
0 0.5184895833333333 0.5625 0.033854166666666664 0.13425925925925924
0 0.54921875 0.5569444444444445 0.03177083333333333 0.12685185185185183
0 0.5432291666666667 0.548148148148148 0.028125 0.11851851851851851
0 0.5067708333333333 0.6092592592592593 0.04375 0.15185185185185185
0 0.5330729166666666 0.625462962962963 0.027604166666666662 0.11388888888888889
0 0.5442708333333333 0.6296296296296295 0.03854166666666666 0.1759259259259259
0 0.5328124999999999 0.6722222222222222 0.03854166666666666 0.1925925925925926
0 0.5799479166666666 0.5574074074074075 0.0296875 0.14074074074074075
0 0.5947916666666666 0.5981481481481482 0.034375 0.17037037037037037
0 0.5880208333333333 0.6435185185185185 0.03854166666666666 0.15185185185185185
5 0.6997395833333333 0.5032407407407407 0.0234375 0.06574074074074074
0 0.653125 0.4643518518518519 0.028125 0.08981481481481482
0 0.671875 0.4638888888888889 0.03333333333333333 0.0962962962962963
5 0.7645833333333333 0.5263888888888888 0.03125 0.08796296296296295
5 0.5598958333333333 0.47175925925925916 0.02395833333333333 0.11018518518518519
