0 0.22317708333333333 0.8560185185185184 0.06302083333333333 0.24907407407407406
0 0.28020833333333334 0.8578703703703703 0.058333333333333334 0.2546296296296296
0 0.3088541666666667 0.825462962962963 0.051041666666666666 0.2175925925925926
0 0.36822916666666666 0.8490740740740741 0.05416666666666667 0.23333333333333334
0 0.4072916666666667 0.8509259259259259 0.05520833333333334 0.21296296296296294
0 0.7364583333333334 0.724537037037037 0.04791666666666666 0.20092592592592592
0 0.7473958333333335 0.7185185185185184 0.042708333333333334 0.19629629629629627
0 0.6653645833333335 0.6759259259259259 0.029687500000000002 0.1685185185185185
0 0.80703125 0.5638888888888888 0.02760416666666667 0.09259259259259259
0 0.7223958333333335 0.5152777777777777 0.027083333333333334 0.07685185185185185
0 0.6833333333333333 0.7069444444444444 0.040625 0.1824074074074074
0 0.8307291666666666 0.7162037037037037 0.040625 0.1861111111111111
0 0.7317708333333334 0.7481481481481481 0.052083333333333336 0.19629629629629627
0 0.6578125 0.7458333333333333 0.043750000000000004 0.19537037037037036
0 0.8085937500000001 0.6953703703703702 0.04010416666666666 0.1722222222222222
0 0.44427083333333334 0.548148148148148 0.02395833333333333 0.10555555555555556
0 0.47239583333333335 0.5342592592592593 0.029166666666666667 0.1148148148148148
0 0.43359375000000006 0.5745370370370371 0.0265625 0.12314814814814815
0 0.475 0.5638888888888889 0.03229166666666667 0.12407407407407406
0 0.4919270833333333 0.5361111111111111 0.025520833333333333 0.11296296296296296
0 0.534375 0.5439814814814814 0.029166666666666667 0.12314814814814815
0 0.5036458333333333 0.5592592592592591 0.030208333333333334 0.12962962962962962
0 0.46770833333333334 0.6504629629629629 0.046875 0.17314814814814813
0 0.6481770833333333 0.6412037037037037 0.028645833333333332 0.14351851851851852
0 0.4890625 0.649537037037037 0.03229166666666667 0.16574074074074074
0 0.5244791666666667 0.6430555555555556 0.034374999999999996 0.15092592592592594
0 0.5518229166666667 0.6259259259259259 0.03177083333333333 0.13888888888888887
0 0.5830729166666666 0.6203703703703703 0.034895833333333334 0.14074074074074075
0 0.5713541666666666 0.610648148148148 0.027083333333333334 0.12685185185185185
0 0.5278645833333334 0.6796296296296295 0.0421875 0.16296296296296295
0 0.5609375 0.6962962962962962 0.027083333333333334 0.12962962962962962
0 0.5903645833333334 0.7050925925925926 0.03802083333333334 0.1935185185185185
0 0.61875 0.7476851851851851 0.040625 0.20092592592592592
0 0.60625 0.6157407407407407 0.030208333333333334 0.14074074074074075
0 0.6692708333333334 0.6601851851851852 0.034374999999999996 0.1685185185185185
0 0.6356770833333334 0.7166666666666666 0.03697916666666667 0.1648148148148148
0 0.7828125 0.8657407407407407 0.065625 0.2037037037037037
0 0.9296875 0.837962962962963 0.05520833333333334 0.20925925925925926
0 0.4049479166666667 0.5078703703703703 0.025520833333333333 0.10462962962962963
0 0.7098958333333334 0.5319444444444444 0.02395833333333333 0.06574074074074074
0 0.6911458333333333 0.48796296296296293 0.026041666666666668 0.09074074074074073
0 0.71796875 0.48472222222222217 0.029687500000000002 0.0898148148148148
0 0.7692708333333333 0.5569444444444444 0.03125 0.08796296296296297
0 0.5627604166666667 0.5069444444444444 0.0234375 0.11018518518518518
