0 0.27213541666666663 0.6129629629629629 0.04427083333333333 0.17407407407407408
0 0.2778645833333333 0.6407407407407407 0.0484375 0.1759259259259259
0 0.5541666666666666 0.6407407407407407 0.034375 0.18703703703703703
0 0.5835937499999999 0.6388888888888888 0.033854166666666664 0.1759259259259259
5 0.6536458333333333 0.6416666666666666 0.03020833333333333 0.1759259259259259
0 0.7328125 0.5203703703703704 0.02395833333333333 0.0962962962962963
5 0.73046875 0.48194444444444445 0.025520833333333333 0.07685185185185185
0 0.6169270833333333 0.6412037037037036 0.03177083333333333 0.1787037037037037
0 0.61015625 0.9731481481481481 0.058854166666666666 0.05555555555555556
0 0.46744791666666663 0.6370370370370371 0.027604166666666662 0.137037037037037
0 0.5005208333333333 0.6199074074074075 0.03645833333333333 0.1638888888888889
0 0.5565104166666666 0.6652777777777777 0.0390625 0.16203703703703703
0 0.7552083333333333 0.638888888888889 0.034375 0.14629629629629629
0 0.6593749999999999 0.624074074074074 0.029166666666666664 0.15
0 0.7005208333333333 0.6185185185185185 0.041666666666666664 0.16296296296296295
0 0.7921875 0.6375 0.03125 0.14907407407407408
5 0.6510416666666666 0.6018518518518519 0.028125 0.14259259259259258
0 0.9619791666666666 0.7504629629629629 0.057291666666666664 0.20462962962962963
0 0.9502604166666666 0.7407407407407407 0.05364583333333332 0.1907407407407407
0 0.5130208333333333 0.9657407407407407 0.06145833333333332 0.07037037037037037
0 0.221875 0.7962962962962962 0.04791666666666666 0.23518518518518516
0 0.26822916666666663 0.8050925925925926 0.04895833333333333 0.22314814814814815
0 0.2450520833333333 0.8638888888888889 0.056770833333333326 0.22962962962962963
0 0.1125 0.8064814814814815 0.03958333333333333 0.20925925925925926
0 0.1286458333333333 0.8712962962962962 0.05208333333333333 0.24259259259259255
0 0.4776041666666667 0.6648148148148147 0.03333333333333333 0.1759259259259259
0 0.7736979166666667 0.6754629629629629 0.04010416666666666 0.1787037037037037
0 0.6098958333333333 0.7199074074074074 0.03958333333333333 0.20277777777777778
0 0.6427083333333333 0.7273148148148147 0.034375 0.18055555555555552
0 0.5341145833333333 0.6824074074074074 0.04010416666666666 0.15555555555555553
0 0.7963541666666666 0.7175925925925926 0.034375 0.11851851851851851
0 0.7484375 0.7199074074074073 0.040625 0.15462962962962962
0 0.8687499999999998 0.7537037037037037 0.055208333333333325 0.2185185185185185
0 0.8955729166666666 0.7504629629629629 0.0515625 0.21018518518518517
0 0.7807291666666666 0.7078703703703704 0.040625 0.18425925925925926
0 0.5979166666666667 0.5689814814814815 0.029166666666666664 0.1324074074074074
0 0.5690104166666667 0.5569444444444445 0.034895833333333334 0.1398148148148148
0 0.4570312499999999 0.5606481481481482 0.033854166666666664 0.14537037037037037
0 0.5703124999999999 0.5898148148148148 0.04479166666666666 0.15740740740740738
0 0.5380208333333333 0.5263888888888888 0.022916666666666665 0.10462962962962963
0 0.5171875 0.5203703703703704 0.03020833333333333 0.11111111111111112
0 0.4888020833333333 0.513425925925926 0.0328125 0.12129629629629628
0 0.4408854166666667 0.5138888888888888 0.03177083333333333 0.11296296296296296
0 0.4130208333333333 0.513425925925926 0.025 0.11574074074074074
0 0.5111979166666667 0.4939814814814814 0.025520833333333333 0.11018518518518519
0 0.4838541666666667 0.49074074074074076 0.02395833333333333 0.11296296296296296
0 0.4656249999999999 0.4884259259259259 0.026041666666666664 0.12314814814814815
0 0.446875 0.4935185185185185 0.025 0.11481481481481481
0 0.4104166666666666 0.4814814814814815 0.026041666666666664 0.10925925925925925
0 0.4419270833333333 0.4731481481481482 0.025520833333333333 0.1074074074074074
0 0.5229166666666666 0.5175925925925926 0.021875 0.1074074074074074
5 0.7130208333333333 0.49120370370370364 0.02395833333333333 0.06574074074074074
0 0.425 0.4726851851851851 0.02395833333333333 0.12314814814814815
0 0.7580729166666667 0.43981481481481477 0.01927083333333333 0.07407407407407407
0 0.7661458333333333 0.43472222222222223 0.02708333333333333 0.0824074074074074
5 0.77890625 0.5208333333333333 0.0296875 0.08796296296296295
5 0.5708333333333333 0.4643518518518518 0.025 0.11018518518518519
