0 0.2466145833333333 0.774074074074074 0.06302083333333333 0.22962962962962963
0 0.30078125 0.7731481481481481 0.05260416666666666 0.23148148148148148
0 0.3515625 0.7541666666666667 0.041666666666666664 0.20462962962962963
0 0.32135416666666666 0.8814814814814815 0.06145833333333332 0.23888888888888887
0 0.38229166666666664 0.8861111111111111 0.059375 0.22777777777777777
0 0.6455729166666667 0.6699074074074074 0.04427083333333333 0.19537037037037036
0 0.6502604166666667 0.6671296296296296 0.03802083333333333 0.1935185185185185
5 0.65703125 0.6393518518518518 0.027604166666666662 0.16759259259259257
0 0.7989583333333333 0.5342592592592592 0.02708333333333333 0.09259259259259259
5 0.7124999999999999 0.4875 0.026041666666666664 0.07685185185185185
0 0.6416666666666666 0.6555555555555556 0.035416666666666666 0.18148148148148147
0 0.85625 0.7083333333333333 0.04791666666666666 0.1925925925925926
0 0.7559895833333333 0.7546296296296295 0.04427083333333333 0.2111111111111111
0 0.70390625 0.7601851851851852 0.0484375 0.2074074074074074
0 0.8393229166666666 0.6912037037037037 0.0421875 0.18425925925925926
0 0.4473958333333333 0.5393518518518519 0.02395833333333333 0.11018518518518519
0 0.475 0.5268518518518518 0.03125 0.12962962962962962
0 0.43125 0.5638888888888889 0.02708333333333333 0.12962962962962962
0 0.4950520833333333 0.5504629629629629 0.03177083333333333 0.12685185185185183
0 0.4994791666666666 0.5300925925925926 0.026041666666666664 0.12129629629629628
0 0.5455729166666667 0.5296296296296296 0.03177083333333333 0.12777777777777777
0 0.5234375 0.5472222222222222 0.03020833333333333 0.12962962962962962
0 0.4986979166666667 0.6546296296296297 0.05364583333333332 0.18333333333333332
5 0.6359374999999999 0.611574074074074 0.029166666666666664 0.14351851851851852
0 0.5140625 0.6546296296296296 0.03645833333333333 0.17407407407407408
0 0.5502604166666666 0.6481481481481481 0.033854166666666664 0.1685185185185185
0 0.5619791666666666 0.6222222222222221 0.03229166666666666 0.1537037037037037
0 0.6078125 0.6203703703703703 0.034375 0.15740740740740738
0 0.6104166666666666 0.6092592592592593 0.03125 0.15185185185185185
0 0.5666666666666667 0.687962962962963 0.04375 0.17037037037037037
0 0.5937499999999999 0.7018518518518518 0.03229166666666666 0.13148148148148148
0 0.6703125 0.7046296296296296 0.040625 0.19814814814814813
0 0.6528645833333333 0.7578703703703703 0.04635416666666666 0.22314814814814815
0 0.6859374999999999 0.6069444444444444 0.029166666666666664 0.14351851851851852
0 0.7494791666666666 0.6467592592592593 0.03854166666666666 0.16759259259259257
0 0.7296875 0.711111111111111 0.040625 0.1648148148148148
0 0.017708333333333333 0.9439814814814815 0.034375 0.11388888888888889
0 0.049479166666666664 0.9601851851851851 0.05416666666666666 0.08148148148148147
0 0.565625 0.8282407407407406 0.04375 0.20462962962962963
0 0.74140625 0.8162037037037037 0.0640625 0.21388888888888888
0 0.4624999999999999 0.4893518518518518 0.03229166666666666 0.10462962962962963
0 0.4234375 0.48194444444444445 0.03333333333333333 0.125
5 0.7002604166666666 0.49953703703703695 0.0234375 0.06574074074074074
0 0.7192708333333333 0.4564814814814814 0.026041666666666664 0.09074074074074073
0 0.7385416666666667 0.4569444444444445 0.03020833333333333 0.08981481481481482
5 0.7617187499999999 0.5282407407407408 0.03072916666666666 0.08796296296296295
5 0.55 0.47453703703703703 0.02395833333333333 0.11018518518518519
