0 0.2411458333333333 0.7902777777777776 0.0625 0.23425925925925925
0 0.2966145833333333 0.7976851851851852 0.0546875 0.24537037037037038
0 0.34791666666666665 0.7671296296296296 0.04479166666666666 0.21018518518518517
0 0.3356770833333333 0.8680555555555556 0.0578125 0.24351851851851852
0 0.39713541666666663 0.8671296296296296 0.058854166666666666 0.22685185185185186
0 0.6749999999999999 0.6810185185185185 0.04479166666666666 0.19537037037037036
0 0.6770833333333333 0.6851851851851851 0.03645833333333333 0.19629629629629627
5 0.66171875 0.6444444444444444 0.0296875 0.1685185185185185
0 0.8046875 0.5435185185185185 0.028125 0.09259259259259259
5 0.7182291666666666 0.49675925925925923 0.026041666666666664 0.07685185185185185
0 0.6476562499999999 0.6666666666666666 0.033854166666666664 0.18148148148148147
0 0.8403645833333334 0.7050925925925926 0.04010416666666666 0.18796296296296294
0 0.7598958333333333 0.749074074074074 0.04375 0.20370370370370366
0 0.6942708333333333 0.7537037037037038 0.041666666666666664 0.2074074074074074
0 0.8328125 0.6870370370370369 0.040625 0.18518518518518517
0 0.4466145833333333 0.537962962962963 0.0234375 0.1074074074074074
0 0.47526041666666663 0.5263888888888889 0.03072916666666666 0.12685185185185183
0 0.4338541666666667 0.5634259259259259 0.02708333333333333 0.1287037037037037
0 0.49088541666666663 0.5509259259259258 0.03072916666666666 0.12407407407407407
0 0.4999999999999999 0.5277777777777778 0.026041666666666664 0.12037037037037038
0 0.54375 0.5305555555555556 0.03125 0.1259259259259259
0 0.51875 0.5527777777777778 0.03020833333333333 0.12962962962962962
0 0.4838541666666666 0.6449074074074074 0.04375 0.1824074074074074
5 0.6416666666666666 0.6199074074074074 0.029166666666666664 0.14351851851851852
0 0.5057291666666667 0.6439814814814814 0.03645833333333333 0.17314814814814813
0 0.5414062499999999 0.6388888888888888 0.033854166666666664 0.15555555555555553
0 0.5682291666666666 0.6185185185185185 0.03229166666666666 0.1537037037037037
0 0.59609375 0.6166666666666667 0.0359375 0.15740740740740738
0 0.5953124999999999 0.600462962962963 0.029166666666666664 0.12685185185185183
0 0.5486979166666667 0.6805555555555556 0.04427083333333333 0.1685185185185185
0 0.5770833333333333 0.6967592592592592 0.03125 0.1287037037037037
0 0.6447916666666667 0.6981481481481481 0.040625 0.1925925925925926
0 0.6505208333333333 0.7509259259259259 0.04583333333333333 0.21296296296296294
0 0.6604166666666667 0.6041666666666666 0.029166666666666664 0.14351851851851852
0 0.7236979166666666 0.6532407407407407 0.03697916666666666 0.16759259259259257
0 0.6880208333333333 0.7078703703703704 0.040625 0.16759259259259257
0 0.01328125 0.9486111111111111 0.025520833333333333 0.10277777777777777
0 0.04791666666666666 0.9717592592592592 0.042708333333333334 0.05833333333333333
0 0.6385416666666666 0.8393518518518519 0.06354166666666666 0.20462962962962963
0 0.8013020833333332 0.8240740740740741 0.0640625 0.21296296296296294
0 0.4471354166666666 0.4884259259259259 0.0296875 0.10462962962962963
0 0.4072916666666667 0.4837962962962963 0.03020833333333333 0.1287037037037037
5 0.7052083333333333 0.5106481481481481 0.02395833333333333 0.06574074074074074
0 0.7135416666666666 0.4666666666666666 0.026041666666666664 0.09074074074074073
0 0.73359375 0.4671296296296297 0.0296875 0.08981481481481482
5 0.765625 0.5365740740740741 0.03125 0.08796296296296295
5 0.55703125 0.47916666666666663 0.0234375 0.11018518518518519
