0 0.18515625 0.8773148148148147 0.0671875 0.24722222222222218
0 0.24869791666666666 0.874074074074074 0.0609375 0.25370370370370365
0 0.2674479166666667 0.8435185185185186 0.05052083333333333 0.22962962962962963
0 0.9630208333333332 0.8949074074074073 0.05 0.21203703703703702
0 0.37057291666666664 0.7962962962962962 0.05260416666666666 0.2148148148148148
0 0.41666666666666663 0.799537037037037 0.051041666666666666 0.2009259259259259
0 0.7947916666666667 0.735648148148148 0.04895833333333333 0.21574074074074073
0 0.8096354166666666 0.7273148148148147 0.0453125 0.20277777777777778
5 0.6611979166666666 0.6629629629629629 0.0296875 0.1685185185185185
0 0.80234375 0.5601851851851851 0.027604166666666662 0.09259259259259259
5 0.7184895833333333 0.5055555555555555 0.027604166666666662 0.07592592592592592
0 0.734375 0.7064814814814814 0.04375 0.18518518518518517
0 0.803125 0.6828703703703703 0.042708333333333334 0.16574074074074072
0 0.6703124999999999 0.711574074074074 0.041666666666666664 0.1935185185185185
0 0.6026041666666667 0.7087962962962963 0.03958333333333333 0.18796296296296294
0 0.778125 0.6574074074074073 0.03958333333333333 0.16666666666666666
0 0.4239583333333333 0.5254629629629629 0.02395833333333333 0.09907407407407406
0 0.4510416666666666 0.5032407407407408 0.026041666666666664 0.11203703703703702
0 0.4260416666666666 0.548148148148148 0.025 0.12407407407407407
0 0.4528645833333333 0.5365740740740741 0.03072916666666666 0.12314814814814815
0 0.4760416666666666 0.5138888888888888 0.026041666666666664 0.11296296296296296
0 0.5091145833333333 0.514351851851852 0.0265625 0.12129629629629628
0 0.4804687499999999 0.5351851851851851 0.03072916666666666 0.12777777777777777
0 0.4427083333333333 0.6143518518518518 0.04479166666666666 0.16574074074074072
5 0.6411458333333333 0.6300925925925925 0.029166666666666664 0.14351851851851852
0 0.4794270833333333 0.6152777777777777 0.03177083333333333 0.16018518518518518
0 0.5052083333333333 0.6166666666666666 0.03125 0.14629629629629629
0 0.5291666666666667 0.5925925925925926 0.03333333333333333 0.13518518518518519
0 0.5619791666666666 0.5921296296296296 0.03229166666666666 0.1324074074074074
0 0.5546875 0.5787037037037037 0.028125 0.12037037037037038
0 0.51171875 0.6402777777777777 0.0359375 0.15648148148148147
0 0.5401041666666667 0.6574074074074073 0.02708333333333333 0.12407407407407407
0 0.5578125 0.6652777777777776 0.0375 0.1787037037037037
0 0.559375 0.7078703703703704 0.040625 0.19537037037037036
0 0.5890625 0.586111111111111 0.03020833333333333 0.14074074074074075
0 0.6117187499999999 0.6226851851851851 0.033854166666666664 0.15462962962962962
0 0.6028645833333333 0.6749999999999999 0.04114583333333333 0.1537037037037037
0 0.9125 0.8550925925925925 0.051041666666666666 0.20277777777777778
5 0.7041666666666667 0.5217592592592591 0.02395833333333333 0.06574074074074074
0 0.6669270833333333 0.48240740740740734 0.027604166666666662 0.09074074074074073
0 0.68984375 0.47870370370370374 0.0328125 0.09444444444444444
5 0.7661458333333333 0.5467592592592593 0.03125 0.08796296296296295
5 0.5625 0.4930555555555555 0.02395833333333333 0.11018518518518519
