0 0.22499999999999995 0.6074074074074074 0.04583333333333333 0.17962962962962964
0 0.2817708333333333 0.6134259259259258 0.04583333333333333 0.17314814814814813
0 0.29635416666666664 0.6337962962962963 0.046875 0.17314814814814813
0 0.5473958333333333 0.6398148148148148 0.034375 0.18703703703703703
0 0.57890625 0.6356481481481482 0.033854166666666664 0.17685185185185184
5 0.6515625 0.6388888888888888 0.03020833333333333 0.1759259259259259
0 0.7307291666666667 0.5203703703703704 0.02395833333333333 0.0962962962962963
5 0.7283854166666667 0.48009259259259257 0.025520833333333333 0.07685185185185185
0 0.6143229166666667 0.6393518518518518 0.03177083333333333 0.1787037037037037
0 0.6890625 0.9666666666666668 0.05625 0.0685185185185185
0 0.6143229166666667 0.9643518518518517 0.06302083333333333 0.07314814814814814
0 0.465625 0.6305555555555555 0.02708333333333333 0.137037037037037
0 0.4973958333333333 0.6129629629629629 0.035416666666666666 0.16296296296296295
0 0.5369791666666666 0.6601851851851851 0.0375 0.1611111111111111
0 0.7385416666666667 0.6342592592592592 0.034375 0.14629629629629629
0 0.6401041666666667 0.6157407407407407 0.03020833333333333 0.14074074074074075
0 0.6809895833333333 0.6138888888888888 0.0421875 0.16296296296296295
0 0.7736979166666667 0.6319444444444444 0.03177083333333333 0.14907407407407408
5 0.6471354166666666 0.6023148148148147 0.0296875 0.14351851851851852
0 0.9374999999999998 0.7449074074074074 0.05833333333333333 0.20462962962962963
0 0.9291666666666666 0.7300925925925925 0.03958333333333333 0.18796296296296294
0 0.5182291666666667 0.9555555555555555 0.06145833333333332 0.09074074074074073
0 0.21067708333333335 0.8023148148148147 0.049479166666666664 0.23796296296296293
0 0.26041666666666663 0.8101851851851851 0.04791666666666666 0.2185185185185185
0 0.23124999999999996 0.8731481481481481 0.05833333333333333 0.23148148148148148
0 0.10703125 0.813425925925926 0.03802083333333333 0.21018518518518517
0 0.12369791666666666 0.8587962962962962 0.0484375 0.24351851851851852
0 0.4846354166666667 0.6680555555555555 0.03802083333333333 0.17685185185185184
0 0.7705729166666666 0.6782407407407407 0.04010416666666666 0.18055555555555552
0 0.6072916666666667 0.7203703703703703 0.03958333333333333 0.20370370370370366
0 0.63671875 0.7254629629629629 0.0328125 0.1787037037037037
0 0.5513020833333333 0.6884259259259259 0.0453125 0.16018518518518518
0 0.7916666666666666 0.7203703703703703 0.034375 0.11851851851851851
0 0.7385416666666667 0.7263888888888889 0.040625 0.15462962962962962
0 0.8885416666666666 0.7587962962962963 0.0625 0.21944444444444441
0 0.91171875 0.7532407407407407 0.0546875 0.21018518518518517
0 0.7721354166666666 0.7138888888888888 0.04010416666666666 0.18703703703703703
0 0.590625 0.5671296296296295 0.029166666666666664 0.1324074074074074
0 0.5630208333333333 0.5523148148148148 0.03333333333333333 0.1398148148148148
0 0.4541666666666667 0.5550925925925926 0.03333333333333333 0.14351851851851852
0 0.5885416666666666 0.5893518518518518 0.04375 0.15833333333333333
0 0.5348958333333333 0.524074074074074 0.021875 0.1037037037037037
0 0.5125 0.5166666666666667 0.03020833333333333 0.1074074074074074
0 0.4804687499999999 0.5087962962962962 0.03072916666666666 0.12129629629629628
0 0.43671875 0.5101851851851852 0.0296875 0.11296296296296296
0 0.4104166666666666 0.5106481481481481 0.025 0.11574074074074074
0 0.5018229166666667 0.4893518518518518 0.025520833333333333 0.11018518518518519
0 0.4760416666666667 0.48703703703703705 0.02395833333333333 0.11296296296296296
0 0.4567708333333333 0.48472222222222217 0.026041666666666664 0.12314814814814815
0 0.4401041666666667 0.4898148148148148 0.02395833333333333 0.11481481481481481
0 0.4018229166666666 0.4796296296296296 0.024479166666666666 0.10925925925925925
0 0.4278645833333333 0.4703703703703703 0.025520833333333333 0.1074074074074074
0 0.5182291666666666 0.5157407407407407 0.021875 0.1074074074074074
5 0.7104166666666667 0.49120370370370364 0.02395833333333333 0.06574074074074074
0 0.4096354166666666 0.47175925925925916 0.0234375 0.12314814814814815
0 0.7557291666666666 0.43981481481481477 0.019791666666666666 0.07407407407407407
0 0.7640625 0.43472222222222223 0.02708333333333333 0.0824074074074074
5 0.7755208333333333 0.5208333333333333 0.03020833333333333 0.08796296296296295
5 0.56875 0.46342592592592585 0.025 0.11018518518518519
