0 0.24166666666666664 0.7865740740740741 0.06354166666666666 0.23425925925925925
0 0.2966145833333333 0.7916666666666666 0.0546875 0.24074074074074076
0 0.3473958333333333 0.7625 0.04375 0.20833333333333331
0 0.3325520833333333 0.8712962962962962 0.05989583333333333 0.2462962962962963
0 0.39505208333333336 0.8689814814814815 0.058854166666666666 0.2287037037037037
0 0.6684895833333333 0.6782407407407407 0.04427083333333333 0.19537037037037036
0 0.6723958333333333 0.6819444444444445 0.03645833333333333 0.19537037037037036
5 0.6609375 0.6435185185185185 0.029166666666666664 0.1685185185185185
0 0.8041666666666666 0.5407407407407406 0.028125 0.09259259259259259
5 0.7171874999999999 0.49490740740740746 0.026041666666666664 0.07685185185185185
0 0.646875 0.6638888888888889 0.034375 0.18148148148148147
0 0.8419270833333334 0.7050925925925926 0.043229166666666666 0.18796296296296294
0 0.76171875 0.7495370370370369 0.04427083333333333 0.20462962962962963
0 0.696875 0.7546296296296295 0.04375 0.2074074074074074
0 0.8330729166666666 0.688425925925926 0.04114583333333333 0.18425925925925926
0 0.4466145833333333 0.538425925925926 0.0234375 0.10833333333333332
0 0.47526041666666663 0.5263888888888889 0.03072916666666666 0.12685185185185183
0 0.4333333333333333 0.5634259259259259 0.02708333333333333 0.1287037037037037
0 0.4916666666666666 0.55 0.03125 0.12407407407407407
0 0.4999999999999999 0.5273148148148147 0.026041666666666664 0.12129629629629628
0 0.5442708333333333 0.5305555555555556 0.03125 0.1259259259259259
0 0.5197916666666667 0.5509259259259258 0.03020833333333333 0.12962962962962962
0 0.4864583333333333 0.6458333333333333 0.04479166666666666 0.1824074074074074
5 0.6406249999999999 0.6180555555555556 0.029166666666666664 0.14351851851851852
0 0.5065104166666666 0.6439814814814814 0.0359375 0.17314814814814813
0 0.5429687499999999 0.6402777777777777 0.033854166666666664 0.15833333333333333
0 0.5682291666666666 0.6189814814814814 0.03229166666666666 0.15462962962962962
0 0.5979166666666667 0.6175925925925926 0.035416666666666666 0.15740740740740738
0 0.59765625 0.6018518518518519 0.0296875 0.13148148148148148
0 0.55078125 0.6814814814814815 0.04427083333333333 0.1685185185185185
0 0.5796875 0.6976851851851851 0.03020833333333333 0.1287037037037037
0 0.6489583333333333 0.6976851851851851 0.040625 0.1935185185185185
0 0.65234375 0.7518518518518518 0.0453125 0.2148148148148148
0 0.6651041666666666 0.6041666666666666 0.029166666666666664 0.14351851851851852
0 0.7283854166666666 0.6523148148148148 0.03697916666666666 0.16759259259259257
0 0.6934895833333333 0.7083333333333333 0.043229166666666666 0.1648148148148148
0 0.0140625 0.9462962962962962 0.02708333333333333 0.1074074074074074
0 0.04921875 0.9689814814814814 0.0453125 0.06388888888888888
0 0.6265625 0.837962962962963 0.053125 0.20370370370370366
0 0.790625 0.8199074074074073 0.05625 0.21203703703703702
0 0.4515624999999999 0.48657407407407405 0.035416666666666666 0.10462962962962963
0 0.4098958333333333 0.4837962962962963 0.03229166666666666 0.1287037037037037
5 0.7044270833333333 0.5087962962962962 0.0234375 0.06574074074074074
0 0.7140624999999999 0.4648148148148148 0.026041666666666664 0.09074074074074073
0 0.7346354166666667 0.4652777777777778 0.0296875 0.08981481481481482
5 0.7651041666666666 0.5347222222222222 0.03125 0.08796296296296295
5 0.55625 0.47638888888888886 0.02395833333333333 0.11018518518518519
