0 0.27447916666666666 0.7064814814814815 0.05416666666666666 0.2074074074074074
0 0.33854166666666663 0.7078703703703704 0.05 0.21759259259259256
0 0.40078125 0.6958333333333333 0.03802083333333333 0.18796296296296294
0 0.24635416666666665 0.9189814814814815 0.071875 0.1638888888888889
0 0.325 0.924074074074074 0.05416666666666666 0.15
0 0.5562499999999999 0.6370370370370371 0.041666666666666664 0.18703703703703703
0 0.5713541666666667 0.638425925925926 0.03333333333333333 0.18981481481481483
5 0.646875 0.6305555555555555 0.028125 0.1685185185185185
0 0.7908854166666667 0.525462962962963 0.025520833333333333 0.09351851851851851
5 0.7046874999999999 0.48009259259259257 0.026041666666666664 0.07685185185185185
0 0.62265625 0.6518518518518518 0.03802083333333333 0.18148148148148147
0 0.7382812499999999 0.8282407407407406 0.04635416666666666 0.2398148148148148
0 0.6848958333333333 0.8236111111111111 0.057291666666666664 0.23425925925925925
0 0.9697916666666666 0.712037037037037 0.059375 0.1925925925925926
0 0.4544270833333333 0.5574074074074074 0.0234375 0.11296296296296296
0 0.4807291666666666 0.5407407407407407 0.03125 0.14444444444444443
0 0.4372395833333333 0.5847222222222223 0.0296875 0.13796296296296295
0 0.5213541666666666 0.5699074074074073 0.03125 0.14166666666666666
0 0.5041666666666667 0.549074074074074 0.026041666666666664 0.13333333333333333
0 0.53203125 0.5472222222222222 0.03072916666666666 0.14074074074074075
0 0.5463541666666666 0.5648148148148148 0.03125 0.12962962962962962
0 0.5989583333333333 0.6925925925925925 0.04479166666666666 0.20185185185185187
5 0.6252604166666667 0.6023148148148147 0.0296875 0.14351851851851852
0 0.621875 0.6861111111111111 0.04479166666666666 0.1907407407407407
0 0.6450520833333333 0.6805555555555556 0.03697916666666666 0.17407407407407408
0 0.5510416666666667 0.6597222222222222 0.03854166666666666 0.175
0 0.7161458333333333 0.6324074074074073 0.03645833333333333 0.15740740740740738
0 0.7302083333333333 0.6351851851851852 0.03020833333333333 0.15185185185185185
0 0.7203125 0.711111111111111 0.04375 0.17962962962962964
0 0.7390625 0.7236111111111111 0.03333333333333333 0.13796296296296295
0 0.8325520833333332 0.7143518518518518 0.0609375 0.19907407407407407
0 0.63046875 0.825462962962963 0.0484375 0.2509259259259259
0 0.7695312499999999 0.6388888888888888 0.04010416666666666 0.17037037037037037
0 0.8317708333333332 0.6851851851851851 0.046875 0.18703703703703703
0 0.8999999999999998 0.725 0.05833333333333333 0.17777777777777776
0 0.04479166666666666 0.9060185185185186 0.057291666666666664 0.18796296296296294
0 0.08723958333333333 0.9203703703703703 0.0546875 0.15925925925925927
0 0.0328125 0.9768518518518517 0.042708333333333334 0.04814814814814815
0 0.31744791666666666 0.8199074074074074 0.05260416666666666 0.20462962962962963
0 0.4882812499999999 0.8296296296296296 0.07135416666666666 0.22037037037037038
0 0.7903645833333333 0.7712962962962961 0.05260416666666666 0.20925925925925926
0 0.9794270833333334 0.7597222222222222 0.03697916666666666 0.2064814814814815
0 0.8747395833333333 0.7574074074074073 0.04635416666666666 0.21296296296296294
0 0.8739583333333332 0.7541666666666667 0.04583333333333333 0.19537037037037036
0 0.9036458333333333 0.7449074074074074 0.0375 0.1824074074074074
0 0.4994791666666666 0.5050925925925925 0.03854166666666666 0.10648148148148147
0 0.4729166666666666 0.49120370370370364 0.03229166666666666 0.12314814814814815
0 0.40234375 0.48749999999999993 0.03177083333333333 0.12314814814814815
0 0.4119791666666666 0.48425925925925917 0.026041666666666664 0.09074074074074073
0 0.3973958333333333 0.4768518518518518 0.025 0.10185185185185183
0 0.4015625 0.4819444444444444 0.025 0.11203703703703702
5 0.6901041666666667 0.48703703703703705 0.02395833333333333 0.06666666666666667
0 0.740625 0.44259259259259254 0.01875 0.07407407407407407
0 0.75 0.4476851851851852 0.028125 0.08981481481481482
5 0.74921875 0.5199074074074074 0.0296875 0.08796296296296295
5 0.5369791666666667 0.4662037037037036 0.02395833333333333 0.11018518518518519
