0 0.22968749999999996 0.6064814814814814 0.04583333333333333 0.17962962962962964
0 0.28932291666666665 0.6143518518518518 0.043229166666666666 0.175
0 0.30234375 0.6365740740740741 0.0453125 0.17314814814814813
0 0.54375 0.6379629629629628 0.034375 0.18703703703703703
0 0.5778645833333333 0.6347222222222222 0.033854166666666664 0.1787037037037037
5 0.65078125 0.6370370370370371 0.0296875 0.1759259259259259
0 0.7317708333333333 0.5203703703703704 0.02395833333333333 0.0962962962962963
5 0.7268229166666667 0.4791666666666667 0.025520833333333333 0.07685185185185185
0 0.6122395833333333 0.6375 0.03177083333333333 0.1787037037037037
0 0.6901041666666666 0.961111111111111 0.06041666666666666 0.07962962962962963
0 0.6158854166666667 0.9560185185185185 0.06614583333333332 0.08981481481481482
0 0.46354166666666663 0.6259259259259259 0.026041666666666664 0.137037037037037
0 0.4953125 0.6087962962962963 0.034375 0.16203703703703703
0 0.5229166666666667 0.6574074074074073 0.03645833333333333 0.1611111111111111
0 0.7276041666666666 0.6305555555555555 0.034375 0.14629629629629629
0 0.6244791666666667 0.611574074074074 0.03020833333333333 0.13796296296296295
0 0.66875 0.612037037037037 0.042708333333333334 0.16296296296296295
0 0.7614583333333333 0.6282407407407407 0.03125 0.14907407407407408
5 0.6453125 0.6023148148148147 0.03020833333333333 0.14351851851851852
0 0.9203125 0.7388888888888889 0.057291666666666664 0.19629629629629627
0 0.9515625 0.7407407407407407 0.057291666666666664 0.19629629629629627
0 0.91328125 0.7263888888888889 0.03697916666666666 0.18796296296296294
0 0.5244791666666667 0.950925925925926 0.06145833333333332 0.1
0 0.9658854166666666 0.7236111111111111 0.04114583333333333 0.18981481481481483
0 0.20390625 0.8050925925925926 0.0515625 0.23796296296296293
0 0.25260416666666663 0.8157407407407407 0.04791666666666666 0.22222222222222224
0 0.22057291666666665 0.8800925925925925 0.0609375 0.23055555555555554
0 0.10572916666666665 0.8097222222222221 0.0375 0.21018518518518517
0 0.1203125 0.849537037037037 0.04895833333333333 0.24166666666666664
0 0.49088541666666663 0.6717592592592592 0.04010416666666666 0.1787037037037037
0 0.7669270833333333 0.6847222222222221 0.04010416666666666 0.1861111111111111
0 0.6067708333333333 0.7212962962962962 0.03958333333333333 0.20370370370370366
0 0.6338541666666666 0.724537037037037 0.03229166666666666 0.1787037037037037
0 0.5658854166666666 0.6902777777777777 0.043229166666666666 0.16018518518518518
0 0.7885416666666666 0.725 0.034375 0.11851851851851851
0 0.7320312499999999 0.7296296296296296 0.04010416666666666 0.15555555555555553
0 0.9057291666666666 0.763425925925926 0.0625 0.22129629629629627
0 0.9312499999999998 0.7587962962962962 0.05208333333333333 0.21018518518518517
0 0.7671875 0.7175925925925926 0.03958333333333333 0.18703703703703703
0 0.5859374999999999 0.5648148148148148 0.029166666666666664 0.13148148148148148
0 0.55859375 0.5486111111111112 0.0359375 0.1398148148148148
0 0.4515625 0.5523148148148148 0.03333333333333333 0.14351851851851852
0 0.60234375 0.5921296296296296 0.0421875 0.16018518518518518
0 0.5315104166666667 0.524074074074074 0.02239583333333333 0.1037037037037037
0 0.5078125 0.5138888888888888 0.03020833333333333 0.1074074074074074
0 0.4755208333333333 0.5069444444444444 0.03020833333333333 0.12129629629629628
0 0.4346354166666666 0.5074074074074073 0.0296875 0.11296296296296296
0 0.409375 0.5074074074074074 0.025 0.11481481481481481
0 0.49609375 0.48749999999999993 0.025520833333333333 0.11018518518518519
0 0.4703125 0.4842592592592593 0.02395833333333333 0.11296296296296296
0 0.4526041666666666 0.4810185185185185 0.026041666666666664 0.12314814814814815
0 0.4341145833333333 0.48842592592592593 0.0234375 0.11574074074074074
0 0.4184895833333333 0.4703703703703703 0.025520833333333333 0.1074074074074074
0 0.5151041666666666 0.5120370370370371 0.022916666666666665 0.1074074074074074
5 0.7088541666666667 0.4921296296296296 0.02395833333333333 0.06574074074074074
0 0.3981770833333333 0.46990740740740733 0.0234375 0.12314814814814815
0 0.7541666666666667 0.43888888888888883 0.019791666666666666 0.07407407407407407
0 0.7619791666666667 0.4337962962962963 0.02708333333333333 0.0824074074074074
5 0.7734375 0.5199074074074074 0.03020833333333333 0.08796296296296295
5 0.5677083333333333 0.46342592592592585 0.025 0.11018518518518519
