0 0.5802083333333333 0.6597222222222222 0.03333333333333333 0.1935185185185185
0 0.6078125 0.6675925925925925 0.03645833333333333 0.18703703703703703
5 0.66640625 0.6476851851851853 0.03177083333333333 0.17685185185185184
0 0.7442708333333333 0.5185185185185185 0.02395833333333333 0.0962962962962963
5 0.7458333333333333 0.48194444444444445 0.025 0.07685185185185185
0 0.6166666666666666 0.6462962962962963 0.03229166666666666 0.1759259259259259
0 0.5070312499999999 0.6699074074074074 0.027604166666666662 0.1509259259259259
0 0.5447916666666666 0.6527777777777777 0.035416666666666666 0.17777777777777776
0 0.6674479166666666 0.6958333333333333 0.0390625 0.16759259259259257
0 0.8453125 0.675 0.03854166666666666 0.16296296296296295
0 0.8083333333333332 0.6532407407407408 0.03020833333333333 0.1509259259259259
0 0.8255208333333333 0.649537037037037 0.03958333333333333 0.16759259259259257
0 0.8760416666666666 0.6773148148148148 0.0375 0.175
5 0.6640625 0.6050925925925925 0.02708333333333333 0.14351851851851852
0 0.2713541666666667 0.7537037037037037 0.04583333333333333 0.2111111111111111
0 0.31015625 0.7648148148148147 0.0421875 0.20370370370370366
0 0.30416666666666664 0.8069444444444445 0.053125 0.20833333333333331
0 0.19270833333333331 0.7745370370370369 0.04375 0.19722222222222222
0 0.13437499999999997 0.9097222222222221 0.06041666666666666 0.18055555555555552
0 0.4513020833333333 0.6342592592592593 0.033854166666666664 0.1648148148148148
0 0.7734375 0.662037037037037 0.034375 0.18518518518518517
0 0.6294270833333333 0.7263888888888889 0.04010416666666666 0.20462962962962963
0 0.6674479166666666 0.7375 0.0421875 0.18425925925925926
0 0.4434895833333333 0.6546296296296296 0.04010416666666666 0.1537037037037037
0 0.79140625 0.6958333333333333 0.0296875 0.11759259259259258
0 0.7843749999999999 0.6888888888888889 0.035416666666666666 0.15185185185185185
0 0.81875 0.7185185185185186 0.04583333333333333 0.20185185185185187
0 0.8455729166666666 0.7185185185185186 0.04635416666666666 0.20185185185185187
0 0.8864583333333333 0.750925925925926 0.05416666666666666 0.20925925925925926
0 0.8049479166666667 0.6824074074074074 0.03802083333333333 0.17962962962962964
0 0.9348958333333333 0.7537037037037037 0.04375 0.1907407407407407
0 0.6330729166666667 0.5912037037037037 0.03177083333333333 0.1324074074074074
0 0.6078124999999999 0.5842592592592591 0.03854166666666666 0.14629629629629629
0 0.4661458333333333 0.5921296296296297 0.034375 0.15833333333333333
0 0.49479166666666663 0.5791666666666666 0.04479166666666666 0.15648148148148147
0 0.5747395833333333 0.5499999999999999 0.025520833333333333 0.1037037037037037
0 0.5419270833333333 0.548611111111111 0.0296875 0.12685185185185183
0 0.5143229166666667 0.5282407407407407 0.03177083333333333 0.12314814814814815
0 0.4596354166666667 0.5342592592592592 0.03177083333333333 0.11851851851851851
0 0.41640625 0.5314814814814814 0.025520833333333333 0.12407407407407407
0 0.5520833333333333 0.514351851851852 0.028125 0.11574074074074074
0 0.525 0.5092592592592593 0.02395833333333333 0.11296296296296296
0 0.5059895833333333 0.5092592592592593 0.025520833333333333 0.12962962962962962
0 0.4864583333333333 0.5115740740740741 0.026041666666666664 0.12129629629629628
0 0.4296875 0.5050925925925925 0.028125 0.11574074074074074
0 0.5153645833333333 0.4888888888888888 0.0265625 0.1074074074074074
0 0.446875 0.48240740740740745 0.02395833333333333 0.12037037037037038
0 0.4177083333333333 0.4662037037037036 0.019791666666666666 0.09907407407407406
0 0.5401041666666666 0.5324074074074074 0.021875 0.1074074074074074
5 0.7270833333333333 0.49120370370370364 0.02395833333333333 0.06574074074074074
0 0.4919270833333333 0.48611111111111105 0.025520833333333333 0.12407407407407407
0 0.7713541666666666 0.44351851851851853 0.019791666666666666 0.07407407407407407
0 0.7802083333333333 0.4393518518518518 0.02708333333333333 0.0824074074074074
5 0.790625 0.523611111111111 0.03020833333333333 0.08796296296296295
5 0.5861979166666667 0.4652777777777777 0.025520833333333333 0.11018518518518519
