0 0.2776041666666667 0.7037037037037037 0.05416666666666667 0.20740740740740737
0 0.33984375 0.7041666666666667 0.050520833333333334 0.2175925925925926
0 0.4018229166666667 0.6949074074074074 0.035937500000000004 0.1898148148148148
0 0.240625 0.9217592592592592 0.07187500000000001 0.15833333333333333
0 0.321875 0.9277777777777777 0.05416666666666667 0.14444444444444443
0 0.5520833333333334 0.6337962962962963 0.041666666666666664 0.1861111111111111
0 0.5690104166666666 0.6356481481481481 0.033854166666666664 0.1898148148148148
0 0.6473958333333334 0.6305555555555556 0.028125 0.1685185185185185
0 0.7911458333333334 0.524537037037037 0.026041666666666668 0.09351851851851851
0 0.7046875 0.4791666666666667 0.026041666666666668 0.07685185185185185
0 0.6231770833333333 0.6518518518518518 0.03802083333333334 0.18148148148148147
0 0.7369791666666666 0.8310185185185185 0.04583333333333334 0.2398148148148148
0 0.6846354166666667 0.8277777777777776 0.0578125 0.23703703703703702
0 0.45546875000000003 0.5583333333333333 0.0234375 0.11296296296296296
0 0.4817708333333333 0.5425925925925926 0.03125 0.14444444444444443
0 0.44036458333333334 0.586574074074074 0.029687500000000002 0.13796296296296295
0 0.5247395833333334 0.5726851851851851 0.029687500000000002 0.14351851851851852
0 0.5052083333333334 0.55 0.026041666666666668 0.13518518518518519
0 0.5328125 0.5472222222222223 0.030208333333333334 0.14074074074074075
0 0.5499999999999999 0.5657407407407408 0.03229166666666667 0.12962962962962962
0 0.60703125 0.6962962962962963 0.0546875 0.20185185185185184
0 0.6257812500000001 0.6023148148148147 0.029687500000000002 0.14351851851851852
0 0.6325520833333333 0.687962962962963 0.044270833333333336 0.19074074074074074
0 0.6565104166666667 0.6819444444444444 0.03802083333333334 0.17314814814814813
0 0.5578125 0.662037037037037 0.03958333333333334 0.17592592592592593
0 0.7223958333333333 0.6333333333333333 0.036458333333333336 0.1574074074074074
0 0.7385416666666667 0.6361111111111111 0.030208333333333334 0.15185185185185185
0 0.7338541666666666 0.711574074074074 0.04895833333333334 0.18055555555555552
0 0.7515625 0.725 0.03333333333333333 0.14074074074074075
0 0.8450520833333335 0.7143518518518518 0.0609375 0.19907407407407407
0 0.628125 0.8305555555555555 0.04895833333333334 0.2537037037037037
0 0.7744791666666666 0.6398148148148147 0.040625 0.17037037037037037
0 0.8388020833333334 0.6861111111111111 0.04635416666666667 0.18888888888888886
0 0.9114583333333334 0.7240740740740741 0.04479166666666667 0.18148148148148147
0 0.049218750000000006 0.9037037037037037 0.0578125 0.1925925925925926
0 0.09348958333333333 0.9180555555555555 0.0546875 0.16388888888888886
0 0.03723958333333333 0.9740740740740741 0.049479166666666664 0.0537037037037037
0 0.3067708333333333 0.8203703703703702 0.053125 0.2037037037037037
0 0.47057291666666673 0.8282407407407406 0.0578125 0.22129629629629627
0 0.7778645833333334 0.7671296296296296 0.03177083333333333 0.21018518518518517
0 0.96796875 0.7587962962962962 0.044270833333333336 0.2046296296296296
0 0.8591145833333335 0.7560185185185185 0.050520833333333334 0.21203703703703702
0 0.8630208333333335 0.7509259259259259 0.04479166666666667 0.19629629629629627
0 0.8955729166666666 0.7462962962962962 0.03802083333333334 0.1796296296296296
0 0.503125 0.5041666666666667 0.034374999999999996 0.10648148148148147
0 0.47552083333333334 0.4921296296296296 0.03229166666666667 0.12314814814814815
0 0.4052083333333333 0.48935185185185176 0.03333333333333333 0.12314814814814815
0 0.4161458333333333 0.4851851851851851 0.026041666666666668 0.09074074074074073
0 0.40156250000000004 0.4768518518518518 0.025 0.10185185185185185
0 0.4057291666666667 0.48287037037037034 0.025 0.11203703703703702
0 0.690625 0.48657407407407405 0.02395833333333333 0.06574074074074074
0 0.7416666666666667 0.4416666666666666 0.01875 0.07407407407407408
0 0.7510416666666666 0.44537037037037036 0.028125 0.08888888888888888
0 0.7502604166666667 0.5189814814814815 0.029687500000000002 0.08796296296296297
0 0.5380208333333334 0.46527777777777773 0.02395833333333333 0.11018518518518518
