0 0.23229166666666665 0.6083333333333333 0.04583333333333333 0.17962962962962964
0 0.29296875 0.6148148148148148 0.0421875 0.1759259259259259
0 0.30572916666666666 0.6375 0.04479166666666666 0.17314814814814813
0 0.5427083333333333 0.6351851851851851 0.034375 0.18703703703703703
0 0.5770833333333333 0.6342592592592592 0.034375 0.17962962962962964
5 0.6502604166666666 0.6361111111111111 0.0296875 0.1759259259259259
0 0.7322916666666667 0.5203703703703704 0.02395833333333333 0.0962962962962963
5 0.72578125 0.47824074074074074 0.025520833333333333 0.07685185185185185
0 0.6111979166666667 0.6365740740740741 0.03177083333333333 0.1787037037037037
0 0.6901041666666666 0.9583333333333333 0.06041666666666666 0.08333333333333333
0 0.6166666666666666 0.9527777777777777 0.06666666666666667 0.0962962962962963
0 0.4627604166666667 0.6231481481481481 0.025520833333333333 0.137037037037037
0 0.4942708333333333 0.6064814814814814 0.034375 0.1611111111111111
0 0.5151041666666667 0.6564814814814814 0.03645833333333333 0.1611111111111111
0 0.7223958333333333 0.6287037037037037 0.034375 0.14629629629629629
0 0.6161458333333333 0.6097222222222223 0.03020833333333333 0.13796296296296295
0 0.6625 0.611111111111111 0.042708333333333334 0.16296296296296295
0 0.75546875 0.6263888888888889 0.03177083333333333 0.14907407407407408
5 0.6442708333333333 0.6023148148148147 0.03020833333333333 0.14351851851851852
0 0.9111979166666666 0.7384259259259258 0.05572916666666666 0.19722222222222222
0 0.9421875 0.7379629629629629 0.057291666666666664 0.19629629629629627
0 0.9062499999999998 0.7236111111111111 0.03645833333333333 0.18796296296296294
0 0.5276041666666667 0.9486111111111111 0.06145833333333332 0.10462962962962963
0 0.9559895833333332 0.7259259259259259 0.0421875 0.1907407407407407
0 0.20052083333333331 0.8060185185185185 0.053125 0.23796296296296293
0 0.24791666666666665 0.8185185185185185 0.04791666666666666 0.22592592592592592
0 0.21536458333333336 0.8828703703703702 0.06197916666666666 0.23055555555555554
0 0.10520833333333332 0.8087962962962962 0.0375 0.21018518518518517
0 0.11744791666666665 0.8435185185185186 0.05052083333333333 0.24074074074074076
0 0.4940104166666667 0.673611111111111 0.04114583333333333 0.18055555555555552
0 0.7651041666666666 0.687962962962963 0.040625 0.18888888888888888
0 0.6065104166666666 0.7212962962962962 0.0390625 0.20370370370370366
0 0.6328124999999999 0.7236111111111111 0.03229166666666666 0.1787037037037037
0 0.5731770833333333 0.6912037037037037 0.0421875 0.16018518518518518
0 0.7869791666666666 0.7277777777777777 0.034375 0.12037037037037038
0 0.7299479166666666 0.736111111111111 0.0390625 0.15740740740740738
0 0.9145833333333332 0.7662037037037036 0.0625 0.22129629629629627
0 0.9385416666666666 0.7615740740740741 0.05625 0.21018518518518517
0 0.7651041666666667 0.7194444444444443 0.03958333333333333 0.18703703703703703
0 0.5843749999999999 0.5611111111111111 0.029166666666666664 0.12777777777777777
0 0.55625 0.5476851851851852 0.0375 0.1398148148148148
0 0.4510416666666667 0.55 0.03333333333333333 0.14259259259259258
0 0.6093749999999999 0.5939814814814814 0.041666666666666664 0.16203703703703703
0 0.5296874999999999 0.524074074074074 0.022916666666666665 0.1037037037037037
0 0.5057291666666667 0.5120370370370371 0.03020833333333333 0.1074074074074074
0 0.4734375 0.5069444444444444 0.03020833333333333 0.12129629629629628
0 0.43359375 0.5064814814814815 0.0296875 0.11296296296296296
0 0.40885416666666663 0.5060185185185185 0.025 0.11388888888888889
0 0.4934895833333333 0.48657407407407405 0.025520833333333333 0.11018518518518519
0 0.4671875 0.4842592592592593 0.02395833333333333 0.11296296296296296
0 0.4484375 0.48009259259259257 0.025 0.12314814814814815
0 0.4312499999999999 0.487962962962963 0.022916666666666665 0.11481481481481481
0 0.4135416666666666 0.4685185185185185 0.026041666666666664 0.1074074074074074
0 0.5135416666666667 0.5092592592592593 0.02395833333333333 0.1074074074074074
5 0.7078125 0.4921296296296296 0.02395833333333333 0.06574074074074074
0 0.3924479166666667 0.46990740740740733 0.0234375 0.12314814814814815
0 0.7536458333333333 0.43888888888888883 0.019791666666666666 0.07407407407407407
0 0.7614583333333333 0.4337962962962963 0.02708333333333333 0.0824074074074074
5 0.7729166666666667 0.5199074074074074 0.03020833333333333 0.08796296296296295
5 0.5671875 0.46296296296296297 0.025 0.10925925925925925
