0 0.2046875 0.8736111111111111 0.06770833333333333 0.25462962962962965
0 0.259375 0.874074074074074 0.059375 0.25
0 0.2830729166666667 0.8462962962962962 0.05052083333333333 0.22407407407407404
0 0.3723958333333333 0.8199074074074074 0.053125 0.22129629629629627
0 0.4158854166666666 0.8199074074074073 0.0515625 0.2009259259259259
0 0.7809895833333333 0.7398148148148148 0.04635416666666666 0.21296296296296294
0 0.7947916666666667 0.7296296296296296 0.042708333333333334 0.20370370370370366
5 0.6645833333333333 0.6722222222222222 0.03020833333333333 0.1685185185185185
0 0.8049479166666667 0.5675925925925925 0.027604166666666662 0.09259259259259259
5 0.7200520833333333 0.5111111111111111 0.027604166666666662 0.07592592592592592
0 0.7190104166666667 0.7097222222222223 0.043229166666666666 0.1824074074074074
0 0.8166666666666667 0.7004629629629628 0.042708333333333334 0.175
0 0.6874999999999999 0.7296296296296296 0.041666666666666664 0.19444444444444445
0 0.6171875 0.7226851851851852 0.03958333333333333 0.18981481481481483
0 0.78984375 0.6763888888888888 0.04010416666666666 0.16574074074074072
0 0.4333333333333333 0.5384259259259259 0.02395833333333333 0.09907407407407406
0 0.4596354166666667 0.5171296296296296 0.025520833333333333 0.11203703703703702
0 0.4309895833333333 0.5629629629629629 0.025520833333333333 0.12407407407407407
0 0.4575520833333333 0.549537037037037 0.0296875 0.12314814814814815
0 0.4812499999999999 0.524074074074074 0.026041666666666664 0.11296296296296296
0 0.5182291666666667 0.5291666666666666 0.03020833333333333 0.12129629629629628
0 0.4864583333333333 0.548611111111111 0.03020833333333333 0.1287037037037037
0 0.4526041666666667 0.6277777777777778 0.03645833333333333 0.17037037037037037
5 0.6453125 0.6379629629629628 0.029166666666666664 0.137037037037037
0 0.4822916666666666 0.6310185185185185 0.03125 0.16203703703703703
0 0.5111979166666667 0.6314814814814815 0.03177083333333333 0.14629629629629629
0 0.5364583333333333 0.6064814814814814 0.03229166666666666 0.13518518518518519
0 0.5682291666666667 0.6018518518518519 0.03645833333333333 0.13518518518518519
0 0.559375 0.5967592592592592 0.02708333333333333 0.125
0 0.51953125 0.6569444444444443 0.04114583333333333 0.15648148148148147
0 0.5463541666666667 0.6768518518518518 0.02708333333333333 0.12962962962962962
0 0.5674479166666667 0.6819444444444444 0.03802083333333333 0.1787037037037037
0 0.57890625 0.7296296296296296 0.04010416666666666 0.19814814814814813
0 0.5942708333333333 0.6 0.03020833333333333 0.14074074074074075
0 0.6294270833333333 0.6416666666666667 0.0328125 0.1648148148148148
0 0.6104166666666666 0.6921296296296295 0.03854166666666666 0.15648148148148147
0 0.87421875 0.8685185185185185 0.06822916666666666 0.20370370370370366
5 0.7059895833333333 0.5300925925925926 0.0234375 0.06574074074074074
0 0.6736979166666666 0.4888888888888888 0.0265625 0.09074074074074073
0 0.7005208333333333 0.4856481481481481 0.03125 0.09166666666666666
5 0.7684895833333333 0.5578703703703703 0.03177083333333333 0.08796296296296295
5 0.56328125 0.5023148148148148 0.0234375 0.11018518518518519
