0 0.5729166666666666 0.6509259259259259 0.034375 0.18888888888888888
0 0.6067708333333333 0.6569444444444444 0.034375 0.1824074074074074
5 0.6666666666666667 0.6481481481481481 0.03020833333333333 0.1759259259259259
0 0.7419270833333333 0.5203703703703704 0.0234375 0.0962962962962963
5 0.7419270833333333 0.4828703703703704 0.025520833333333333 0.07685185185185185
0 0.6249999999999999 0.6462962962962961 0.03229166666666666 0.17777777777777776
0 0.4976562499999999 0.662037037037037 0.027604166666666662 0.14259259259259258
0 0.5317708333333333 0.6453703703703704 0.035416666666666666 0.17407407407407408
0 0.6419270833333333 0.6893518518518518 0.0421875 0.16574074074074072
0 0.825 0.6671296296296296 0.03854166666666666 0.16203703703703703
0 0.76875 0.6449074074074074 0.03020833333333333 0.1509259259259259
0 0.7942708333333333 0.6449074074074074 0.03958333333333333 0.16759259259259257
0 0.8583333333333332 0.6689814814814815 0.0375 0.16944444444444445
5 0.6609375 0.6032407407407407 0.02708333333333333 0.14351851851851852
0 0.26249999999999996 0.7662037037037036 0.04583333333333333 0.21759259259259256
0 0.30104166666666665 0.775 0.042708333333333334 0.20185185185185187
0 0.2908854166666667 0.8236111111111111 0.05572916666666666 0.22129629629629627
0 0.17317708333333331 0.7865740740740741 0.0421875 0.20462962962962963
0 0.1442708333333333 0.899074074074074 0.06458333333333333 0.19814814814814813
0 0.4526041666666666 0.6476851851851851 0.034375 0.16759259259259257
0 0.7770833333333333 0.6666666666666666 0.034375 0.18518518518518517
0 0.6200520833333333 0.724537037037037 0.04010416666666666 0.20462962962962963
0 0.65703125 0.7398148148148147 0.03802083333333333 0.18518518518518517
0 0.4671875 0.6662037037037036 0.042708333333333334 0.15648148148148147
0 0.7916666666666667 0.7041666666666666 0.03020833333333333 0.11759259259259258
0 0.7830729166666666 0.6958333333333333 0.0359375 0.15462962962962962
0 0.82109375 0.7296296296296296 0.04635416666666666 0.2074074074074074
0 0.8598958333333332 0.7310185185185185 0.042708333333333334 0.2009259259259259
0 0.9221354166666667 0.762962962962963 0.05364583333333332 0.2148148148148148
0 0.8052083333333332 0.6884259259259259 0.0375 0.1787037037037037
0 0.9624999999999998 0.7657407407407407 0.05208333333333333 0.19444444444444445
0 0.6244791666666666 0.5907407407407408 0.03229166666666666 0.13148148148148148
0 0.5958333333333333 0.5796296296296296 0.03854166666666666 0.14629629629629629
0 0.4622395833333333 0.5837962962962963 0.033854166666666664 0.14907407407407408
0 0.5130208333333333 0.5856481481481481 0.04479166666666666 0.15648148148148147
0 0.5643229166666667 0.5472222222222222 0.025520833333333333 0.1037037037037037
0 0.5395833333333333 0.5458333333333333 0.03020833333333333 0.12685185185185183
0 0.5091145833333333 0.5268518518518518 0.03177083333333333 0.12037037037037038
0 0.4559895833333333 0.5342592592592592 0.03177083333333333 0.11851851851851851
0 0.4151041666666666 0.5273148148148147 0.026041666666666664 0.12129629629629628
0 0.5408854166666666 0.5125 0.027604166666666662 0.11574074074074074
0 0.5166666666666667 0.5064814814814815 0.02395833333333333 0.11296296296296296
0 0.4979166666666666 0.5055555555555555 0.026041666666666664 0.12962962962962962
0 0.47916666666666663 0.5097222222222222 0.026041666666666664 0.12129629629629628
0 0.4278645833333333 0.500462962962963 0.027604166666666662 0.11574074074074074
0 0.4997395833333333 0.4851851851851852 0.025520833333333333 0.1074074074074074
0 0.4328125 0.47407407407407404 0.02395833333333333 0.10925925925925925
0 0.5359375 0.5287037037037037 0.021875 0.1074074074074074
5 0.7223958333333333 0.49120370370370364 0.02395833333333333 0.06574074074074074
0 0.4778645833333333 0.4851851851851851 0.025520833333333333 0.12407407407407407
0 0.7687499999999999 0.44351851851851853 0.019791666666666666 0.07407407407407407
0 0.7770833333333333 0.4384259259259259 0.02708333333333333 0.0824074074074074
5 0.7880208333333333 0.524537037037037 0.03020833333333333 0.08796296296296295
5 0.58359375 0.4662037037037036 0.025520833333333333 0.11018518518518519
