0 0.5684895833333333 0.6703703703703703 0.03697916666666666 0.19814814814814813
0 0.5901041666666667 0.6824074074074075 0.03958333333333333 0.19629629629629627
5 0.6578125 0.6458333333333333 0.03333333333333333 0.17685185185185184
0 0.7416666666666667 0.512962962962963 0.02395833333333333 0.0962962962962963
5 0.75 0.47824074074074074 0.025 0.07685185185185185
0 0.5953125 0.6462962962962963 0.03645833333333333 0.17407407407407408
0 0.5130208333333333 0.6828703703703703 0.02708333333333333 0.1509259259259259
0 0.5755208333333333 0.6592592592592592 0.057291666666666664 0.17962962962962964
0 0.7057291666666666 0.7074074074074074 0.03854166666666666 0.1759259259259259
0 0.8622395833333332 0.6875 0.03802083333333333 0.17685185185185184
0 0.8572916666666666 0.6564814814814814 0.03020833333333333 0.15185185185185185
0 0.85234375 0.6513888888888888 0.0390625 0.16759259259259257
0 0.8942708333333332 0.6856481481481481 0.0375 0.1824074074074074
5 0.6682291666666667 0.6041666666666666 0.02708333333333333 0.14351851851851852
0 0.2833333333333333 0.7439814814814814 0.04479166666666666 0.21018518518518517
0 0.32187499999999997 0.7486111111111111 0.042708333333333334 0.19537037037037036
0 0.3192708333333333 0.7898148148148147 0.05208333333333333 0.20370370370370366
0 0.2091145833333333 0.7657407407407406 0.04427083333333333 0.1925925925925926
0 0.10234375 0.9217592592592592 0.0671875 0.15833333333333333
0 0.4466145833333333 0.6217592592592591 0.033854166666666664 0.16018518518518518
0 0.7596354166666666 0.6467592592592593 0.033854166666666664 0.1824074074074074
0 0.6523437499999999 0.7254629629629629 0.04635416666666666 0.20462962962962963
0 0.6768229166666667 0.7407407407407407 0.04427083333333333 0.18703703703703703
0 0.4083333333333333 0.6435185185185184 0.042708333333333334 0.14814814814814814
0 0.7919270833333333 0.6847222222222221 0.0296875 0.11759259259259258
0 0.78203125 0.674074074074074 0.0359375 0.14629629629629629
0 0.8328125 0.7050925925925926 0.046875 0.2009259259259259
0 0.8388020833333332 0.7027777777777777 0.04114583333333333 0.20185185185185187
0 0.8372395833333333 0.7277777777777777 0.0546875 0.20555555555555555
0 0.8104166666666666 0.6689814814814814 0.03645833333333333 0.1787037037037037
0 0.8838541666666666 0.7333333333333333 0.041666666666666664 0.18888888888888888
0 0.6468749999999999 0.5958333333333333 0.03229166666666666 0.1324074074074074
0 0.6286458333333333 0.5958333333333333 0.03854166666666666 0.16018518518518518
0 0.47421875 0.6050925925925925 0.034895833333333334 0.16018518518518518
0 0.4473958333333333 0.5736111111111111 0.04375 0.15648148148148147
0 0.5807291666666666 0.5592592592592591 0.028125 0.1037037037037037
0 0.5427083333333333 0.5532407407407407 0.03020833333333333 0.12685185185185183
0 0.51328125 0.5328703703703703 0.03177083333333333 0.1287037037037037
0 0.4580729166666666 0.5407407407407407 0.0328125 0.12037037037037038
0 0.4213541666666666 0.538425925925926 0.025 0.12685185185185183
0 0.5583333333333333 0.5199074074074075 0.028125 0.11574074074074074
0 0.5289062499999999 0.5166666666666666 0.027604166666666662 0.1222222222222222
0 0.5109374999999999 0.5106481481481481 0.026041666666666664 0.13055555555555556
0 0.4872395833333333 0.5152777777777777 0.025520833333333333 0.12129629629629628
0 0.4255208333333333 0.5069444444444444 0.028125 0.11574074074074074
0 0.5309895833333333 0.4898148148148148 0.027604166666666662 0.1074074074074074
0 0.459375 0.49074074074074076 0.03020833333333333 0.12037037037037038
0 0.4434895833333333 0.4726851851851851 0.021354166666666667 0.09907407407407406
0 0.4343749999999999 0.4768518518518518 0.026041666666666664 0.1037037037037037
0 0.5419270833333333 0.5388888888888889 0.021354166666666667 0.1074074074074074
5 0.7270833333333333 0.48749999999999993 0.02395833333333333 0.06574074074074074
0 0.5138020833333333 0.4935185185185185 0.025520833333333333 0.12407407407407407
0 0.7736979166666667 0.44259259259259254 0.01927083333333333 0.07407407407407407
0 0.7859375 0.44027777777777777 0.02708333333333333 0.0824074074074074
5 0.7861979166666666 0.5180555555555555 0.0296875 0.08796296296296295
5 0.5817708333333333 0.4624999999999999 0.026041666666666664 0.11018518518518519
