0 0.15104166666666666 0.875925925925926 0.07291666666666666 0.24814814814814815
0 0.2231770833333333 0.875462962962963 0.06302083333333333 0.2509259259259259
0 0.24479166666666666 0.8430555555555556 0.05 0.2398148148148148
0 0.8997395833333333 0.8865740740740741 0.0578125 0.2287037037037037
0 0.3723958333333333 0.7435185185185185 0.05 0.2074074074074074
0 0.4184895833333333 0.7481481481481481 0.049479166666666664 0.1925925925925926
0 0.83359375 0.7342592592592593 0.0546875 0.22037037037037038
0 0.8697916666666666 0.7217592592592592 0.03958333333333333 0.20462962962962963
5 0.6578125 0.6379629629629628 0.03020833333333333 0.1685185185185185
0 0.7989583333333333 0.5287037037037037 0.02708333333333333 0.09259259259259259
5 0.7143229166666666 0.4814814814814815 0.0296875 0.07592592592592592
0 0.7703125 0.688425925925926 0.041666666666666664 0.18981481481481483
0 0.7729166666666666 0.6412037037037036 0.041666666666666664 0.16574074074074072
0 0.6369791666666667 0.6643518518518519 0.0375 0.18425925925925926
0 0.5651041666666667 0.6657407407407407 0.04583333333333333 0.18148148148148147
0 0.7445312499999999 0.6226851851851851 0.03697916666666666 0.16574074074074072
0 0.4028645833333333 0.4916666666666666 0.0234375 0.09814814814814814
0 0.4213541666666666 0.47453703703703703 0.026041666666666664 0.11018518518518519
0 0.4239583333333333 0.5157407407407407 0.025 0.12407407407407407
0 0.4398437499999999 0.5046296296296295 0.027604166666666662 0.12407407407407407
0 0.44791666666666663 0.4796296296296296 0.028125 0.11296296296296296
0 0.4830729166666667 0.4805555555555555 0.028645833333333332 0.1222222222222222
0 0.471875 0.49861111111111106 0.03020833333333333 0.11759259259259258
0 0.4369791666666666 0.5740740740740741 0.035416666666666666 0.15925925925925927
5 0.6328124999999999 0.6069444444444445 0.029166666666666664 0.15277777777777776
0 0.4708333333333333 0.5782407407407406 0.03333333333333333 0.15277777777777776
0 0.4942708333333333 0.5777777777777777 0.03229166666666666 0.14074074074074075
0 0.5127604166666667 0.5569444444444445 0.03177083333333333 0.13425925925925924
0 0.5453125 0.549074074074074 0.03125 0.12407407407407407
0 0.5395833333333333 0.5398148148148147 0.028125 0.11851851851851851
0 0.5078125 0.6018518518518519 0.04375 0.15185185185185185
0 0.53125 0.6157407407407407 0.028125 0.11111111111111112
0 0.5419270833333333 0.6212962962962962 0.03802083333333333 0.1759259259259259
0 0.5244791666666666 0.6629629629629629 0.03854166666666666 0.1907407407407407
0 0.575 0.5513888888888889 0.029166666666666664 0.1398148148148148
0 0.590625 0.5925925925925926 0.03645833333333333 0.17037037037037037
0 0.5830729166666667 0.6356481481481481 0.03802083333333333 0.1509259259259259
5 0.6981770833333333 0.4967592592592592 0.0234375 0.06574074074074074
0 0.6489583333333333 0.461574074074074 0.028125 0.08981481481481482
0 0.665625 0.4587962962962962 0.03333333333333333 0.09722222222222222
5 0.7630208333333333 0.5226851851851853 0.03125 0.08796296296296295
5 0.559375 0.46712962962962956 0.02395833333333333 0.11018518518518519
