0 0.24765624999999997 0.7699074074074074 0.06302083333333333 0.225
0 0.30234375 0.7717592592592593 0.05260416666666666 0.2324074074074074
0 0.3536458333333333 0.7513888888888889 0.041666666666666664 0.20462962962962963
0 0.32031249999999994 0.8828703703703704 0.06145833333333332 0.2361111111111111
0 0.38046874999999997 0.8870370370370371 0.05989583333333333 0.22592592592592592
0 0.64140625 0.6680555555555555 0.04427083333333333 0.19537037037037036
0 0.64765625 0.6657407407407406 0.0390625 0.1925925925925926
5 0.6559895833333333 0.6384259259259258 0.027604166666666662 0.16759259259259257
0 0.7984375 0.5333333333333333 0.02708333333333333 0.09259259259259259
5 0.7114583333333333 0.48657407407407405 0.026041666666666664 0.07685185185185185
0 0.6406249999999999 0.6555555555555556 0.035416666666666666 0.18148148148148147
0 0.8588541666666666 0.7097222222222221 0.04791666666666666 0.1935185185185185
0 0.75546875 0.7560185185185185 0.0453125 0.21203703703703702
0 0.7044270833333333 0.7611111111111111 0.0484375 0.2074074074074074
0 0.8408854166666666 0.6907407407407407 0.0421875 0.18518518518518517
0 0.4473958333333333 0.5393518518518519 0.02395833333333333 0.11018518518518519
0 0.475 0.5273148148148148 0.03125 0.13055555555555556
0 0.4307291666666667 0.5638888888888889 0.02708333333333333 0.12962962962962962
0 0.4953125 0.5509259259259259 0.03125 0.12777777777777777
0 0.4989583333333333 0.5310185185185186 0.026041666666666664 0.12129629629629628
0 0.5453125 0.5296296296296296 0.03125 0.12777777777777777
0 0.5239583333333333 0.5472222222222222 0.03020833333333333 0.12962962962962962
0 0.5010416666666666 0.6564814814814814 0.05625 0.18333333333333332
5 0.6348958333333333 0.610648148148148 0.029166666666666664 0.14351851851851852
0 0.515625 0.6555555555555556 0.03645833333333333 0.17407407407407408
0 0.5513020833333333 0.649074074074074 0.033854166666666664 0.1685185185185185
0 0.5614583333333333 0.6217592592592591 0.03229166666666666 0.15462962962962962
0 0.609375 0.6212962962962962 0.034375 0.15740740740740738
0 0.6140625 0.611111111111111 0.03125 0.15185185185185185
0 0.5692708333333333 0.6893518518518518 0.04375 0.17129629629629628
0 0.59609375 0.7023148148148148 0.0328125 0.1324074074074074
0 0.67421875 0.7050925925925926 0.04114583333333333 0.19722222222222222
0 0.6526041666666667 0.7592592592592592 0.046875 0.22407407407407404
0 0.6888020833333333 0.6069444444444444 0.0296875 0.14351851851851852
0 0.7526041666666666 0.6476851851851851 0.03854166666666666 0.16759259259259257
0 0.7359374999999999 0.7074074074074075 0.03854166666666666 0.1648148148148148
0 0.018229166666666664 0.9439814814814815 0.035416666666666666 0.11388888888888889
0 0.04921875 0.9592592592592591 0.0546875 0.08333333333333333
0 0.55546875 0.8273148148148148 0.04427083333333333 0.20462962962962963
0 0.7333333333333333 0.8157407407407407 0.06041666666666666 0.21296296296296294
0 0.4624999999999999 0.4893518518518518 0.03229166666666666 0.10462962962962963
0 0.425 0.4814814814814815 0.03333333333333333 0.12407407407407407
5 0.6997395833333333 0.4976851851851851 0.0234375 0.06574074074074074
0 0.7197916666666666 0.45555555555555544 0.026041666666666664 0.09074074074074073
0 0.7390625 0.4560185185185185 0.03020833333333333 0.08981481481481482
5 0.7614583333333333 0.5282407407407408 0.03020833333333333 0.08796296296296295
5 0.5494791666666667 0.47453703703703703 0.02395833333333333 0.11018518518518519
