0 0.28177083333333336 0.6444444444444444 0.04791666666666666 0.1907407407407407
0 0.3411458333333333 0.6458333333333333 0.04375 0.19722222222222222
0 0.4130208333333333 0.6541666666666666 0.035416666666666666 0.17314814814814813
0 0.5317708333333333 0.6152777777777778 0.035416666666666666 0.18055555555555552
0 0.5614583333333333 0.6138888888888888 0.03333333333333333 0.1759259259259259
5 0.6507812499999999 0.6231481481481481 0.027604166666666662 0.1685185185185185
0 0.7770833333333333 0.5041666666666667 0.02395833333333333 0.09351851851851851
5 0.7161458333333333 0.46805555555555556 0.026041666666666664 0.07685185185185185
0 0.6156249999999999 0.6268518518518518 0.03854166666666666 0.1685185185185185
0 0.7192708333333333 0.8935185185185185 0.057291666666666664 0.2111111111111111
0 0.6677083333333333 0.8935185185185185 0.06458333333333333 0.2148148148148148
0 0.46640625 0.5777777777777777 0.0234375 0.11296296296296296
0 0.49479166666666663 0.5657407407407408 0.03229166666666666 0.15185185185185185
0 0.4682291666666667 0.6134259259259258 0.03020833333333333 0.15462962962962962
0 0.6005208333333333 0.5976851851851852 0.03333333333333333 0.14537037037037037
0 0.5278645833333333 0.5648148148148148 0.025520833333333333 0.13518518518518519
0 0.5638020833333333 0.5699074074074073 0.034895833333333334 0.15462962962962962
0 0.6255208333333333 0.5958333333333333 0.03125 0.14907407407407408
0 0.85 0.7134259259259259 0.06979166666666667 0.21018518518518517
5 0.63828125 0.5921296296296296 0.0296875 0.14351851851851852
0 0.8541666666666666 0.7041666666666666 0.0375 0.19907407407407407
0 0.8760416666666666 0.7041666666666666 0.046875 0.1935185185185185
0 0.7546875 0.6907407407407408 0.05833333333333333 0.18703703703703703
0 0.8078125 0.6814814814814815 0.059375 0.18888888888888888
0 0.8255208333333333 0.6694444444444445 0.03333333333333333 0.17777777777777776
0 0.95078125 0.7342592592592593 0.0609375 0.18703703703703703
0 0.5929687499999999 0.8875 0.06197916666666666 0.22314814814814815
0 0.859375 0.673611111111111 0.041666666666666664 0.175
0 0.13229166666666664 0.8597222222222222 0.05833333333333333 0.24537037037037038
0 0.18880208333333331 0.8777777777777777 0.0546875 0.2444444444444444
0 0.13046875 0.9171296296296296 0.0546875 0.16759259259259257
0 0.15 0.8092592592592591 0.042708333333333334 0.20370370370370366
0 0.20208333333333334 0.8259259259259257 0.057291666666666664 0.22592592592592592
0 0.6161458333333333 0.7157407407407407 0.040625 0.18703703703703703
0 0.7731770833333333 0.7277777777777776 0.05260416666666666 0.20370370370370366
0 0.6867187499999999 0.7249999999999999 0.049479166666666664 0.20555555555555555
0 0.6885416666666666 0.7222222222222221 0.0375 0.17962962962962964
0 0.7283854166666666 0.7203703703703703 0.0421875 0.17222222222222222
0 0.8057291666666666 0.7606481481481481 0.042708333333333334 0.13055555555555556
0 0.8796875 0.7643518518518518 0.03854166666666666 0.16759259259259257
0 0.8846354166666666 0.7435185185185185 0.0515625 0.19814814814814813
0 0.5539062499999999 0.5143518518518518 0.027604166666666662 0.10648148148148147
0 0.5229166666666667 0.5078703703703704 0.03333333333333333 0.12685185185185183
0 0.43203125 0.5101851851851851 0.0296875 0.13518518518518519
0 0.7434895833333333 0.5837962962962961 0.04010416666666666 0.16018518518518518
0 0.4966145833333333 0.4930555555555555 0.0234375 0.09351851851851851
0 0.4708333333333333 0.4851851851851852 0.03020833333333333 0.1074074074074074
0 0.4364583333333333 0.4796296296296296 0.029166666666666664 0.11296296296296296
0 0.4114583333333333 0.4805555555555555 0.03020833333333333 0.11111111111111112
0 0.40104166666666663 0.4773148148148148 0.022916666666666665 0.10833333333333332
0 0.4114583333333333 0.4662037037037036 0.02395833333333333 0.11018518518518519
0 0.4828125 0.4819444444444444 0.025 0.10462962962962963
5 0.7015625 0.48009259259259257 0.02395833333333333 0.06574074074074074
0 0.7489583333333333 0.4296296296296296 0.01875 0.07407407407407407
0 0.753125 0.4291666666666666 0.02708333333333333 0.0824074074074074
5 0.7651041666666667 0.5097222222222222 0.03020833333333333 0.08796296296296295
5 0.5598958333333333 0.4481481481481481 0.028125 0.10925925925925925
