0 0.571875 0.649537037037037 0.034375 0.18796296296296294
0 0.6067708333333333 0.6569444444444444 0.034375 0.1824074074074074
5 0.6661458333333333 0.6481481481481481 0.03020833333333333 0.1759259259259259
0 0.74140625 0.5203703703703704 0.0234375 0.0962962962962963
5 0.7411458333333333 0.4828703703703704 0.025 0.07685185185185185
0 0.6249999999999999 0.6462962962962961 0.03229166666666666 0.17777777777777776
0 0.4960937499999999 0.6606481481481481 0.027604166666666662 0.14166666666666666
0 0.5299479166666666 0.6449074074074074 0.0359375 0.17314814814814813
0 0.6372395833333333 0.6884259259259259 0.0421875 0.16574074074074072
0 0.821875 0.6662037037037036 0.03854166666666666 0.16203703703703703
0 0.7630208333333333 0.6439814814814815 0.03020833333333333 0.1509259259259259
0 0.7890625 0.6430555555555555 0.03958333333333333 0.16759259259259257
0 0.8557291666666667 0.6685185185185185 0.0375 0.1685185185185185
5 0.6606770833333333 0.6032407407407407 0.027604166666666662 0.14351851851851852
0 0.26067708333333334 0.7680555555555555 0.04635416666666666 0.21944444444444441
0 0.29921875 0.7768518518518518 0.0421875 0.20185185185185187
0 0.28854166666666664 0.825462962962963 0.05625 0.22129629629629627
0 0.17109375 0.7893518518518517 0.04114583333333333 0.20833333333333331
0 0.14427083333333332 0.8976851851851851 0.0625 0.20277777777777778
0 0.4526041666666666 0.649537037037037 0.034375 0.16759259259259257
0 0.7765625 0.6675925925925925 0.034375 0.18518518518518517
0 0.6195312499999999 0.724537037037037 0.04010416666666666 0.20462962962962963
0 0.6557291666666666 0.7407407407407407 0.0375 0.18518518518518517
0 0.4703125 0.6671296296296296 0.042708333333333334 0.15648148148148147
0 0.7921875 0.7060185185185184 0.03020833333333333 0.11759259259259258
0 0.78203125 0.6962962962962962 0.0359375 0.1537037037037037
0 0.8221354166666666 0.7314814814814815 0.04635416666666666 0.20925925925925926
0 0.8614583333333334 0.7324074074074074 0.041666666666666664 0.20185185185185187
0 0.9289062499999998 0.7652777777777777 0.056770833333333326 0.21388888888888888
0 0.8052083333333332 0.6893518518518518 0.0375 0.1787037037037037
0 0.9669270833333334 0.7685185185185185 0.05572916666666666 0.19444444444444445
0 0.6229166666666666 0.5898148148148148 0.03229166666666666 0.13148148148148148
0 0.59453125 0.5796296296296296 0.03802083333333333 0.14629629629629629
0 0.4617187499999999 0.5828703703703704 0.033854166666666664 0.14907407407407408
0 0.5151041666666666 0.586574074074074 0.04479166666666666 0.15648148148148147
0 0.5630208333333333 0.5472222222222222 0.025 0.1037037037037037
0 0.5385416666666667 0.5458333333333333 0.03020833333333333 0.12685185185185183
0 0.5080729166666667 0.5268518518518518 0.03177083333333333 0.12037037037037038
0 0.45546875 0.5333333333333333 0.03177083333333333 0.11851851851851851
0 0.4151041666666666 0.5268518518518518 0.026041666666666664 0.12037037037037038
0 0.53984375 0.5125 0.027604166666666662 0.11574074074074074
0 0.515625 0.5055555555555555 0.02395833333333333 0.11296296296296296
0 0.4963541666666666 0.5055555555555555 0.026041666666666664 0.12962962962962962
0 0.4776041666666666 0.5092592592592593 0.026041666666666664 0.12037037037037038
0 0.4278645833333333 0.499537037037037 0.027604166666666662 0.11574074074074074
0 0.4971354166666667 0.4842592592592593 0.025520833333333333 0.1074074074074074
0 0.4302083333333333 0.4722222222222222 0.02395833333333333 0.10555555555555556
0 0.5354166666666667 0.5277777777777778 0.021875 0.1074074074074074
5 0.7223958333333333 0.49120370370370364 0.02395833333333333 0.06574074074074074
0 0.4752604166666667 0.4851851851851851 0.025520833333333333 0.12407407407407407
0 0.7682291666666666 0.44351851851851853 0.019791666666666666 0.07407407407407407
0 0.7760416666666667 0.4375 0.02708333333333333 0.0824074074074074
5 0.7875 0.524537037037037 0.03020833333333333 0.08796296296296295
5 0.5830729166666667 0.4662037037037036 0.025520833333333333 0.11018518518518519
