0 0.24609374999999994 0.7759259259259259 0.06302083333333333 0.2333333333333333
0 0.29921875 0.774537037037037 0.05364583333333332 0.2324074074074074
0 0.35052083333333334 0.7541666666666667 0.041666666666666664 0.20462962962962963
0 0.32291666666666663 0.8805555555555555 0.06145833333333332 0.24074074074074076
0 0.38411458333333337 0.8851851851851851 0.058854166666666666 0.22962962962962963
0 0.6486979166666667 0.6708333333333333 0.04427083333333333 0.19537037037037036
0 0.653125 0.6689814814814815 0.0375 0.1935185185185185
5 0.6572916666666666 0.6393518518518518 0.028125 0.16759259259259257
0 0.8 0.5351851851851851 0.02708333333333333 0.09259259259259259
5 0.7130208333333333 0.48842592592592593 0.026041666666666664 0.07685185185185185
0 0.6427083333333333 0.6564814814814814 0.035416666666666666 0.18148148148148147
0 0.8536458333333334 0.7078703703703704 0.04791666666666666 0.19166666666666665
0 0.75625 0.7523148148148147 0.04375 0.21018518518518517
0 0.7033854166666667 0.7592592592592593 0.0484375 0.2074074074074074
0 0.8372395833333333 0.6912037037037037 0.0421875 0.18425925925925926
0 0.4473958333333333 0.5393518518518519 0.02395833333333333 0.11018518518518519
0 0.475 0.5268518518518518 0.03125 0.12962962962962962
0 0.4317708333333333 0.5638888888888889 0.02708333333333333 0.12962962962962962
0 0.49453125 0.55 0.03177083333333333 0.1259259259259259
0 0.4994791666666666 0.5300925925925926 0.026041666666666664 0.12129629629629628
0 0.5458333333333333 0.5291666666666667 0.03125 0.12685185185185183
0 0.5234375 0.5472222222222222 0.03020833333333333 0.12962962962962962
0 0.4968749999999999 0.6527777777777778 0.051041666666666666 0.18333333333333332
5 0.6369791666666667 0.6125 0.029166666666666664 0.14351851851851852
0 0.5125 0.6546296296296296 0.03645833333333333 0.17407407407407408
0 0.5492187499999999 0.6472222222222221 0.033854166666666664 0.16666666666666666
0 0.5622395833333333 0.6203703703703703 0.03177083333333333 0.1537037037037037
0 0.6065104166666667 0.6203703703703703 0.034895833333333334 0.15740740740740738
0 0.6078125 0.6083333333333333 0.03125 0.15
0 0.5640625 0.687037037037037 0.04375 0.17037037037037037
0 0.5914062499999999 0.7009259259259258 0.03072916666666666 0.13148148148148148
0 0.6669270833333333 0.7037037037037036 0.04010416666666666 0.19814814814814813
0 0.653125 0.7569444444444444 0.04583333333333333 0.22129629629629627
0 0.6828124999999999 0.6060185185185185 0.029166666666666664 0.14351851851851852
0 0.7466145833333333 0.6467592592592593 0.03802083333333333 0.16759259259259257
0 0.725 0.7125 0.042708333333333334 0.1638888888888889
0 0.0171875 0.9444444444444444 0.03333333333333333 0.11296296296296296
0 0.05 0.961111111111111 0.053125 0.07962962962962963
0 0.5776041666666667 0.8282407407407406 0.055208333333333325 0.20462962962962963
0 0.7463541666666667 0.8175925925925925 0.06770833333333333 0.2148148148148148
0 0.4609374999999999 0.4884259259259259 0.03229166666666666 0.10462962962962963
0 0.4213541666666667 0.48194444444444445 0.03333333333333333 0.125
5 0.7013020833333333 0.5004629629629629 0.0234375 0.06574074074074074
0 0.7182291666666666 0.4574074074074074 0.026041666666666664 0.09074074074074073
0 0.7380208333333333 0.4578703703703704 0.03020833333333333 0.08981481481481482
5 0.7622395833333333 0.5291666666666666 0.03072916666666666 0.08796296296296295
5 0.5510416666666667 0.47453703703703703 0.02395833333333333 0.11018518518518519
