0 0.24401041666666665 0.6166666666666666 0.04635416666666666 0.17962962962962964
0 0.30468749999999994 0.6180555555555555 0.03958333333333333 0.1787037037037037
0 0.32395833333333335 0.6421296296296296 0.04479166666666666 0.16944444444444445
0 0.5395833333333333 0.6259259259259259 0.034375 0.18703703703703703
0 0.5744791666666667 0.6314814814814815 0.034375 0.18148148148148147
5 0.6463541666666666 0.6324074074074073 0.029166666666666664 0.17407407407407408
0 0.7348958333333333 0.5203703703703704 0.02395833333333333 0.0962962962962963
5 0.7231770833333333 0.4763888888888889 0.025520833333333333 0.07685185185185185
0 0.6091145833333333 0.6365740740740741 0.033854166666666664 0.1787037037037037
0 0.6906249999999999 0.9425925925925925 0.06354166666666666 0.11666666666666665
0 0.62109375 0.9439814814814815 0.06927083333333332 0.11388888888888889
0 0.4614583333333333 0.6143518518518518 0.026041666666666664 0.12314814814814815
0 0.4963541666666666 0.5972222222222221 0.034375 0.1611111111111111
0 0.4953125 0.6504629629629629 0.03645833333333333 0.16203703703703703
0 0.7005208333333333 0.6222222222222221 0.034375 0.14629629629629629
0 0.5888020833333333 0.6023148148148147 0.028645833333333332 0.13796296296296295
0 0.6380208333333333 0.6083333333333333 0.042708333333333334 0.16296296296296295
0 0.73125 0.6199074074074074 0.03125 0.14907407407407408
5 0.6411458333333333 0.6023148148148147 0.03020833333333333 0.14351851851851852
0 0.8807291666666666 0.736111111111111 0.053125 0.20185185185185187
0 0.9041666666666666 0.7273148148148147 0.055208333333333325 0.19537037037037036
0 0.8828125 0.7162037037037037 0.034375 0.18796296296296294
0 0.54140625 0.937962962962963 0.0609375 0.1259259259259259
0 0.9223958333333332 0.7199074074074073 0.042708333333333334 0.18796296296296294
0 0.18958333333333333 0.8157407407407407 0.05416666666666666 0.24074074074074076
0 0.23541666666666666 0.8300925925925926 0.05 0.22685185185185186
0 0.196875 0.8902777777777777 0.0625 0.22129629629629627
0 0.103125 0.8078703703703705 0.0375 0.21018518518518517
0 0.10963541666666665 0.8337962962962961 0.0484375 0.23796296296296293
0 0.5127604166666666 0.6810185185185185 0.0421875 0.1861111111111111
0 0.7518229166666666 0.6958333333333333 0.04010416666666666 0.18981481481481483
0 0.6072916666666666 0.7199074074074074 0.03854166666666666 0.20277777777777778
0 0.6307291666666667 0.7222222222222221 0.03333333333333333 0.17962962962962964
0 0.5971354166666666 0.6930555555555555 0.03697916666666666 0.16203703703703703
0 0.78203125 0.7384259259259258 0.033854166666666664 0.1287037037037037
0 0.7330729166666666 0.7453703703703705 0.0390625 0.15925925925925927
0 0.9479166666666666 0.7717592592592593 0.065625 0.21944444444444441
0 0.971875 0.7657407407407406 0.051041666666666666 0.20925925925925926
0 0.7622395833333333 0.7263888888888889 0.04010416666666666 0.1935185185185185
0 0.5763020833333333 0.548148148148148 0.0296875 0.11666666666666665
0 0.5484375 0.5402777777777777 0.0375 0.1324074074074074
0 0.4484375 0.5402777777777776 0.03333333333333333 0.13425925925925924
0 0.6338541666666666 0.5944444444444444 0.040625 0.16296296296296295
0 0.5247395833333333 0.5185185185185184 0.021354166666666667 0.1037037037037037
0 0.4984375 0.5083333333333333 0.03020833333333333 0.1074074074074074
0 0.4653645833333333 0.5032407407407407 0.0296875 0.12129629629629628
0 0.4286458333333333 0.5 0.03020833333333333 0.11296296296296296
0 0.4072916666666666 0.500925925925926 0.026041666666666664 0.11296296296296296
0 0.4794270833333333 0.48240740740740745 0.025520833333333333 0.10925925925925925
0 0.45234375 0.4796296296296296 0.0234375 0.11296296296296296
0 0.434375 0.47638888888888886 0.021875 0.12314814814814815
0 0.41953125 0.48240740740740745 0.0234375 0.11481481481481481
0 0.5065104166666667 0.5009259259259259 0.025520833333333333 0.10555555555555556
5 0.7052083333333333 0.48749999999999993 0.02395833333333333 0.06574074074074074
0 0.7515624999999999 0.4379629629629629 0.019791666666666666 0.07407407407407407
0 0.7583333333333333 0.43287037037037035 0.02708333333333333 0.0824074074074074
5 0.7708333333333333 0.5180555555555555 0.03020833333333333 0.08796296296296295
5 0.5651041666666666 0.46296296296296297 0.025 0.10925925925925925
