0 0.24609375 0.7476851851851851 0.058854166666666666 0.22129629629629627
0 0.31276041666666665 0.7574074074074073 0.049479166666666664 0.23148148148148148
0 0.365625 0.7319444444444445 0.040625 0.20277777777777778
0 0.30572916666666666 0.8898148148148147 0.06145833333333332 0.22222222222222224
0 0.36666666666666664 0.8944444444444445 0.06145833333333332 0.2111111111111111
0 0.6127604166666667 0.6583333333333333 0.04427083333333333 0.1925925925925926
0 0.6260416666666666 0.6550925925925926 0.040625 0.18425925925925926
5 0.6510416666666666 0.6342592592592593 0.028125 0.1685185185185185
0 0.7924479166666667 0.5296296296296296 0.025520833333333333 0.09259259259259259
5 0.7093749999999999 0.4847222222222222 0.026041666666666664 0.07685185185185185
0 0.6317708333333333 0.6532407407407408 0.034375 0.1824074074074074
0 0.8776041666666666 0.7129629629629629 0.05625 0.18703703703703703
0 0.7494791666666666 0.7699074074074075 0.04375 0.22129629629629627
0 0.7026041666666666 0.774537037037037 0.04791666666666666 0.21759259259259256
0 0.8632812499999998 0.6967592592592592 0.04739583333333333 0.19166666666666665
0 0.4494791666666667 0.5393518518518519 0.02395833333333333 0.11018518518518519
0 0.4747395833333333 0.5296296296296296 0.03177083333333333 0.13518518518518519
0 0.4294270833333333 0.5662037037037038 0.027604166666666662 0.1324074074074074
0 0.4979166666666666 0.5541666666666666 0.03125 0.13425925925925924
0 0.4999999999999999 0.5328703703703704 0.026041666666666664 0.12129629629629628
0 0.5434895833333333 0.5319444444444444 0.03177083333333333 0.1324074074074074
0 0.5291666666666667 0.5518518518518518 0.03020833333333333 0.12962962962962962
0 0.5200520833333333 0.6597222222222222 0.04739583333333333 0.18981481481481483
5 0.6296875 0.6060185185185185 0.029166666666666664 0.14351851851851852
0 0.5309895833333333 0.662037037037037 0.0359375 0.18148148148148147
0 0.56328125 0.6564814814814814 0.0359375 0.17222222222222222
0 0.5510416666666667 0.6287037037037037 0.03125 0.1611111111111111
0 0.6330729166666667 0.625 0.0359375 0.15740740740740738
0 0.6416666666666666 0.6175925925925926 0.03125 0.15185185185185185
0 0.5950520833333333 0.6935185185185185 0.0453125 0.17407407407407408
0 0.6278645833333333 0.7046296296296296 0.0359375 0.13518518518518519
0 0.7122395833333333 0.7064814814814815 0.0484375 0.20185185185185187
0 0.6536458333333333 0.7722222222222221 0.046875 0.22407407407407404
0 0.7127604166666666 0.6097222222222223 0.0296875 0.14351851851851852
0 0.7697916666666667 0.6532407407407408 0.042708333333333334 0.16944444444444445
0 0.7710937499999999 0.7129629629629629 0.049479166666666664 0.17407407407407408
0 0.02265625 0.9337962962962962 0.04427083333333333 0.13425925925925924
0 0.04765625 0.9518518518518517 0.05989583333333333 0.09814814814814814
0 0.4893229166666667 0.825925925925926 0.06302083333333333 0.20370370370370366
0 0.66796875 0.8185185185185185 0.0609375 0.21666666666666665
0 0.9489583333333333 0.8023148148148147 0.057291666666666664 0.21018518518518517
0 0.4692708333333333 0.4893518518518518 0.03229166666666666 0.10462962962962963
0 0.4395833333333333 0.4810185185185185 0.03229166666666666 0.12314814814814815
5 0.6942708333333333 0.49120370370370364 0.02395833333333333 0.06574074074074074
0 0.7229166666666667 0.45185185185185184 0.025 0.08888888888888888
0 0.74375 0.4486111111111112 0.03020833333333333 0.08981481481481482
5 0.7536458333333333 0.5226851851851853 0.03020833333333333 0.08796296296296295
5 0.5421875 0.46712962962962956 0.02395833333333333 0.11018518518518519
