0 0.26328125 0.6249999999999999 0.04635416666666666 0.17962962962962964
0 0.3221354166666667 0.6268518518518518 0.04114583333333333 0.1925925925925926
0 0.35885416666666664 0.6481481481481481 0.035416666666666666 0.1685185185185185
0 0.5354166666666667 0.624074074074074 0.035416666666666666 0.18703703703703703
0 0.56328125 0.6226851851851851 0.03177083333333333 0.1787037037037037
5 0.640625 0.6268518518518518 0.028125 0.1685185185185185
0 0.7463541666666667 0.5148148148148148 0.02395833333333333 0.0962962962962963
5 0.7205729166666667 0.4726851851851852 0.025520833333333333 0.07685185185185185
0 0.60390625 0.6365740740740741 0.0359375 0.1787037037037037
0 0.7 0.923611111111111 0.06354166666666666 0.15462962962962962
0 0.6317708333333333 0.9185185185185185 0.06458333333333333 0.1648148148148148
0 0.46354166666666663 0.5986111111111111 0.025 0.11574074074074074
0 0.4927083333333333 0.5837962962962961 0.034375 0.16018518518518518
0 0.4783854166666666 0.6342592592592592 0.0359375 0.15925925925925927
0 0.6598958333333333 0.6101851851851852 0.034375 0.14629629629629629
0 0.5484374999999999 0.5888888888888888 0.026041666666666664 0.13518518518518519
0 0.5989583333333333 0.5930555555555556 0.040625 0.16203703703703703
0 0.68671875 0.6069444444444444 0.03177083333333333 0.14907407407407408
5 0.6385416666666667 0.5967592592592592 0.03020833333333333 0.14351851851851852
0 0.83046875 0.7199074074074073 0.0484375 0.19907407407407407
0 0.8489583333333334 0.7101851851851851 0.051041666666666666 0.19629629629629627
0 0.8489583333333333 0.6986111111111111 0.034375 0.18796296296296294
0 0.56015625 0.9166666666666667 0.0609375 0.1685185185185185
0 0.8854166666666666 0.7018518518518518 0.041666666666666664 0.18703703703703703
0 0.16796874999999997 0.8324074074074075 0.05572916666666666 0.2333333333333333
0 0.21901041666666665 0.8453703703703704 0.0546875 0.22962962962962963
0 0.16562499999999997 0.9 0.06041666666666666 0.20185185185185187
0 0.09947916666666666 0.8069444444444445 0.0375 0.21018518518518517
0 0.10989583333333333 0.8273148148148148 0.04375 0.2361111111111111
0 0.55 0.6921296296296295 0.040625 0.18796296296296294
0 0.7453125 0.7064814814814815 0.04583333333333333 0.19444444444444445
0 0.6239583333333333 0.7199074074074073 0.04479166666666666 0.19907407407407407
0 0.640625 0.7166666666666666 0.03645833333333333 0.17962962962962964
0 0.6489583333333333 0.7041666666666666 0.041666666666666664 0.16203703703703703
0 0.7723958333333333 0.7476851851851851 0.034375 0.1287037037037037
0 0.7705729166666666 0.7564814814814815 0.04010416666666666 0.17037037037037037
0 0.790625 0.7351851851851852 0.04375 0.19629629629629627
0 0.5661458333333333 0.5319444444444444 0.029166666666666664 0.10648148148148147
0 0.5328125 0.524074074074074 0.03333333333333333 0.1259259259259259
0 0.4375 0.5277777777777777 0.03020833333333333 0.13518518518518519
0 0.6770833333333333 0.5893518518518518 0.040625 0.16203703703703703
0 0.5145833333333333 0.5087962962962963 0.02395833333333333 0.09907407407407406
0 0.4848958333333333 0.49907407407407406 0.03020833333333333 0.1074074074074074
0 0.4520833333333333 0.49120370370370364 0.029166666666666664 0.12129629629629628
0 0.4223958333333333 0.4898148148148148 0.029166666666666664 0.11111111111111112
0 0.40390625 0.4875 0.025520833333333333 0.11203703703703702
0 0.4536458333333333 0.47175925925925916 0.02395833333333333 0.11018518518518519
0 0.4223958333333333 0.47129629629629627 0.02395833333333333 0.11296296296296296
0 0.4078125 0.4662037037037036 0.021875 0.12314814814814815
0 0.39453125 0.4726851851851851 0.0234375 0.11203703703703702
0 0.4958333333333333 0.4921296296296296 0.025 0.10462962962962963
5 0.70234375 0.4819444444444444 0.0234375 0.06574074074074074
0 0.7505208333333333 0.43425925925925923 0.019791666666666666 0.07407407407407407
0 0.7520833333333333 0.4310185185185185 0.02708333333333333 0.0824074074074074
5 0.7661458333333333 0.5152777777777777 0.03020833333333333 0.08796296296296295
5 0.5622395833333333 0.4527777777777778 0.027604166666666662 0.10925925925925925
