0 0.24036458333333335 0.6138888888888888 0.04635416666666666 0.17962962962962964
0 0.3026041666666667 0.6171296296296296 0.03958333333333333 0.1787037037037037
0 0.31927083333333334 0.6412037037037037 0.04479166666666666 0.16944444444444445
0 0.540625 0.6277777777777778 0.034375 0.18703703703703703
0 0.575 0.6324074074074073 0.034375 0.18148148148148147
5 0.64765625 0.6337962962962963 0.0296875 0.175
0 0.7338541666666667 0.5203703703703704 0.02395833333333333 0.0962962962962963
5 0.7236979166666667 0.4773148148148148 0.025520833333333333 0.07685185185185185
0 0.6096354166666667 0.6365740740740741 0.0328125 0.1787037037037037
0 0.6901041666666666 0.9472222222222222 0.0625 0.1074074074074074
0 0.6197916666666666 0.9462962962962962 0.06875 0.10925925925925925
0 0.46171875 0.6166666666666666 0.025520833333333333 0.12777777777777777
0 0.4953125 0.5999999999999999 0.034375 0.1611111111111111
0 0.4979166666666667 0.6523148148148148 0.03645833333333333 0.16203703703703703
0 0.70625 0.6231481481481481 0.034375 0.14629629629629629
0 0.5953124999999999 0.6041666666666666 0.029166666666666664 0.13796296296296295
0 0.6442708333333333 0.6092592592592593 0.042708333333333334 0.16296296296296295
0 0.7372395833333333 0.6217592592592592 0.03177083333333333 0.14907407407407408
5 0.6421875 0.6023148148148147 0.03020833333333333 0.14351851851851852
0 0.8864583333333332 0.737037037037037 0.05625 0.2
0 0.9140625 0.7296296296296296 0.05625 0.19629629629629627
0 0.8875 0.7171296296296296 0.034375 0.18796296296296294
0 0.5377604166666666 0.9407407407407407 0.0609375 0.12037037037037038
0 0.9286458333333332 0.7212962962962963 0.042708333333333334 0.18703703703703703
0 0.19218749999999998 0.813425925925926 0.05416666666666666 0.2398148148148148
0 0.23828125 0.8273148148148147 0.049479166666666664 0.22685185185185186
0 0.2015625 0.888888888888889 0.0625 0.22407407407407404
0 0.10364583333333333 0.8087962962962962 0.0375 0.21018518518518517
0 0.11145833333333333 0.8356481481481481 0.05 0.23796296296296293
0 0.5075520833333333 0.6791666666666666 0.0421875 0.18425925925925926
0 0.7554687499999999 0.6939814814814815 0.04010416666666666 0.18981481481481483
0 0.6057291666666667 0.7212962962962962 0.0375 0.20370370370370366
0 0.6299479166666667 0.7222222222222221 0.03177083333333333 0.17962962962962964
0 0.59140625 0.6925925925925925 0.03802083333333333 0.1611111111111111
0 0.7841145833333333 0.7379629629629629 0.033854166666666664 0.12962962962962962
0 0.7315104166666666 0.7435185185185185 0.0390625 0.15740740740740738
0 0.9395833333333332 0.7708333333333333 0.06458333333333333 0.22129629629629627
0 0.9713541666666666 0.7657407407407406 0.04791666666666666 0.20925925925925926
0 0.7627604166666666 0.724537037037037 0.04010416666666666 0.19166666666666665
0 0.57890625 0.5509259259259258 0.0296875 0.11851851851851851
0 0.5502604166666667 0.5421296296296296 0.03802083333333333 0.13425925925925924
0 0.4505208333333333 0.5421296296296296 0.034375 0.13425925925925924
0 0.628125 0.5953703703703703 0.040625 0.16296296296296295
0 0.52578125 0.5212962962962961 0.02239583333333333 0.1037037037037037
0 0.5 0.5092592592592593 0.03020833333333333 0.1074074074074074
0 0.4671875 0.5041666666666667 0.03020833333333333 0.12129629629629628
0 0.4302083333333333 0.5018518518518518 0.03020833333333333 0.11296296296296296
0 0.4075520833333333 0.5018518518518518 0.025520833333333333 0.11296296296296296
0 0.48359375 0.4833333333333334 0.025520833333333333 0.10925925925925925
0 0.4567708333333333 0.4805555555555555 0.02395833333333333 0.11296296296296296
0 0.4372395833333333 0.47824074074074063 0.021354166666666667 0.12314814814814815
0 0.4223958333333333 0.4842592592592593 0.022916666666666665 0.11481481481481481
0 0.3989583333333333 0.46296296296296297 0.025 0.1074074074074074
0 0.5083333333333333 0.5027777777777778 0.025 0.1074074074074074
5 0.7059895833333333 0.4893518518518518 0.0234375 0.06574074074074074
0 0.7515624999999999 0.4379629629629629 0.019791666666666666 0.07407407407407407
0 0.7588541666666667 0.43287037037037035 0.02708333333333333 0.0824074074074074
5 0.7713541666666667 0.5189814814814815 0.03020833333333333 0.08796296296296295
5 0.565625 0.46296296296296297 0.025 0.10925925925925925
