0 0.2872395833333333 0.6796296296296296 0.05260416666666666 0.19814814814814813
0 0.34322916666666664 0.6796296296296296 0.04479166666666666 0.2074074074074074
0 0.4252604166666667 0.6703703703703703 0.03802083333333333 0.18148148148148147
0 0.20338541666666665 0.9439814814814815 0.0765625 0.11388888888888889
0 0.30078125 0.9476851851851851 0.06510416666666666 0.10648148148148147
0 0.5307291666666666 0.6175925925925926 0.040625 0.17962962962962964
0 0.5583333333333333 0.6171296296296296 0.034375 0.17314814814814813
5 0.6515625 0.6268518518518518 0.028125 0.1685185185185185
0 0.79375 0.5171296296296296 0.025 0.09351851851851851
5 0.7083333333333333 0.4726851851851852 0.026041666666666664 0.07685185185185185
0 0.6231770833333333 0.6412037037037036 0.03697916666666666 0.1787037037037037
0 0.734375 0.862037037037037 0.05208333333333333 0.25370370370370365
0 0.678125 0.8564814814814815 0.059375 0.24814814814814815
0 0.45963541666666663 0.562962962962963 0.0234375 0.11296296296296296
0 0.4901041666666666 0.5462962962962962 0.03125 0.14629629629629629
0 0.4515625 0.5949074074074073 0.03020833333333333 0.14351851851851852
0 0.5414062499999999 0.5768518518518517 0.033854166666666664 0.14629629629629629
0 0.5135416666666666 0.5509259259259258 0.026041666666666664 0.13518518518518519
0 0.5348958333333333 0.549537037037037 0.03020833333333333 0.14351851851851852
0 0.57265625 0.574537037037037 0.0328125 0.14166666666666666
0 0.69375 0.7018518518518518 0.04583333333333333 0.20555555555555555
5 0.6299479166666666 0.5958333333333333 0.0296875 0.14351851851851852
0 0.71484375 0.6925925925925925 0.0421875 0.1907407407407407
0 0.7361979166666666 0.6888888888888889 0.0421875 0.17777777777777776
0 0.6252604166666667 0.6685185185185185 0.0453125 0.1759259259259259
0 0.7669270833333333 0.6532407407407407 0.0390625 0.17129629629629628
0 0.7807291666666666 0.6472222222222223 0.03125 0.1648148148148148
0 0.8018229166666666 0.7157407407407407 0.0515625 0.18518518518518517
0 0.8325520833333332 0.7268518518518519 0.0359375 0.14074074074074075
0 0.9369791666666666 0.7143518518518518 0.06041666666666666 0.19907407407407407
0 0.6072916666666666 0.8555555555555555 0.05625 0.26296296296296295
0 0.8138020833333334 0.6449074074074075 0.04010416666666666 0.17129629629629628
0 0.8953124999999998 0.6986111111111111 0.04583333333333333 0.19722222222222222
0 0.07708333333333332 0.8875 0.05833333333333333 0.22314814814814815
0 0.1328125 0.9023148148148147 0.055208333333333325 0.19722222222222222
0 0.07369791666666667 0.9490740740740741 0.0546875 0.10185185185185183
0 0.23854166666666665 0.812037037037037 0.046875 0.20370370370370366
0 0.3671875 0.8259259259259257 0.059375 0.22592592592592592
0 0.7065104166666666 0.7476851851851851 0.04010416666666666 0.20462962962962963
0 0.8877604166666666 0.7486111111111111 0.0453125 0.2064814814814815
0 0.7927083333333333 0.7421296296296296 0.04791666666666666 0.21203703703703702
0 0.7919270833333333 0.7379629629629629 0.0421875 0.19629629629629627
0 0.8276041666666666 0.7384259259259258 0.04583333333333333 0.17314814814814813
0 0.9192708333333333 0.7782407407407408 0.042708333333333334 0.1324074074074074
0 0.5200520833333333 0.5013888888888889 0.03177083333333333 0.10648148148148147
0 0.4942708333333333 0.49490740740740735 0.03229166666666666 0.12314814814814815
0 0.4169270833333333 0.4962962962962963 0.0296875 0.1259259259259259
0 0.8174479166666666 0.5657407407407407 0.03072916666666666 0.14074074074074075
0 0.4489583333333333 0.4879629629629629 0.02395833333333333 0.09074074074074073
0 0.4333333333333333 0.4768518518518518 0.026041666666666664 0.10185185185185183
0 0.3885416666666667 0.4685185185185185 0.029166666666666664 0.10925925925925925
0 0.4354166666666666 0.47916666666666663 0.025 0.11203703703703702
5 0.6927083333333333 0.48379629629629617 0.02395833333333333 0.06574074074074074
0 0.746875 0.4333333333333333 0.01875 0.07407407407407407
0 0.7557291666666667 0.4305555555555555 0.02708333333333333 0.08333333333333333
5 0.75625 0.5125 0.03020833333333333 0.08796296296296295
5 0.5450520833333333 0.4578703703703703 0.0234375 0.11018518518518519
