0 0.23124999999999996 0.6074074074074074 0.04583333333333333 0.17962962962962964
0 0.29166666666666663 0.6148148148148148 0.042708333333333334 0.1759259259259259
0 0.3046875 0.6375 0.04479166666666666 0.17314814814814813
0 0.5432291666666667 0.6361111111111111 0.034375 0.18703703703703703
0 0.5773437499999999 0.6342592592592592 0.033854166666666664 0.17962962962962964
5 0.6502604166666666 0.6361111111111111 0.0296875 0.1759259259259259
0 0.7317708333333333 0.5203703703703704 0.02395833333333333 0.0962962962962963
5 0.7263020833333333 0.4791666666666667 0.025520833333333333 0.07685185185185185
0 0.61171875 0.6365740740740741 0.03177083333333333 0.1787037037037037
0 0.6901041666666666 0.9592592592592591 0.06041666666666666 0.08148148148148147
0 0.6161458333333333 0.9537037037037036 0.06666666666666667 0.09444444444444444
0 0.4630208333333333 0.624074074074074 0.026041666666666664 0.137037037037037
0 0.49479166666666663 0.6069444444444444 0.034375 0.16203703703703703
0 0.5177083333333333 0.6574074074074073 0.03645833333333333 0.1611111111111111
0 0.7239583333333333 0.6296296296296295 0.034375 0.14629629629629629
0 0.6190104166666666 0.610648148148148 0.0296875 0.13796296296296295
0 0.6645833333333333 0.612037037037037 0.042708333333333334 0.16296296296296295
0 0.7575520833333333 0.6273148148148148 0.03177083333333333 0.14907407407407408
5 0.6447916666666667 0.6023148148148147 0.03020833333333333 0.14351851851851852
0 0.9145833333333332 0.7384259259259258 0.05625 0.19722222222222222
0 0.9453125 0.7388888888888889 0.057291666666666664 0.19629629629629627
0 0.90859375 0.724537037037037 0.0359375 0.18796296296296294
0 0.5265625 0.9490740740740741 0.06145833333333332 0.1037037037037037
0 0.9591145833333332 0.7249999999999999 0.0421875 0.1907407407407407
0 0.20182291666666666 0.8060185185185185 0.05260416666666666 0.23796296296296293
0 0.24947916666666664 0.8175925925925925 0.04791666666666666 0.22407407407407404
0 0.2171875 0.8819444444444443 0.06145833333333332 0.23055555555555554
0 0.10520833333333332 0.8087962962962962 0.0375 0.21018518518518517
0 0.11822916666666665 0.8453703703703704 0.05 0.24074074074074076
0 0.4929687499999999 0.673148148148148 0.04010416666666666 0.17962962962962964
0 0.765625 0.6875 0.040625 0.18796296296296294
0 0.6065104166666666 0.7212962962962962 0.0390625 0.20370370370370366
0 0.6333333333333333 0.7236111111111111 0.03229166666666666 0.1787037037037037
0 0.5708333333333333 0.6912037037037037 0.042708333333333334 0.16018518518518518
0 0.7875 0.7263888888888889 0.034375 0.11944444444444444
0 0.73046875 0.7337962962962963 0.0390625 0.15648148148148147
0 0.9119791666666666 0.7652777777777777 0.0625 0.22129629629629627
0 0.9361979166666666 0.7606481481481481 0.0546875 0.21018518518518517
0 0.765625 0.7194444444444443 0.03958333333333333 0.18703703703703703
0 0.5848958333333333 0.562037037037037 0.029166666666666664 0.12962962962962962
0 0.5570312499999999 0.5476851851851852 0.03697916666666666 0.1398148148148148
0 0.4510416666666667 0.5509259259259258 0.03333333333333333 0.14259259259259258
0 0.60703125 0.5935185185185186 0.0421875 0.1611111111111111
0 0.5302083333333333 0.524074074074074 0.022916666666666665 0.1037037037037037
0 0.50625 0.512962962962963 0.03020833333333333 0.1074074074074074
0 0.4744791666666667 0.5069444444444444 0.03020833333333333 0.12129629629629628
0 0.4338541666666667 0.5064814814814815 0.03020833333333333 0.11296296296296296
0 0.40885416666666663 0.5064814814814815 0.025 0.11481481481481481
0 0.49453125 0.48703703703703705 0.025520833333333333 0.10925925925925925
0 0.4682291666666667 0.4842592592592593 0.02395833333333333 0.11296296296296296
0 0.4497395833333333 0.48009259259259257 0.025520833333333333 0.12314814814814815
0 0.43229166666666663 0.487962962962963 0.022916666666666665 0.11481481481481481
0 0.4151041666666666 0.46944444444444444 0.026041666666666664 0.1074074074074074
0 0.5140625 0.5101851851851852 0.02395833333333333 0.1074074074074074
5 0.7083333333333333 0.4921296296296296 0.02395833333333333 0.06574074074074074
0 0.39401041666666664 0.46990740740740733 0.0234375 0.12314814814814815
0 0.7536458333333333 0.43888888888888883 0.019791666666666666 0.07407407407407407
0 0.7614583333333333 0.4337962962962963 0.02708333333333333 0.0824074074074074
5 0.7729166666666667 0.5199074074074074 0.03020833333333333 0.08796296296296295
5 0.5671875 0.46296296296296297 0.025 0.10925925925925925
