0 0.15989583333333332 0.874074074074074 0.06666666666666667 0.25370370370370365
0 0.23125 0.8736111111111111 0.0625 0.25462962962962965
0 0.253125 0.8402777777777777 0.05 0.23796296296296293
0 0.9156249999999998 0.8865740740740741 0.055208333333333325 0.2287037037037037
0 0.37213541666666666 0.7597222222222222 0.05052083333333333 0.20833333333333331
0 0.4182291666666666 0.7606481481481481 0.05 0.1935185185185185
0 0.8166666666666667 0.7337962962962963 0.05 0.21759259259259256
0 0.8539062499999999 0.7226851851851851 0.04114583333333333 0.20462962962962963
5 0.6588541666666667 0.6453703703703704 0.03020833333333333 0.1685185185185185
0 0.8013020833333334 0.5379629629629629 0.027604166666666662 0.09259259259259259
5 0.715625 0.4888888888888888 0.029166666666666664 0.07592592592592592
0 0.7578124999999999 0.6902777777777778 0.041666666666666664 0.1861111111111111
0 0.7807291666666666 0.6523148148148147 0.041666666666666664 0.16574074074074072
0 0.646875 0.674074074074074 0.03958333333333333 0.18518518518518517
0 0.5734374999999999 0.6768518518518518 0.041666666666666664 0.18148148148148147
0 0.7541666666666667 0.6282407407407407 0.03854166666666666 0.16574074074074072
0 0.4088541666666667 0.4999999999999999 0.02395833333333333 0.09814814814814814
0 0.4312499999999999 0.4796296296296296 0.026041666666666664 0.11111111111111112
0 0.42447916666666663 0.524074074074074 0.025 0.12407407407407407
0 0.4442708333333333 0.5143518518518518 0.029166666666666664 0.12314814814814815
0 0.4554687499999999 0.48703703703703705 0.027604166666666662 0.11296296296296296
0 0.49296875 0.4856481481481481 0.0265625 0.12129629629629628
0 0.4739583333333333 0.5055555555555555 0.03333333333333333 0.11851851851851851
0 0.4364583333333333 0.5824074074074074 0.035416666666666666 0.1611111111111111
5 0.6343749999999999 0.6101851851851852 0.029166666666666664 0.14814814814814814
0 0.47421875 0.5879629629629629 0.0328125 0.15555555555555553
0 0.4971354166666667 0.5888888888888888 0.03177083333333333 0.14259259259259258
0 0.5197916666666667 0.563425925925926 0.034375 0.13425925925925924
0 0.5497395833333333 0.5587962962962962 0.03177083333333333 0.12685185185185183
0 0.5442708333333333 0.55 0.028125 0.11851851851851851
0 0.5067708333333333 0.610648148148148 0.04375 0.1509259259259259
0 0.5330729166666666 0.6273148148148148 0.027604166666666662 0.11388888888888889
0 0.5447916666666666 0.6314814814814815 0.03854166666666666 0.1759259259259259
0 0.5338541666666666 0.674074074074074 0.03854166666666666 0.1925925925925926
0 0.5807291666666667 0.5583333333333333 0.03020833333333333 0.14074074074074075
0 0.5955729166666666 0.5990740740740741 0.033854166666666664 0.17037037037037037
0 0.5888020833333333 0.6449074074074075 0.0390625 0.15277777777777776
5 0.7 0.5041666666666667 0.02395833333333333 0.06574074074074074
0 0.6536458333333333 0.4643518518518519 0.028125 0.08981481481481482
0 0.6729166666666667 0.4648148148148148 0.03333333333333333 0.0962962962962963
5 0.7645833333333333 0.5273148148148148 0.03125 0.08796296296296295
5 0.5598958333333333 0.4726851851851851 0.02395833333333333 0.11018518518518519
