0 0.2864583333333333 0.6796296296296296 0.053125 0.19814814814814813
0 0.34322916666666664 0.6814814814814815 0.04479166666666666 0.2074074074074074
0 0.42447916666666663 0.6717592592592593 0.0375 0.1824074074074074
0 0.20546875 0.9425925925925925 0.07760416666666667 0.11666666666666665
0 0.30234375 0.9462962962962962 0.0640625 0.10925925925925925
0 0.53046875 0.6185185185185185 0.04114583333333333 0.17962962962962964
0 0.5585937499999999 0.6175925925925926 0.033854166666666664 0.17407407407407408
5 0.6510416666666666 0.6268518518518518 0.028125 0.1685185185185185
0 0.7934895833333333 0.5180555555555555 0.025520833333333333 0.09351851851851851
5 0.7083333333333333 0.4726851851851852 0.026041666666666664 0.07685185185185185
0 0.6231770833333333 0.6421296296296296 0.03697916666666666 0.1787037037037037
0 0.7338541666666667 0.8601851851851852 0.05208333333333333 0.25370370370370365
0 0.67890625 0.8546296296296296 0.0609375 0.24814814814814815
0 0.45963541666666663 0.562037037037037 0.0234375 0.11296296296296296
0 0.4895833333333333 0.5453703703703704 0.03125 0.14629629629629629
0 0.4505208333333333 0.5939814814814814 0.03020833333333333 0.14351851851851852
0 0.5393229166666667 0.5768518518518517 0.033854166666666664 0.14629629629629629
0 0.51328125 0.5509259259259258 0.025520833333333333 0.13518518518518519
0 0.5346354166666666 0.549074074074074 0.0296875 0.14259259259259258
0 0.5703125 0.574537037037037 0.03333333333333333 0.14166666666666666
0 0.6864583333333333 0.6981481481481481 0.04583333333333333 0.20555555555555555
5 0.6299479166666666 0.5967592592592592 0.0296875 0.14351851851851852
0 0.7083333333333333 0.6921296296296297 0.041666666666666664 0.18981481481481483
0 0.7299479166666666 0.6893518518518518 0.0421875 0.17685185185185184
0 0.6208333333333333 0.6666666666666666 0.03958333333333333 0.1759259259259259
0 0.7638020833333333 0.6537037037037037 0.03802083333333333 0.17222222222222222
0 0.778125 0.6472222222222223 0.03125 0.16296296296296295
0 0.7966145833333333 0.7148148148148147 0.0515625 0.18518518518518517
0 0.8268229166666666 0.726388888888889 0.034895833333333334 0.1398148148148148
0 0.92890625 0.7152777777777778 0.0609375 0.19907407407407407
0 0.6083333333333333 0.8537037037037036 0.05625 0.26296296296296295
0 0.8111979166666666 0.6449074074074075 0.04010416666666666 0.17129629629629628
0 0.89140625 0.6981481481481481 0.04635416666666666 0.19814814814814813
0 0.075 0.888425925925926 0.05833333333333333 0.22129629629629627
0 0.1296875 0.9032407407407407 0.055208333333333325 0.19537037037037036
0 0.07161458333333333 0.950462962962963 0.0546875 0.09907407407407406
0 0.24244791666666665 0.812962962962963 0.0484375 0.20370370370370366
0 0.3770833333333333 0.8273148148148148 0.06458333333333333 0.225
0 0.7122395833333333 0.7504629629629629 0.04010416666666666 0.20462962962962963
0 0.8934895833333332 0.7523148148148148 0.0515625 0.2064814814814815
0 0.7994791666666667 0.7430555555555556 0.05208333333333333 0.21203703703703702
0 0.796875 0.7379629629629629 0.04375 0.19629629629629627
0 0.8322916666666667 0.7384259259259258 0.04583333333333333 0.17314814814814813
0 0.9244791666666666 0.7782407407407408 0.042708333333333334 0.1324074074074074
0 0.5182291666666666 0.5023148148148148 0.03229166666666666 0.10648148148148147
0 0.4927083333333333 0.49490740740740735 0.03229166666666666 0.12314814814814815
0 0.41640625 0.4962962962962963 0.0296875 0.1259259259259259
0 0.8200520833333333 0.5643518518518518 0.03072916666666666 0.1398148148148148
0 0.4463541666666667 0.4879629629629629 0.02395833333333333 0.09074074074074073
0 0.4309895833333333 0.4768518518518518 0.025520833333333333 0.10185185185185183
0 0.38645833333333335 0.4685185185185185 0.029166666666666664 0.1074074074074074
0 0.4328125 0.48009259259259257 0.025 0.11203703703703702
5 0.6927083333333333 0.48379629629629617 0.02395833333333333 0.06574074074074074
0 0.7463541666666667 0.43425925925925923 0.01875 0.07407407407407407
0 0.7554687499999999 0.43148148148148147 0.027604166666666662 0.08333333333333333
5 0.7557291666666667 0.5134259259259258 0.03020833333333333 0.08796296296296295
5 0.54453125 0.45879629629629626 0.0234375 0.11018518518518519
