0 0.25807291666666665 0.7254629629629629 0.0546875 0.21018518518518517
0 0.32291666666666663 0.725 0.05 0.2185185185185185
0 0.3807291666666667 0.7092592592592591 0.03958333333333333 0.1907407407407407
0 0.27682291666666664 0.9032407407407407 0.06510416666666666 0.19537037037037036
0 0.34296874999999993 0.9097222222222221 0.06302083333333333 0.18055555555555552
0 0.5833333333333333 0.6472222222222221 0.041666666666666664 0.1907407407407407
0 0.5911458333333333 0.6439814814814814 0.034375 0.1787037037037037
5 0.6458333333333333 0.6305555555555555 0.028125 0.1685185185185185
0 0.7893229166666667 0.5287037037037037 0.025520833333333333 0.09259259259259259
5 0.7067708333333333 0.48194444444444445 0.026041666666666664 0.07685185185185185
0 0.61953125 0.6518518518518518 0.0359375 0.18148148148148147
0 0.9335937499999998 0.7185185185185184 0.04427083333333333 0.1925925925925926
0 0.73984375 0.7921296296296296 0.0421875 0.22685185185185186
0 0.6963541666666666 0.798148148148148 0.04791666666666666 0.22962962962962963
0 0.9072916666666666 0.7046296296296296 0.053125 0.19444444444444445
0 0.45182291666666663 0.5435185185185185 0.0234375 0.11296296296296296
0 0.4739583333333333 0.5337962962962963 0.03020833333333333 0.1398148148148148
0 0.4317708333333333 0.5731481481481481 0.03020833333333333 0.13518518518518519
0 0.5052083333333333 0.5597222222222222 0.03333333333333333 0.13796296296296295
0 0.5033854166666667 0.5328703703703704 0.025520833333333333 0.12129629629629628
0 0.5333333333333333 0.5407407407407407 0.03229166666666666 0.137037037037037
0 0.5348958333333333 0.5555555555555556 0.03020833333333333 0.12962962962962962
0 0.5541666666666666 0.674074074074074 0.046875 0.1925925925925926
5 0.6249999999999999 0.6050925925925925 0.029166666666666664 0.14351851851851852
0 0.56875 0.6708333333333333 0.042708333333333334 0.1861111111111111
0 0.5898437499999999 0.6708333333333333 0.03697916666666666 0.17314814814814813
0 0.5359375 0.6421296296296296 0.03854166666666666 0.16944444444444445
0 0.678125 0.625 0.03645833333333333 0.15740740740740738
0 0.6786458333333333 0.6231481481481482 0.03125 0.15185185185185185
0 0.6536458333333333 0.7018518518518518 0.04583333333333333 0.17407407407407408
0 0.6723958333333333 0.7152777777777777 0.03333333333333333 0.13425925925925924
0 0.7721354166666667 0.7092592592592591 0.056770833333333326 0.19814814814814813
0 0.6424479166666666 0.7953703703703703 0.04635416666666666 0.23518518518518516
0 0.7450520833333333 0.625 0.0390625 0.1685185185185185
0 0.7979166666666667 0.6685185185185185 0.042708333333333334 0.18148148148148147
0 0.8244791666666667 0.7185185185185186 0.055208333333333325 0.1759259259259259
0 0.027604166666666662 0.9194444444444445 0.05416666666666666 0.16296296296296295
0 0.06458333333333333 0.9347222222222223 0.05208333333333333 0.13055555555555556
0 0.39453125 0.8217592592592592 0.05260416666666666 0.20462962962962963
0 0.5736979166666666 0.8166666666666667 0.0546875 0.2185185185185185
0 0.8674479166666667 0.7861111111111111 0.0578125 0.20925925925925926
0 0.9479166666666666 0.7638888888888888 0.05208333333333333 0.2185185185185185
0 0.9424479166666666 0.7583333333333333 0.04010416666666666 0.20185185185185187
0 0.4838541666666666 0.4898148148148148 0.04791666666666666 0.1074074074074074
0 0.4552083333333333 0.4837962962962963 0.03229166666666666 0.12314814814814815
0 0.3846354166666667 0.4796296296296296 0.027604166666666662 0.12407407407407407
0 0.38932291666666663 0.48240740740740734 0.0265625 0.09074074074074073
5 0.6895833333333333 0.4898148148148148 0.02395833333333333 0.06666666666666667
0 0.7263020833333333 0.44907407407407407 0.0234375 0.08333333333333333
0 0.7473958333333333 0.4449074074074074 0.028125 0.08981481481481482
5 0.7494791666666667 0.5199074074074074 0.03020833333333333 0.08796296296296295
5 0.5369791666666667 0.4643518518518518 0.02395833333333333 0.11018518518518519
