0 0.23203125 0.8296296296296296 0.0671875 0.24259259259259255
0 0.28906249999999994 0.8384259259259258 0.055208333333333325 0.2509259259259259
0 0.32786458333333335 0.8018518518518517 0.04635416666666666 0.21296296296296294
0 0.35260416666666666 0.851388888888889 0.055208333333333325 0.23425925925925925
0 0.4049479166666667 0.8569444444444443 0.056770833333333326 0.21944444444444441
0 0.7153645833333333 0.7060185185185185 0.04635416666666666 0.19537037037037036
0 0.7192708333333333 0.699537037037037 0.03854166666666666 0.19166666666666665
5 0.665625 0.6629629629629629 0.03020833333333333 0.1685185185185185
0 0.8075520833333334 0.5583333333333333 0.027604166666666662 0.09259259259259259
5 0.7221354166666666 0.5074074074074073 0.0265625 0.07592592592592592
0 0.665625 0.687962962962963 0.03333333333333333 0.18148148148148147
0 0.8328124999999998 0.712962962962963 0.03958333333333333 0.18333333333333332
0 0.7502604166666667 0.7453703703703703 0.0453125 0.2
0 0.6781249999999999 0.7435185185185185 0.04791666666666666 0.19629629629629627
0 0.82109375 0.6944444444444444 0.04010416666666666 0.17962962962962964
0 0.4453125 0.5421296296296296 0.02395833333333333 0.10648148148148147
0 0.4739583333333333 0.5296296296296296 0.03020833333333333 0.1222222222222222
0 0.434375 0.5699074074074073 0.02708333333333333 0.125
0 0.48307291666666663 0.5583333333333333 0.03072916666666666 0.12407407407407407
0 0.4984374999999999 0.5342592592592592 0.026041666666666664 0.11296296296296296
0 0.5390625 0.5365740740740741 0.03125 0.125
0 0.5114583333333333 0.5583333333333333 0.03020833333333333 0.12962962962962962
0 0.4739583333333333 0.6481481481481481 0.040625 0.1759259259259259
5 0.6479166666666666 0.6337962962962963 0.029166666666666664 0.14351851851851852
0 0.50078125 0.6449074074074074 0.04427083333333333 0.16574074074074072
0 0.534375 0.6407407407407407 0.034375 0.15185185185185185
0 0.5598958333333333 0.6245370370370369 0.03229166666666666 0.14166666666666666
0 0.5911458333333333 0.6222222222222222 0.03229166666666666 0.15
0 0.5752604166666667 0.6055555555555555 0.028645833333333332 0.1259259259259259
0 0.53359375 0.6782407407407407 0.04427083333333333 0.16759259259259257
0 0.5674479166666667 0.6986111111111111 0.03177083333333333 0.1287037037037037
0 0.6088541666666666 0.7055555555555555 0.040625 0.1925925925925926
0 0.6356770833333333 0.7495370370370369 0.043229166666666666 0.20462962962962963
0 0.62421875 0.6124999999999999 0.0296875 0.14166666666666666
0 0.6934895833333333 0.662037037037037 0.034895833333333334 0.1685185185185185
0 0.6549479166666666 0.711574074074074 0.03697916666666666 0.16759259259259257
0 0.010156249999999999 0.962962962962963 0.01927083333333333 0.07407407407407407
0 0.7200520833333333 0.8518518518518519 0.0484375 0.20370370370370366
0 0.8755208333333334 0.8282407407407406 0.04791666666666666 0.21203703703703702
0 0.4218749999999999 0.5013888888888889 0.026041666666666664 0.10462962962962963
5 0.7104166666666667 0.5217592592592591 0.02395833333333333 0.06574074074074074
0 0.7015624999999999 0.4814814814814814 0.026041666666666664 0.09074074074074073
0 0.72578125 0.47824074074074074 0.0296875 0.08981481481481482
5 0.7692708333333333 0.549537037037037 0.03125 0.08796296296296295
5 0.5625 0.49490740740740735 0.02395833333333333 0.11018518518518519
