0 0.2078125 0.875925925925926 0.06666666666666667 0.25
0 0.2630208333333333 0.874074074074074 0.059375 0.25
0 0.29010416666666666 0.8444444444444443 0.051041666666666666 0.22407407407407404
0 0.37213541666666666 0.825925925925926 0.0578125 0.22407407407407404
0 0.41484375 0.8287037037037036 0.0515625 0.20185185185185187
0 0.7716145833333333 0.7375 0.0484375 0.20833333333333331
0 0.784375 0.7300925925925925 0.042708333333333334 0.20277777777777778
5 0.6640625 0.675 0.03020833333333333 0.1685185185185185
0 0.8059895833333334 0.5703703703703703 0.027604166666666662 0.09259259259259259
5 0.7210937499999999 0.5138888888888888 0.027604166666666662 0.07592592592592592
0 0.7111979166666667 0.711111111111111 0.0421875 0.18148148148148147
0 0.8234374999999998 0.7101851851851851 0.042708333333333334 0.17962962962962964
0 0.6973958333333333 0.7375 0.041666666666666664 0.1935185185185185
0 0.6234374999999999 0.7300925925925925 0.03854166666666666 0.18981481481481483
0 0.7945312499999999 0.6819444444444444 0.04010416666666666 0.16574074074074072
0 0.4380208333333333 0.5430555555555555 0.02395833333333333 0.09907407407407406
0 0.46328125 0.523611111111111 0.025520833333333333 0.11203703703703702
0 0.4317708333333333 0.5675925925925925 0.026041666666666664 0.12407407407407407
0 0.4606770833333333 0.5541666666666666 0.03072916666666666 0.12314814814814815
0 0.48359375 0.5296296296296296 0.025520833333333333 0.11296296296296296
0 0.52109375 0.5351851851851851 0.0296875 0.1222222222222222
0 0.4893229166666666 0.5550925925925926 0.0296875 0.1287037037037037
0 0.4559895833333333 0.6356481481481481 0.034895833333333334 0.175
5 0.6463541666666666 0.6402777777777777 0.029166666666666664 0.14351851851851852
0 0.4833333333333333 0.6365740740740741 0.03125 0.16203703703703703
0 0.51484375 0.6370370370370371 0.03177083333333333 0.14629629629629629
0 0.5401041666666666 0.6148148148148148 0.03125 0.13518518518518519
0 0.5708333333333333 0.611111111111111 0.03229166666666666 0.13518518518518519
0 0.5619791666666667 0.6023148148148147 0.02708333333333333 0.12685185185185183
0 0.5216145833333333 0.663425925925926 0.0421875 0.15833333333333333
0 0.5484375 0.6805555555555556 0.02708333333333333 0.12962962962962962
0 0.5718749999999999 0.6893518518518518 0.03854166666666666 0.18055555555555552
0 0.5885416666666666 0.7370370370370369 0.040625 0.19814814814814813
0 0.596875 0.6064814814814815 0.03020833333333333 0.14074074074074075
0 0.63671875 0.649074074074074 0.0328125 0.1685185185185185
0 0.6145833333333333 0.7 0.0375 0.15925925925925927
0 0.8515625 0.8685185185185185 0.0625 0.20370370370370366
0 0.9828125 0.8384259259259259 0.034375 0.20833333333333331
5 0.70703125 0.5347222222222221 0.0234375 0.06574074074074074
0 0.6768229166666666 0.49074074074074064 0.0265625 0.09074074074074073
0 0.7057291666666667 0.4888888888888888 0.03020833333333333 0.09074074074074073
5 0.7700520833333333 0.5625 0.03177083333333333 0.08796296296296295
5 0.5640625 0.5041666666666667 0.02395833333333333 0.11018518518518519
