0 0.2755208333333333 0.6361111111111111 0.046875 0.19074074074074074
0 0.3338541666666666 0.6379629629629628 0.04375 0.18703703703703703
0 0.39322916666666663 0.6532407407407407 0.03229166666666666 0.18055555555555552
0 0.5317708333333333 0.6208333333333333 0.035416666666666666 0.1824074074074074
0 0.5606770833333333 0.6148148148148148 0.03177083333333333 0.17592592592592593
0 0.7640624999999999 0.5074074074074074 0.023958333333333335 0.09444444444444443
0 0.6057291666666667 0.6287037037037035 0.03854166666666667 0.17037037037037037
0 0.7166666666666667 0.9087962962962963 0.059375 0.18425925925925926
0 0.6528645833333333 0.9046296296296296 0.07343749999999999 0.19074074074074074
0 0.46640624999999997 0.5824074074074074 0.0234375 0.11296296296296296
0 0.49166666666666664 0.5745370370370371 0.03333333333333333 0.15648148148148147
0 0.4729166666666666 0.6236111111111111 0.030208333333333334 0.15648148148148147
0 0.6252604166666667 0.6018518518518517 0.033854166666666664 0.14629629629629629
0 0.5325520833333333 0.5731481481481481 0.025520833333333333 0.13518518518518519
0 0.5791666666666667 0.5810185185185186 0.034374999999999996 0.16203703703703703
0 0.6481770833333332 0.600462962962963 0.03177083333333333 0.14907407407407408
0 0.8934895833333332 0.7199074074074073 0.06510416666666666 0.21944444444444444
0 0.8955729166666665 0.711574074074074 0.048437499999999994 0.19722222222222222
0 0.9218749999999999 0.7152777777777776 0.05520833333333333 0.19537037037037036
0 0.7880208333333333 0.6999999999999998 0.04583333333333333 0.18888888888888886
0 0.8192708333333332 0.6958333333333332 0.05520833333333333 0.19722222222222222
0 0.8325520833333332 0.6847222222222221 0.033854166666666664 0.18796296296296294
0 0.5822916666666667 0.899537037037037 0.06145833333333333 0.20092592592592592
0 0.8713541666666667 0.6842592592592591 0.041666666666666664 0.18148148148148147
0 0.14765625 0.8472222222222221 0.056770833333333326 0.23888888888888887
0 0.203125 0.8634259259259258 0.05416666666666667 0.23796296296296296
0 0.14557291666666666 0.9101851851851851 0.0546875 0.18148148148148147
0 0.11744791666666665 0.8074074074074074 0.04427083333333333 0.2037037037037037
0 0.15416666666666667 0.8254629629629628 0.0625 0.22129629629629627
0 0.5861979166666667 0.7060185185185185 0.041145833333333326 0.18796296296296294
0 0.7549479166666667 0.7194444444444444 0.04635416666666667 0.20185185185185184
0 0.6549479166666666 0.7199074074074073 0.04739583333333333 0.20277777777777778
0 0.6632812499999999 0.7189814814814814 0.03802083333333333 0.1787037037037037
0 0.6945312499999999 0.7115740740740739 0.04010416666666667 0.17129629629629628
0 0.7846354166666667 0.7541666666666667 0.03697916666666667 0.12870370370370368
0 0.8286458333333332 0.7625 0.04375 0.175
0 0.8361979166666667 0.736574074074074 0.048437499999999994 0.19907407407407407
0 0.5585937499999999 0.5208333333333333 0.027604166666666666 0.10648148148148147
0 0.5286458333333333 0.5143518518518518 0.03645833333333333 0.12685185185185185
0 0.43411458333333325 0.5166666666666667 0.0296875 0.13518518518518519
0 0.7145833333333332 0.5842592592592593 0.040625 0.1611111111111111
0 0.50390625 0.5009259259259259 0.0234375 0.09814814814814814
0 0.47708333333333325 0.48796296296296293 0.030208333333333334 0.1074074074074074
0 0.44583333333333325 0.4847222222222222 0.029166666666666664 0.11574074074074073
0 0.42083333333333334 0.4819444444444444 0.030208333333333334 0.10462962962962963
0 0.40390625 0.4819444444444444 0.025520833333333333 0.11203703703703702
0 0.42916666666666664 0.4699074074074074 0.023958333333333335 0.11018518518518518
0 0.396875 0.46388888888888885 0.022916666666666665 0.11296296296296296
0 0.4875 0.48657407407407405 0.024999999999999998 0.10462962962962963
0 0.7494791666666667 0.4314814814814814 0.01875 0.07407407407407408
0 0.7520833333333332 0.4300925925925926 0.027083333333333334 0.0824074074074074
