0 0.28151041666666665 0.6416666666666666 0.04739583333333333 0.1907407407407407
0 0.34010416666666665 0.6449074074074075 0.04375 0.19537037037037036
0 0.409375 0.6546296296296296 0.03645833333333333 0.17407407407407408
0 0.5317708333333333 0.6162037037037036 0.035416666666666666 0.18055555555555552
0 0.5604166666666667 0.6138888888888888 0.03333333333333333 0.1759259259259259
5 0.6502604166666666 0.6231481481481481 0.027604166666666662 0.1685185185185185
0 0.7755208333333333 0.5041666666666667 0.02395833333333333 0.09351851851851851
5 0.7166666666666666 0.46805555555555556 0.026041666666666664 0.07685185185185185
0 0.6145833333333333 0.6268518518518518 0.03854166666666666 0.1685185185185185
0 0.7197916666666667 0.8962962962962961 0.05833333333333333 0.20555555555555555
0 0.66640625 0.8949074074074073 0.0640625 0.21203703703703702
0 0.46640625 0.5787037037037037 0.0234375 0.11296296296296296
0 0.4942708333333333 0.5671296296296295 0.03229166666666666 0.15277777777777776
0 0.46875 0.6143518518518518 0.03020833333333333 0.15462962962962962
0 0.6041666666666667 0.5986111111111111 0.03333333333333333 0.14537037037037037
0 0.5283854166666667 0.5657407407407407 0.025520833333333333 0.13518518518518519
0 0.56640625 0.5717592592592593 0.034895833333333334 0.15648148148148147
0 0.6286458333333333 0.5958333333333333 0.03125 0.14907407407407408
0 0.8580729166666666 0.712962962962963 0.0671875 0.20925925925925926
5 0.63828125 0.5921296296296296 0.0296875 0.14351851851851852
0 0.86015625 0.7050925925925926 0.0390625 0.19907407407407407
0 0.8817708333333332 0.7060185185185185 0.04375 0.19537037037037036
0 0.7578125 0.6939814814814815 0.0625 0.18796296296296294
0 0.81015625 0.6833333333333333 0.06197916666666666 0.18888888888888888
0 0.82578125 0.6717592592592593 0.033854166666666664 0.18055555555555552
0 0.9572916666666667 0.7351851851851852 0.059375 0.18703703703703703
0 0.5916666666666666 0.888425925925926 0.0625 0.22129629629629627
0 0.8614583333333334 0.675 0.041666666666666664 0.1759259259259259
0 0.13463541666666665 0.8578703703703703 0.0578125 0.24537037037037038
0 0.19088541666666664 0.875462962962963 0.0546875 0.24351851851851852
0 0.13307291666666665 0.9157407407407406 0.0546875 0.17037037037037037
0 0.14479166666666665 0.8078703703703705 0.046875 0.20462962962962963
0 0.19453125 0.826388888888889 0.06614583333333332 0.225
0 0.6114583333333333 0.7138888888888888 0.040625 0.18703703703703703
0 0.7692708333333333 0.7268518518518519 0.05416666666666666 0.20370370370370366
0 0.68125 0.724537037037037 0.05 0.20462962962962963
0 0.6841145833333333 0.7208333333333333 0.03802083333333333 0.1787037037037037
0 0.7236979166666666 0.7199074074074074 0.0421875 0.17129629629629628
0 0.8020833333333333 0.7587962962962963 0.042708333333333334 0.13055555555555556
0 0.8708333333333332 0.7638888888888888 0.03645833333333333 0.16666666666666666
0 0.8763020833333333 0.7416666666666666 0.0515625 0.19814814814814813
0 0.5546875 0.5152777777777777 0.028125 0.10648148148148147
0 0.5236979166666667 0.5087962962962963 0.033854166666666664 0.12685185185185183
0 0.43203125 0.5111111111111111 0.0296875 0.13518518518518519
0 0.7390625 0.5837962962962961 0.040625 0.16018518518518518
0 0.4979166666666666 0.49444444444444446 0.022916666666666665 0.09444444444444444
0 0.4713541666666667 0.4851851851851852 0.03020833333333333 0.1074074074074074
0 0.43828125 0.4796296296296296 0.0296875 0.11296296296296296
0 0.4135416666666667 0.4805555555555555 0.03020833333333333 0.10925925925925925
0 0.4018229166666666 0.47824074074074063 0.0234375 0.11018518518518519
0 0.4145833333333333 0.46712962962962956 0.02395833333333333 0.11018518518518519
0 0.4838541666666666 0.48287037037037034 0.025 0.10462962962962963
5 0.7015625 0.48009259259259257 0.02395833333333333 0.06574074074074074
0 0.7489583333333333 0.4296296296296296 0.01875 0.07407407407407407
0 0.753125 0.4291666666666666 0.02708333333333333 0.0824074074074074
5 0.7651041666666667 0.5106481481481481 0.03020833333333333 0.08796296296296295
5 0.5604166666666666 0.4481481481481481 0.028125 0.10925925925925925
