0 0.2609375 0.6379629629629628 0.051041666666666666 0.17407407407407408
0 0.5630208333333333 0.6421296296296296 0.034375 0.18796296296296294
0 0.5914062499999999 0.6444444444444445 0.033854166666666664 0.17777777777777776
5 0.6578125 0.6472222222222223 0.03020833333333333 0.1759259259259259
0 0.7356770833333333 0.5203703703703704 0.0234375 0.0962962962962963
5 0.73359375 0.4837962962962963 0.025520833333333333 0.07685185185185185
0 0.6203124999999999 0.6435185185185184 0.03229166666666666 0.17962962962962964
0 0.46744791666666663 0.6449074074074074 0.027604166666666662 0.13796296296296295
0 0.5054687499999999 0.6300925925925925 0.03697916666666666 0.16759259259259257
0 0.5848958333333333 0.675 0.03958333333333333 0.1648148148148148
0 0.7778645833333333 0.6481481481481481 0.033854166666666664 0.15
0 0.6906249999999999 0.6300925925925925 0.029166666666666664 0.1509259259259259
0 0.7294270833333333 0.6263888888888889 0.04114583333333333 0.1638888888888889
0 0.8161458333333332 0.6509259259259259 0.03645833333333333 0.1648148148148148
5 0.6554687499999999 0.6018518518518519 0.027604166666666662 0.14259259259259258
0 0.23619791666666665 0.7874999999999999 0.0484375 0.23055555555555554
0 0.2752604166666667 0.7930555555555555 0.0484375 0.20462962962962963
0 0.26041666666666663 0.851388888888889 0.05625 0.225
0 0.12552083333333333 0.8064814814814815 0.03958333333333333 0.20925925925925926
0 0.1388020833333333 0.8800925925925925 0.056770833333333326 0.2398148148148148
0 0.46744791666666663 0.6611111111111111 0.03072916666666666 0.17222222222222222
0 0.7739583333333333 0.6773148148148147 0.03958333333333333 0.18425925925925926
0 0.6140625 0.7231481481481481 0.03958333333333333 0.20370370370370366
0 0.6541666666666666 0.7314814814814815 0.0375 0.18333333333333332
0 0.5119791666666667 0.6796296296296296 0.041666666666666664 0.1537037037037037
0 0.7968749999999999 0.7171296296296296 0.03229166666666666 0.11759259259259258
0 0.7632812499999999 0.7124999999999999 0.04010416666666666 0.15462962962962962
0 0.8471354166666666 0.7458333333333332 0.0484375 0.21574074074074073
0 0.8825520833333332 0.7481481481481481 0.0421875 0.20925925925925926
0 0.7921875 0.7 0.03958333333333333 0.17962962962962964
0 0.6065104166666666 0.5768518518518518 0.03072916666666666 0.13148148148148148
0 0.5765625 0.5643518518518518 0.0375 0.1398148148148148
0 0.4583333333333333 0.5708333333333333 0.03333333333333333 0.14907407407407408
0 0.5479166666666666 0.5935185185185186 0.04479166666666666 0.15740740740740738
0 0.54453125 0.5337962962962963 0.0234375 0.10462962962962963
0 0.5231770833333333 0.5310185185185186 0.0296875 0.125
0 0.4971354166666667 0.5194444444444445 0.03177083333333333 0.12037037037037038
0 0.4455729166666667 0.5208333333333334 0.03177083333333333 0.11574074074074074
0 0.4140625 0.5189814814814815 0.025 0.11574074074074074
0 0.5210937499999999 0.5027777777777778 0.027604166666666662 0.11481481481481481
0 0.4953125 0.4935185185185185 0.02395833333333333 0.11296296296296296
0 0.4763020833333333 0.49490740740740746 0.025520833333333333 0.12685185185185183
0 0.4559895833333333 0.499537037037037 0.025520833333333333 0.11574074074074074
0 0.41875 0.48657407407407405 0.02708333333333333 0.11574074074074074
0 0.4609374999999999 0.4768518518518518 0.026041666666666664 0.1074074074074074
0 0.5276041666666667 0.5212962962962963 0.021875 0.1074074074074074
5 0.7171875 0.49305555555555547 0.02395833333333333 0.06574074074074074
0 0.44296875 0.47638888888888886 0.025520833333333333 0.12314814814814815
0 0.7611979166666667 0.44074074074074077 0.01927083333333333 0.07407407407407407
0 0.7692708333333333 0.4356481481481481 0.02708333333333333 0.0824074074074074
5 0.78125 0.5226851851851853 0.03020833333333333 0.08796296296296295
5 0.57421875 0.4662037037037036 0.025520833333333333 0.11018518518518519
