0 0.27604166666666663 0.7046296296296296 0.05416666666666666 0.2074074074074074
0 0.33932291666666664 0.7060185185185185 0.05052083333333333 0.21759259259259256
0 0.4013020833333333 0.6953703703703703 0.03697916666666666 0.18888888888888888
0 0.24322916666666666 0.9203703703703703 0.071875 0.1611111111111111
0 0.3234375 0.9259259259259258 0.05416666666666666 0.14629629629629629
0 0.5541666666666666 0.6356481481481481 0.041666666666666664 0.1861111111111111
0 0.5703125 0.6379629629629628 0.03333333333333333 0.1907407407407407
5 0.6473958333333333 0.6305555555555555 0.028125 0.1685185185185185
0 0.7911458333333333 0.525 0.026041666666666664 0.09259259259259259
5 0.7046874999999999 0.4791666666666667 0.026041666666666664 0.07685185185185185
0 0.6231770833333333 0.6518518518518518 0.03802083333333333 0.18148148148148147
0 0.7375 0.8291666666666666 0.04583333333333333 0.2398148148148148
0 0.6846354166666666 0.825925925925926 0.0578125 0.23518518518518516
0 0.9703124999999998 0.712037037037037 0.05833333333333333 0.1925925925925926
0 0.4549479166666666 0.5583333333333333 0.0234375 0.11296296296296296
0 0.48125 0.5412037037037037 0.03125 0.14537037037037037
0 0.4388020833333333 0.5856481481481481 0.0296875 0.13796296296296295
0 0.5229166666666667 0.5712962962962963 0.03020833333333333 0.14259259259259258
0 0.5046875 0.5509259259259258 0.026041666666666664 0.13518518518518519
0 0.5322916666666667 0.5472222222222222 0.03020833333333333 0.14074074074074075
0 0.5481770833333333 0.5648148148148148 0.03177083333333333 0.12962962962962962
0 0.6018229166666667 0.6944444444444444 0.05052083333333333 0.20185185185185187
5 0.62578125 0.6023148148148147 0.0296875 0.14351851851851852
0 0.6270833333333333 0.6870370370370369 0.04479166666666666 0.1907407407407407
0 0.6507812499999999 0.6814814814814814 0.03697916666666666 0.17407407407407408
0 0.5544270833333333 0.6606481481481481 0.0390625 0.175
0 0.7192708333333333 0.6333333333333333 0.03645833333333333 0.15740740740740738
0 0.734375 0.6361111111111111 0.03020833333333333 0.15185185185185185
0 0.7268229166666667 0.711574074074074 0.0453125 0.18055555555555552
0 0.7453125 0.7240740740740741 0.03333333333333333 0.1388888888888889
0 0.8388020833333332 0.7143518518518518 0.0609375 0.19907407407407407
0 0.6291666666666667 0.8277777777777777 0.04895833333333333 0.2518518518518518
0 0.771875 0.6388888888888888 0.040625 0.17037037037037037
0 0.83515625 0.6856481481481481 0.04635416666666666 0.18796296296296294
0 0.9059895833333332 0.7249999999999999 0.0515625 0.17962962962962964
0 0.046875 0.9046296296296296 0.057291666666666664 0.1907407407407407
0 0.09036458333333333 0.9189814814814815 0.0546875 0.16203703703703703
0 0.034895833333333334 0.975462962962963 0.04583333333333333 0.050925925925925916
0 0.3109375 0.8203703703703704 0.05416666666666666 0.20370370370370366
0 0.47968749999999993 0.8287037037037036 0.06354166666666666 0.22037037037037038
0 0.7841145833333333 0.7689814814814814 0.0421875 0.21018518518518517
0 0.9736979166666666 0.7592592592592593 0.04010416666666666 0.20555555555555555
0 0.8674479166666667 0.7546296296296295 0.04010416666666666 0.21296296296296294
0 0.8684895833333333 0.7527777777777777 0.0453125 0.19629629629629627
0 0.8997395833333333 0.7453703703703703 0.03802083333333333 0.18148148148148147
0 0.5015625 0.5041666666666667 0.03645833333333333 0.10648148148148147
0 0.4744791666666666 0.4921296296296296 0.03229166666666666 0.12314814814814815
0 0.40390625 0.4884259259259259 0.0328125 0.12314814814814815
0 0.4140624999999999 0.4851851851851851 0.026041666666666664 0.09074074074074073
0 0.39947916666666666 0.47777777777777775 0.025 0.10185185185185183
0 0.4036458333333333 0.4819444444444444 0.025 0.11203703703703702
5 0.6901041666666667 0.48657407407407405 0.02395833333333333 0.06574074074074074
0 0.7411458333333333 0.4416666666666666 0.01875 0.07407407407407407
0 0.7505208333333333 0.44675925925925924 0.028125 0.08981481481481482
5 0.7497395833333333 0.5189814814814815 0.0296875 0.08796296296296295
5 0.5375 0.4652777777777777 0.02395833333333333 0.11018518518518519
