0 0.28671875 0.6574074074074073 0.0515625 0.1925925925925926
0 0.34375 0.6601851851851852 0.04375 0.20185185185185187
0 0.434375 0.6560185185185186 0.03958333333333333 0.17129629629629628
0 0.18385416666666665 0.962037037037037 0.06145833333333332 0.07592592592592592
0 0.28541666666666665 0.9671296296296296 0.06145833333333332 0.06759259259259259
0 0.53125 0.611111111111111 0.03645833333333333 0.17962962962962964
0 0.5619791666666666 0.610648148148148 0.034375 0.175
5 0.6541666666666666 0.6222222222222222 0.028125 0.1685185185185185
0 0.7911458333333333 0.5092592592592593 0.02395833333333333 0.09259259259259259
5 0.7119791666666666 0.46990740740740744 0.026041666666666664 0.07685185185185185
0 0.6216145833333333 0.6328703703703703 0.03697916666666666 0.17314814814814813
0 0.7268229166666667 0.8773148148148147 0.056770833333333326 0.24537037037037038
0 0.6768229166666667 0.8777777777777777 0.06302083333333333 0.24259259259259255
0 0.4627604166666666 0.5675925925925925 0.0234375 0.11296296296296296
0 0.4940104166666666 0.5527777777777777 0.03072916666666666 0.14629629629629629
0 0.4572916666666667 0.5990740740740741 0.03020833333333333 0.14444444444444443
0 0.5651041666666666 0.5824074074074074 0.034375 0.14259259259259258
0 0.5203125 0.5555555555555556 0.026041666666666664 0.13518518518518519
0 0.5406249999999999 0.5550925925925926 0.03229166666666666 0.14537037037037037
0 0.5921875 0.5824074074074074 0.03125 0.14814814814814814
0 0.7669270833333333 0.7046296296296296 0.05260416666666666 0.20555555555555555
5 0.6346354166666666 0.5921296296296296 0.0296875 0.14351851851851852
0 0.775 0.6972222222222222 0.042708333333333334 0.1907407407407407
0 0.8033854166666666 0.6958333333333332 0.0453125 0.18425925925925926
0 0.6869791666666667 0.6754629629629629 0.04583333333333333 0.18055555555555552
0 0.7854166666666667 0.6578703703703703 0.041666666666666664 0.16759259259259257
0 0.80703125 0.6587962962962963 0.03177083333333333 0.16759259259259257
0 0.86875 0.7212962962962963 0.057291666666666664 0.18703703703703703
0 0.8932291666666666 0.7328703703703703 0.0375 0.14351851851851852
0 0.5984375 0.8726851851851851 0.05625 0.25462962962962965
0 0.8346354166666666 0.6518518518518518 0.04114583333333333 0.17222222222222222
0 0.9643229166666666 0.7018518518518518 0.0421875 0.2
0 0.10416666666666666 0.8782407407407407 0.065625 0.24351851851851852
0 0.16380208333333332 0.8912037037037036 0.0546875 0.21944444444444441
0 0.09921875 0.9328703703703702 0.0546875 0.1361111111111111
0 0.19869791666666664 0.8041666666666666 0.0515625 0.20462962962962963
0 0.29244791666666664 0.8240740740740741 0.0734375 0.22037037037037038
0 0.6585937499999999 0.7226851851851851 0.04010416666666666 0.1935185185185185
0 0.82734375 0.7449074074074074 0.05989583333333333 0.2064814814814815
0 0.7380208333333333 0.7347222222222222 0.04791666666666666 0.21203703703703702
0 0.7427083333333333 0.7324074074074074 0.03645833333333333 0.18518518518518517
0 0.7776041666666667 0.7328703703703703 0.046875 0.17685185185185184
0 0.8630208333333332 0.7680555555555555 0.042708333333333334 0.1324074074074074
0 0.9510416666666666 0.7675925925925926 0.04791666666666666 0.1685185185185185
0 0.96328125 0.7574074074074073 0.0421875 0.21296296296296294
0 0.5380208333333333 0.5032407407407408 0.028125 0.10648148148148147
0 0.5075520833333333 0.49907407407407406 0.03177083333333333 0.1259259259259259
0 0.4268229166666666 0.500925925925926 0.0296875 0.1259259259259259
0 0.7869791666666666 0.5726851851851852 0.03229166666666666 0.1398148148148148
0 0.4744791666666666 0.48611111111111105 0.022916666666666665 0.09074074074074073
0 0.4531249999999999 0.48240740740740745 0.026041666666666664 0.10185185185185183
0 0.4104166666666666 0.4731481481481481 0.029166666666666664 0.11296296296296296
0 0.38776041666666666 0.46990740740740733 0.025520833333333333 0.11203703703703702
0 0.4625 0.47175925925925927 0.025 0.10462962962962963
5 0.6963541666666667 0.4819444444444444 0.02395833333333333 0.06574074074074074
0 0.7494791666666666 0.42777777777777776 0.01875 0.07407407407407407
0 0.7552083333333333 0.42824074074074076 0.02708333333333333 0.0824074074074074
5 0.7604166666666667 0.5106481481481481 0.03020833333333333 0.08796296296296295
5 0.5526041666666666 0.4537037037037037 0.026041666666666664 0.11481481481481481
