0 0.25807291666666665 0.6347222222222222 0.05052083333333333 0.16944444444444445
0 0.5640625 0.6430555555555555 0.034375 0.18796296296296294
0 0.5932291666666666 0.6458333333333333 0.034375 0.1787037037037037
5 0.6588541666666667 0.649074074074074 0.03020833333333333 0.1759259259259259
0 0.7364583333333333 0.5203703703703704 0.02395833333333333 0.0962962962962963
5 0.7346354166666667 0.4837962962962963 0.025520833333333333 0.07685185185185185
0 0.6213541666666667 0.6439814814814814 0.03229166666666666 0.1787037037037037
0 0.47135416666666663 0.6458333333333333 0.028125 0.13796296296296295
0 0.5075520833333333 0.6333333333333333 0.03697916666666666 0.1685185185185185
0 0.5916666666666667 0.6773148148148147 0.03958333333333333 0.16574074074074072
0 0.7841145833333333 0.6513888888888889 0.033854166666666664 0.15277777777777776
0 0.6984374999999999 0.6328703703703703 0.029166666666666664 0.1509259259259259
0 0.7364583333333333 0.6287037037037038 0.040625 0.1648148148148148
0 0.821875 0.6532407407407407 0.0375 0.16759259259259257
5 0.6559895833333333 0.6018518518518519 0.027604166666666662 0.14259259259259258
0 0.23932291666666666 0.7861111111111111 0.0484375 0.22962962962962963
0 0.2791666666666667 0.7902777777777776 0.046875 0.20462962962962963
0 0.2645833333333333 0.8486111111111111 0.05625 0.22314814814814815
0 0.13020833333333331 0.8064814814814815 0.03958333333333333 0.20925925925925926
0 0.14166666666666666 0.8810185185185185 0.057291666666666664 0.23796296296296293
0 0.4645833333333333 0.6601851851851852 0.03125 0.17037037037037037
0 0.7736979166666667 0.6763888888888889 0.0390625 0.18425925925925926
0 0.6145833333333333 0.7231481481481481 0.03958333333333333 0.20370370370370366
0 0.6546875 0.7328703703703704 0.0375 0.18425925925925926
0 0.5067708333333333 0.6787037037037036 0.042708333333333334 0.1537037037037037
0 0.7945312499999999 0.7171296296296296 0.03072916666666666 0.11759259259259258
0 0.7674479166666666 0.711574074074074 0.04010416666666666 0.15462962962962962
0 0.8421874999999999 0.7430555555555556 0.04895833333333333 0.21574074074074073
0 0.87890625 0.7453703703703703 0.0421875 0.2074074074074074
0 0.9861979166666666 0.7824074074074074 0.027604166666666662 0.19629629629629627
0 0.7947916666666667 0.699537037037037 0.03958333333333333 0.1787037037037037
0 0.6083333333333333 0.5787037037037037 0.03125 0.13148148148148148
0 0.5786458333333333 0.5666666666666667 0.0375 0.14074074074074075
0 0.4588541666666667 0.5726851851851851 0.03333333333333333 0.14907407407407408
0 0.5427083333333333 0.5944444444444444 0.04479166666666666 0.15740740740740738
0 0.5466145833333333 0.5356481481481481 0.0234375 0.10462962962962963
0 0.5247395833333333 0.5347222222222222 0.0296875 0.12685185185185183
0 0.4984375 0.5212962962962963 0.03125 0.12037037037037038
0 0.4463541666666666 0.5231481481481481 0.03229166666666666 0.11666666666666665
0 0.4140625 0.5208333333333334 0.025 0.11574074074074074
0 0.5236979166666667 0.5060185185185185 0.027604166666666662 0.11574074074074074
0 0.4979166666666667 0.49444444444444446 0.02395833333333333 0.11296296296296296
0 0.4783854166666667 0.4967592592592592 0.025520833333333333 0.1287037037037037
0 0.45859375 0.500462962962963 0.025520833333333333 0.11574074074074074
0 0.4203125 0.4888888888888888 0.02708333333333333 0.11851851851851851
0 0.4661458333333333 0.47777777777777775 0.026041666666666664 0.1074074074074074
0 0.5286458333333333 0.5222222222222223 0.021875 0.1074074074074074
5 0.71875 0.49305555555555547 0.02395833333333333 0.06574074074074074
0 0.4473958333333333 0.47824074074074063 0.026041666666666664 0.12314814814814815
0 0.76171875 0.44074074074074077 0.01927083333333333 0.07407407407407407
0 0.7703125 0.43657407407407406 0.02708333333333333 0.0824074074074074
5 0.7817708333333333 0.523611111111111 0.03020833333333333 0.08796296296296295
5 0.575 0.4662037037037036 0.026041666666666664 0.11018518518518519
