0 0.2421875 0.7837962962962962 0.06354166666666666 0.23425925925925925
0 0.2973958333333333 0.7861111111111111 0.055208333333333325 0.2333333333333333
0 0.3473958333333333 0.7601851851851852 0.042708333333333334 0.2074074074074074
0 0.33046875 0.8736111111111111 0.0609375 0.24722222222222218
0 0.39374999999999993 0.8703703703703705 0.05833333333333333 0.22962962962962963
0 0.66484375 0.6763888888888888 0.04427083333333333 0.19537037037037036
0 0.6690104166666666 0.6800925925925926 0.03697916666666666 0.19537037037037036
5 0.6604166666666667 0.6430555555555555 0.029166666666666664 0.16759259259259257
0 0.8036458333333332 0.5388888888888889 0.028125 0.09259259259259259
5 0.7166666666666666 0.49398148148148147 0.026041666666666664 0.07685185185185185
0 0.64609375 0.662962962962963 0.034895833333333334 0.18148148148148147
0 0.8427083333333334 0.7046296296296296 0.04479166666666666 0.18703703703703703
0 0.7630208333333333 0.7499999999999999 0.04479166666666666 0.20555555555555555
0 0.6984374999999999 0.7555555555555555 0.04479166666666666 0.2074074074074074
0 0.8333333333333334 0.6893518518518519 0.041666666666666664 0.18425925925925926
0 0.446875 0.538425925925926 0.02395833333333333 0.10833333333333332
0 0.47526041666666663 0.5263888888888889 0.03072916666666666 0.12685185185185183
0 0.4333333333333333 0.5634259259259259 0.02708333333333333 0.1287037037037037
0 0.4921875 0.55 0.03125 0.12407407407407407
0 0.4999999999999999 0.5273148148148147 0.026041666666666664 0.12129629629629628
0 0.5447916666666666 0.5305555555555556 0.03125 0.1259259259259259
0 0.5203125 0.5509259259259258 0.03020833333333333 0.12962962962962962
0 0.4888020833333333 0.6467592592592593 0.0453125 0.1824074074074074
5 0.6401041666666666 0.6171296296296296 0.029166666666666664 0.14351851851851852
0 0.5072916666666667 0.6453703703703704 0.03645833333333333 0.17407407407407408
0 0.5440104166666666 0.6416666666666666 0.033854166666666664 0.15925925925925927
0 0.5682291666666666 0.6199074074074074 0.03229166666666666 0.15462962962962962
0 0.59921875 0.6175925925925926 0.034895833333333334 0.15740740740740738
0 0.59921875 0.6027777777777776 0.0296875 0.13518518518518519
0 0.5518229166666667 0.6814814814814815 0.04427083333333333 0.1685185185185185
0 0.5815104166666666 0.6981481481481481 0.0296875 0.12962962962962962
0 0.6520833333333333 0.6976851851851851 0.040625 0.1935185185185185
0 0.6536458333333333 0.7523148148148147 0.04479166666666666 0.21574074074074073
0 0.66796875 0.6050925925925925 0.0296875 0.14351851851851852
0 0.73125 0.6513888888888888 0.0375 0.16759259259259257
0 0.6973958333333333 0.7087962962962963 0.04479166666666666 0.16203703703703703
0 0.014583333333333334 0.9458333333333332 0.028125 0.11018518518518519
0 0.05026041666666666 0.9671296296296296 0.04739583333333333 0.06759259259259259
0 0.615625 0.836111111111111 0.05208333333333333 0.20370370370370366
0 0.7830729166666666 0.8162037037037037 0.0484375 0.21203703703703702
0 0.4546875 0.48657407407407405 0.03958333333333333 0.10462962962962963
0 0.4119791666666667 0.4837962962962963 0.03333333333333333 0.1287037037037037
5 0.70390625 0.5069444444444444 0.0234375 0.06574074074074074
0 0.7151041666666667 0.4629629629629629 0.026041666666666664 0.09074074074074073
0 0.73515625 0.46342592592592596 0.0296875 0.08981481481481482
5 0.7645833333333333 0.5337962962962963 0.03125 0.08796296296296295
5 0.5557291666666667 0.47453703703703703 0.02395833333333333 0.11018518518518519
