0 0.28385416666666663 0.6847222222222222 0.055208333333333325 0.2009259259259259
0 0.34296875 0.6884259259259259 0.04635416666666666 0.21018518518518517
0 0.4169270833333333 0.6819444444444445 0.0359375 0.18425925925925926
0 0.22057291666666665 0.9347222222222221 0.07760416666666667 0.1324074074074074
0 0.30911458333333336 0.9407407407407407 0.058854166666666666 0.12037037037037038
0 0.5348958333333333 0.6226851851851851 0.041666666666666664 0.18055555555555552
0 0.5611979166666666 0.6222222222222221 0.033854166666666664 0.17777777777777776
5 0.6494791666666666 0.6296296296296295 0.028125 0.1685185185185185
0 0.7927083333333333 0.5217592592592593 0.026041666666666664 0.09351851851851851
5 0.7072916666666667 0.47453703703703703 0.026041666666666664 0.07685185185185185
0 0.6234375 0.6462962962962963 0.0375 0.17962962962962964
0 0.7341145833333333 0.849537037037037 0.049479166666666664 0.24722222222222218
0 0.6830729166666666 0.8444444444444444 0.05572916666666666 0.24814814814814815
0 0.4580729166666666 0.5611111111111111 0.0234375 0.11296296296296296
0 0.4880208333333333 0.5444444444444445 0.03125 0.14629629629629629
0 0.4471354166666666 0.5916666666666666 0.0296875 0.14259259259259258
0 0.5343749999999999 0.575462962962963 0.03229166666666666 0.14537037037037037
0 0.5122395833333333 0.548148148148148 0.025520833333333333 0.13518518518518519
0 0.5346354166666667 0.548611111111111 0.028645833333333332 0.14166666666666666
0 0.5627604166666667 0.5717592592592593 0.033854166666666664 0.13796296296296295
0 0.6565104166666667 0.6990740740740741 0.04739583333333333 0.19814814814814813
5 0.6283854166666666 0.5986111111111111 0.0296875 0.14351851851851852
0 0.6825520833333333 0.6907407407407407 0.0421875 0.1907407407407407
0 0.7052083333333333 0.6893518518518518 0.042708333333333334 0.17314814814814813
0 0.5979166666666667 0.6666666666666666 0.05208333333333333 0.1759259259259259
0 0.7505208333333333 0.649537037037037 0.03645833333333333 0.17129629629629628
0 0.7674479166666666 0.6435185185185185 0.03072916666666666 0.15740740740740738
0 0.7791666666666666 0.7129629629629629 0.057291666666666664 0.18518518518518517
0 0.8036458333333332 0.7240740740740741 0.03333333333333333 0.14074074074074075
0 0.8984374999999998 0.7152777777777778 0.06145833333333332 0.19907407407407407
0 0.6143229166666666 0.8462962962962963 0.0546875 0.2611111111111111
0 0.7997395833333333 0.6449074074074075 0.04010416666666666 0.17129629629629628
0 0.8739583333333332 0.6953703703703703 0.046875 0.19814814814814813
0 0.9677083333333332 0.7254629629629629 0.046875 0.175
0 0.06640625 0.8935185185185185 0.0578125 0.2111111111111111
0 0.1171875 0.9083333333333332 0.055208333333333325 0.18518518518518517
0 0.06197916666666666 0.9569444444444443 0.05416666666666666 0.08611111111111111
0 0.26432291666666663 0.812962962962963 0.05052083333333333 0.20370370370370366
0 0.4080729166666666 0.825925925925926 0.058854166666666666 0.22962962962962963
0 0.7309895833333333 0.7592592592592592 0.0421875 0.20925925925925926
0 0.9182291666666667 0.7546296296296295 0.040625 0.20925925925925926
0 0.8161458333333332 0.7518518518518518 0.053125 0.21296296296296294
0 0.8145833333333332 0.7472222222222221 0.04375 0.19629629629629627
0 0.8533854166666666 0.7421296296296296 0.0484375 0.17314814814814813
0 0.9453124999999998 0.7800925925925926 0.042708333333333334 0.1324074074074074
0 0.5117187499999999 0.5032407407407408 0.033854166666666664 0.10648148148148147
0 0.4864583333333333 0.4967592592592592 0.03229166666666666 0.12314814814814815
0 0.4125 0.49444444444444446 0.03020833333333333 0.1259259259259259
0 0.8276041666666666 0.5611111111111111 0.03125 0.14074074074074075
0 0.4369791666666666 0.4879629629629629 0.025 0.09074074074074073
0 0.42109375 0.4768518518518518 0.025520833333333333 0.10185185185185183
0 0.4239583333333333 0.4837962962962963 0.025 0.11203703703703702
5 0.6916666666666667 0.48472222222222217 0.02395833333333333 0.06574074074074074
0 0.7447916666666666 0.43611111111111106 0.01875 0.07407407407407407
0 0.7539062499999999 0.43611111111111106 0.027604166666666662 0.08518518518518518
5 0.7541666666666667 0.5152777777777777 0.03020833333333333 0.08796296296296295
5 0.5424479166666666 0.4606481481481481 0.0234375 0.11018518518518519
