0 0.28671874999999997 0.6796296296296295 0.05260416666666667 0.19814814814814813
0 0.3432291666666667 0.6805555555555555 0.04479166666666667 0.20740740740740737
0 0.4255208333333333 0.6712962962962962 0.03854166666666667 0.18148148148148147
0 0.20390625 0.9439814814814814 0.07760416666666667 0.11388888888888889
0 0.3015625 0.9467592592592592 0.06458333333333334 0.10833333333333334
0 0.5307291666666667 0.6185185185185185 0.040625 0.1796296296296296
0 0.55859375 0.6175925925925926 0.033854166666666664 0.17407407407407408
0 0.6515625 0.6268518518518519 0.028125 0.1685185185185185
0 0.79375 0.5175925925925926 0.025 0.09259259259259259
0 0.7083333333333334 0.4726851851851851 0.026041666666666668 0.07685185185185185
0 0.6231770833333334 0.6421296296296295 0.03697916666666667 0.1787037037037037
0 0.7338541666666667 0.8611111111111109 0.052083333333333336 0.2537037037037037
0 0.6783854166666666 0.8555555555555555 0.059895833333333336 0.24814814814814812
0 0.4596354166666667 0.5629629629629629 0.0234375 0.11296296296296296
0 0.4895833333333333 0.5453703703703704 0.03125 0.14629629629629629
0 0.45104166666666673 0.5949074074074073 0.030208333333333334 0.14351851851851852
0 0.5403645833333334 0.5768518518518518 0.033854166666666664 0.14629629629629629
0 0.5135416666666667 0.5509259259259259 0.026041666666666668 0.13518518518518519
0 0.5346354166666667 0.549074074074074 0.029687500000000002 0.14259259259259258
0 0.5716145833333334 0.5745370370370371 0.0328125 0.14166666666666666
0 0.6901041666666666 0.6999999999999998 0.04583333333333334 0.20555555555555555
0 0.6299479166666667 0.5967592592592593 0.029687500000000002 0.14351851851851852
0 0.7117187500000001 0.6925925925925925 0.0421875 0.19074074074074074
0 0.7330729166666666 0.6888888888888889 0.0421875 0.17777777777777776
0 0.6229166666666667 0.6675925925925926 0.042708333333333334 0.17592592592592593
0 0.7653645833333333 0.6532407407407407 0.0390625 0.17129629629629628
0 0.7791666666666667 0.6472222222222221 0.03125 0.16296296296296295
0 0.7989583333333333 0.7157407407407407 0.051041666666666666 0.18518518518518517
0 0.8296875 0.7263888888888889 0.035416666666666666 0.1398148148148148
0 0.9330729166666667 0.7143518518518518 0.0609375 0.19907407407407407
0 0.6078125 0.8546296296296295 0.05625 0.26296296296296295
0 0.8122395833333335 0.6449074074074074 0.04010416666666666 0.17129629629629628
0 0.8934895833333334 0.6986111111111111 0.04635416666666667 0.19722222222222222
0 0.07604166666666667 0.8879629629629628 0.058333333333333334 0.2222222222222222
0 0.13125 0.9027777777777778 0.05520833333333334 0.19629629629629627
0 0.07265624999999999 0.95 0.0546875 0.1
0 0.24036458333333335 0.8120370370370369 0.04739583333333334 0.2037037037037037
0 0.37213541666666666 0.8268518518518518 0.06197916666666667 0.22592592592592592
0 0.7091145833333334 0.7486111111111111 0.04010416666666666 0.2046296296296296
0 0.890625 0.7504629629629629 0.04895833333333334 0.20648148148148146
0 0.7963541666666667 0.7425925925925925 0.05 0.21296296296296294
0 0.79453125 0.7379629629629628 0.043229166666666666 0.19629629629629627
0 0.8302083333333333 0.7384259259259258 0.04583333333333334 0.17314814814814813
0 0.9218750000000001 0.7782407407407407 0.042708333333333334 0.1324074074074074
0 0.5192708333333333 0.5023148148148148 0.03229166666666667 0.10648148148148147
0 0.49375 0.4949074074074074 0.03229166666666667 0.12314814814814815
0 0.41640625 0.4962962962962963 0.029687500000000002 0.1259259259259259
0 0.8184895833333333 0.5648148148148148 0.03072916666666667 0.14074074074074075
0 0.4473958333333333 0.48796296296296293 0.02395833333333333 0.09074074074074073
0 0.4322916666666667 0.4768518518518518 0.026041666666666668 0.10185185185185185
0 0.3875 0.46898148148148144 0.029166666666666667 0.10833333333333334
0 0.434375 0.48009259259259257 0.025 0.11203703703703702
0 0.6927083333333334 0.4837962962962962 0.02395833333333333 0.06574074074074074
0 0.7468750000000001 0.4333333333333333 0.01875 0.07407407407407408
0 0.7557291666666667 0.4305555555555555 0.027083333333333334 0.08333333333333333
0 0.75625 0.5125 0.030208333333333334 0.08796296296296297
0 0.54453125 0.45787037037037037 0.0234375 0.11018518518518518
