0 0.2869791666666667 0.6606481481481482 0.053125 0.19537037037037036
0 0.34322916666666664 0.6662037037037037 0.04479166666666666 0.2064814814814815
0 0.4309895833333333 0.6615740740740741 0.0359375 0.1824074074074074
0 0.19322916666666665 0.9560185185185185 0.065625 0.08796296296296295
0 0.28463541666666664 0.961111111111111 0.0734375 0.07962962962962963
0 0.5309895833333333 0.6129629629629629 0.03802083333333333 0.17962962962962964
0 0.5604166666666666 0.6124999999999999 0.034375 0.17314814814814813
5 0.6536458333333333 0.6231481481481481 0.028125 0.1685185185185185
0 0.79375 0.5111111111111111 0.02395833333333333 0.09259259259259259
5 0.7109374999999999 0.4708333333333333 0.026041666666666664 0.07685185185185185
0 0.621875 0.6347222222222222 0.03645833333333333 0.175
0 0.7307291666666667 0.8726851851851851 0.053125 0.25462962962962965
0 0.6765625 0.8731481481481481 0.06145833333333332 0.24814814814814815
0 0.46171875 0.5648148148148148 0.0234375 0.11296296296296296
0 0.4940104166666667 0.5518518518518519 0.028645833333333332 0.14629629629629629
0 0.4541666666666667 0.5967592592592592 0.03020833333333333 0.14351851851851852
0 0.5578125 0.5805555555555555 0.034375 0.14444444444444443
0 0.5177083333333333 0.5546296296296296 0.026041666666666664 0.13518518518518519
0 0.5361979166666667 0.5513888888888889 0.03177083333333333 0.14537037037037037
0 0.5869791666666666 0.5800925925925926 0.03125 0.1472222222222222
0 0.7424479166666667 0.7027777777777777 0.05364583333333332 0.20555555555555555
5 0.6330729166666667 0.5930555555555556 0.0296875 0.14351851851851852
0 0.7578125 0.6958333333333333 0.042708333333333334 0.18981481481481483
0 0.7859375 0.6949074074074074 0.04791666666666666 0.18425925925925926
0 0.6700520833333333 0.674537037037037 0.0515625 0.18055555555555552
0 0.7817708333333333 0.6560185185185186 0.041666666666666664 0.16759259259259257
0 0.7997395833333333 0.6550925925925926 0.03177083333333333 0.16759259259259257
0 0.8497395833333334 0.7175925925925926 0.05572916666666666 0.18518518518518517
0 0.8765625 0.7287037037037036 0.0375 0.14074074074074075
0 0.6005208333333333 0.8680555555555556 0.05625 0.2583333333333333
0 0.8302083333333332 0.649537037037037 0.040625 0.17129629629629628
0 0.9408854166666666 0.7023148148148147 0.0453125 0.19722222222222222
0 0.09661458333333332 0.8810185185185185 0.06302083333333333 0.23796296296296293
0 0.15598958333333332 0.8949074074074073 0.0546875 0.21203703703703702
0 0.09114583333333333 0.937962962962963 0.055208333333333325 0.1259259259259259
0 0.20703125 0.8060185185185185 0.056770833333333326 0.20462962962962963
0 0.31302083333333336 0.8185185185185185 0.06354166666666666 0.22037037037037038
0 0.6692708333333333 0.7282407407407407 0.040625 0.1935185185185185
0 0.8453125 0.7449074074074074 0.053125 0.2064814814814815
0 0.7541666666666667 0.736111111111111 0.04583333333333333 0.2111111111111111
0 0.75625 0.7342592592592593 0.03645833333333333 0.18888888888888888
0 0.7924479166666666 0.735648148148148 0.04635416666666666 0.175
0 0.8796874999999998 0.7689814814814815 0.042708333333333334 0.1324074074074074
0 0.9677083333333334 0.7708333333333333 0.04791666666666666 0.16574074074074072
0 0.9768229166666667 0.7509259259259259 0.0453125 0.2111111111111111
0 0.5333333333333333 0.500462962962963 0.028125 0.10648148148148147
0 0.5044270833333333 0.49675925925925923 0.03177083333333333 0.125
0 0.4236979166666666 0.49907407407407406 0.0296875 0.1259259259259259
0 0.7971354166666667 0.5717592592592593 0.03177083333333333 0.1398148148148148
0 0.4682291666666666 0.48425925925925917 0.022916666666666665 0.09074074074074073
0 0.44843749999999993 0.4796296296296297 0.026041666666666664 0.10185185185185183
0 0.4036458333333333 0.47129629629629627 0.029166666666666664 0.11296296296296296
0 0.4546875 0.4726851851851852 0.025 0.10648148148148147
5 0.6953125 0.48287037037037034 0.02395833333333333 0.06574074074074074
0 0.75 0.4287037037037037 0.01875 0.07407407407407407
0 0.7557291666666667 0.42824074074074076 0.02708333333333333 0.0824074074074074
5 0.7598958333333333 0.5106481481481481 0.03020833333333333 0.08796296296296295
5 0.5502604166666666 0.4546296296296296 0.024479166666666666 0.11111111111111112
