0 0.23619791666666665 0.8087962962962962 0.06302083333333333 0.2398148148148148
0 0.29374999999999996 0.8185185185185185 0.055208333333333325 0.2462962962962963
0 0.3372395833333333 0.7824074074074074 0.04427083333333333 0.20925925925925926
0 0.3442708333333333 0.8578703703703703 0.055208333333333325 0.23796296296296293
0 0.403125 0.860648148148148 0.05833333333333333 0.22314814814814815
0 0.6973958333333333 0.6930555555555555 0.04583333333333333 0.1935185185185185
0 0.6973958333333333 0.6907407407407407 0.03645833333333333 0.1925925925925926
5 0.6640625 0.6527777777777778 0.03020833333333333 0.1685185185185185
0 0.8065104166666666 0.5509259259259258 0.027604166666666662 0.09259259259259259
5 0.7218749999999999 0.5018518518518518 0.026041666666666664 0.07592592592592592
0 0.6546875 0.6768518518518518 0.03333333333333333 0.18148148148148147
0 0.8364583333333332 0.7092592592592591 0.03958333333333333 0.18518518518518517
0 0.75625 0.7462962962962962 0.04375 0.20185185185185187
0 0.6919270833333333 0.7481481481481481 0.05260416666666666 0.2
0 0.8278645833333333 0.6907407407407408 0.04010416666666666 0.18333333333333332
0 0.4458333333333333 0.5393518518518519 0.02395833333333333 0.10648148148148147
0 0.4755208333333333 0.5273148148148148 0.03020833333333333 0.12685185185185183
0 0.4338541666666667 0.5662037037037038 0.02708333333333333 0.12685185185185183
0 0.4877604166666666 0.5518518518518518 0.0296875 0.12407407407407407
0 0.4989583333333333 0.5310185185185186 0.026041666666666664 0.11759259259259258
0 0.5416666666666666 0.5333333333333333 0.03125 0.1259259259259259
0 0.5161458333333333 0.5564814814814814 0.03020833333333333 0.12962962962962962
0 0.4765624999999999 0.6449074074074074 0.05416666666666666 0.1824074074074074
5 0.6447916666666667 0.6254629629629629 0.029166666666666664 0.14351851851851852
0 0.5036458333333333 0.6416666666666666 0.03854166666666666 0.17222222222222222
0 0.5377604166666666 0.6370370370370371 0.033854166666666664 0.15185185185185185
0 0.5661458333333333 0.6217592592592592 0.03229166666666666 0.1509259259259259
0 0.5916666666666666 0.6175925925925926 0.03125 0.15740740740740738
0 0.5838541666666666 0.6023148148148147 0.029166666666666664 0.12685185185185183
0 0.5408854166666667 0.6787037037037036 0.04427083333333333 0.1685185185185185
0 0.5713541666666666 0.6986111111111111 0.03229166666666666 0.1287037037037037
0 0.6270833333333333 0.7018518518518518 0.040625 0.1925925925925926
0 0.6447916666666667 0.7476851851851851 0.04791666666666666 0.2064814814814815
0 0.6411458333333333 0.6078703703703703 0.029166666666666664 0.14351851851851852
0 0.70859375 0.6578703703703703 0.0359375 0.16759259259259257
0 0.6710937499999999 0.7120370370370369 0.03697916666666666 0.17222222222222222
0 0.011197916666666665 0.9560185185185185 0.021354166666666667 0.08796296296296295
0 0.04375 0.9810185185185185 0.034375 0.03981481481481482
0 0.68046875 0.8462962962962962 0.0609375 0.20370370370370366
0 0.8408854166666666 0.825 0.06302083333333333 0.21296296296296294
0 0.4343749999999999 0.49490740740740735 0.026041666666666664 0.10462962962962963
0 0.39895833333333336 0.4851851851851851 0.026041666666666664 0.12407407407407407
5 0.7083333333333333 0.5162037037037036 0.02395833333333333 0.06574074074074074
0 0.7072916666666667 0.47407407407407404 0.026041666666666664 0.09074074074074073
0 0.7309895833333333 0.47361111111111115 0.0296875 0.08981481481481482
5 0.7671875 0.5430555555555555 0.03125 0.08796296296296295
5 0.5598958333333333 0.48749999999999993 0.02395833333333333 0.11018518518518519
