0 0.24375 0.7763888888888889 0.06354166666666666 0.23425925925925925
0 0.29765625 0.7782407407407407 0.0546875 0.23055555555555554
0 0.34791666666666665 0.7541666666666667 0.041666666666666664 0.20462962962962963
0 0.3265625 0.8777777777777777 0.06145833333333332 0.2462962962962963
0 0.3924479166666667 0.875462962962963 0.058854166666666666 0.23055555555555554
0 0.65703125 0.673611111111111 0.04427083333333333 0.19537037037037036
0 0.6611979166666666 0.674074074074074 0.03697916666666666 0.19444444444444445
5 0.6588541666666666 0.6412037037037036 0.028125 0.16759259259259257
0 0.8020833333333333 0.5361111111111111 0.028125 0.09259259259259259
5 0.7145833333333333 0.4912037037037037 0.026041666666666664 0.07685185185185185
0 0.64453125 0.6583333333333333 0.034895833333333334 0.18148148148148147
0 0.846875 0.7050925925925926 0.04791666666666666 0.18796296296296294
0 0.76015625 0.7509259259259259 0.04427083333333333 0.2074074074074074
0 0.7028645833333333 0.7574074074074073 0.0484375 0.2074074074074074
0 0.83359375 0.6912037037037037 0.0421875 0.18425925925925926
0 0.446875 0.538888888888889 0.02395833333333333 0.10925925925925925
0 0.475 0.5259259259259259 0.03125 0.12777777777777777
0 0.4322916666666667 0.5634259259259259 0.02708333333333333 0.1287037037037037
0 0.49375 0.55 0.03125 0.12407407407407407
0 0.4999999999999999 0.5291666666666666 0.026041666666666664 0.12129629629629628
0 0.5455729166666667 0.5296296296296296 0.03177083333333333 0.1259259259259259
0 0.521875 0.549074074074074 0.03020833333333333 0.12962962962962962
0 0.4916666666666666 0.649074074074074 0.04479166666666666 0.18333333333333332
5 0.6390624999999999 0.6152777777777778 0.029166666666666664 0.14351851851851852
0 0.5098958333333333 0.65 0.03645833333333333 0.17407407407407408
0 0.5466145833333333 0.6444444444444445 0.033854166666666664 0.16296296296296295
0 0.5638020833333333 0.6185185185185185 0.03177083333333333 0.1537037037037037
0 0.6028645833333333 0.6194444444444445 0.034895833333333334 0.15740740740740738
0 0.6036458333333333 0.6055555555555555 0.03020833333333333 0.14259259259259258
0 0.5575520833333333 0.6837962962962962 0.04427083333333333 0.16944444444444445
0 0.5856770833333333 0.6990740740740741 0.028645833333333332 0.12962962962962962
0 0.659375 0.700462962962963 0.040625 0.19537037037037036
0 0.6541666666666666 0.7541666666666667 0.04479166666666666 0.21944444444444441
0 0.6755208333333333 0.6060185185185185 0.029166666666666664 0.14351851851851852
0 0.7390625 0.648611111111111 0.0375 0.16759259259259257
0 0.7140625 0.7101851851851851 0.04375 0.16296296296296295
0 0.015885416666666666 0.9453703703703702 0.03072916666666666 0.11111111111111112
0 0.051041666666666666 0.9634259259259259 0.051041666666666666 0.075
0 0.5919270833333333 0.8342592592592591 0.058854166666666666 0.20370370370370366
0 0.7596354166666666 0.8189814814814815 0.06197916666666666 0.21574074074074073
0 0.45572916666666663 0.48703703703703694 0.03229166666666666 0.1037037037037037
0 0.4166666666666667 0.4828703703703704 0.03333333333333333 0.12685185185185183
5 0.7028645833333333 0.5032407407407407 0.0234375 0.06574074074074074
0 0.7166666666666666 0.46018518518518514 0.026041666666666664 0.09074074074074073
0 0.7364583333333333 0.4606481481481482 0.03020833333333333 0.08981481481481482
5 0.7632812499999999 0.5310185185185186 0.03072916666666666 0.08796296296296295
5 0.5536458333333333 0.47453703703703703 0.02395833333333333 0.11018518518518519
