0 0.5682291666666666 0.6726851851851852 0.0375 0.19907407407407407
0 0.5898437499999999 0.6837962962962962 0.04010416666666666 0.19722222222222222
5 0.6567708333333333 0.6458333333333333 0.03333333333333333 0.17685185185185184
0 0.74375 0.5157407407407407 0.02395833333333333 0.0962962962962963
5 0.7502604166666667 0.47824074074074074 0.025520833333333333 0.07685185185185185
0 0.5947916666666666 0.6481481481481481 0.0375 0.17407407407407408
0 0.5177083333333333 0.6837962962962962 0.02708333333333333 0.1509259259259259
0 0.5817708333333333 0.6615740740740741 0.055208333333333325 0.18055555555555552
0 0.7083333333333333 0.7074074074074074 0.0375 0.1759259259259259
0 0.8640625 0.6893518518518518 0.0375 0.1787037037037037
0 0.8624999999999998 0.6574074074074074 0.03020833333333333 0.15185185185185185
0 0.8541666666666666 0.6523148148148148 0.03854166666666666 0.16759259259259257
0 0.8958333333333333 0.6861111111111111 0.0375 0.18333333333333332
5 0.66875 0.6041666666666666 0.02708333333333333 0.14351851851851852
0 0.28541666666666665 0.7439814814814814 0.04479166666666666 0.21018518518518517
0 0.32343749999999993 0.7472222222222222 0.042708333333333334 0.19444444444444445
0 0.32187499999999997 0.7902777777777776 0.05208333333333333 0.20277777777777778
0 0.21015625 0.7657407407407406 0.04427083333333333 0.1925925925925926
0 0.09973958333333333 0.924537037037037 0.0671875 0.15277777777777776
0 0.4466145833333333 0.6208333333333333 0.033854166666666664 0.16018518518518518
0 0.7591145833333333 0.6453703703703704 0.033854166666666664 0.18148148148148147
0 0.6559895833333333 0.7254629629629629 0.049479166666666664 0.20462962962962963
0 0.68203125 0.7407407407407407 0.0421875 0.18703703703703703
0 0.4067708333333333 0.6435185185185184 0.042708333333333334 0.14814814814814814
0 0.79296875 0.6837962962962962 0.0296875 0.11759259259259258
0 0.7854166666666667 0.6726851851851852 0.035416666666666666 0.14537037037037037
0 0.834375 0.7041666666666666 0.046875 0.2009259259259259
0 0.8388020833333332 0.7027777777777777 0.04114583333333333 0.20185185185185187
0 0.8330729166666666 0.724537037037037 0.05364583333333332 0.20462962962962963
0 0.8119791666666666 0.6680555555555554 0.03645833333333333 0.1787037037037037
0 0.8807291666666666 0.7324074074074074 0.042708333333333334 0.18888888888888888
0 0.6494791666666666 0.5967592592592592 0.03229166666666666 0.1324074074074074
0 0.63203125 0.5967592592592592 0.03802083333333333 0.16018518518518518
0 0.4763020833333333 0.6087962962962962 0.034895833333333334 0.16018518518518518
0 0.4432291666666666 0.5736111111111111 0.04375 0.15648148148148147
0 0.5815104166666666 0.5601851851851851 0.027604166666666662 0.1037037037037037
0 0.5447916666666667 0.5560185185185185 0.03020833333333333 0.12685185185185183
0 0.5138020833333333 0.5347222222222221 0.03177083333333333 0.1287037037037037
0 0.4580729166666666 0.5425925925925925 0.0328125 0.12037037037037038
0 0.421875 0.5393518518518519 0.025 0.12685185185185183
0 0.5609375 0.5199074074074075 0.028125 0.11574074074074074
0 0.5315104166666667 0.5180555555555555 0.027604166666666662 0.12129629629629628
0 0.5151041666666666 0.5111111111111111 0.026041666666666664 0.12962962962962962
0 0.4906249999999999 0.5175925925925926 0.026041666666666664 0.12037037037037038
0 0.4270833333333333 0.5106481481481481 0.028125 0.11574074074074074
0 0.5335937499999999 0.4916666666666667 0.027604166666666662 0.1074074074074074
0 0.4598958333333333 0.4925925925925926 0.03020833333333333 0.12037037037037038
0 0.4476562499999999 0.47453703703703703 0.021354166666666667 0.09907407407407406
0 0.4390624999999999 0.48009259259259257 0.026041666666666664 0.10462962962962963
0 0.5429687499999999 0.5407407407407407 0.021354166666666667 0.1074074074074074
5 0.7276041666666667 0.48749999999999993 0.02395833333333333 0.06574074074074074
0 0.5161458333333333 0.49444444444444435 0.026041666666666664 0.12407407407407407
0 0.7739583333333333 0.4416666666666666 0.019791666666666666 0.07407407407407407
0 0.7864583333333333 0.44027777777777777 0.02708333333333333 0.0824074074074074
5 0.78828125 0.5180555555555555 0.0296875 0.08796296296296295
5 0.5838541666666666 0.46342592592592585 0.026041666666666664 0.11018518518518519
