0 0.5687500000000001 0.6467592592592591 0.034374999999999996 0.18796296296296294
0 0.6026041666666666 0.6523148148148148 0.034374999999999996 0.1824074074074074
0 0.6630208333333334 0.6481481481481481 0.030208333333333334 0.17592592592592593
0 0.7395833333333334 0.5203703703703704 0.02395833333333333 0.0962962962962963
0 0.7388020833333334 0.48287037037037034 0.025520833333333333 0.07685185185185185
0 0.6250000000000001 0.6458333333333334 0.03229166666666667 0.1787037037037037
0 0.4901041666666667 0.6546296296296296 0.028125 0.13888888888888887
0 0.5226562499999999 0.6402777777777777 0.035937500000000004 0.17129629629629628
0 0.6161458333333334 0.686574074074074 0.041666666666666664 0.16574074074074074
0 0.8109375 0.6643518518518519 0.035416666666666666 0.16203703703703703
0 0.7393229166666667 0.6402777777777777 0.029687500000000002 0.15092592592592594
0 0.7700520833333334 0.637962962962963 0.04010416666666666 0.16666666666666666
0 0.8442708333333334 0.663425925925926 0.0375 0.1675925925925926
0 0.6588541666666669 0.6023148148148147 0.027083333333333334 0.14351851851851852
0 0.25286458333333334 0.7754629629629629 0.04739583333333334 0.22314814814814812
0 0.2947916666666667 0.7847222222222221 0.042708333333333334 0.2046296296296296
0 0.28046875000000004 0.8337962962962961 0.05677083333333334 0.22129629629629627
0 0.15703125 0.8013888888888889 0.04010416666666666 0.21018518518518517
0 0.14322916666666666 0.8925925925925925 0.0625 0.21666666666666667
0 0.4549479166666667 0.6550925925925927 0.033854166666666664 0.1675925925925926
0 0.7744791666666666 0.6712962962962963 0.035416666666666666 0.18518518518518517
0 0.6179687500000001 0.7240740740740741 0.04010416666666666 0.2037037037037037
0 0.6557291666666667 0.7379629629629629 0.0375 0.18518518518518517
0 0.4817708333333333 0.6708333333333333 0.040625 0.15648148148148147
0 0.7924479166666667 0.7097222222222221 0.029687500000000002 0.1175925925925926
0 0.7778645833333334 0.6990740740740741 0.035937500000000004 0.1537037037037037
0 0.82734375 0.7351851851851852 0.04739583333333334 0.21296296296296294
0 0.865625 0.7351851851851852 0.041666666666666664 0.20185185185185184
0 0.9544270833333334 0.7712962962962961 0.06197916666666667 0.21296296296296294
0 0.8031250000000001 0.6939814814814814 0.0375 0.1787037037037037
0 0.98359375 0.7722222222222221 0.028645833333333332 0.19629629629629627
0 0.6171875000000001 0.586111111111111 0.03229166666666667 0.13148148148148148
0 0.5901041666666667 0.5768518518518518 0.0375 0.14629629629629629
0 0.4598958333333333 0.5800925925925926 0.03333333333333333 0.14907407407407408
0 0.5229166666666667 0.5921296296296297 0.04479166666666667 0.15648148148148147
0 0.5572916666666666 0.5449074074074074 0.02291666666666667 0.10462962962962963
0 0.534375 0.5439814814814814 0.030208333333333334 0.12685185185185185
0 0.5044270833333334 0.5268518518518518 0.03177083333333333 0.12037037037037036
0 0.45182291666666674 0.5296296296296297 0.03177083333333333 0.11851851851851851
0 0.4145833333333333 0.5254629629629629 0.026041666666666668 0.11944444444444444
0 0.53515625 0.5106481481481481 0.02760416666666667 0.11574074074074073
0 0.5104166666666667 0.5027777777777778 0.02395833333333333 0.11296296296296296
0 0.4901041666666667 0.5027777777777778 0.026041666666666668 0.12962962962962962
0 0.4713541666666667 0.5069444444444444 0.026041666666666668 0.11944444444444444
0 0.4260416666666667 0.4949074074074074 0.027083333333333334 0.1175925925925926
0 0.48671875 0.48148148148148145 0.025520833333333333 0.1074074074074074
0 0.41979166666666673 0.46527777777777773 0.02395833333333333 0.09166666666666666
0 0.5328125 0.5259259259259259 0.021875000000000002 0.1074074074074074
0 0.7223958333333335 0.4912037037037037 0.02395833333333333 0.06574074074074074
0 0.46588541666666666 0.4842592592592592 0.025520833333333333 0.12407407407407406
0 0.7658854166666667 0.44259259259259254 0.019270833333333334 0.07407407407407408
0 0.7739583333333334 0.43749999999999994 0.027083333333333334 0.0824074074074074
0 0.7864583333333334 0.524537037037037 0.030208333333333334 0.08796296296296297
0 0.5807291666666666 0.4671296296296296 0.026041666666666668 0.11018518518518518
