0 0.20703125 0.875462962962963 0.0671875 0.2509259259259259
0 0.2625 0.874074074074074 0.059375 0.25
0 0.28854166666666664 0.8444444444444443 0.051041666666666666 0.22407407407407404
0 0.37213541666666666 0.8245370370370371 0.056770833333333326 0.22314814814814815
0 0.41484375 0.8268518518518517 0.0515625 0.20185185185185187
0 0.7734374999999999 0.7379629629629629 0.04791666666666666 0.20925925925925926
0 0.7869791666666667 0.7300925925925925 0.042708333333333334 0.20277777777777778
5 0.6640625 0.675 0.03020833333333333 0.1685185185185185
0 0.8059895833333334 0.5712962962962963 0.027604166666666662 0.09259259259259259
5 0.7205729166666666 0.513425925925926 0.027604166666666662 0.07685185185185185
0 0.7127604166666666 0.711111111111111 0.0421875 0.18148148148148147
0 0.8218749999999998 0.7078703703703704 0.042708333333333334 0.1787037037037037
0 0.6953124999999999 0.735648148148148 0.041666666666666664 0.1935185185185185
0 0.6221354166666666 0.7287037037037036 0.0390625 0.1907407407407407
0 0.7934895833333333 0.6810185185185185 0.04010416666666666 0.16574074074074072
0 0.4369791666666667 0.5421296296296296 0.02395833333333333 0.09907407407407406
0 0.4627604166666667 0.5226851851851851 0.025520833333333333 0.11203703703703702
0 0.4317708333333333 0.5666666666666667 0.026041666666666664 0.12407407407407407
0 0.46015624999999993 0.5532407407407407 0.03072916666666666 0.12314814814814815
0 0.4830729166666667 0.5287037037037037 0.025520833333333333 0.11296296296296296
0 0.5205729166666666 0.5342592592592592 0.0296875 0.1222222222222222
0 0.4888020833333333 0.5532407407407407 0.0296875 0.1287037037037037
0 0.45546875 0.6342592592592593 0.034895833333333334 0.17407407407407408
5 0.6466145833333333 0.6393518518518518 0.0296875 0.14351851851851852
0 0.4838541666666666 0.6365740740740741 0.03125 0.16203703703703703
0 0.5143229166666667 0.6361111111111111 0.03177083333333333 0.14629629629629629
0 0.5393229166666667 0.6129629629629629 0.03177083333333333 0.13518518518518519
0 0.5700520833333333 0.6092592592592592 0.0328125 0.13518518518518519
0 0.5614583333333333 0.6023148148148147 0.02708333333333333 0.12685185185185183
0 0.52109375 0.662037037037037 0.0421875 0.15740740740740738
0 0.5479166666666667 0.6796296296296296 0.02708333333333333 0.12962962962962962
0 0.5713541666666666 0.6884259259259259 0.03854166666666666 0.1787037037037037
0 0.58671875 0.736111111111111 0.04010416666666666 0.19814814814814813
0 0.596875 0.6064814814814815 0.03020833333333333 0.14074074074074075
0 0.6354166666666666 0.6481481481481481 0.03229166666666666 0.1685185185185185
0 0.6138020833333333 0.6986111111111111 0.03802083333333333 0.15833333333333333
0 0.8559895833333332 0.8685185185185185 0.0640625 0.20370370370370366
0 0.9854166666666666 0.8388888888888889 0.03020833333333333 0.20925925925925926
5 0.7065104166666666 0.5337962962962962 0.0234375 0.06574074074074074
0 0.6763020833333333 0.49074074074074064 0.0265625 0.09074074074074073
0 0.7046875 0.4884259259259259 0.03020833333333333 0.09166666666666666
5 0.7705729166666667 0.5625 0.03177083333333333 0.08796296296296295
5 0.5638020833333333 0.5041666666666667 0.0234375 0.11018518518518519
