0 0.22786458333333331 0.8486111111111111 0.06302083333333333 0.24907407407407406
0 0.28515625 0.8532407407407409 0.0546875 0.2564814814814815
0 0.3223958333333333 0.8143518518518519 0.04583333333333333 0.21759259259259256
0 0.36276041666666664 0.850462962962963 0.0546875 0.23425925925925925
0 0.4049479166666667 0.8546296296296296 0.056770833333333326 0.21666666666666665
0 0.725 0.7180555555555556 0.04583333333333333 0.2009259259259259
0 0.7369791666666667 0.712962962962963 0.042708333333333334 0.19629629629629627
5 0.6658854166666666 0.6712962962962963 0.0296875 0.1685185185185185
0 0.80703125 0.5611111111111111 0.027604166666666662 0.09259259259259259
5 0.7221354166666666 0.5115740740740741 0.0265625 0.07685185185185185
0 0.6757812499999999 0.6986111111111111 0.03697916666666666 0.1824074074074074
0 0.8312499999999998 0.7152777777777777 0.03958333333333333 0.18425925925925926
0 0.7395833333333333 0.7462962962962962 0.04895833333333333 0.19814814814814813
0 0.6684895833333333 0.749537037037037 0.04427083333333333 0.19537037037037036
0 0.8138020833333334 0.6967592592592593 0.04010416666666666 0.175
0 0.4453125 0.5476851851851852 0.02395833333333333 0.10648148148148147
0 0.4729166666666666 0.5319444444444443 0.029166666666666664 0.11759259259259258
0 0.4354166666666667 0.5736111111111111 0.02708333333333333 0.12314814814814815
0 0.4794270833333333 0.5638888888888889 0.03177083333333333 0.12407407407407407
0 0.49479166666666663 0.5351851851851852 0.026041666666666664 0.11296296296296296
0 0.5369791666666667 0.5416666666666666 0.03020833333333333 0.12407407407407407
0 0.5072916666666667 0.5592592592592591 0.03020833333333333 0.12962962962962962
0 0.4710937499999999 0.6504629629629629 0.04010416666666666 0.17314814814814813
5 0.6489583333333333 0.6402777777777777 0.029166666666666664 0.14351851851851852
0 0.4927083333333333 0.6467592592592591 0.03645833333333333 0.16574074074074072
0 0.528125 0.6425925925925926 0.034375 0.15185185185185185
0 0.5549479166666667 0.625 0.03177083333333333 0.1388888888888889
0 0.5854166666666667 0.6208333333333333 0.03333333333333333 0.1472222222222222
0 0.5729166666666666 0.6078703703703703 0.028125 0.12685185185185183
0 0.5302083333333333 0.6819444444444445 0.042708333333333334 0.1638888888888889
0 0.5640625 0.6967592592592592 0.03020833333333333 0.1287037037037037
0 0.5973958333333333 0.7064814814814814 0.03958333333333333 0.1925925925925926
0 0.6268229166666666 0.750462962962963 0.04010416666666666 0.20277777777777778
0 0.6135416666666667 0.6148148148148147 0.03020833333333333 0.14074074074074075
0 0.6802083333333333 0.6629629629629629 0.034375 0.1685185185185185
0 0.6440104166666666 0.7157407407407408 0.03697916666666666 0.1648148148148148
0 0.7539062499999999 0.8629629629629629 0.04010416666666666 0.20370370370370366
0 0.90546875 0.8393518518518519 0.058854166666666666 0.21018518518518517
0 0.4114583333333333 0.5055555555555555 0.026041666666666664 0.1037037037037037
5 0.7104166666666667 0.5282407407407407 0.02395833333333333 0.06574074074074074
0 0.6963541666666666 0.48611111111111105 0.026041666666666664 0.09074074074074073
0 0.72109375 0.48194444444444445 0.0296875 0.08981481481481482
5 0.7692708333333333 0.5541666666666666 0.03125 0.08796296296296295
5 0.5627604166666667 0.5013888888888889 0.0234375 0.11018518518518519
