0 0.2872395833333333 0.6749999999999999 0.05260416666666666 0.19814814814814813
0 0.34322916666666664 0.6777777777777778 0.04479166666666666 0.2074074074074074
0 0.4252604166666666 0.6694444444444444 0.03697916666666666 0.18148148148148147
0 0.20234375 0.9449074074074074 0.07447916666666667 0.11203703703703702
0 0.29947916666666663 0.9490740740740741 0.06666666666666667 0.1037037037037037
0 0.5307291666666666 0.6175925925925926 0.040625 0.17962962962962964
0 0.5578125 0.6162037037037036 0.034375 0.17314814814814813
5 0.6520833333333333 0.6259259259259259 0.028125 0.1685185185185185
0 0.79375 0.5162037037037036 0.025 0.09351851851851851
5 0.7088541666666666 0.47175925925925927 0.026041666666666664 0.07685185185185185
0 0.6226562499999999 0.6402777777777777 0.03697916666666666 0.1787037037037037
0 0.7348958333333333 0.8634259259259259 0.05208333333333333 0.25462962962962965
0 0.67734375 0.8592592592592592 0.0578125 0.24814814814814815
0 0.46015625 0.562962962962963 0.0234375 0.11296296296296296
0 0.490625 0.5462962962962962 0.03020833333333333 0.14629629629629629
0 0.4526041666666667 0.5958333333333333 0.03020833333333333 0.14351851851851852
0 0.5434895833333333 0.5777777777777777 0.033854166666666664 0.14629629629629629
0 0.5138020833333333 0.5518518518518518 0.025520833333333333 0.13518518518518519
0 0.5348958333333333 0.549537037037037 0.03020833333333333 0.14351851851851852
0 0.575 0.575 0.03229166666666666 0.14259259259259258
0 0.7013020833333333 0.7055555555555555 0.0453125 0.20555555555555555
5 0.63046875 0.5958333333333333 0.0296875 0.14351851851851852
0 0.72109375 0.6930555555555555 0.0421875 0.18981481481481483
0 0.7424479166666667 0.6893518518518518 0.0421875 0.1787037037037037
0 0.6296875 0.6703703703703703 0.051041666666666666 0.1759259259259259
0 0.7700520833333333 0.6532407407407408 0.04010416666666666 0.16944444444444445
0 0.7833333333333333 0.6472222222222223 0.03125 0.1648148148148148
0 0.8083333333333332 0.7157407407407407 0.05208333333333333 0.18518518518518517
0 0.83828125 0.7273148148148147 0.03697916666666666 0.1398148148148148
0 0.9453125 0.7134259259259259 0.06041666666666666 0.19907407407407407
0 0.60625 0.8574074074074073 0.05625 0.26296296296296295
0 0.81640625 0.6458333333333333 0.04010416666666666 0.17129629629629628
0 0.8994791666666666 0.6990740740740741 0.04583333333333333 0.19629629629629627
0 0.0796875 0.8865740740740741 0.05833333333333333 0.225
0 0.1359375 0.9013888888888888 0.055208333333333325 0.19907407407407407
0 0.07578125 0.9476851851851851 0.0546875 0.10462962962962963
0 0.23515625 0.812037037037037 0.0453125 0.20370370370370366
0 0.3575520833333333 0.825462962962963 0.05364583333333332 0.22685185185185186
0 0.7007812499999999 0.7449074074074074 0.04010416666666666 0.20462962962962963
0 0.8809895833333332 0.7467592592592592 0.0453125 0.2064814814814815
0 0.7875 0.7412037037037036 0.046875 0.21203703703703702
0 0.7869791666666666 0.7379629629629629 0.040625 0.19629629629629627
0 0.8231770833333334 0.7384259259259258 0.04635416666666666 0.17314814814814813
0 0.9140624999999998 0.7763888888888888 0.042708333333333334 0.1324074074074074
0 0.521875 0.5013888888888889 0.03125 0.10648148148148147
0 0.4958333333333333 0.4939814814814814 0.03229166666666666 0.12314814814814815
0 0.4174479166666666 0.4962962962962963 0.0296875 0.1259259259259259
0 0.8145833333333332 0.5671296296296297 0.03020833333333333 0.1398148148148148
0 0.4520833333333333 0.4879629629629629 0.02395833333333333 0.09074074074074073
0 0.4359374999999999 0.4768518518518518 0.026041666666666664 0.10185185185185183
0 0.390625 0.4694444444444444 0.029166666666666664 0.11111111111111112
0 0.4375 0.47824074074074074 0.025 0.11203703703703702
5 0.6932291666666667 0.48379629629629617 0.02395833333333333 0.06574074074074074
0 0.7473958333333333 0.43240740740740735 0.01875 0.07407407407407407
0 0.75625 0.4291666666666666 0.02708333333333333 0.0824074074074074
5 0.7567708333333333 0.5125 0.03020833333333333 0.08796296296296295
5 0.5455729166666666 0.4569444444444444 0.0234375 0.11018518518518519
