0 0.16197916666666665 0.874074074074074 0.06666666666666667 0.25370370370370365
0 0.2333333333333333 0.8731481481481481 0.0625 0.25555555555555554
0 0.25546874999999997 0.8398148148148149 0.05052083333333333 0.23703703703703702
0 0.9200520833333332 0.8865740740740741 0.0546875 0.2287037037037037
0 0.371875 0.7643518518518518 0.051041666666666666 0.21018518518518517
0 0.4177083333333333 0.7652777777777777 0.05 0.19537037037037036
0 0.8143229166666666 0.7337962962962963 0.05052083333333333 0.21759259259259256
0 0.8497395833333332 0.7226851851851851 0.0421875 0.20462962962962963
5 0.6591145833333333 0.6472222222222223 0.0296875 0.1685185185185185
0 0.8018229166666666 0.5407407407407406 0.027604166666666662 0.09259259259259259
5 0.7158854166666667 0.49074074074074076 0.028645833333333332 0.07592592592592592
0 0.7549479166666666 0.6921296296296295 0.0421875 0.1861111111111111
0 0.7833333333333333 0.6550925925925926 0.041666666666666664 0.16574074074074072
0 0.6494791666666666 0.6763888888888889 0.040625 0.18425925925925926
0 0.5752604166666666 0.6787037037037036 0.04010416666666666 0.18148148148148147
0 0.7567708333333333 0.6282407407407407 0.03854166666666666 0.16574074074074072
0 0.4104166666666667 0.5027777777777778 0.02395833333333333 0.09814814814814814
0 0.4338541666666666 0.4810185185185185 0.026041666666666664 0.11203703703703702
0 0.42447916666666663 0.5268518518518518 0.025 0.12407407407407407
0 0.4450520833333333 0.5162037037037036 0.0296875 0.12314814814814815
0 0.4578125 0.4898148148148148 0.02708333333333333 0.11296296296296296
0 0.49479166666666663 0.4893518518518519 0.026041666666666664 0.12129629629629628
0 0.4747395833333333 0.5078703703703703 0.033854166666666664 0.11944444444444444
0 0.4369791666666666 0.5842592592592593 0.035416666666666666 0.16296296296296295
5 0.6348958333333333 0.611574074074074 0.029166666666666664 0.1472222222222222
0 0.47526041666666663 0.5907407407407408 0.0328125 0.15555555555555553
0 0.4981770833333333 0.5921296296296296 0.03177083333333333 0.14351851851851852
0 0.5200520833333333 0.5671296296296295 0.033854166666666664 0.13425925925925924
0 0.55078125 0.5625 0.03177083333333333 0.12685185185185183
0 0.5453125 0.5537037037037036 0.028125 0.11851851851851851
0 0.5067708333333333 0.6129629629629629 0.04375 0.15185185185185185
0 0.5335937499999999 0.6305555555555555 0.027604166666666662 0.11481481481481481
0 0.5458333333333333 0.6365740740740741 0.03854166666666666 0.17685185185185184
0 0.5359375 0.6777777777777778 0.03854166666666666 0.1925925925925926
0 0.5817708333333333 0.5611111111111111 0.03020833333333333 0.14074074074074075
0 0.5966145833333333 0.6013888888888889 0.033854166666666664 0.16759259259259257
0 0.5903645833333333 0.6476851851851851 0.0390625 0.15277777777777776
0 0.9723958333333333 0.8319444444444445 0.04791666666666666 0.19537037037037036
5 0.7005208333333333 0.5060185185185184 0.02395833333333333 0.06574074074074074
0 0.6552083333333333 0.4652777777777778 0.028125 0.08981481481481482
0 0.675 0.4666666666666667 0.03333333333333333 0.0962962962962963
5 0.7651041666666666 0.5282407407407408 0.03125 0.08796296296296295
5 0.5604166666666667 0.47546296296296287 0.02395833333333333 0.11018518518518519
