0 0.25390625 0.6194444444444444 0.04635416666666666 0.17962962962962964
0 0.31197916666666664 0.6199074074074075 0.03958333333333333 0.18425925925925926
0 0.34010416666666665 0.6439814814814814 0.03854166666666666 0.16759259259259257
0 0.5377604166666667 0.625462962962963 0.034895833333333334 0.18796296296296294
0 0.5705729166666667 0.6268518518518518 0.0328125 0.17962962962962964
5 0.6419270833333333 0.6296296296296295 0.028645833333333332 0.17037037037037037
0 0.7395833333333333 0.5166666666666667 0.02395833333333333 0.0962962962962963
5 0.7218749999999999 0.47453703703703703 0.026041666666666664 0.07685185185185185
0 0.6072916666666666 0.6365740740740741 0.035416666666666666 0.1787037037037037
0 0.6968749999999999 0.9342592592592591 0.06354166666666666 0.13333333333333333
0 0.6270833333333333 0.9319444444444445 0.07083333333333333 0.1361111111111111
0 0.4609374999999999 0.611574074074074 0.026041666666666664 0.11759259259259258
0 0.4924479166666666 0.5898148148148147 0.033854166666666664 0.15925925925925927
0 0.4864583333333333 0.6425925925925926 0.03645833333333333 0.1611111111111111
0 0.6822916666666666 0.6157407407407407 0.034375 0.14629629629629629
0 0.5697916666666667 0.5962962962962963 0.02708333333333333 0.137037037037037
0 0.6182291666666667 0.6027777777777777 0.042708333333333334 0.16296296296296295
0 0.7111979166666667 0.6143518518518518 0.03177083333333333 0.14907407407407408
5 0.6395833333333333 0.6004629629629629 0.03020833333333333 0.14351851851851852
0 0.8557291666666667 0.7310185185185185 0.0375 0.2064814814814815
0 0.8877604166666666 0.7194444444444443 0.05364583333333332 0.19444444444444445
0 0.8651041666666666 0.7087962962962963 0.034375 0.18796296296296294
0 0.5533854166666666 0.9282407407407407 0.0609375 0.14537037037037037
0 0.9046874999999999 0.7143518518518518 0.042708333333333334 0.18796296296296294
0 0.18046875 0.825 0.0546875 0.24074074074074076
0 0.22890624999999995 0.8328703703703703 0.05052083333333333 0.22129629629629627
0 0.18177083333333333 0.8939814814814815 0.0625 0.21388888888888888
0 0.1015625 0.8078703703703705 0.0375 0.21018518518518517
0 0.10859375 0.8296296296296296 0.0421875 0.23888888888888887
0 0.5294270833333333 0.6856481481481481 0.04114583333333333 0.18796296296296294
0 0.7484375 0.6995370370370371 0.04375 0.18981481481481483
0 0.6143229166666666 0.7175925925925926 0.0421875 0.20185185185185187
0 0.6338541666666667 0.7212962962962963 0.03645833333333333 0.17962962962962964
0 0.6208333333333333 0.6976851851851851 0.03645833333333333 0.16203703703703703
0 0.7760416666666666 0.7421296296296296 0.034375 0.1287037037037037
0 0.7419270833333333 0.749537037037037 0.043229166666666666 0.16944444444444445
0 0.9817708333333333 0.7703703703703704 0.034375 0.22407407407407404
0 0.7705729166666666 0.7314814814814815 0.04010416666666666 0.19629629629629627
0 0.57109375 0.5402777777777776 0.0296875 0.11018518518518519
0 0.5421875 0.5342592592592592 0.0375 0.1259259259259259
0 0.4432291666666667 0.5351851851851851 0.03020833333333333 0.13518518518518519
0 0.653125 0.5925925925925926 0.040625 0.16296296296296295
0 0.5205729166666666 0.5138888888888888 0.0203125 0.1
0 0.4916666666666667 0.5046296296296295 0.03020833333333333 0.1074074074074074
0 0.4588541666666666 0.499537037037037 0.029166666666666664 0.12129629629629628
0 0.4260416666666667 0.4962962962962963 0.03020833333333333 0.11296296296296296
0 0.4057291666666666 0.4962962962962963 0.026041666666666664 0.11296296296296296
0 0.4669270833333333 0.4777777777777777 0.025520833333333333 0.10925925925925925
0 0.43828125 0.475 0.0234375 0.11296296296296296
0 0.4260416666666666 0.47175925925925916 0.021875 0.12314814814814815
0 0.4096354166666666 0.4768518518518518 0.0234375 0.11296296296296296
0 0.5005208333333333 0.4958333333333333 0.025 0.10462962962962963
5 0.7033854166666667 0.48379629629629617 0.0234375 0.06574074074074074
0 0.7510416666666666 0.43611111111111106 0.019791666666666666 0.07407407407407407
0 0.7552083333333333 0.43194444444444435 0.02708333333333333 0.0824074074074074
5 0.7684895833333333 0.5162037037037037 0.0296875 0.08796296296296295
5 0.5635416666666666 0.45925925925925914 0.026041666666666664 0.10925925925925925
