0 0.2359375 0.811574074074074 0.06354166666666666 0.24166666666666664
0 0.29322916666666665 0.8203703703703702 0.055208333333333325 0.2462962962962963
0 0.3356770833333333 0.7833333333333332 0.04427083333333333 0.20925925925925926
0 0.34479166666666666 0.8574074074074073 0.055208333333333325 0.23703703703703702
0 0.4033854166666666 0.8601851851851852 0.0578125 0.22222222222222224
0 0.6994791666666667 0.6939814814814815 0.04583333333333333 0.1935185185185185
0 0.6994791666666667 0.6912037037037037 0.03645833333333333 0.19166666666666665
5 0.6645833333333333 0.6537037037037037 0.03020833333333333 0.1685185185185185
0 0.8067708333333332 0.5518518518518518 0.028125 0.09259259259259259
5 0.7218749999999999 0.5027777777777778 0.026041666666666664 0.07592592592592592
0 0.6557291666666667 0.6777777777777778 0.03333333333333333 0.18148148148148147
0 0.8364583333333332 0.7097222222222221 0.03958333333333333 0.1861111111111111
0 0.75625 0.7462962962962962 0.04375 0.20185185185185187
0 0.6919270833333333 0.7476851851851851 0.0546875 0.19907407407407407
0 0.82734375 0.6912037037037038 0.04010416666666666 0.1824074074074074
0 0.4458333333333333 0.5393518518518519 0.02395833333333333 0.10648148148148147
0 0.475 0.5273148148148148 0.03020833333333333 0.12685185185185183
0 0.4338541666666667 0.5662037037037038 0.02708333333333333 0.12685185185185183
0 0.4872395833333333 0.5527777777777778 0.0296875 0.12407407407407407
0 0.4989583333333333 0.5314814814814814 0.026041666666666664 0.11666666666666665
0 0.54140625 0.5333333333333333 0.03177083333333333 0.1259259259259259
0 0.515625 0.5564814814814814 0.03020833333333333 0.12962962962962962
0 0.4760416666666666 0.6449074074074074 0.053125 0.1824074074074074
5 0.6453125 0.6263888888888889 0.029166666666666664 0.14351851851851852
0 0.5033854166666666 0.6416666666666666 0.0390625 0.17222222222222222
0 0.5375 0.637962962962963 0.034375 0.15185185185185185
0 0.5661458333333333 0.6231481481481481 0.03229166666666666 0.15
0 0.5916666666666666 0.6180555555555556 0.03125 0.15648148148148147
0 0.5828125 0.6027777777777777 0.029166666666666664 0.1259259259259259
0 0.5403645833333333 0.6787037037037036 0.04427083333333333 0.1685185185185185
0 0.5708333333333333 0.6986111111111111 0.03229166666666666 0.1287037037037037
0 0.625 0.7018518518518518 0.040625 0.1925925925925926
0 0.64453125 0.7476851851851851 0.0484375 0.2064814814814815
0 0.6390624999999999 0.6078703703703703 0.029166666666666664 0.14351851851851852
0 0.70703125 0.6583333333333333 0.0359375 0.1685185185185185
0 0.6695312499999999 0.7120370370370369 0.03697916666666666 0.17222222222222222
0 0.0109375 0.9569444444444443 0.020833333333333332 0.08611111111111111
0 0.043229166666666666 0.9819444444444445 0.03333333333333333 0.03796296296296296
0 0.68515625 0.8481481481481481 0.06302083333333333 0.20370370370370366
0 0.84375 0.8259259259259257 0.065625 0.21296296296296294
0 0.4333333333333333 0.4958333333333333 0.026041666666666664 0.10462962962962963
0 0.3984375 0.4856481481481481 0.026041666666666664 0.12314814814814815
5 0.7083333333333333 0.5162037037037036 0.02395833333333333 0.06574074074074074
0 0.7067708333333333 0.47407407407407404 0.026041666666666664 0.09074074074074073
0 0.7309895833333333 0.47453703703703703 0.0296875 0.08981481481481482
5 0.7677083333333333 0.5439814814814815 0.03125 0.08796296296296295
5 0.56015625 0.4884259259259259 0.0234375 0.11018518518518519
