0 0.27369791666666665 0.6342592592592593 0.04635416666666666 0.18888888888888888
0 0.33255208333333336 0.6365740740740741 0.043229166666666666 0.18796296296296294
0 0.3890625 0.6509259259259259 0.0375 0.17777777777777776
0 0.5317708333333333 0.6217592592592592 0.035416666666666666 0.1824074074074074
0 0.5609375 0.6157407407407407 0.03125 0.1759259259259259
5 0.6458333333333333 0.625 0.028125 0.1685185185185185
0 0.7619791666666667 0.5083333333333333 0.02395833333333333 0.09444444444444444
5 0.7184895833333333 0.4689814814814815 0.025520833333333333 0.07685185185185185
0 0.6046874999999999 0.6296296296296295 0.03854166666666666 0.17037037037037037
0 0.715625 0.9101851851851851 0.05833333333333333 0.18148148148148147
0 0.65078125 0.9060185185185186 0.0734375 0.18796296296296294
0 0.46640625 0.5833333333333333 0.0234375 0.11296296296296296
0 0.49140624999999993 0.575925925925926 0.033854166666666664 0.15740740740740738
0 0.4734375 0.625 0.03020833333333333 0.15740740740740738
0 0.6283854166666666 0.6027777777777776 0.033854166666666664 0.14629629629629629
0 0.53359375 0.575 0.025520833333333333 0.13518518518518519
0 0.5807291666666666 0.5819444444444444 0.034375 0.16203703703703703
0 0.6518229166666667 0.6013888888888889 0.03177083333333333 0.14907407407407408
0 0.8994791666666666 0.7203703703703703 0.059375 0.2185185185185185
5 0.63828125 0.5930555555555556 0.0296875 0.14351851851851852
0 0.9015625 0.7124999999999999 0.05 0.19722222222222222
0 0.9273437499999998 0.7166666666666666 0.056770833333333326 0.19444444444444445
0 0.7901041666666666 0.7032407407407407 0.04791666666666666 0.18981481481481483
0 0.8205729166666667 0.6967592592592593 0.05364583333333332 0.19537037037037036
0 0.8341145833333334 0.686574074074074 0.033854166666666664 0.18796296296296294
0 0.58046875 0.9013888888888888 0.0609375 0.19722222222222222
0 0.8721354166666666 0.6861111111111111 0.0421875 0.18148148148148147
0 0.15 0.8453703703703702 0.05625 0.23703703703703702
0 0.20494791666666665 0.861574074074074 0.0546875 0.23796296296296293
0 0.1473958333333333 0.9092592592592592 0.055208333333333325 0.18333333333333332
0 0.11510416666666665 0.8083333333333332 0.04479166666666666 0.20370370370370366
0 0.14765625 0.825925925925926 0.06510416666666666 0.22222222222222224
0 0.5822916666666667 0.7041666666666666 0.041666666666666664 0.18796296296296294
0 0.7520833333333333 0.7180555555555556 0.04583333333333333 0.2009259259259259
0 0.6505208333333333 0.7194444444444444 0.05 0.20185185185185187
0 0.66015625 0.7189814814814814 0.03802083333333333 0.1787037037037037
0 0.6895833333333333 0.711111111111111 0.040625 0.17037037037037037
0 0.7822916666666666 0.7537037037037037 0.035416666666666666 0.12962962962962962
0 0.8216145833333333 0.762962962962963 0.04427083333333333 0.1759259259259259
0 0.8304687499999999 0.736574074074074 0.04739583333333333 0.19907407407407407
0 0.5591145833333333 0.5217592592592593 0.027604166666666662 0.10648148148148147
0 0.52890625 0.5152777777777777 0.0359375 0.12685185185185183
0 0.4346354166666666 0.5175925925925926 0.0296875 0.13518518518518519
0 0.7104166666666666 0.5851851851851851 0.040625 0.1611111111111111
0 0.5049479166666666 0.5018518518518518 0.0234375 0.09814814814814814
0 0.478125 0.4898148148148148 0.03020833333333333 0.1074074074074074
0 0.4458333333333333 0.4851851851851851 0.029166666666666664 0.11666666666666665
0 0.4213541666666667 0.48287037037037034 0.03020833333333333 0.10462962962962963
0 0.40390625 0.48287037037037034 0.025520833333333333 0.11203703703703702
0 0.43125 0.46990740740740733 0.02395833333333333 0.11018518518518519
0 0.39947916666666666 0.4648148148148148 0.022916666666666665 0.11296296296296296
0 0.4880208333333333 0.48657407407407405 0.025 0.10462962962962963
5 0.7018229166666666 0.4810185185185184 0.0234375 0.06574074074074074
0 0.7497395833333333 0.43148148148148147 0.01927083333333333 0.07407407407407407
0 0.7515625 0.4300925925925926 0.02708333333333333 0.0824074074074074
5 0.7651041666666667 0.5125 0.03020833333333333 0.08796296296296295
5 0.5609375 0.45 0.028125 0.10925925925925925
