0 0.23541666666666666 0.8175925925925925 0.065625 0.24259259259259255
0 0.29218749999999993 0.8277777777777777 0.055208333333333325 0.2462962962962963
0 0.33177083333333335 0.788888888888889 0.04479166666666666 0.20925925925925926
0 0.34635416666666663 0.8550925925925925 0.055208333333333325 0.2361111111111111
0 0.4044270833333333 0.8592592592592592 0.056770833333333326 0.22222222222222224
0 0.70625 0.6976851851851851 0.046875 0.1935185185185185
0 0.7057291666666667 0.6921296296296297 0.03645833333333333 0.18981481481481483
5 0.6651041666666667 0.6564814814814814 0.03020833333333333 0.1685185185185185
0 0.8072916666666666 0.5546296296296296 0.028125 0.09259259259259259
5 0.7218749999999999 0.5041666666666667 0.026041666666666664 0.07685185185185185
0 0.659375 0.6814814814814815 0.03333333333333333 0.18148148148148147
0 0.8348958333333332 0.7106481481481481 0.03958333333333333 0.18425925925925926
0 0.7552083333333333 0.7453703703703703 0.04375 0.20185185185185187
0 0.6921875 0.7462962962962962 0.06041666666666666 0.19629629629629627
0 0.82578125 0.6921296296296295 0.04010416666666666 0.1824074074074074
0 0.4453125 0.5402777777777777 0.02395833333333333 0.10648148148148147
0 0.4747395833333333 0.5282407407407408 0.0296875 0.125
0 0.4338541666666667 0.5666666666666667 0.02708333333333333 0.1259259259259259
0 0.4859375 0.5546296296296296 0.03020833333333333 0.12407407407407407
0 0.4989583333333333 0.5324074074074074 0.026041666666666664 0.11481481481481481
0 0.540625 0.5342592592592592 0.03125 0.1259259259259259
0 0.5151041666666667 0.5583333333333333 0.03020833333333333 0.12962962962962962
0 0.4755208333333333 0.6462962962962963 0.04895833333333333 0.17962962962962964
5 0.6463541666666666 0.6282407407407408 0.029166666666666664 0.14351851851851852
0 0.5031249999999999 0.6412037037037037 0.041666666666666664 0.16944444444444445
0 0.5367187499999999 0.638888888888889 0.033854166666666664 0.15185185185185185
0 0.5640624999999999 0.6236111111111111 0.03229166666666666 0.1472222222222222
0 0.59140625 0.6194444444444444 0.03177083333333333 0.1537037037037037
0 0.5796874999999999 0.6037037037037037 0.029166666666666664 0.1259259259259259
0 0.5377604166666667 0.6782407407407407 0.04427083333333333 0.16759259259259257
0 0.56953125 0.7004629629629628 0.03177083333333333 0.1287037037037037
0 0.61875 0.7037037037037036 0.040625 0.1925925925925926
0 0.64140625 0.7481481481481481 0.04635416666666666 0.20555555555555555
0 0.6333333333333333 0.6097222222222223 0.029166666666666664 0.14351851851851852
0 0.7026041666666666 0.6592592592592592 0.035416666666666666 0.1685185185185185
0 0.6638020833333333 0.711574074074074 0.03697916666666666 0.17129629629629628
0 0.010156249999999999 0.9592592592592591 0.01927083333333333 0.08148148148148147
0 0.0421875 0.9851851851851852 0.03125 0.03148148148148148
0 0.69296875 0.8481481481481481 0.06302083333333333 0.20370370370370366
0 0.8531249999999998 0.8282407407407406 0.06770833333333333 0.21203703703703702
0 0.4296874999999999 0.4976851851851851 0.026041666666666664 0.10462962962962963
0 0.3963541666666667 0.48703703703703705 0.026041666666666664 0.12037037037037038
5 0.709375 0.5180555555555555 0.02395833333333333 0.06574074074074074
0 0.7052083333333333 0.4768518518518518 0.026041666666666664 0.09074074074074073
0 0.72890625 0.475462962962963 0.0296875 0.08981481481481482
5 0.7682291666666666 0.5458333333333333 0.03125 0.08796296296296295
5 0.5611979166666666 0.4902777777777777 0.0234375 0.11018518518518519
