0 0.26015625 0.6222222222222221 0.04635416666666666 0.17962962962962964
0 0.31796875 0.6222222222222221 0.04010416666666666 0.1925925925925926
0 0.35234374999999996 0.6476851851851853 0.03802083333333333 0.16944444444444445
0 0.5361979166666667 0.624537037037037 0.034895833333333334 0.18796296296296294
0 0.5658854166666667 0.6236111111111111 0.03177083333333333 0.1787037037037037
5 0.6390625 0.6268518518518518 0.028125 0.1685185185185185
0 0.74375 0.5148148148148148 0.02395833333333333 0.0962962962962963
5 0.72109375 0.4726851851851852 0.025520833333333333 0.07685185185185185
0 0.6049479166666666 0.6365740740740741 0.0359375 0.1787037037037037
0 0.6979166666666666 0.9263888888888887 0.06354166666666666 0.14907407407407408
0 0.63046875 0.9226851851851852 0.0671875 0.15462962962962962
0 0.4625 0.6032407407407406 0.025 0.11574074074074074
0 0.4919270833333333 0.5851851851851851 0.033854166666666664 0.15925925925925927
0 0.48125 0.6365740740740741 0.03645833333333333 0.16018518518518518
0 0.6677083333333333 0.612037037037037 0.034375 0.14629629629629629
0 0.55546875 0.5912037037037037 0.0265625 0.1361111111111111
0 0.6041666666666667 0.5953703703703703 0.042708333333333334 0.16296296296296295
0 0.6950520833333333 0.6097222222222222 0.03177083333333333 0.14907407407407408
5 0.6388020833333333 0.5976851851851851 0.0296875 0.14351851851851852
0 0.8403645833333332 0.7226851851851851 0.04114583333333333 0.2009259259259259
0 0.86015625 0.712037037037037 0.049479166666666664 0.19629629629629627
0 0.8526041666666666 0.700462962962963 0.034375 0.18796296296296294
0 0.5580729166666666 0.9203703703703703 0.0609375 0.1611111111111111
0 0.890625 0.7060185185185185 0.041666666666666664 0.18796296296296294
0 0.17213541666666665 0.8296296296296296 0.0546875 0.23518518518518516
0 0.221875 0.8421296296296296 0.055208333333333325 0.22685185185185186
0 0.17005208333333333 0.8972222222222221 0.06197916666666666 0.2074074074074074
0 0.1 0.8069444444444445 0.0375 0.21018518518518517
0 0.10677083333333333 0.8273148148148147 0.03958333333333333 0.23796296296296293
0 0.5427083333333333 0.6893518518518518 0.03854166666666666 0.18796296296296294
0 0.7463541666666667 0.7032407407407406 0.04583333333333333 0.19166666666666665
0 0.6200520833333333 0.7199074074074073 0.043229166666666666 0.19907407407407407
0 0.6375 0.7194444444444443 0.03645833333333333 0.17962962962962964
0 0.6395833333333333 0.7013888888888888 0.03854166666666666 0.16203703703703703
0 0.7734375 0.7467592592592591 0.034375 0.1287037037037037
0 0.76015625 0.7532407407407408 0.0421875 0.16944444444444445
0 0.7828125 0.7351851851851852 0.040625 0.19629629629629627
0 0.5677083333333333 0.5342592592592592 0.03020833333333333 0.1074074074074074
0 0.5356770833333333 0.5268518518518518 0.034895833333333334 0.1259259259259259
0 0.4390625 0.5296296296296296 0.03020833333333333 0.13518518518518519
0 0.6692708333333333 0.5902777777777778 0.040625 0.16203703703703703
0 0.5166666666666666 0.5101851851851851 0.021875 0.09814814814814814
0 0.4869791666666667 0.500925925925926 0.03020833333333333 0.1074074074074074
0 0.4546874999999999 0.4930555555555555 0.029166666666666664 0.12129629629629628
0 0.4223958333333333 0.4916666666666666 0.029166666666666664 0.11296296296296296
0 0.40390625 0.4893518518518518 0.025520833333333333 0.11203703703703702
0 0.4591145833333333 0.47175925925925916 0.024479166666666666 0.11018518518518519
0 0.4286458333333333 0.4731481481481481 0.02395833333333333 0.11296296296296296
0 0.4140625 0.46805555555555556 0.021875 0.12314814814814815
0 0.3997395833333333 0.47407407407407404 0.0234375 0.11296296296296296
0 0.4979166666666666 0.4930555555555555 0.025 0.10462962962962963
5 0.70234375 0.4819444444444444 0.0234375 0.06574074074074074
0 0.75078125 0.43518518518518523 0.01927083333333333 0.07407407407407407
0 0.753125 0.4310185185185185 0.02708333333333333 0.0824074074074074
5 0.7669270833333333 0.5152777777777777 0.0296875 0.08796296296296295
5 0.5625 0.4546296296296296 0.02708333333333333 0.10925925925925925
