0 0.5645833333333333 0.6814814814814815 0.03854166666666666 0.2
0 0.5914062499999999 0.6921296296296295 0.043229166666666666 0.19907407407407407
5 0.6544270833333333 0.6449074074074074 0.034895833333333334 0.1787037037037037
0 0.7513020833333333 0.5222222222222223 0.024479166666666666 0.0962962962962963
5 0.7515625 0.4773148148148148 0.025 0.07685185185185185
0 0.5919270833333333 0.6546296296296296 0.0390625 0.17407407407407408
0 0.534375 0.6888888888888889 0.02708333333333333 0.14814814814814814
0 0.6041666666666667 0.6699074074074074 0.04895833333333333 0.18425925925925926
0 0.7244791666666666 0.7120370370370369 0.035416666666666666 0.17962962962962964
0 0.8713541666666667 0.6907407407407408 0.0375 0.1648148148148148
0 0.8791666666666667 0.6611111111111111 0.03020833333333333 0.15185185185185185
0 0.8614583333333334 0.6550925925925926 0.03854166666666666 0.16759259259259257
0 0.9049479166666666 0.6898148148148148 0.03802083333333333 0.18518518518518517
5 0.6697916666666667 0.6041666666666666 0.02708333333333333 0.14351851851851852
0 0.29244791666666664 0.7462962962962962 0.04427083333333333 0.2111111111111111
0 0.32499999999999996 0.75 0.042708333333333334 0.18703703703703703
0 0.33124999999999993 0.7921296296296296 0.05208333333333333 0.19907407407407407
0 0.21223958333333331 0.7675925925925926 0.04427083333333333 0.18703703703703703
0 0.08619791666666667 0.9342592592592591 0.0578125 0.13148148148148148
0 0.4507812499999999 0.6222222222222222 0.033854166666666664 0.15740740740740738
0 0.7622395833333333 0.6444444444444444 0.033854166666666664 0.18148148148148147
0 0.6705729166666666 0.724537037037037 0.049479166666666664 0.20462962962962963
0 0.6989583333333333 0.7407407407407407 0.03645833333333333 0.18703703703703703
0 0.4067708333333333 0.649074074074074 0.042708333333333334 0.14814814814814814
0 0.7963541666666667 0.6796296296296296 0.03020833333333333 0.11851851851851851
0 0.79609375 0.6689814814814815 0.034895833333333334 0.14351851851851852
0 0.846875 0.7018518518518518 0.04375 0.20185185185185187
0 0.8388020833333332 0.701388888888889 0.04114583333333333 0.20277777777777778
0 0.821875 0.7212962962962963 0.055208333333333325 0.2074074074074074
0 0.8171875 0.6629629629629629 0.03645833333333333 0.17962962962962964
0 0.8684895833333333 0.7273148148148147 0.0484375 0.1861111111111111
0 0.6640624999999999 0.601388888888889 0.03229166666666666 0.13425925925925924
0 0.6442708333333333 0.599537037037037 0.03854166666666666 0.16018518518518518
0 0.4828125 0.6171296296296296 0.03645833333333333 0.1638888888888889
0 0.434375 0.5828703703703704 0.04375 0.15648148148148147
0 0.5877604166666667 0.5685185185185184 0.025520833333333333 0.1037037037037037
0 0.5520833333333333 0.5652777777777778 0.03020833333333333 0.12685185185185183
0 0.5190104166666667 0.5412037037037036 0.03177083333333333 0.1287037037037037
0 0.4630208333333333 0.55 0.03333333333333333 0.12037037037037038
0 0.4265625 0.549537037037037 0.025 0.12685185185185183
0 0.5692708333333333 0.523611111111111 0.028125 0.11574074074074074
0 0.5416666666666666 0.524537037037037 0.028125 0.12129629629629628
0 0.5205729166666667 0.5175925925925926 0.025520833333333333 0.12962962962962962
0 0.4984374999999999 0.5263888888888889 0.026041666666666664 0.12129629629629628
0 0.4317708333333333 0.5217592592592591 0.028125 0.11574074074074074
0 0.5458333333333333 0.5037037037037038 0.028125 0.1074074074074074
0 0.4609375 0.4976851851851851 0.03020833333333333 0.12129629629629628
0 0.4625 0.47824074074074074 0.021875 0.09907407407407406
0 0.45234374999999993 0.48749999999999993 0.024479166666666666 0.10462962962962963
0 0.4200520833333333 0.47916666666666663 0.0234375 0.11759259259259258
0 0.5466145833333333 0.5472222222222223 0.021354166666666667 0.1074074074074074
5 0.73125 0.4884259259259259 0.02395833333333333 0.06574074074074074
0 0.5244791666666666 0.49907407407407406 0.026041666666666664 0.12407407407407407
0 0.7747395833333333 0.4416666666666666 0.01927083333333333 0.07407407407407407
0 0.7880208333333333 0.4412037037037037 0.02708333333333333 0.0824074074074074
5 0.79453125 0.5189814814814815 0.0296875 0.08796296296296295
5 0.5893229166666667 0.46712962962962956 0.025520833333333333 0.11018518518518519
