0 0.22890625 0.8486111111111111 0.06302083333333333 0.24907407407407406
0 0.28593749999999996 0.8490740740740741 0.055208333333333325 0.25555555555555554
0 0.3239583333333333 0.812037037037037 0.04583333333333333 0.21666666666666665
0 0.3606770833333333 0.850462962962963 0.0546875 0.23425925925925925
0 0.4049479166666667 0.8555555555555555 0.056770833333333326 0.21666666666666665
0 0.7226562499999999 0.7152777777777778 0.04635416666666666 0.19907407407407407
0 0.73359375 0.711111111111111 0.0421875 0.19629629629629627
5 0.6658854166666666 0.6694444444444444 0.0296875 0.1685185185185185
0 0.8075520833333334 0.5601851851851851 0.027604166666666662 0.09259259259259259
5 0.7221354166666666 0.5106481481481482 0.0265625 0.07685185185185185
0 0.6731770833333333 0.6958333333333333 0.0359375 0.1824074074074074
0 0.8312499999999998 0.7148148148148148 0.03958333333333333 0.18333333333333332
0 0.7421874999999999 0.7462962962962962 0.04791666666666666 0.19814814814814813
0 0.6700520833333333 0.7467592592592592 0.04427083333333333 0.19537037037037036
0 0.8153645833333334 0.6962962962962963 0.04010416666666666 0.1759259259259259
0 0.4453125 0.5458333333333333 0.02395833333333333 0.10648148148148147
0 0.4731770833333333 0.5314814814814814 0.0296875 0.11851851851851851
0 0.4354166666666667 0.5726851851851851 0.02708333333333333 0.12314814814814815
0 0.48046875 0.5629629629629629 0.03177083333333333 0.12407407407407407
0 0.4958333333333333 0.5351851851851852 0.026041666666666664 0.11296296296296296
0 0.5375 0.5407407407407407 0.03020833333333333 0.12407407407407407
0 0.5083333333333333 0.5592592592592591 0.03020833333333333 0.12962962962962962
0 0.4721354166666667 0.6504629629629629 0.03802083333333333 0.17314814814814813
5 0.6489583333333333 0.6393518518518518 0.029166666666666664 0.14351851851851852
0 0.49479166666666663 0.6458333333333333 0.03854166666666666 0.16574074074074072
0 0.5296875 0.6416666666666667 0.034375 0.15185185185185185
0 0.5559895833333333 0.625 0.03177083333333333 0.1388888888888889
0 0.5861979166666667 0.6208333333333333 0.0328125 0.14907407407407408
0 0.5734375 0.6074074074074074 0.028125 0.1259259259259259
0 0.5309895833333333 0.6810185185185185 0.043229166666666666 0.1638888888888889
0 0.5653645833333333 0.6976851851851851 0.03177083333333333 0.1287037037037037
0 0.6 0.7074074074074074 0.040625 0.1925925925925926
0 0.6299479166666666 0.7518518518518518 0.04010416666666666 0.20370370370370366
0 0.615625 0.6148148148148147 0.03020833333333333 0.14074074074074075
0 0.6838541666666667 0.6638888888888889 0.034375 0.1685185185185185
0 0.6471354166666666 0.7157407407407408 0.03697916666666666 0.1648148148148148
0 0.7466145833333333 0.8629629629629629 0.0484375 0.20370370370370366
0 0.9005208333333332 0.8398148148148147 0.06458333333333333 0.20925925925925926
0 0.4140624999999999 0.5046296296296295 0.026041666666666664 0.1037037037037037
5 0.7104166666666667 0.5263888888888888 0.02395833333333333 0.06574074074074074
0 0.6979166666666666 0.4851851851851851 0.026041666666666664 0.09074074074074073
0 0.7221354166666666 0.4810185185185185 0.0296875 0.08981481481481482
5 0.7692708333333333 0.5523148148148148 0.03125 0.08796296296296295
5 0.5627604166666667 0.5004629629629629 0.0234375 0.11018518518518519
