0 0.26119791666666664 0.7236111111111111 0.0546875 0.21018518518518517
0 0.3260416666666667 0.7222222222222221 0.05 0.2185185185185185
0 0.38385416666666666 0.7055555555555555 0.03958333333333333 0.1907407407407407
0 0.2716145833333333 0.9050925925925926 0.0671875 0.18981481481481483
0 0.33828125 0.9125 0.06302083333333333 0.175
0 0.5786458333333333 0.6453703703703704 0.041666666666666664 0.1907407407407407
0 0.58671875 0.6435185185185184 0.033854166666666664 0.17962962962962964
5 0.6453125 0.6314814814814815 0.028125 0.1685185185185185
0 0.7893229166666667 0.5287037037037037 0.025520833333333333 0.09259259259259259
5 0.7067708333333333 0.48194444444444445 0.026041666666666664 0.07685185185185185
0 0.6184895833333333 0.6518518518518518 0.03802083333333333 0.18148148148148147
0 0.9468749999999998 0.7222222222222221 0.03958333333333333 0.1925925925925926
0 0.7375 0.8 0.042708333333333334 0.22777777777777777
0 0.6937499999999999 0.8018518518518519 0.04791666666666666 0.23148148148148148
0 0.9182291666666667 0.7060185185185185 0.05833333333333333 0.1935185185185185
0 0.45234375 0.5462962962962963 0.0234375 0.11296296296296296
0 0.475 0.5347222222222222 0.03020833333333333 0.1398148148148148
0 0.4328125 0.5745370370370371 0.03020833333333333 0.1361111111111111
0 0.5075520833333333 0.5606481481481481 0.033854166666666664 0.13796296296296295
0 0.50390625 0.5347222222222221 0.025520833333333333 0.12314814814814815
0 0.5322916666666666 0.5421296296296296 0.03229166666666666 0.13796296296296295
0 0.5359375 0.5564814814814814 0.03020833333333333 0.12962962962962962
0 0.5598958333333333 0.6791666666666666 0.05 0.19722222222222222
5 0.62421875 0.6050925925925925 0.0296875 0.14351851851851852
0 0.57734375 0.6717592592592593 0.04114583333333333 0.18796296296296294
0 0.5973958333333333 0.6745370370370369 0.03645833333333333 0.17314814814814813
0 0.5348958333333333 0.6449074074074074 0.0375 0.17314814814814813
0 0.6848958333333333 0.6268518518518518 0.03645833333333333 0.15740740740740738
0 0.6875 0.625 0.03125 0.15185185185185185
0 0.6645833333333333 0.7041666666666666 0.04479166666666666 0.175
0 0.6828125 0.7180555555555556 0.03333333333333333 0.13425925925925924
0 0.7809895833333333 0.711111111111111 0.056770833333333326 0.19814814814814813
0 0.640625 0.798148148148148 0.046875 0.23703703703703702
0 0.7494791666666667 0.6287037037037038 0.03958333333333333 0.17037037037037037
0 0.803125 0.6726851851851852 0.042708333333333334 0.18425925925925926
0 0.8372395833333333 0.7189814814814814 0.0578125 0.17685185185185184
0 0.028124999999999994 0.9175925925925925 0.055208333333333325 0.16666666666666666
0 0.06796875 0.9319444444444445 0.05260416666666666 0.1361111111111111
0 0.38359374999999996 0.8217592592592592 0.04739583333333333 0.20462962962962963
0 0.5588541666666667 0.8175925925925925 0.05416666666666666 0.22037037037037038
0 0.8510416666666666 0.7842592592592592 0.06041666666666666 0.20925925925925926
0 0.9330729166666666 0.7629629629629628 0.06510416666666666 0.2185185185185185
0 0.9307291666666666 0.7574074074074074 0.040625 0.20185185185185187
0 0.4872395833333333 0.49074074074074064 0.0546875 0.10925925925925925
0 0.4588541666666666 0.48472222222222217 0.03229166666666666 0.12314814814814815
0 0.38723958333333336 0.4805555555555555 0.027604166666666662 0.12407407407407407
0 0.39427083333333335 0.48240740740740734 0.026041666666666664 0.09074074074074073
0 0.3833333333333333 0.47129629629629627 0.025 0.11296296296296296
5 0.6890625 0.4888888888888888 0.02395833333333333 0.06666666666666667
0 0.7268229166666667 0.44861111111111107 0.0234375 0.0824074074074074
0 0.7479166666666666 0.4458333333333333 0.028125 0.08981481481481482
5 0.7489583333333333 0.5199074074074074 0.03020833333333333 0.08796296296296295
5 0.5369791666666667 0.4652777777777777 0.02395833333333333 0.11018518518518519
