0 0.26171875 0.6231481481481481 0.04635416666666666 0.17962962962962964
0 0.32005208333333335 0.624074074074074 0.04010416666666666 0.1925925925925926
0 0.35572916666666665 0.649074074074074 0.0375 0.17037037037037037
0 0.5359375 0.624537037037037 0.035416666666666666 0.18796296296296294
0 0.5645833333333333 0.6231481481481481 0.03125 0.17777777777777776
5 0.6395833333333333 0.6268518518518518 0.028125 0.1685185185185185
0 0.7453125 0.5148148148148148 0.02395833333333333 0.0962962962962963
5 0.7208333333333333 0.4726851851851852 0.026041666666666664 0.07685185185185185
0 0.6044270833333333 0.6365740740740741 0.0359375 0.1787037037037037
0 0.6989583333333333 0.925 0.06354166666666666 0.15185185185185185
0 0.6309895833333333 0.9203703703703703 0.06614583333333332 0.15925925925925927
0 0.4630208333333333 0.600462962962963 0.025 0.11574074074074074
0 0.4921875 0.5842592592592591 0.034375 0.15925925925925927
0 0.4796875 0.6351851851851851 0.03645833333333333 0.15925925925925927
0 0.6635416666666666 0.611111111111111 0.034375 0.14629629629629629
0 0.5518229166666666 0.5902777777777778 0.0265625 0.1361111111111111
0 0.6013020833333333 0.5939814814814814 0.0421875 0.16203703703703703
0 0.6908854166666667 0.6087962962962963 0.03177083333333333 0.14907407407407408
5 0.6388020833333333 0.5967592592592592 0.0296875 0.14351851851851852
0 0.8354166666666666 0.7212962962962963 0.04479166666666666 0.2
0 0.8544270833333332 0.711111111111111 0.05052083333333333 0.19629629629629627
0 0.8510416666666666 0.6995370370370371 0.034375 0.18796296296296294
0 0.5591145833333333 0.9185185185185185 0.0609375 0.1648148148148148
0 0.8875 0.7037037037037036 0.041666666666666664 0.18703703703703703
0 0.17005208333333333 0.8310185185185185 0.05572916666666666 0.23425925925925925
0 0.2203125 0.8435185185185186 0.055208333333333325 0.22777777777777777
0 0.16796875 0.898611111111111 0.0609375 0.20462962962962963
0 0.1 0.8069444444444445 0.0375 0.21018518518518517
0 0.10703125 0.8254629629629628 0.04010416666666666 0.23796296296296293
0 0.5463541666666667 0.6902777777777778 0.03958333333333333 0.18796296296296294
0 0.7458333333333333 0.7046296296296296 0.04583333333333333 0.1925925925925926
0 0.621875 0.7199074074074073 0.04375 0.19907407407407407
0 0.6390625 0.7175925925925926 0.03645833333333333 0.17962962962962964
0 0.6440104166666666 0.7032407407407406 0.04010416666666666 0.16203703703703703
0 0.7729166666666666 0.7467592592592591 0.034375 0.1287037037037037
0 0.7661458333333333 0.7546296296296295 0.040625 0.17037037037037037
0 0.78671875 0.7351851851851852 0.0421875 0.19629629629629627
0 0.5669270833333333 0.5333333333333333 0.0296875 0.1074074074074074
0 0.5341145833333333 0.525 0.033854166666666664 0.1259259259259259
0 0.4380208333333333 0.5287037037037037 0.03020833333333333 0.13518518518518519
0 0.6729166666666666 0.5902777777777778 0.040625 0.16203703703703703
0 0.5156249999999999 0.5092592592592592 0.022916666666666665 0.09814814814814814
0 0.4859375 0.5 0.03020833333333333 0.1074074074074074
0 0.4536458333333333 0.4921296296296296 0.029166666666666664 0.12129629629629628
0 0.4223958333333333 0.49027777777777776 0.029166666666666664 0.11203703703703702
0 0.40390625 0.4884259259259259 0.025520833333333333 0.11203703703703702
0 0.4567708333333333 0.47175925925925916 0.02395833333333333 0.11018518518518519
0 0.4255208333333333 0.4722222222222222 0.02395833333333333 0.11296296296296296
0 0.4109375 0.46712962962962956 0.021875 0.12314814814814815
0 0.39713541666666663 0.4736111111111111 0.0234375 0.11203703703703702
0 0.4973958333333333 0.4930555555555555 0.025 0.10462962962962963
5 0.70234375 0.4819444444444444 0.0234375 0.06574074074074074
0 0.7505208333333333 0.43425925925925923 0.019791666666666666 0.07407407407407407
0 0.7526041666666667 0.4310185185185185 0.02708333333333333 0.0824074074074074
5 0.7666666666666667 0.5152777777777777 0.03020833333333333 0.08796296296296295
5 0.5622395833333333 0.4537037037037036 0.027604166666666662 0.10925925925925925
