0 0.24453124999999995 0.775462962962963 0.06302083333333333 0.23425925925925925
0 0.29739583333333336 0.7773148148148148 0.05416666666666666 0.2324074074074074
0 0.34895833333333337 0.7541666666666667 0.041666666666666664 0.20462962962962963
0 0.32499999999999996 0.8787037037037037 0.06145833333333332 0.2444444444444444
0 0.3888020833333333 0.8791666666666667 0.058854166666666666 0.23055555555555554
0 0.6533854166666667 0.6726851851851852 0.04427083333333333 0.19537037037037036
0 0.6578125 0.6722222222222223 0.0375 0.19444444444444445
5 0.6583333333333333 0.6407407407407407 0.028125 0.1685185185185185
0 0.8013020833333334 0.5361111111111111 0.027604166666666662 0.09259259259259259
5 0.7140624999999999 0.49027777777777776 0.026041666666666664 0.07685185185185185
0 0.6442708333333333 0.6574074074074073 0.035416666666666666 0.18148148148148147
0 0.8494791666666666 0.7060185185185185 0.04791666666666666 0.18981481481481483
0 0.7583333333333333 0.7513888888888888 0.04375 0.20833333333333331
0 0.7028645833333333 0.7583333333333333 0.0484375 0.2074074074074074
0 0.8346354166666666 0.6912037037037037 0.0421875 0.18425925925925926
0 0.446875 0.538888888888889 0.02395833333333333 0.10925925925925925
0 0.475 0.5263888888888888 0.03125 0.1287037037037037
0 0.4322916666666667 0.5638888888888889 0.02708333333333333 0.12962962962962962
0 0.49453125 0.55 0.03177083333333333 0.12407407407407407
0 0.4994791666666666 0.5291666666666666 0.026041666666666664 0.12129629629629628
0 0.5458333333333333 0.5296296296296296 0.03125 0.1259259259259259
0 0.5223958333333333 0.548148148148148 0.03020833333333333 0.12962962962962962
0 0.49375 0.6509259259259259 0.046875 0.18333333333333332
5 0.6380208333333333 0.6143518518518518 0.029166666666666664 0.14351851851851852
0 0.5109375 0.6518518518518518 0.03645833333333333 0.17407407407407408
0 0.54765625 0.6453703703703704 0.033854166666666664 0.1648148148148148
0 0.5627604166666667 0.6185185185185185 0.03177083333333333 0.1537037037037037
0 0.6044270833333333 0.6194444444444445 0.034895833333333334 0.15740740740740738
0 0.6054687499999999 0.6069444444444445 0.03072916666666666 0.14537037037037037
0 0.56015625 0.6851851851851852 0.04427083333333333 0.17037037037037037
0 0.5880208333333333 0.6995370370370371 0.029166666666666664 0.13055555555555556
0 0.6622395833333333 0.7018518518518517 0.04010416666666666 0.19629629629629627
0 0.65390625 0.7555555555555555 0.0453125 0.22037037037037038
0 0.6783854166666666 0.6060185185185185 0.0296875 0.14351851851851852
0 0.7419270833333333 0.6476851851851851 0.03802083333333333 0.16759259259259257
0 0.7187499999999999 0.7106481481481481 0.04479166666666666 0.1638888888888889
0 0.01640625 0.9449074074074074 0.03177083333333333 0.11203703703703702
0 0.05052083333333333 0.9625 0.05208333333333333 0.07685185185185185
0 0.584375 0.8337962962962961 0.06770833333333333 0.20462962962962963
0 0.7505208333333333 0.8203703703703704 0.06770833333333333 0.21666666666666665
0 0.4578124999999999 0.48749999999999993 0.03229166666666666 0.10462962962962963
0 0.4182291666666667 0.48240740740740745 0.03333333333333333 0.1259259259259259
5 0.70234375 0.5023148148148147 0.0234375 0.06574074074074074
0 0.7171874999999999 0.45925925925925914 0.026041666666666664 0.09074074074074073
0 0.7369791666666667 0.45972222222222225 0.03020833333333333 0.08981481481481482
5 0.7627604166666666 0.5310185185185186 0.03072916666666666 0.08796296296296295
5 0.5526041666666667 0.47453703703703703 0.02395833333333333 0.11018518518518519
