0 0.17109375 0.8731481481481481 0.0671875 0.25370370370370365
0 0.2411458333333333 0.8731481481481481 0.0625 0.25555555555555554
0 0.2596354166666667 0.8407407407407407 0.05052083333333333 0.23518518518518516
0 0.9466145833333334 0.8875 0.05260416666666666 0.22129629629629627
0 0.3708333333333333 0.7787037037037037 0.05208333333333333 0.2148148148148148
0 0.4161458333333333 0.7810185185185186 0.051041666666666666 0.19907407407407407
0 0.8057291666666666 0.7328703703703704 0.051041666666666666 0.21574074074074073
0 0.8255208333333333 0.7240740740740741 0.042708333333333334 0.20185185185185187
5 0.66015625 0.6546296296296296 0.0296875 0.1685185185185185
0 0.8028645833333334 0.5509259259259258 0.027604166666666662 0.09259259259259259
5 0.7171875 0.4981481481481481 0.028125 0.07592592592592592
0 0.7453124999999999 0.6986111111111111 0.041666666666666664 0.1861111111111111
0 0.7924479166666666 0.6680555555555554 0.0421875 0.16574074074074072
0 0.6588541666666666 0.6907407407407408 0.041666666666666664 0.18703703703703703
0 0.5864583333333333 0.6907407407407408 0.03854166666666666 0.18333333333333332
0 0.765625 0.6439814814814815 0.03958333333333333 0.17129629629629628
0 0.4166666666666667 0.5129629629629628 0.02395833333333333 0.09814814814814814
0 0.4421874999999999 0.49027777777777776 0.026041666666666664 0.11203703703703702
0 0.42447916666666663 0.537037037037037 0.025 0.12407407407407407
0 0.4489583333333333 0.5254629629629629 0.03125 0.12314814814814815
0 0.4653645833333333 0.49907407407407406 0.025520833333333333 0.11296296296296296
0 0.5013020833333333 0.5023148148148147 0.024479166666666666 0.12129629629629628
0 0.47734375 0.5199074074074074 0.0328125 0.12314814814814815
0 0.4395833333333333 0.5962962962962963 0.03854166666666666 0.1648148148148148
5 0.6369791666666667 0.6152777777777778 0.029166666666666664 0.14351851851851852
0 0.4781249999999999 0.6 0.03229166666666666 0.15740740740740738
0 0.5018229166666667 0.6041666666666667 0.03177083333333333 0.14537037037037037
0 0.5223958333333333 0.5791666666666666 0.03125 0.13425925925925924
0 0.5552083333333333 0.575 0.03229166666666666 0.12777777777777777
0 0.55 0.5648148148148148 0.028125 0.11851851851851851
0 0.50859375 0.6259259259259259 0.04010416666666666 0.1537037037037037
0 0.5359375 0.6425925925925926 0.02708333333333333 0.11851851851851851
0 0.55 0.6513888888888888 0.0375 0.1787037037037037
0 0.5440104166666666 0.6907407407407407 0.0390625 0.1925925925925926
0 0.5848958333333333 0.5731481481481481 0.03020833333333333 0.14074074074074075
0 0.6018229166666667 0.6106481481481482 0.033854166666666664 0.15833333333333333
0 0.596875 0.6597222222222221 0.040625 0.15277777777777776
0 0.9494791666666667 0.8435185185185186 0.05416666666666666 0.20185185185185187
5 0.7020833333333333 0.5134259259259258 0.02395833333333333 0.06574074074074074
0 0.6604166666666667 0.47175925925925927 0.028125 0.08981481481481482
0 0.6817708333333333 0.4731481481481482 0.03333333333333333 0.0962962962962963
5 0.765625 0.5375 0.03125 0.08796296296296295
5 0.5614583333333333 0.4837962962962963 0.02395833333333333 0.11018518518518519
