0 0.5669270833333333 0.6763888888888888 0.03802083333333333 0.19907407407407407
0 0.5921875 0.686574074074074 0.040625 0.19722222222222222
5 0.6552083333333333 0.6458333333333333 0.03333333333333333 0.17685185185185184
0 0.7473958333333333 0.5194444444444445 0.02395833333333333 0.0962962962962963
5 0.75078125 0.4773148148148148 0.025520833333333333 0.07685185185185185
0 0.59453125 0.6509259259259259 0.04010416666666666 0.17407407407407408
0 0.525 0.6856481481481481 0.02708333333333333 0.14907407407407408
0 0.5914062499999999 0.6652777777777777 0.05260416666666666 0.1824074074074074
0 0.7145833333333333 0.7087962962962963 0.03645833333333333 0.17685185185185184
0 0.8671875 0.6898148148148147 0.0375 0.17222222222222222
0 0.8697916666666666 0.6592592592592592 0.03020833333333333 0.15185185185185185
0 0.8570312499999998 0.6532407407407407 0.03802083333333333 0.16759259259259257
0 0.8986979166666667 0.6870370370370369 0.03802083333333333 0.18518518518518517
5 0.6692708333333333 0.6041666666666666 0.02708333333333333 0.14351851851851852
0 0.28854166666666664 0.7449074074074074 0.04479166666666666 0.21018518518518517
0 0.3239583333333333 0.7481481481481481 0.042708333333333334 0.1907407407407407
0 0.3260416666666667 0.7912037037037037 0.05208333333333333 0.2009259259259259
0 0.21171875 0.7657407407407406 0.04427083333333333 0.1925925925925926
0 0.09375 0.9287037037037036 0.06354166666666666 0.14444444444444443
0 0.4481770833333333 0.6212962962962962 0.033854166666666664 0.15925925925925927
0 0.7606770833333333 0.6453703703703704 0.033854166666666664 0.18148148148148147
0 0.6614583333333333 0.7254629629629629 0.05416666666666666 0.20462962962962963
0 0.68984375 0.7407407407407407 0.0390625 0.18703703703703703
0 0.4067708333333333 0.6462962962962963 0.042708333333333334 0.14814814814814814
0 0.7942708333333333 0.6814814814814814 0.03020833333333333 0.11851851851851851
0 0.7906249999999999 0.6703703703703703 0.035416666666666666 0.14444444444444443
0 0.8369791666666666 0.7023148148148148 0.046875 0.2009259259259259
0 0.8388020833333332 0.7018518518518518 0.04114583333333333 0.20185185185185187
0 0.8270833333333332 0.7203703703703703 0.053125 0.2074074074074074
0 0.8140625 0.6652777777777776 0.03645833333333333 0.1787037037037037
0 0.8763020833333333 0.7300925925925925 0.04427083333333333 0.18796296296296294
0 0.6557291666666666 0.5990740740740741 0.03229166666666666 0.13333333333333333
0 0.6372395833333333 0.5976851851851851 0.03802083333333333 0.16018518518518518
0 0.47916666666666663 0.6125 0.035416666666666666 0.16203703703703703
0 0.4395833333333333 0.5773148148148148 0.04375 0.15648148148148147
0 0.5841145833333333 0.5638888888888889 0.0265625 0.1037037037037037
0 0.5479166666666667 0.5597222222222222 0.03020833333333333 0.12685185185185183
0 0.5158854166666667 0.5374999999999999 0.03177083333333333 0.1287037037037037
0 0.4598958333333333 0.5453703703703703 0.03333333333333333 0.12037037037037038
0 0.4234375 0.5430555555555555 0.025 0.12685185185185183
0 0.5651041666666666 0.5208333333333334 0.028125 0.11574074074074074
0 0.5359375 0.5208333333333333 0.028125 0.12129629629629628
0 0.5174479166666667 0.5138888888888888 0.025520833333333333 0.12962962962962962
0 0.4963541666666666 0.5222222222222223 0.026041666666666664 0.12037037037037038
0 0.4291666666666666 0.5152777777777777 0.028125 0.11574074074074074
0 0.5388020833333333 0.49722222222222223 0.027604166666666662 0.1074074074074074
0 0.4598958333333333 0.49444444444444446 0.03020833333333333 0.12037037037037038
0 0.4544270833333333 0.47638888888888886 0.021354166666666667 0.09907407407407406
0 0.4458333333333333 0.4856481481481481 0.026041666666666664 0.10462962962962963
0 0.5445312499999999 0.5435185185185185 0.021354166666666667 0.1074074074074074
5 0.7291666666666667 0.48749999999999993 0.02395833333333333 0.06574074074074074
0 0.5197916666666667 0.4962962962962963 0.026041666666666664 0.12407407407407407
0 0.77421875 0.4416666666666666 0.01927083333333333 0.07407407407407407
0 0.7869791666666667 0.4412037037037037 0.02708333333333333 0.0824074074074074
5 0.7919270833333333 0.5180555555555555 0.0296875 0.08796296296296295
5 0.5869791666666666 0.4652777777777777 0.026041666666666664 0.11018518518518519
