0 0.25078125 0.736574074074074 0.0546875 0.2064814814814815
0 0.31796874999999997 0.7379629629629629 0.05052083333333333 0.22592592592592592
0 0.37499999999999994 0.7180555555555556 0.03958333333333333 0.1935185185185185
0 0.2903645833333333 0.8972222222222221 0.0640625 0.20555555555555555
0 0.35416666666666663 0.9023148148148149 0.06354166666666666 0.1935185185185185
0 0.5953124999999999 0.6518518518518518 0.041666666666666664 0.1925925925925926
0 0.6044270833333333 0.6476851851851853 0.0359375 0.17685185185185184
5 0.646875 0.6296296296296295 0.028125 0.1685185185185185
0 0.7903645833333333 0.5296296296296296 0.025520833333333333 0.09259259259259259
5 0.7083333333333333 0.4828703703703704 0.026041666666666664 0.07685185185185185
0 0.6236979166666666 0.6532407407407408 0.0296875 0.1824074074074074
0 0.9140625 0.7157407407407407 0.053125 0.1925925925925926
0 0.7432291666666666 0.7814814814814814 0.041666666666666664 0.22407407407407404
0 0.6994791666666667 0.7874999999999999 0.04791666666666666 0.22314814814814815
0 0.8861979166666666 0.7013888888888888 0.0484375 0.19537037037037036
0 0.45078125 0.5416666666666666 0.0234375 0.11111111111111112
0 0.4729166666666667 0.5324074074074074 0.03020833333333333 0.1388888888888889
0 0.4296875 0.5699074074074074 0.03020833333333333 0.13425925925925924
0 0.5036458333333333 0.5611111111111111 0.03333333333333333 0.13518518518518519
0 0.5020833333333333 0.5328703703703704 0.026041666666666664 0.12129629629629628
0 0.5356770833333333 0.5361111111111111 0.03177083333333333 0.13333333333333333
0 0.5333333333333333 0.5555555555555556 0.03020833333333333 0.12962962962962962
0 0.53984375 0.6680555555555554 0.04114583333333333 0.19722222222222222
5 0.6265624999999999 0.6050925925925925 0.029166666666666664 0.14351851851851852
0 0.5515625 0.6685185185185185 0.053125 0.18703703703703703
0 0.575 0.6638888888888889 0.0375 0.17407407407407408
0 0.5408854166666667 0.6337962962962963 0.03177083333333333 0.16203703703703703
0 0.6614583333333333 0.6222222222222222 0.03645833333333333 0.15740740740740738
0 0.6559895833333333 0.6175925925925926 0.03177083333333333 0.15185185185185185
0 0.6263020833333333 0.6976851851851851 0.04635416666666666 0.17314814814814813
0 0.6533854166666666 0.7087962962962961 0.033854166666666664 0.13425925925925924
0 0.7481770833333333 0.7069444444444444 0.0546875 0.19907407407407407
0 0.6471354166666666 0.7861111111111111 0.04635416666666666 0.22962962962962963
0 0.7325520833333333 0.6152777777777778 0.0328125 0.1509259259259259
0 0.7851562499999999 0.6597222222222222 0.043229166666666666 0.17685185185185184
0 0.7971354166666667 0.7166666666666666 0.04427083333333333 0.1759259259259259
0 0.026041666666666664 0.924074074074074 0.051041666666666666 0.1537037037037037
0 0.057291666666666664 0.9421296296296295 0.055208333333333325 0.11759259259259258
0 0.434375 0.826851851851852 0.055208333333333325 0.20370370370370366
0 0.6109375 0.8180555555555555 0.05625 0.21944444444444441
0 0.89921875 0.7893518518518519 0.05260416666666666 0.21018518518518517
0 0.4744791666666666 0.4879629629629629 0.028125 0.1037037037037037
0 0.44843749999999993 0.4819444444444444 0.03229166666666666 0.12314814814814815
0 0.37838541666666664 0.4749999999999999 0.03072916666666666 0.1222222222222222
5 0.6916666666666667 0.49120370370370364 0.02395833333333333 0.06574074074074074
0 0.725 0.4499999999999999 0.02395833333333333 0.08518518518518518
0 0.746875 0.44305555555555554 0.029166666666666664 0.08981481481481482
5 0.7505208333333333 0.5199074074074074 0.03020833333333333 0.08796296296296295
5 0.5380208333333333 0.4643518518518518 0.02395833333333333 0.11018518518518519
