0 0.22239583333333335 0.6083333333333333 0.04583333333333334 0.1796296296296296
0 0.27838541666666666 0.6129629629629629 0.0453125 0.17407407407407408
0 0.29010416666666666 0.6356481481481481 0.046875 0.17314814814814813
0 0.5494791666666667 0.6398148148148147 0.034374999999999996 0.18703703703703703
0 0.5799479166666667 0.6365740740740741 0.033854166666666664 0.175
0 0.6520833333333333 0.6398148148148147 0.030208333333333334 0.17592592592592593
0 0.7312500000000001 0.5203703703703704 0.02395833333333333 0.0962962962962963
0 0.72890625 0.48101851851851846 0.025520833333333333 0.07685185185185185
0 0.61484375 0.639351851851852 0.03177083333333333 0.1787037037037037
0 0.6875 0.9703703703703703 0.05 0.06111111111111111
0 0.6130208333333333 0.9675925925925924 0.06145833333333334 0.06666666666666667
0 0.4666666666666667 0.6333333333333333 0.027083333333333334 0.137037037037037
0 0.4986979166666667 0.6152777777777777 0.035937500000000004 0.16388888888888886
0 0.5434895833333334 0.662037037037037 0.03802083333333334 0.1611111111111111
0 0.7442708333333334 0.6361111111111111 0.034374999999999996 0.14629629629629629
0 0.6466145833333334 0.6185185185185185 0.029687500000000002 0.14259259259259258
0 0.6872395833333335 0.6148148148148148 0.0421875 0.16296296296296295
0 0.7796875 0.6337962962962963 0.03125 0.14907407407407408
0 0.6484375 0.6023148148148147 0.029166666666666667 0.14351851851851852
0 0.9455729166666667 0.7467592592592591 0.0578125 0.2046296296296296
0 0.9380208333333333 0.7314814814814814 0.040625 0.18703703703703703
0 0.515625 0.9583333333333334 0.06145833333333334 0.08518518518518518
0 0.21406250000000002 0.8004629629629628 0.04895833333333334 0.23796296296296296
0 0.26276041666666666 0.8083333333333333 0.0484375 0.22037037037037036
0 0.23645833333333335 0.8703703703703703 0.057291666666666664 0.23148148148148145
0 0.10885416666666668 0.8106481481481481 0.03854166666666667 0.21018518518518517
0 0.12421875 0.861574074074074 0.0484375 0.24351851851851852
0 0.48203125 0.6662037037037037 0.03697916666666667 0.17685185185185184
0 0.7723958333333334 0.675 0.03958333333333334 0.17777777777777776
0 0.6075520833333334 0.7189814814814814 0.04010416666666666 0.20277777777777778
0 0.6380208333333334 0.7259259259259259 0.03333333333333333 0.1796296296296296
0 0.5455729166666666 0.686574074074074 0.043229166666666666 0.15833333333333333
0 0.7932291666666667 0.7185185185185184 0.034374999999999996 0.11851851851851851
0 0.7416666666666666 0.7254629629629629 0.040625 0.15462962962962962
0 0.8807291666666666 0.7564814814814814 0.06145833333333334 0.2185185185185185
0 0.9020833333333333 0.750462962962963 0.057291666666666664 0.21018518518518517
0 0.7747395833333335 0.7129629629629629 0.04010416666666666 0.18703703703703703
0 0.5932291666666666 0.5671296296296297 0.029166666666666667 0.1324074074074074
0 0.5651041666666666 0.5541666666666667 0.03333333333333333 0.1398148148148148
0 0.45546875000000003 0.5560185185185185 0.033854166666666664 0.14351851851851852
0 0.58203125 0.587962962962963 0.044270833333333336 0.1574074074074074
0 0.5361979166666667 0.524074074074074 0.021354166666666667 0.10370370370370369
0 0.5140625000000001 0.5180555555555555 0.030208333333333334 0.10833333333333334
0 0.48333333333333334 0.5106481481481482 0.03125 0.12129629629629629
0 0.43802083333333336 0.5120370370370371 0.030208333333333334 0.11296296296296296
0 0.4114583333333333 0.5115740740740741 0.025 0.11574074074074073
0 0.5049479166666666 0.4912037037037037 0.025520833333333333 0.11018518518518518
0 0.4786458333333333 0.48796296296296293 0.02395833333333333 0.11296296296296296
0 0.4588541666666667 0.48657407407407405 0.026041666666666668 0.12314814814814815
0 0.44322916666666673 0.4907407407407407 0.02395833333333333 0.1148148148148148
0 0.40468750000000003 0.4805555555555555 0.025 0.10925925925925925
0 0.43281250000000004 0.47129629629629627 0.025 0.1074074074074074
0 0.5197916666666667 0.5166666666666666 0.021875000000000002 0.1074074074074074
0 0.7109375 0.4912037037037037 0.02395833333333333 0.06574074074074074
0 0.4153645833333333 0.4726851851851851 0.0234375 0.12314814814814815
0 0.7565104166666669 0.43981481481481477 0.019270833333333334 0.07407407407407408
0 0.7645833333333334 0.4347222222222222 0.027083333333333334 0.0824074074074074
0 0.7768229166666667 0.5208333333333334 0.029687500000000002 0.08796296296296297
0 0.5692708333333334 0.46342592592592596 0.025 0.11018518518518518
