0 0.5739583333333333 0.6652777777777776 0.034375 0.19722222222222222
0 0.5979166666666667 0.6768518518518518 0.03854166666666666 0.1925925925925926
5 0.6624999999999999 0.6467592592592593 0.03229166666666666 0.17685185185185184
0 0.7463541666666667 0.5175925925925926 0.02395833333333333 0.0962962962962963
5 0.7484375 0.48009259259259257 0.025 0.07685185185185185
0 0.6088541666666666 0.6462962962962963 0.03229166666666666 0.17407407407407408
0 0.5114583333333333 0.6773148148148147 0.02708333333333333 0.15277777777777776
0 0.5635416666666666 0.6606481481481481 0.035416666666666666 0.1824074074074074
0 0.6953124999999999 0.7074074074074074 0.041666666666666664 0.1759259259259259
0 0.8559895833333332 0.6828703703703705 0.03802083333333333 0.17129629629629628
0 0.8411458333333333 0.6583333333333333 0.03020833333333333 0.15185185185185185
0 0.8447916666666666 0.648611111111111 0.03958333333333333 0.16759259259259257
0 0.8890625 0.6833333333333332 0.0375 0.17777777777777776
5 0.6666666666666667 0.6050925925925925 0.02708333333333333 0.14351851851851852
0 0.2778645833333333 0.7462962962962962 0.0453125 0.20925925925925926
0 0.31666666666666665 0.7555555555555555 0.042708333333333334 0.20185185185185187
0 0.31276041666666665 0.7944444444444444 0.05260416666666666 0.20370370370370366
0 0.20442708333333331 0.7675925925925926 0.04427083333333333 0.1925925925925926
0 0.1234375 0.9171296296296296 0.06770833333333333 0.16574074074074072
0 0.4484375 0.6254629629629629 0.03333333333333333 0.16018518518518518
0 0.7661458333333333 0.6541666666666666 0.034375 0.18425925925925926
0 0.640625 0.7263888888888889 0.040625 0.20462962962962963
0 0.6729166666666666 0.7384259259259258 0.04479166666666666 0.1861111111111111
0 0.4221354166666666 0.6481481481481481 0.04010416666666666 0.14629629629629629
0 0.79140625 0.6893518518518518 0.0296875 0.11759259259259258
0 0.78203125 0.6805555555555556 0.0359375 0.14814814814814814
0 0.8263020833333334 0.7087962962962963 0.04635416666666666 0.2009259259259259
0 0.8401041666666667 0.7074074074074075 0.041666666666666664 0.20185185185185187
0 0.85703125 0.7393518518518518 0.0578125 0.20462962962962963
0 0.80703125 0.6745370370370369 0.03697916666666666 0.1787037037037037
0 0.9054687499999998 0.7439814814814815 0.05052083333333333 0.18981481481481483
0 0.64140625 0.5939814814814814 0.03177083333333333 0.1324074074074074
0 0.6190104166666667 0.5907407407407408 0.03802083333333333 0.15555555555555553
0 0.4744791666666666 0.6013888888888889 0.034375 0.16018518518518518
0 0.46875 0.5773148148148148 0.04375 0.15648148148148147
0 0.5820312499999999 0.5583333333333333 0.027604166666666662 0.1037037037037037
0 0.5453125 0.5541666666666667 0.03020833333333333 0.12685185185185183
0 0.5166666666666666 0.5310185185185184 0.03229166666666666 0.1287037037037037
0 0.4604166666666666 0.537037037037037 0.03125 0.11851851851851851
0 0.41875 0.5356481481481482 0.025 0.12685185185185183
0 0.5567708333333333 0.5152777777777777 0.028125 0.11574074074074074
0 0.53046875 0.5148148148148148 0.025520833333333333 0.11851851851851851
0 0.5096354166666667 0.5106481481481481 0.025520833333333333 0.13055555555555556
0 0.4921874999999999 0.5162037037037036 0.026041666666666664 0.12129629629629628
0 0.43125 0.5078703703703704 0.028125 0.11574074074074074
0 0.5260416666666666 0.4893518518518518 0.028125 0.10648148148148147
0 0.4565104166666667 0.48703703703703705 0.028645833333333332 0.12037037037037038
0 0.4351562499999999 0.4662037037037036 0.021354166666666667 0.09907407407407406
0 0.4255208333333333 0.47407407407407404 0.02708333333333333 0.1037037037037037
0 0.54375 0.5351851851851852 0.021875 0.1074074074074074
5 0.7296875 0.4902777777777777 0.02395833333333333 0.06574074074074074
0 0.50390625 0.4888888888888888 0.025520833333333333 0.12407407407407407
0 0.7729166666666666 0.44259259259259254 0.019791666666666666 0.07407407407407407
0 0.7838541666666667 0.44027777777777777 0.02708333333333333 0.0824074074074074
5 0.7921875 0.5199074074074074 0.03020833333333333 0.08796296296296295
5 0.5874999999999999 0.4662037037037036 0.026041666666666664 0.11018518518518519
