0 0.25911458333333337 0.6222222222222221 0.04635416666666666 0.17962962962962964
0 0.31718749999999996 0.6212962962962962 0.03958333333333333 0.1925925925925926
0 0.35078124999999993 0.6467592592592593 0.03802083333333333 0.16944444444444445
0 0.5364583333333333 0.624537037037037 0.035416666666666666 0.18796296296296294
0 0.5666666666666667 0.6245370370370369 0.03125 0.1787037037037037
5 0.6390625 0.6277777777777778 0.028125 0.1685185185185185
0 0.7432291666666667 0.5148148148148148 0.02395833333333333 0.0962962962962963
5 0.72109375 0.4736111111111111 0.025520833333333333 0.07685185185185185
0 0.60546875 0.6365740740740741 0.0359375 0.1787037037037037
0 0.6973958333333333 0.9273148148148147 0.06354166666666666 0.1472222222222222
0 0.6302083333333333 0.923611111111111 0.06770833333333333 0.15277777777777776
0 0.4622395833333333 0.6041666666666666 0.025520833333333333 0.11574074074074074
0 0.4916666666666666 0.5856481481481481 0.034375 0.16018518518518518
0 0.4817708333333333 0.6375 0.03645833333333333 0.16018518518518518
0 0.6697916666666666 0.612037037037037 0.034375 0.14629629629629629
0 0.55703125 0.5921296296296296 0.0265625 0.1361111111111111
0 0.6057291666666667 0.5962962962962963 0.042708333333333334 0.16296296296296295
0 0.696875 0.6097222222222222 0.03125 0.14907407407407408
5 0.6388020833333333 0.5976851851851851 0.0296875 0.14351851851851852
0 0.8427083333333332 0.7231481481481481 0.03958333333333333 0.20185185185185187
0 0.8627604166666666 0.7125 0.049479166666666664 0.19537037037037036
0 0.8536458333333332 0.7013888888888888 0.034375 0.18796296296296294
0 0.5575520833333333 0.9212962962962962 0.0609375 0.15925925925925927
0 0.8924479166666666 0.7069444444444444 0.0421875 0.18796296296296294
0 0.17317708333333331 0.8291666666666666 0.0546875 0.2361111111111111
0 0.22265625 0.8412037037037037 0.0546875 0.22685185185185186
0 0.17109375 0.8967592592592591 0.06197916666666666 0.20833333333333331
0 0.10052083333333332 0.8069444444444445 0.0375 0.21018518518518517
0 0.10677083333333333 0.8282407407407406 0.03958333333333333 0.23796296296296293
0 0.5408854166666666 0.6884259259259259 0.0390625 0.18796296296296294
0 0.746875 0.7023148148148148 0.04583333333333333 0.19166666666666665
0 0.6192708333333333 0.7194444444444443 0.042708333333333334 0.2
0 0.6369791666666667 0.7194444444444443 0.03645833333333333 0.17962962962962964
0 0.6372395833333333 0.7013888888888888 0.03802083333333333 0.16203703703703703
0 0.7734375 0.7458333333333333 0.034375 0.1287037037037037
0 0.7572916666666666 0.7523148148148148 0.04375 0.16944444444444445
0 0.7809895833333333 0.7351851851851852 0.04010416666666666 0.19629629629629627
0 0.5682291666666667 0.5351851851851852 0.03020833333333333 0.1074074074074074
0 0.53671875 0.5277777777777778 0.034895833333333334 0.1259259259259259
0 0.4395833333333333 0.5305555555555556 0.03020833333333333 0.13518518518518519
0 0.6671875 0.5907407407407408 0.040625 0.16296296296296295
0 0.5171875 0.5106481481481481 0.020833333333333332 0.09907407407407406
0 0.4875 0.500925925925926 0.03020833333333333 0.1074074074074074
0 0.4552083333333333 0.49398148148148147 0.029166666666666664 0.12129629629629628
0 0.4229166666666666 0.4916666666666666 0.029166666666666664 0.11296296296296296
0 0.40390625 0.4898148148148148 0.025520833333333333 0.11296296296296296
0 0.46015624999999993 0.4726851851851851 0.024479166666666666 0.11018518518518519
0 0.4296875 0.4731481481481481 0.02395833333333333 0.11296296296296296
0 0.415625 0.46805555555555556 0.021875 0.12314814814814815
0 0.4013020833333333 0.47453703703703703 0.0234375 0.11203703703703702
0 0.4984375 0.4939814814814814 0.025 0.10462962962962963
5 0.70234375 0.4819444444444444 0.0234375 0.06574074074074074
0 0.75078125 0.43518518518518523 0.01927083333333333 0.07407407407407407
0 0.7536458333333333 0.4310185185185185 0.02708333333333333 0.0824074074074074
5 0.7671875 0.5152777777777777 0.03020833333333333 0.08796296296296295
5 0.5625 0.45555555555555555 0.02708333333333333 0.10925925925925925
