0 0.27864583333333337 0.7037037037037037 0.05416666666666666 0.2074074074074074
0 0.34010416666666665 0.7032407407407406 0.051041666666666666 0.21759259259259256
0 0.4026041666666666 0.6949074074074074 0.035416666666666666 0.18981481481481483
0 0.2390625 0.9226851851851852 0.071875 0.15648148148148147
0 0.32109374999999996 0.9287037037037038 0.05364583333333332 0.14259259259259258
0 0.5510416666666667 0.6333333333333333 0.041666666666666664 0.18518518518518517
0 0.5684895833333333 0.6347222222222222 0.033854166666666664 0.18796296296296294
5 0.6473958333333333 0.6305555555555555 0.028125 0.1685185185185185
0 0.79140625 0.524537037037037 0.025520833333333333 0.09351851851851851
5 0.7052083333333333 0.47824074074074074 0.026041666666666664 0.07685185185185185
0 0.6236979166666667 0.6518518518518518 0.03802083333333333 0.18148148148148147
0 0.7367187499999999 0.8319444444444445 0.04635416666666666 0.2398148148148148
0 0.6848958333333333 0.8291666666666666 0.057291666666666664 0.23796296296296293
0 0.45546875 0.5583333333333333 0.0234375 0.11296296296296296
0 0.4820312499999999 0.5435185185185185 0.03072916666666666 0.14444444444444443
0 0.4408854166666666 0.5875 0.0296875 0.13796296296296295
0 0.5252604166666666 0.5726851851851851 0.0296875 0.14351851851851852
0 0.5057291666666666 0.5499999999999999 0.026041666666666664 0.13518518518518519
0 0.5330729166666666 0.5472222222222222 0.0296875 0.14074074074074075
0 0.5510416666666667 0.5666666666666667 0.03229166666666666 0.12962962962962962
0 0.61015625 0.6972222222222222 0.056770833333333326 0.20185185185185187
5 0.6263020833333333 0.6013888888888889 0.0296875 0.14351851851851852
0 0.63515625 0.6879629629629629 0.04427083333333333 0.1907407407407407
0 0.6591145833333333 0.6828703703703703 0.03802083333333333 0.17314814814814813
0 0.559375 0.6625 0.03958333333333333 0.175
0 0.7244791666666667 0.6342592592592593 0.03645833333333333 0.15740740740740738
0 0.740625 0.6370370370370371 0.03020833333333333 0.15185185185185185
0 0.7372395833333333 0.711574074074074 0.05052083333333333 0.1824074074074074
0 0.7549479166666666 0.725925925925926 0.033854166666666664 0.14074074074074075
0 0.8481770833333332 0.7143518518518518 0.0609375 0.19907407407407407
0 0.6273437499999999 0.8314814814814815 0.049479166666666664 0.25370370370370365
0 0.7760416666666666 0.6398148148148148 0.040625 0.17037037037037037
0 0.8403645833333334 0.686574074074074 0.04635416666666666 0.18981481481481483
0 0.9145833333333334 0.724537037037037 0.041666666666666664 0.1824074074074074
0 0.05026041666666666 0.9027777777777777 0.0578125 0.19444444444444445
0 0.09505208333333333 0.9175925925925925 0.0546875 0.1648148148148148
0 0.03854166666666666 0.9736111111111111 0.051041666666666666 0.054629629629629625
0 0.30546875 0.8203703703703704 0.0515625 0.20370370370370366
0 0.4661458333333333 0.8282407407407406 0.05625 0.22314814814814815
0 0.7739583333333333 0.7662037037037036 0.0375 0.21018518518518517
0 0.9651041666666667 0.7583333333333333 0.04583333333333333 0.20370370370370366
0 0.8552083333333332 0.7569444444444444 0.05625 0.21203703703703702
0 0.8601562499999998 0.75 0.04427083333333333 0.19629629629629627
0 0.89375 0.7462962962962962 0.03854166666666666 0.17962962962962964
0 0.5041666666666667 0.5032407407407408 0.03333333333333333 0.10648148148148147
0 0.4760416666666666 0.4930555555555555 0.03229166666666666 0.12314814814814815
0 0.4057291666666667 0.4893518518518518 0.03333333333333333 0.12314814814814815
0 0.41718749999999993 0.4851851851851851 0.026041666666666664 0.09074074074074073
0 0.4028645833333333 0.4768518518518518 0.025520833333333333 0.10185185185185183
0 0.4067708333333333 0.48287037037037034 0.025 0.11203703703703702
5 0.690625 0.48611111111111105 0.02395833333333333 0.06666666666666667
0 0.7416666666666666 0.44074074074074077 0.01875 0.07407407407407407
0 0.7510416666666666 0.44490740740740736 0.028125 0.08796296296296295
5 0.75078125 0.5180555555555555 0.0296875 0.08796296296296295
5 0.5385416666666667 0.4643518518518518 0.02395833333333333 0.11018518518518519
