0 0.23697916666666666 0.611111111111111 0.04583333333333333 0.17962962962962964
0 0.3005208333333333 0.6162037037037036 0.03958333333333333 0.1787037037037037
0 0.3145833333333333 0.6402777777777777 0.04479166666666666 0.17129629629629628
0 0.5411458333333333 0.6305555555555555 0.034375 0.18703703703703703
0 0.5760416666666666 0.6333333333333333 0.034375 0.18148148148148147
5 0.64921875 0.6342592592592593 0.0296875 0.1759259259259259
0 0.7333333333333333 0.5203703703703704 0.02395833333333333 0.0962962962962963
5 0.72421875 0.4773148148148148 0.025520833333333333 0.07685185185185185
0 0.61015625 0.6365740740740741 0.0328125 0.1787037037037037
0 0.6901041666666667 0.9513888888888887 0.06145833333333332 0.09722222222222222
0 0.6190104166666666 0.9486111111111111 0.06822916666666666 0.10462962962962963
0 0.46171875 0.6189814814814815 0.025520833333333333 0.1324074074074074
0 0.4942708333333333 0.6018518518518519 0.034375 0.1611111111111111
0 0.5010416666666667 0.6550925925925926 0.03645833333333333 0.16203703703703703
0 0.7114583333333333 0.625 0.034375 0.14629629629629629
0 0.6015624999999999 0.6060185185185185 0.029166666666666664 0.13796296296296295
0 0.6505208333333333 0.6092592592592593 0.042708333333333334 0.16296296296296295
0 0.7434895833333333 0.6236111111111111 0.03177083333333333 0.14907407407407408
5 0.6427083333333333 0.6023148148148147 0.03020833333333333 0.14351851851851852
0 0.8919270833333334 0.7374999999999999 0.05572916666666666 0.19907407407407407
0 0.9236979166666666 0.7324074074074074 0.056770833333333326 0.19629629629629627
0 0.8927083333333332 0.7180555555555556 0.034375 0.18796296296296294
0 0.5341145833333333 0.9439814814814815 0.0609375 0.11388888888888889
0 0.9377604166666667 0.7226851851851851 0.0421875 0.18796296296296294
0 0.19479166666666664 0.8101851851851851 0.05416666666666666 0.23888888888888887
0 0.2411458333333333 0.8245370370370371 0.04895833333333333 0.22685185185185186
0 0.20572916666666666 0.8875 0.0625 0.22685185185185186
0 0.10416666666666666 0.8087962962962962 0.0375 0.21018518518518517
0 0.11354166666666665 0.836574074074074 0.051041666666666666 0.23796296296296293
0 0.50234375 0.6773148148148148 0.0421875 0.1824074074074074
0 0.7588541666666666 0.6925925925925925 0.040625 0.1907407407407407
0 0.6059895833333333 0.7212962962962962 0.03802083333333333 0.20370370370370366
0 0.63046875 0.7226851851851851 0.03177083333333333 0.1787037037037037
0 0.5859375 0.6925925925925925 0.03958333333333333 0.1611111111111111
0 0.7848958333333333 0.7342592592592593 0.034375 0.1259259259259259
0 0.7309895833333333 0.7407407407407407 0.0390625 0.15740740740740738
0 0.9317708333333334 0.7703703703703704 0.06354166666666666 0.22222222222222224
0 0.9596354166666666 0.763888888888889 0.0515625 0.20925925925925926
0 0.7627604166666666 0.7226851851851852 0.04010416666666666 0.18981481481481483
0 0.58046875 0.5541666666666666 0.0296875 0.12129629629629628
0 0.55234375 0.5435185185185185 0.03802083333333333 0.137037037037037
0 0.4505208333333333 0.5444444444444444 0.034375 0.137037037037037
0 0.6223958333333333 0.5953703703703703 0.040625 0.16296296296296295
0 0.5265625 0.5231481481481481 0.02395833333333333 0.1037037037037037
0 0.5020833333333333 0.5101851851851852 0.03020833333333333 0.1074074074074074
0 0.4692708333333333 0.5060185185185185 0.03020833333333333 0.12129629629629628
0 0.4317708333333333 0.5027777777777778 0.03020833333333333 0.11296296296296296
0 0.4080729166666667 0.5027777777777778 0.025520833333333333 0.11296296296296296
0 0.4877604166666667 0.48425925925925917 0.025520833333333333 0.10925925925925925
0 0.4609375 0.48240740740740734 0.02395833333333333 0.11296296296296296
0 0.4408854166666667 0.47824074074074063 0.02239583333333333 0.12314814814814815
0 0.4255208333333333 0.4856481481481481 0.022916666666666665 0.11574074074074074
0 0.40390625 0.4648148148148148 0.025520833333333333 0.1074074074074074
0 0.51015625 0.5046296296296295 0.025520833333333333 0.1074074074074074
5 0.7065104166666666 0.4902777777777777 0.0234375 0.06574074074074074
0 0.7520833333333333 0.43888888888888883 0.019791666666666666 0.07407407407407407
0 0.7598958333333333 0.43287037037037035 0.02708333333333333 0.0824074074074074
5 0.771875 0.5189814814814815 0.03020833333333333 0.08796296296296295
5 0.5661458333333333 0.46296296296296297 0.025 0.10925925925925925
