0 0.23541666666666666 0.8157407407407407 0.06458333333333333 0.24259259259259255
0 0.29218749999999993 0.825 0.055208333333333325 0.2462962962962963
0 0.3328125 0.787037037037037 0.04479166666666666 0.20925925925925926
0 0.3458333333333333 0.8560185185185185 0.055208333333333325 0.2361111111111111
0 0.4041666666666666 0.8592592592592592 0.057291666666666664 0.22222222222222224
0 0.70390625 0.6967592592592593 0.04635416666666666 0.1935185185185185
0 0.7036458333333333 0.6921296296296297 0.03645833333333333 0.18981481481481483
5 0.6651041666666667 0.6555555555555556 0.03020833333333333 0.1685185185185185
0 0.80703125 0.5537037037037036 0.027604166666666662 0.09259259259259259
5 0.7218749999999999 0.5037037037037038 0.026041666666666664 0.07592592592592592
0 0.6578125 0.6796296296296296 0.03333333333333333 0.18148148148148147
0 0.8354166666666666 0.7101851851851851 0.03958333333333333 0.18518518518518517
0 0.7557291666666666 0.7453703703703703 0.04375 0.20185185185185187
0 0.6919270833333333 0.7467592592592591 0.058854166666666666 0.19722222222222222
0 0.8263020833333334 0.6921296296296295 0.04010416666666666 0.1824074074074074
0 0.4455729166666666 0.5402777777777777 0.0234375 0.10648148148148147
0 0.475 0.5277777777777778 0.03020833333333333 0.1259259259259259
0 0.4338541666666667 0.5666666666666667 0.02708333333333333 0.1259259259259259
0 0.4861979166666666 0.5537037037037036 0.0296875 0.12407407407407407
0 0.4989583333333333 0.5319444444444444 0.026041666666666664 0.11574074074074074
0 0.5408854166666667 0.5333333333333333 0.03177083333333333 0.1259259259259259
0 0.5151041666666667 0.5574074074074074 0.03020833333333333 0.12962962962962962
0 0.4755208333333333 0.6458333333333333 0.05 0.18055555555555552
5 0.6458333333333333 0.6282407407407408 0.029166666666666664 0.14351851851851852
0 0.503125 0.6416666666666667 0.040625 0.17037037037037037
0 0.5369791666666666 0.638888888888889 0.034375 0.15185185185185185
0 0.5645833333333333 0.6231481481481481 0.03229166666666666 0.14814814814814814
0 0.59140625 0.6189814814814814 0.03177083333333333 0.15462962962962962
0 0.5807291666666666 0.6032407407407407 0.029166666666666664 0.12685185185185183
0 0.5388020833333333 0.6782407407407407 0.04427083333333333 0.16759259259259257
0 0.5697916666666666 0.699537037037037 0.03229166666666666 0.1287037037037037
0 0.6208333333333333 0.7027777777777777 0.040625 0.1925925925925926
0 0.6424479166666667 0.7476851851851851 0.04739583333333333 0.2064814814814815
0 0.6348958333333333 0.6097222222222223 0.029166666666666664 0.14351851851851852
0 0.70390625 0.6592592592592592 0.0359375 0.1685185185185185
0 0.6658854166666666 0.7120370370370369 0.03697916666666666 0.17222222222222222
0 0.010416666666666666 0.9583333333333333 0.019791666666666666 0.08333333333333333
0 0.04244791666666666 0.9837962962962962 0.03177083333333333 0.03425925925925925
0 0.6903645833333333 0.8481481481481481 0.06302083333333333 0.20370370370370366
0 0.8497395833333334 0.8282407407407406 0.07135416666666666 0.21203703703703702
0 0.4307291666666666 0.49675925925925923 0.026041666666666664 0.10462962962962963
0 0.396875 0.48657407407407405 0.026041666666666664 0.12129629629629628
5 0.709375 0.5171296296296296 0.02395833333333333 0.06574074074074074
0 0.7057291666666666 0.47592592592592586 0.026041666666666664 0.09074074074074073
0 0.7294270833333333 0.475462962962963 0.0296875 0.08981481481481482
5 0.7682291666666666 0.5449074074074074 0.03125 0.08796296296296295
5 0.5609375 0.4893518518518518 0.02395833333333333 0.11018518518518519
