0 0.5638020833333333 0.6824074074074074 0.0390625 0.2
0 0.5908854166666667 0.6939814814814814 0.04427083333333333 0.19907407407407407
5 0.6544270833333333 0.6444444444444444 0.034895833333333334 0.17962962962962964
0 0.7510416666666666 0.5208333333333333 0.025 0.09722222222222222
5 0.7518229166666667 0.4763888888888889 0.025520833333333333 0.07685185185185185
0 0.59140625 0.6564814814814814 0.0390625 0.17407407407407408
0 0.5364583333333333 0.6898148148148148 0.02708333333333333 0.14814814814814814
0 0.6072916666666666 0.6708333333333332 0.04791666666666666 0.18425925925925926
0 0.7268229166666667 0.7124999999999999 0.034895833333333334 0.18055555555555552
0 0.8726562499999998 0.6916666666666667 0.03802083333333333 0.16296296296296295
0 0.8817708333333332 0.6611111111111111 0.03020833333333333 0.15185185185185185
0 0.8630208333333333 0.6560185185185186 0.03854166666666666 0.16759259259259257
0 0.9065104166666667 0.6907407407407407 0.03802083333333333 0.18518518518518517
5 0.6703125 0.6041666666666666 0.02708333333333333 0.14351851851851852
0 0.2934895833333333 0.7462962962962962 0.04427083333333333 0.2111111111111111
0 0.32526041666666666 0.7504629629629629 0.0421875 0.1861111111111111
0 0.33229166666666665 0.7921296296296296 0.05208333333333333 0.19907407407407407
0 0.21223958333333331 0.7680555555555555 0.04427083333333333 0.18425925925925926
0 0.084375 0.9361111111111111 0.05625 0.12777777777777777
0 0.4513020833333333 0.6222222222222222 0.033854166666666664 0.15740740740740738
0 0.7627604166666666 0.6444444444444444 0.033854166666666664 0.18148148148148147
0 0.6729166666666666 0.724537037037037 0.04791666666666666 0.20462962962962963
0 0.7005208333333333 0.7416666666666666 0.03645833333333333 0.18703703703703703
0 0.4067708333333333 0.6499999999999999 0.042708333333333334 0.14814814814814814
0 0.7973958333333333 0.6796296296296296 0.03020833333333333 0.11851851851851851
0 0.796875 0.6689814814814815 0.034375 0.14351851851851852
0 0.8497395833333334 0.7018518518518518 0.043229166666666666 0.20185185185185187
0 0.8388020833333332 0.7 0.04114583333333333 0.20185185185185187
0 0.8213541666666666 0.7226851851851851 0.05625 0.2064814814814815
0 0.8182291666666666 0.6629629629629629 0.03645833333333333 0.17962962962962964
0 0.8661458333333332 0.7268518518518519 0.05 0.18518518518518517
0 0.6661458333333333 0.6023148148148147 0.03229166666666666 0.13425925925925924
0 0.6458333333333333 0.599537037037037 0.03854166666666666 0.16018518518518518
0 0.48359374999999993 0.6185185185185185 0.03697916666666666 0.1648148148148148
0 0.4328125 0.5837962962962963 0.04375 0.15648148148148147
0 0.5890625 0.5703703703703703 0.025 0.1037037037037037
0 0.553125 0.5671296296296295 0.03020833333333333 0.12685185185185183
0 0.51953125 0.5421296296296296 0.03177083333333333 0.1287037037037037
0 0.4640625 0.5509259259259259 0.03333333333333333 0.12037037037037038
0 0.4270833333333333 0.5513888888888889 0.025 0.12685185185185183
0 0.5700520833333333 0.525462962962963 0.027604166666666662 0.11574074074074074
0 0.5432291666666667 0.525462962962963 0.028125 0.12129629629629628
0 0.5216145833333333 0.5185185185185185 0.025520833333333333 0.12962962962962962
0 0.4989583333333333 0.5273148148148147 0.026041666666666664 0.12129629629629628
0 0.43229166666666663 0.523611111111111 0.028125 0.11574074074074074
0 0.5479166666666666 0.5055555555555555 0.028125 0.1074074074074074
0 0.4619791666666667 0.49861111111111106 0.03020833333333333 0.12129629629629628
0 0.4640625 0.47824074074074074 0.021875 0.09907407407407406
0 0.4536458333333333 0.48749999999999993 0.02395833333333333 0.10462962962962963
0 0.42109375 0.4810185185185185 0.0234375 0.11759259259259258
0 0.5471354166666667 0.548148148148148 0.021354166666666667 0.1074074074074074
5 0.7317708333333333 0.4884259259259259 0.02395833333333333 0.06574074074074074
0 0.5255208333333333 0.5 0.026041666666666664 0.12407407407407407
0 0.7747395833333333 0.4416666666666666 0.01927083333333333 0.07407407407407407
0 0.7885416666666667 0.4412037037037037 0.02708333333333333 0.0824074074074074
5 0.7950520833333333 0.5189814814814815 0.0296875 0.08796296296296295
5 0.5895833333333333 0.46712962962962956 0.026041666666666664 0.11018518518518519
