0 0.17265625 0.8731481481481481 0.06718750000000001 0.2537037037037037
0 0.2421875 0.8731481481481481 0.0625 0.25555555555555554
0 0.26015625000000003 0.8407407407407407 0.050520833333333334 0.2351851851851852
0 0.95078125 0.8879629629629628 0.05260416666666667 0.22037037037037036
0 0.37083333333333335 0.7805555555555554 0.052083333333333336 0.2148148148148148
0 0.415625 0.7824074074074073 0.051041666666666666 0.2
0 0.8046875 0.7328703703703704 0.051041666666666666 0.2157407407407407
0 0.8229166666666666 0.725462962962963 0.04479166666666667 0.20277777777777778
0 0.6601562500000001 0.6555555555555556 0.029687500000000002 0.1685185185185185
0 0.8028645833333333 0.5527777777777777 0.02760416666666667 0.09259259259259259
0 0.7171875 0.49907407407407406 0.028125 0.07592592592592592
0 0.74375 0.6995370370370371 0.041666666666666664 0.1861111111111111
0 0.7940104166666667 0.6699074074074074 0.0421875 0.16574074074074074
0 0.6604166666666667 0.6939814814814814 0.041666666666666664 0.18796296296296294
0 0.5885416666666666 0.6930555555555554 0.03854166666666667 0.18425925925925926
0 0.7671875 0.6476851851851851 0.03958333333333334 0.17314814814814813
0 0.41718750000000004 0.5138888888888888 0.02395833333333333 0.09814814814814814
0 0.4432291666666667 0.4921296296296296 0.026041666666666668 0.11203703703703702
0 0.4244791666666667 0.537962962962963 0.025 0.12407407407407406
0 0.4494791666666667 0.5273148148148148 0.03125 0.12314814814814815
0 0.4669270833333333 0.5009259259259259 0.025520833333333333 0.11296296296296296
0 0.50234375 0.5041666666666667 0.02447916666666667 0.12129629629629629
0 0.4778645833333333 0.5212962962962963 0.0328125 0.12407407407407406
0 0.43984375000000003 0.5986111111111111 0.0390625 0.16574074074074074
0 0.6375000000000001 0.6171296296296297 0.029166666666666667 0.14351851851851852
0 0.4786458333333333 0.6018518518518517 0.03229166666666667 0.1574074074074074
0 0.5026041666666666 0.6060185185185186 0.03125 0.14537037037037034
0 0.5231770833333333 0.5800925925925925 0.03177083333333333 0.13425925925925924
0 0.5557291666666666 0.5768518518518518 0.03229166666666667 0.12777777777777777
0 0.5505208333333333 0.5666666666666667 0.028125 0.11851851851851851
0 0.5088541666666667 0.6273148148148148 0.03958333333333334 0.15462962962962962
0 0.5364583333333334 0.6439814814814816 0.027083333333333334 0.11944444444444444
0 0.5510416666666667 0.6532407407407407 0.0375 0.1787037037037037
0 0.5458333333333334 0.6935185185185184 0.03958333333333334 0.1925925925925926
0 0.5854166666666667 0.575 0.030208333333333334 0.14074074074074075
0 0.60234375 0.612037037037037 0.033854166666666664 0.1574074074074074
0 0.59765625 0.6620370370370369 0.04114583333333334 0.1537037037037037
0 0.9447916666666667 0.8453703703703703 0.05520833333333334 0.20185185185185184
0 0.7026041666666667 0.5152777777777777 0.02395833333333333 0.06574074074074074
0 0.6614583333333334 0.4731481481481481 0.028125 0.09074074074074073
0 0.6828125 0.47407407407407404 0.03333333333333333 0.0962962962962963
0 0.765625 0.5384259259259259 0.03125 0.08796296296296297
0 0.5619791666666667 0.48472222222222217 0.02395833333333333 0.11018518518518518
