0 0.2828125 0.6518518518518518 0.05 0.1907407407407407
0 0.3427083333333333 0.649537037037037 0.04375 0.19907407407407407
0 0.4216145833333333 0.6541666666666666 0.03802083333333333 0.17129629629629628
0 0.5317708333333333 0.6125 0.035416666666666666 0.18055555555555552
0 0.5643229166666666 0.6143518518518518 0.033854166666666664 0.17314814814814813
5 0.653125 0.6222222222222222 0.028125 0.1685185185185185
0 0.7828125 0.5050925925925925 0.02395833333333333 0.09351851851851851
5 0.7151041666666667 0.4689814814814815 0.026041666666666664 0.07685185185185185
0 0.6192708333333333 0.6273148148148148 0.03854166666666666 0.16759259259259257
0 0.7234375 0.887962962962963 0.05416666666666666 0.22222222222222224
0 0.67265625 0.888888888888889 0.06510416666666666 0.22407407407407404
0 0.4653645833333333 0.575 0.0234375 0.11296296296296296
0 0.49479166666666663 0.562962962962963 0.03125 0.15
0 0.465625 0.6083333333333333 0.03020833333333333 0.15185185185185185
0 0.5890624999999999 0.5925925925925926 0.035416666666666666 0.14444444444444443
0 0.5260416666666666 0.5611111111111111 0.026041666666666664 0.13518518518518519
0 0.5544270833333333 0.5652777777777777 0.033854166666666664 0.1472222222222222
0 0.6145833333333333 0.5902777777777778 0.03125 0.14907407407407408
0 0.834375 0.7083333333333333 0.06041666666666666 0.2074074074074074
5 0.63828125 0.5912037037037037 0.0296875 0.14351851851851852
0 0.8317708333333332 0.7013888888888888 0.0375 0.19722222222222222
0 0.85703125 0.700462962962963 0.0453125 0.18981481481481483
0 0.73515625 0.6856481481481481 0.04739583333333333 0.1861111111111111
0 0.7989583333333333 0.6768518518518518 0.04895833333333333 0.1907407407407407
0 0.8247395833333334 0.662037037037037 0.033854166666666664 0.1685185185185185
0 0.9278645833333334 0.7324074074074074 0.06510416666666666 0.18703703703703703
0 0.59765625 0.8833333333333332 0.05989583333333333 0.23148148148148148
0 0.853125 0.6662037037037036 0.041666666666666664 0.17314814814814813
0 0.12395833333333332 0.8652777777777777 0.06041666666666666 0.24537037037037038
0 0.18489583333333331 0.8814814814814815 0.053125 0.23888888888888887
0 0.12109375 0.9217592592592592 0.0546875 0.15833333333333333
0 0.16875 0.8060185185185185 0.046875 0.20462962962962963
0 0.2348958333333333 0.825925925925926 0.075 0.22222222222222224
0 0.6286458333333333 0.711574074074074 0.040625 0.1935185185185185
0 0.7859375 0.7314814814814814 0.05625 0.20370370370370366
0 0.7036458333333333 0.7273148148148147 0.04791666666666666 0.2064814814814815
0 0.7033854166666667 0.7268518518518519 0.03697916666666666 0.18333333333333332
0 0.74453125 0.724537037037037 0.0421875 0.175
0 0.8197916666666666 0.7652777777777777 0.042708333333333334 0.1324074074074074
0 0.8979166666666666 0.7662037037037036 0.05416666666666666 0.16759259259259257
0 0.9117187499999998 0.7481481481481481 0.05052083333333333 0.19814814814814813
0 0.5515625 0.5115740740740741 0.028125 0.10648148148148147
0 0.51953125 0.5050925925925925 0.03177083333333333 0.12685185185185183
0 0.4315104166666666 0.5060185185185185 0.0296875 0.13055555555555556
0 0.7588541666666667 0.586574074074074 0.03958333333333333 0.16018518518518518
0 0.4911458333333333 0.4888888888888888 0.022916666666666665 0.09074074074074073
0 0.4666666666666666 0.4847222222222222 0.029166666666666664 0.10648148148148147
0 0.4299479166666666 0.47777777777777775 0.0296875 0.11296296296296296
0 0.40546875 0.47824074074074074 0.0296875 0.11203703703703702
0 0.39479166666666665 0.475 0.021875 0.1074074074074074
0 0.4005208333333333 0.4643518518518518 0.02395833333333333 0.11018518518518519
0 0.4796875 0.47824074074074063 0.025 0.10462962962962963
5 0.7010416666666667 0.48009259259259257 0.02395833333333333 0.06574074074074074
0 0.7484375 0.42777777777777776 0.01875 0.07407407407407407
0 0.7536458333333333 0.4291666666666666 0.02708333333333333 0.0824074074074074
5 0.7645833333333333 0.5097222222222222 0.03020833333333333 0.08796296296296295
5 0.5583333333333333 0.45092592592592595 0.028125 0.10925925925925925
