0 0.24557291666666664 0.7537037037037038 0.058854166666666666 0.22037037037037038
0 0.3109375 0.7620370370370371 0.04895833333333333 0.23148148148148148
0 0.3640625 0.7393518518518518 0.041666666666666664 0.20462962962962963
0 0.30963541666666666 0.887962962962963 0.0609375 0.22592592592592592
0 0.37031249999999993 0.8925925925925926 0.06145833333333332 0.2148148148148148
0 0.6182291666666666 0.6606481481481481 0.04479166666666666 0.1935185185185185
0 0.6325520833333333 0.6574074074074073 0.0421875 0.18703703703703703
5 0.6520833333333333 0.6351851851851851 0.028125 0.1685185185185185
0 0.7934895833333333 0.5296296296296296 0.025520833333333333 0.09259259259259259
5 0.7098958333333333 0.4847222222222222 0.026041666666666664 0.07685185185185185
0 0.6343749999999999 0.6532407407407408 0.035416666666666666 0.1824074074074074
0 0.8726562499999998 0.712037037037037 0.05364583333333332 0.18888888888888888
0 0.7520833333333333 0.7662037037037036 0.04479166666666666 0.22129629629629627
0 0.7026041666666666 0.7685185185185184 0.04791666666666666 0.21666666666666665
0 0.8565104166666666 0.6944444444444444 0.0453125 0.18888888888888888
0 0.4489583333333333 0.5393518518518519 0.02395833333333333 0.11018518518518519
0 0.4747395833333333 0.5287037037037037 0.03177083333333333 0.13333333333333333
0 0.4294270833333333 0.5648148148148148 0.027604166666666662 0.13148148148148148
0 0.4973958333333333 0.5532407407407407 0.03125 0.1324074074074074
0 0.4994791666666666 0.5328703703703704 0.026041666666666664 0.12129629629629628
0 0.54375 0.5310185185185186 0.03125 0.13055555555555556
0 0.5270833333333333 0.549074074074074 0.03020833333333333 0.12962962962962962
0 0.5151041666666666 0.6574074074074073 0.04375 0.18703703703703703
5 0.6302083333333333 0.6060185185185185 0.029166666666666664 0.14351851851851852
0 0.52578125 0.6601851851851851 0.0359375 0.17777777777777776
0 0.5611979166666666 0.6532407407407408 0.0359375 0.16944444444444445
0 0.5541666666666666 0.6254629629629629 0.03125 0.16018518518518518
0 0.6281249999999999 0.6231481481481481 0.035416666666666666 0.15740740740740738
0 0.6354166666666666 0.6175925925925926 0.03125 0.15185185185185185
0 0.5874999999999999 0.6916666666666667 0.04479166666666666 0.17407407407407408
0 0.6200520833333333 0.7041666666666666 0.0359375 0.13425925925925924
0 0.7015625 0.7055555555555555 0.046875 0.19814814814814813
0 0.6541666666666666 0.7685185185185185 0.046875 0.22407407407407404
0 0.7067708333333333 0.6087962962962963 0.029166666666666664 0.14351851851851852
0 0.7669270833333333 0.6509259259259259 0.04010416666666666 0.1685185185185185
0 0.7630208333333333 0.7120370370370369 0.04791666666666666 0.17222222222222222
0 0.021614583333333333 0.937037037037037 0.0421875 0.12777777777777777
0 0.04661458333333333 0.9537037037037036 0.05989583333333333 0.09444444444444444
0 0.5041666666666667 0.826851851851852 0.05625 0.20370370370370366
0 0.6861979166666667 0.8171296296296295 0.05052083333333333 0.21944444444444441
0 0.9630208333333332 0.8050925925925926 0.046875 0.21018518518518517
0 0.4661458333333333 0.4893518518518518 0.03229166666666666 0.10462962962962963
0 0.4369791666666666 0.4810185185185185 0.03229166666666666 0.12314814814814815
5 0.6953125 0.49120370370370364 0.02395833333333333 0.06574074074074074
0 0.7221354166666667 0.4523148148148148 0.025520833333333333 0.08981481481481482
0 0.7427083333333333 0.45046296296296295 0.03020833333333333 0.08981481481481482
5 0.7546875 0.5226851851851853 0.03020833333333333 0.08796296296296295
5 0.54375 0.4689814814814814 0.02395833333333333 0.11018518518518519
