0 0.2247395833333333 0.8523148148148149 0.06302083333333333 0.24907407407407406
0 0.28177083333333336 0.8560185185185185 0.057291666666666664 0.25462962962962965
0 0.3122395833333333 0.825462962962963 0.05052083333333333 0.21759259259259256
0 0.3669270833333333 0.850462962962963 0.0546875 0.23425925925925925
0 0.4065104166666666 0.8523148148148147 0.05572916666666666 0.21388888888888888
0 0.7322916666666666 0.7226851851851851 0.046875 0.2009259259259259
0 0.7440104166666666 0.7166666666666666 0.0421875 0.19629629629629627
5 0.6658854166666666 0.675 0.0296875 0.1685185185185185
0 0.80703125 0.5629629629629629 0.027604166666666662 0.09259259259259259
5 0.7223958333333333 0.5138888888888888 0.02708333333333333 0.07592592592592592
0 0.6807291666666667 0.7041666666666666 0.03958333333333333 0.1824074074074074
0 0.8309895833333334 0.7162037037037037 0.04010416666666666 0.1861111111111111
0 0.7343749999999999 0.7472222222222221 0.051041666666666666 0.19629629629629627
0 0.6611979166666667 0.7467592592592592 0.04427083333333333 0.19537037037037036
0 0.81015625 0.6967592592592592 0.04010416666666666 0.17314814814814813
0 0.4447916666666667 0.548611111111111 0.02395833333333333 0.10648148148148147
0 0.4723958333333333 0.5328703703703704 0.029166666666666664 0.11574074074074074
0 0.4346354166666666 0.5745370370370371 0.0265625 0.12314814814814815
0 0.4765624999999999 0.5648148148148148 0.03229166666666666 0.12407407407407407
0 0.4927083333333333 0.5361111111111111 0.026041666666666664 0.11296296296296296
0 0.5361979166666666 0.5449074074074074 0.0296875 0.12314814814814815
0 0.5052083333333333 0.5592592592592591 0.03020833333333333 0.12962962962962962
0 0.4687499999999999 0.6504629629629629 0.04479166666666666 0.17314814814814813
5 0.6486979166666667 0.6412037037037036 0.028645833333333332 0.14351851851851852
0 0.4895833333333333 0.6495370370370369 0.03333333333333333 0.16574074074074072
0 0.5255208333333333 0.6435185185185185 0.034375 0.15185185185185185
0 0.5528645833333333 0.625 0.03177083333333333 0.1388888888888889
0 0.5838541666666666 0.6203703703703703 0.034375 0.14259259259259258
0 0.5716145833333333 0.6097222222222223 0.027604166666666662 0.12685185185185183
0 0.5286458333333333 0.6814814814814815 0.042708333333333334 0.16296296296296295
0 0.5619791666666666 0.6962962962962963 0.028125 0.12962962962962962
0 0.5927083333333333 0.7050925925925926 0.03854166666666666 0.1935185185185185
0 0.6213541666666667 0.7481481481481481 0.040625 0.20185185185185187
0 0.6083333333333333 0.6148148148148147 0.03020833333333333 0.14074074074074075
0 0.6729166666666666 0.6611111111111111 0.034375 0.1685185185185185
0 0.6382812499999999 0.7166666666666667 0.03697916666666666 0.1648148148148148
0 0.77265625 0.8638888888888889 0.05364583333333332 0.20370370370370366
0 0.9187499999999998 0.8388888888888889 0.05208333333333333 0.2111111111111111
0 0.4067708333333333 0.5074074074074073 0.026041666666666664 0.1037037037037037
5 0.7104166666666667 0.5319444444444443 0.02395833333333333 0.06574074074074074
0 0.6927083333333333 0.48703703703703694 0.026041666666666664 0.09074074074074073
0 0.7190104166666667 0.4837962962962963 0.0296875 0.08981481481481482
5 0.7692708333333333 0.5560185185185185 0.03125 0.08796296296296295
5 0.5627604166666667 0.5050925925925925 0.0234375 0.11018518518518519
