0 0.17708333333333331 0.8736111111111111 0.06770833333333333 0.25277777777777777
0 0.2453125 0.874074074074074 0.0625 0.25370370370370365
0 0.26197916666666665 0.8421296296296296 0.05 0.23425925925925925
0 0.9549479166666666 0.8912037037037036 0.05260416666666666 0.21574074074074073
0 0.37057291666666664 0.787037037037037 0.05260416666666666 0.2148148148148148
0 0.415625 0.7884259259259259 0.051041666666666666 0.2009259259259259
0 0.8005208333333332 0.7337962962962962 0.05 0.21574074074074073
0 0.8166666666666667 0.7277777777777776 0.04791666666666666 0.20370370370370366
5 0.6606770833333333 0.6583333333333333 0.0296875 0.1685185185185185
0 0.8018229166666666 0.5574074074074074 0.027604166666666662 0.09259259259259259
5 0.7179687499999999 0.5018518518518518 0.027604166666666662 0.07592592592592592
0 0.7395833333333333 0.7023148148148148 0.041666666666666664 0.1861111111111111
0 0.79765625 0.6754629629629629 0.0421875 0.16574074074074072
0 0.6645833333333333 0.701388888888889 0.041666666666666664 0.18981481481481483
0 0.59453125 0.6995370370370371 0.0390625 0.1861111111111111
0 0.771875 0.6518518518518518 0.03958333333333333 0.17037037037037037
0 0.4203125 0.5189814814814814 0.02395833333333333 0.09907407407407406
0 0.4468749999999999 0.49675925925925923 0.026041666666666664 0.11203703703703702
0 0.425 0.5425925925925925 0.025 0.12407407407407407
0 0.4510416666666666 0.5310185185185184 0.03125 0.12314814814814815
0 0.4708333333333333 0.5064814814814815 0.026041666666666664 0.11296296296296296
0 0.5052083333333333 0.5087962962962962 0.025 0.12129629629629628
0 0.47890625 0.5273148148148148 0.03177083333333333 0.125
0 0.4411458333333333 0.6055555555555555 0.041666666666666664 0.1648148148148148
5 0.6390624999999999 0.6226851851851851 0.029166666666666664 0.14351851851851852
0 0.47890625 0.6074074074074074 0.03177083333333333 0.15925925925925927
0 0.5036458333333333 0.6106481481481482 0.03125 0.14537037037037037
0 0.52578125 0.5837962962962961 0.0328125 0.13425925925925924
0 0.5583333333333333 0.5833333333333333 0.03229166666666666 0.12962962962962962
0 0.5526041666666666 0.5722222222222222 0.028125 0.11851851851851851
0 0.5098958333333333 0.6333333333333333 0.0375 0.15555555555555553
0 0.5380208333333333 0.649537037037037 0.02708333333333333 0.12129629629629628
0 0.5541666666666666 0.6587962962962962 0.0375 0.1787037037037037
0 0.5518229166666666 0.7018518518518518 0.0421875 0.1925925925925926
0 0.5869791666666667 0.5796296296296296 0.03020833333333333 0.14074074074074075
0 0.6054687499999999 0.6162037037037036 0.033854166666666664 0.15462962962962962
0 0.6002604166666666 0.6675925925925925 0.0421875 0.1537037037037037
0 0.9309895833333333 0.850925925925926 0.0578125 0.20185185185185187
5 0.703125 0.5180555555555555 0.02395833333333333 0.06574074074074074
0 0.6638020833333333 0.4773148148148148 0.027604166666666662 0.08981481481481482
0 0.6856770833333333 0.475925925925926 0.0328125 0.0962962962962963
5 0.765625 0.5430555555555555 0.03125 0.08796296296296295
5 0.5625 0.4884259259259259 0.02395833333333333 0.11018518518518519
