0 0.1671875 0.874074074074074 0.06666666666666667 0.25370370370370365
0 0.2380208333333333 0.8726851851851851 0.0625 0.2564814814814815
0 0.25807291666666665 0.8402777777777777 0.05052083333333333 0.2361111111111111
0 0.9346354166666666 0.8875 0.05364583333333332 0.225
0 0.37135416666666665 0.7722222222222223 0.05208333333333333 0.21296296296296294
0 0.4171875 0.7754629629629629 0.051041666666666666 0.19722222222222222
0 0.809375 0.7333333333333333 0.051041666666666666 0.21666666666666665
0 0.8356770833333332 0.7231481481481481 0.0421875 0.20370370370370366
5 0.6596354166666666 0.6509259259259259 0.0296875 0.1685185185185185
0 0.8033854166666666 0.5462962962962963 0.027604166666666662 0.09259259259259259
5 0.7166666666666666 0.49537037037037035 0.028125 0.07592592592592592
0 0.7494791666666666 0.6958333333333333 0.041666666666666664 0.1861111111111111
0 0.7885416666666666 0.6624999999999999 0.041666666666666664 0.16574074074074072
0 0.6546874999999999 0.6833333333333333 0.041666666666666664 0.18518518518518517
0 0.58046875 0.6842592592592592 0.03802083333333333 0.18148148148148147
0 0.76171875 0.6342592592592593 0.0390625 0.1685185185185185
0 0.4140625 0.5083333333333333 0.02395833333333333 0.09814814814814814
0 0.4390624999999999 0.4847222222222222 0.026041666666666664 0.11203703703703702
0 0.42447916666666663 0.5324074074074073 0.025 0.12407407407407407
0 0.4473958333333333 0.5217592592592591 0.03020833333333333 0.12314814814814815
0 0.4619791666666666 0.49490740740740735 0.026041666666666664 0.11203703703703702
0 0.4986979166666667 0.4967592592592592 0.025520833333333333 0.12129629629629628
0 0.4763020833333333 0.513425925925926 0.033854166666666664 0.12129629629629628
0 0.43828125 0.5898148148148148 0.0359375 0.1648148148148148
5 0.6359374999999999 0.6134259259259259 0.029166666666666664 0.14537037037037037
0 0.4768229166666666 0.5958333333333333 0.0328125 0.15648148148148147
0 0.5002604166666667 0.5990740740740741 0.03177083333333333 0.14444444444444443
0 0.52109375 0.5745370370370371 0.03177083333333333 0.13425925925925924
0 0.5528645833333333 0.5689814814814815 0.03177083333333333 0.12685185185185183
0 0.5479166666666666 0.5601851851851851 0.028125 0.11851851851851851
0 0.5075520833333333 0.6199074074074075 0.0421875 0.15277777777777776
0 0.5348958333333333 0.637037037037037 0.02708333333333333 0.11666666666666665
0 0.5481770833333333 0.6453703703703704 0.03802083333333333 0.17777777777777776
0 0.5401041666666666 0.6842592592592591 0.03854166666666666 0.1925925925925926
0 0.5838541666666667 0.5675925925925925 0.03020833333333333 0.14074074074074075
0 0.5997395833333333 0.6069444444444444 0.033854166666666664 0.16203703703703703
0 0.5940104166666667 0.6532407407407407 0.0390625 0.15277777777777776
0 0.9614583333333334 0.837962962962963 0.051041666666666666 0.2
5 0.7015625 0.5106481481481481 0.02395833333333333 0.06574074074074074
0 0.6583333333333333 0.46805555555555556 0.028125 0.08981481481481482
0 0.6786458333333333 0.47037037037037044 0.03333333333333333 0.0962962962962963
5 0.765625 0.5328703703703703 0.03125 0.08796296296296295
5 0.5609375 0.48009259259259257 0.02395833333333333 0.11018518518518519
