0 0.2869791666666667 0.6657407407407407 0.053125 0.19814814814814813
0 0.3432291666666667 0.6712962962962963 0.04479166666666667 0.20740740740740737
0 0.4283854166666667 0.6643518518518517 0.035937500000000004 0.1824074074074074
0 0.19843750000000002 0.9490740740740741 0.06770833333333333 0.10185185185185185
0 0.28411458333333334 0.9555555555555555 0.0859375 0.09074074074074073
0 0.5309895833333333 0.6148148148148148 0.0390625 0.1796296296296296
0 0.5583333333333333 0.6138888888888888 0.034374999999999996 0.1722222222222222
0 0.6536458333333334 0.6231481481481481 0.028125 0.1685185185185185
0 0.7947916666666667 0.512962962962963 0.02395833333333333 0.09259259259259259
0 0.7098958333333334 0.4708333333333333 0.026041666666666668 0.07685185185185185
0 0.6223958333333334 0.6370370370370371 0.036458333333333336 0.17777777777777776
0 0.734375 0.8680555555555555 0.052083333333333336 0.2546296296296296
0 0.67578125 0.8685185185185185 0.05260416666666667 0.24814814814814812
0 0.4611979166666667 0.5638888888888888 0.0234375 0.11296296296296296
0 0.4934895833333333 0.55 0.028645833333333332 0.14629629629629629
0 0.45364583333333336 0.5967592592592593 0.030208333333333334 0.14351851851851852
0 0.5510416666666667 0.5796296296296295 0.034374999999999996 0.14629629629629629
0 0.5151041666666667 0.5546296296296297 0.026041666666666668 0.13518518518518519
0 0.5348958333333333 0.55 0.03125 0.14444444444444443
0 0.5822916666666667 0.5773148148148147 0.03125 0.14351851851851852
0 0.72734375 0.6999999999999998 0.0484375 0.20555555555555555
0 0.6315104166666669 0.5939814814814814 0.029687500000000002 0.14351851851851852
0 0.7416666666666667 0.6949074074074074 0.042708333333333334 0.1898148148148148
0 0.765625 0.6916666666666665 0.04479166666666667 0.18148148148148147
0 0.6513020833333334 0.6722222222222223 0.051562500000000004 0.17777777777777776
0 0.7781250000000001 0.6541666666666667 0.041666666666666664 0.1675925925925926
0 0.7921875 0.649537037037037 0.03125 0.1675925925925926
0 0.8307291666666666 0.7157407407407407 0.05416666666666667 0.18518518518518517
0 0.8585937499999999 0.7282407407407407 0.03802083333333334 0.1398148148148148
0 0.6026041666666666 0.8629629629629629 0.05625 0.2611111111111111
0 0.82578125 0.6476851851851851 0.04010416666666666 0.17129629629629628
0 0.9213541666666666 0.7009259259259258 0.04583333333333334 0.19629629629629627
0 0.08880208333333332 0.8833333333333332 0.0609375 0.23148148148148145
0 0.146875 0.8981481481481481 0.05520833333333334 0.20555555555555555
0 0.08333333333333333 0.9425925925925925 0.05520833333333334 0.1148148148148148
0 0.22135416666666666 0.8097222222222221 0.04479166666666667 0.2046296296296296
0 0.334375 0.8254629629629628 0.075 0.22129629629629627
0 0.6807291666666666 0.7347222222222222 0.040625 0.19722222222222222
0 0.8609375 0.7449074074074074 0.06145833333333334 0.20648148148148146
0 0.7729166666666666 0.7384259259259259 0.04895833333333334 0.21203703703703702
0 0.7697916666666667 0.736574074074074 0.036458333333333336 0.19537037037037036
0 0.80703125 0.7384259259259258 0.04635416666666667 0.17314814814814813
0 0.8953125000000001 0.7708333333333334 0.042708333333333334 0.1324074074074074
0 0.9856770833333334 0.7703703703703704 0.028645833333333332 0.1648148148148148
0 0.5281250000000001 0.5004629629629629 0.029166666666666667 0.10648148148148147
0 0.5010416666666666 0.4944444444444444 0.03229166666666667 0.12407407407407406
0 0.4205729166666667 0.4981481481481482 0.029687500000000002 0.1259259259259259
0 0.8049479166666667 0.5699074074074074 0.03072916666666667 0.1398148148148148
0 0.46067708333333335 0.4851851851851851 0.0234375 0.09074074074074073
0 0.44375000000000003 0.4768518518518518 0.026041666666666668 0.10185185185185185
0 0.3979166666666667 0.4703703703703704 0.029166666666666667 0.11296296296296296
0 0.446875 0.475 0.025 0.10925925925925925
0 0.6942708333333334 0.48287037037037034 0.02395833333333333 0.06574074074074074
0 0.7489583333333334 0.4305555555555555 0.01875 0.07407407407407408
0 0.7562500000000001 0.4282407407407407 0.027083333333333334 0.0824074074074074
0 0.7588541666666666 0.5106481481481482 0.030208333333333334 0.08796296296296297
0 0.5479166666666667 0.45601851851851843 0.02395833333333333 0.11018518518518518
