0 0.24609374999999994 0.7611111111111111 0.05989583333333333 0.22037037037037038
0 0.30807291666666664 0.7657407407407407 0.05052083333333333 0.23148148148148148
0 0.36197916666666663 0.7412037037037036 0.041666666666666664 0.20462962962962963
0 0.31328125 0.8861111111111111 0.0609375 0.22962962962962963
0 0.3734375 0.8907407407407406 0.06145833333333332 0.2185185185185185
0 0.62578125 0.662962962962963 0.04427083333333333 0.19444444444444445
0 0.6380208333333333 0.6601851851851852 0.041666666666666664 0.18888888888888888
5 0.6536458333333333 0.6365740740740741 0.028125 0.16759259259259257
0 0.7947916666666666 0.5305555555555556 0.026041666666666664 0.09259259259259259
5 0.7104166666666666 0.48564814814814816 0.026041666666666664 0.07685185185185185
0 0.6364583333333333 0.6537037037037037 0.035416666666666666 0.18148148148148147
0 0.8682291666666666 0.711574074074074 0.051041666666666666 0.19166666666666665
0 0.75390625 0.7625 0.0453125 0.21944444444444441
0 0.7036458333333333 0.7662037037037036 0.04791666666666666 0.21203703703703702
0 0.8497395833333334 0.6916666666666667 0.043229166666666666 0.18703703703703703
0 0.4484375 0.5393518518518519 0.02395833333333333 0.11018518518518519
0 0.4747395833333333 0.5282407407407408 0.03177083333333333 0.1324074074074074
0 0.4296875 0.5643518518518518 0.02708333333333333 0.13055555555555556
0 0.4966145833333333 0.5523148148148148 0.03177083333333333 0.13055555555555556
0 0.4989583333333333 0.5328703703703704 0.026041666666666664 0.12129629629629628
0 0.5442708333333333 0.5305555555555556 0.03125 0.12962962962962962
0 0.5260416666666667 0.549074074074074 0.03020833333333333 0.12962962962962962
0 0.51484375 0.6564814814814814 0.0484375 0.18518518518518517
5 0.6317708333333333 0.6078703703703703 0.029166666666666664 0.14351851851851852
0 0.521875 0.6583333333333333 0.03645833333333333 0.1759259259259259
0 0.5583333333333333 0.6509259259259259 0.035416666666666666 0.1685185185185185
0 0.5575520833333333 0.6231481481481481 0.03177083333333333 0.15925925925925927
0 0.6231770833333333 0.6212962962962962 0.034895833333333334 0.15740740740740738
0 0.6291666666666667 0.6175925925925926 0.03125 0.15185185185185185
0 0.5812499999999999 0.6912037037037037 0.04479166666666666 0.17314814814814813
0 0.61171875 0.7037037037037037 0.034895833333333334 0.13333333333333333
0 0.6911458333333333 0.7050925925925926 0.04479166666666666 0.19537037037037036
0 0.6536458333333333 0.7648148148148148 0.046875 0.22407407407407404
0 0.70078125 0.6078703703703703 0.0296875 0.14351851851851852
0 0.7635416666666666 0.649537037037037 0.03854166666666666 0.16759259259259257
0 0.7539062499999999 0.711574074074074 0.049479166666666664 0.16944444444444445
0 0.020572916666666666 0.9402777777777777 0.04010416666666666 0.12129629629629628
0 0.047395833333333325 0.9555555555555555 0.05833333333333333 0.09074074074074073
0 0.5229166666666666 0.826851851851852 0.05 0.20370370370370366
0 0.6979166666666666 0.8217592592592592 0.065625 0.21574074074074073
0 0.97265625 0.8055555555555556 0.0421875 0.2148148148148148
0 0.46406249999999993 0.4893518518518518 0.03229166666666666 0.10462962962962963
0 0.43281249999999993 0.4810185185185185 0.03229166666666666 0.12314814814814815
5 0.6966145833333333 0.49305555555555547 0.0234375 0.06574074074074074
0 0.7216145833333333 0.45277777777777767 0.025520833333333333 0.09074074074074073
0 0.7411458333333333 0.4523148148148148 0.03020833333333333 0.08981481481481482
5 0.7567708333333333 0.524537037037037 0.03020833333333333 0.08796296296296295
5 0.5458333333333333 0.4708333333333333 0.02395833333333333 0.11018518518518519
