0 0.5796875 0.6615740740740741 0.03333333333333333 0.19537037037037036
0 0.6067708333333333 0.6703703703703703 0.0375 0.18888888888888888
5 0.66640625 0.6476851851851853 0.03177083333333333 0.17685185185185184
0 0.7447916666666667 0.5185185185185185 0.02395833333333333 0.0962962962962963
5 0.746875 0.48194444444444445 0.025 0.07685185185185185
0 0.6145833333333333 0.6462962962962963 0.03229166666666666 0.17407407407407408
0 0.509375 0.6717592592592592 0.02708333333333333 0.15277777777777776
0 0.5494791666666666 0.6550925925925926 0.035416666666666666 0.1787037037037037
0 0.6734374999999999 0.6976851851851851 0.03854166666666666 0.16759259259259257
0 0.8489583333333334 0.6773148148148148 0.03854166666666666 0.1638888888888889
0 0.8182291666666666 0.6560185185185186 0.03020833333333333 0.1509259259259259
0 0.8307291666666666 0.648611111111111 0.03958333333333333 0.16759259259259257
0 0.8796875 0.6791666666666666 0.0375 0.175
5 0.6645833333333333 0.6050925925925925 0.02708333333333333 0.14351851851851852
0 0.2731770833333333 0.7513888888888889 0.0453125 0.21018518518518517
0 0.31171875 0.7625 0.0421875 0.20462962962962963
0 0.3065104166666667 0.8027777777777777 0.05260416666666666 0.20370370370370366
0 0.19479166666666664 0.7722222222222223 0.04375 0.19444444444444445
0 0.13203125 0.9115740740740741 0.06197916666666666 0.17685185185185184
0 0.4507812499999999 0.6319444444444444 0.033854166666666664 0.1638888888888889
0 0.7723958333333333 0.6611111111111111 0.034375 0.18518518518518517
0 0.6320312499999999 0.7263888888888889 0.04010416666666666 0.20462962962962963
0 0.6697916666666666 0.736574074074074 0.04375 0.18425925925925926
0 0.4382812499999999 0.6532407407407408 0.04010416666666666 0.1509259259259259
0 0.79140625 0.6939814814814814 0.0296875 0.11759259259259258
0 0.7841145833333333 0.6875 0.0359375 0.1509259259259259
0 0.8203125 0.7152777777777778 0.04583333333333333 0.2009259259259259
0 0.84453125 0.7157407407407408 0.0453125 0.20185185185185187
0 0.8776041666666666 0.7486111111111111 0.05625 0.21018518518518517
0 0.8052083333333332 0.6800925925925926 0.0375 0.1787037037037037
0 0.9263020833333332 0.750462962962963 0.04114583333333333 0.18981481481481483
0 0.63515625 0.5912037037037037 0.03177083333333333 0.1324074074074074
0 0.6109374999999999 0.5851851851851851 0.03854166666666666 0.14629629629629629
0 0.4677083333333333 0.5939814814814814 0.034375 0.16018518518518518
0 0.4911458333333333 0.5782407407407407 0.04479166666666666 0.15648148148148147
0 0.5765624999999999 0.5518518518518518 0.026041666666666664 0.1037037037037037
0 0.5427083333333333 0.5504629629629629 0.03020833333333333 0.12685185185185183
0 0.5156249999999999 0.5291666666666666 0.03229166666666666 0.125
0 0.46015625 0.5342592592592592 0.03177083333333333 0.11851851851851851
0 0.4169270833333333 0.5328703703703703 0.025520833333333333 0.125
0 0.5541666666666666 0.5152777777777777 0.028125 0.11574074074074074
0 0.5268229166666666 0.5092592592592593 0.0234375 0.11296296296296296
0 0.5075520833333333 0.5101851851851851 0.025520833333333333 0.12962962962962962
0 0.48749999999999993 0.5125 0.026041666666666664 0.12129629629629628
0 0.4302083333333333 0.5050925925925925 0.028125 0.11574074074074074
0 0.5182291666666667 0.4888888888888888 0.02708333333333333 0.1074074074074074
0 0.4494791666666667 0.4842592592592593 0.02395833333333333 0.12037037037037038
0 0.42265625 0.4652777777777778 0.0203125 0.09907407407407406
0 0.5411458333333333 0.5333333333333333 0.021875 0.1074074074074074
5 0.728125 0.49120370370370364 0.02395833333333333 0.06574074074074074
0 0.49453125 0.48611111111111105 0.025520833333333333 0.12407407407407407
0 0.7718749999999999 0.44351851851851853 0.019791666666666666 0.07407407407407407
0 0.78125 0.4393518518518518 0.02708333333333333 0.0824074074074074
5 0.7911458333333333 0.5226851851851853 0.03020833333333333 0.08796296296296295
5 0.5872395833333333 0.4652777777777777 0.025520833333333333 0.11018518518518519
