0 0.23906249999999998 0.6129629629629628 0.04583333333333333 0.1796296296296296
0 0.30156249999999996 0.6162037037037037 0.03958333333333333 0.1787037037037037
0 0.3177083333333333 0.6407407407407407 0.04479166666666667 0.17037037037037037
0 0.540625 0.6287037037037035 0.034374999999999996 0.18703703703703703
0 0.5755208333333334 0.6328703703703703 0.034374999999999996 0.1824074074074074
0 0.6481770833333333 0.6337962962962963 0.0296875 0.175
0 0.7338541666666665 0.5203703703703704 0.023958333333333335 0.0962962962962963
0 0.7236979166666667 0.47731481481481475 0.025520833333333333 0.07685185185185185
0 0.6096354166666667 0.6365740740740741 0.032812499999999994 0.1787037037037037
0 0.6901041666666666 0.948611111111111 0.0625 0.10462962962962963
0 0.61953125 0.9472222222222222 0.06822916666666666 0.1074074074074074
0 0.46171875 0.6175925925925925 0.025520833333333333 0.12962962962962962
0 0.49505208333333334 0.600925925925926 0.033854166666666664 0.1611111111111111
0 0.49895833333333334 0.6532407407407407 0.03645833333333333 0.16203703703703703
0 0.7078125 0.624074074074074 0.034374999999999996 0.14629629629629629
0 0.5973958333333332 0.6050925925925925 0.029166666666666664 0.13796296296296295
0 0.6463541666666667 0.6092592592592592 0.04270833333333333 0.16296296296296295
0 0.7393229166666665 0.6217592592592591 0.03177083333333333 0.14907407407407408
0 0.6421874999999999 0.6023148148148147 0.030208333333333334 0.14351851851851852
0 0.8872395833333333 0.737037037037037 0.056770833333333326 0.2
0 0.9171874999999999 0.7305555555555555 0.056249999999999994 0.19629629629629627
0 0.8895833333333333 0.7171296296296296 0.034374999999999996 0.18796296296296294
0 0.5361979166666666 0.9416666666666667 0.0609375 0.11851851851851851
0 0.9317708333333332 0.7217592592592592 0.04270833333333333 0.18796296296296294
0 0.19270833333333331 0.8120370370370369 0.05416666666666667 0.23888888888888887
0 0.23906249999999998 0.826388888888889 0.048958333333333326 0.22685185185185183
0 0.20260416666666667 0.8884259259259258 0.0625 0.225
0 0.10364583333333334 0.8087962962962963 0.0375 0.21018518518518517
0 0.11223958333333334 0.8356481481481481 0.05052083333333333 0.23796296296296296
0 0.5057291666666667 0.6782407407407407 0.041666666666666664 0.18425925925925926
0 0.7565104166666666 0.6935185185185184 0.04010416666666667 0.19074074074074074
0 0.6057291666666667 0.7212962962962962 0.0375 0.2037037037037037
0 0.6299479166666665 0.7226851851851852 0.03177083333333333 0.1787037037037037
0 0.5895833333333333 0.6925925925925926 0.03854166666666667 0.1611111111111111
0 0.7841145833333332 0.736574074074074 0.033854166666666664 0.12870370370370368
0 0.7309895833333333 0.7425925925925925 0.0390625 0.1574074074074074
0 0.9372395833333332 0.7708333333333333 0.0640625 0.22129629629629627
0 0.9671875 0.7648148148148147 0.048958333333333326 0.20925925925925926
0 0.7627604166666667 0.7240740740740741 0.04010416666666667 0.19074074074074074
0 0.5794270833333333 0.5513888888888889 0.0296875 0.11944444444444444
0 0.5510416666666667 0.5425925925925926 0.0375 0.13518518518518519
0 0.45052083333333337 0.5425925925925926 0.034374999999999996 0.13518518518518519
0 0.6260416666666665 0.5953703703703703 0.040625 0.16296296296296295
0 0.5260416666666666 0.5212962962962963 0.022916666666666665 0.10370370370370369
0 0.5005208333333333 0.5092592592592592 0.030208333333333334 0.1074074074074074
0 0.46770833333333334 0.5050925925925925 0.030208333333333334 0.12129629629629629
0 0.4307291666666666 0.5018518518518519 0.030208333333333334 0.11296296296296296
0 0.40755208333333337 0.5018518518518519 0.025520833333333333 0.11296296296296296
0 0.48489583333333336 0.4842592592592592 0.026041666666666664 0.10925925925925925
0 0.4583333333333333 0.4814814814814815 0.023958333333333335 0.11296296296296296
0 0.43828124999999996 0.4782407407407407 0.021354166666666664 0.12314814814814815
0 0.42343749999999997 0.4847222222222222 0.022916666666666665 0.11574074074074073
0 0.4005208333333333 0.46388888888888885 0.024999999999999998 0.1074074074074074
0 0.5091145833333333 0.5032407407407408 0.025520833333333333 0.10648148148148147
0 0.7062499999999999 0.48935185185185176 0.023958333333333335 0.06574074074074074
0 0.7515625 0.43796296296296294 0.019791666666666666 0.07407407407407408
0 0.7593749999999999 0.43287037037037035 0.027083333333333334 0.0824074074074074
0 0.7713541666666667 0.5189814814814815 0.030208333333333334 0.08796296296296297
0 0.5656249999999999 0.46296296296296297 0.024999999999999998 0.10925925925925925
