0 0.24713541666666666 0.7458333333333332 0.058854166666666666 0.22129629629629627
0 0.31354166666666666 0.7546296296296295 0.05 0.23148148148148148
0 0.36640625 0.7282407407407406 0.04010416666666666 0.20277777777777778
0 0.30390625 0.8912037037037036 0.06197916666666666 0.21944444444444441
0 0.3651041666666667 0.8953703703703703 0.06145833333333332 0.20925925925925926
0 0.6104166666666666 0.6574074074074073 0.04375 0.1925925925925926
0 0.6226562499999999 0.6541666666666667 0.04010416666666666 0.1824074074074074
5 0.65 0.6333333333333333 0.028125 0.1685185185185185
0 0.7924479166666667 0.5296296296296296 0.025520833333333333 0.09259259259259259
5 0.7093749999999999 0.4847222222222222 0.026041666666666664 0.07685185185185185
0 0.6307291666666667 0.6532407407407408 0.03333333333333333 0.1824074074074074
0 0.8825520833333333 0.7129629629629629 0.05572916666666666 0.18703703703703703
0 0.7481770833333333 0.7717592592592591 0.043229166666666666 0.22129629629629627
0 0.7026041666666666 0.7782407407407407 0.04791666666666666 0.21759259259259256
0 0.8669270833333332 0.6981481481481481 0.0484375 0.1925925925925926
0 0.4497395833333333 0.5393518518518519 0.0234375 0.11018518518518519
0 0.4747395833333333 0.5296296296296296 0.03177083333333333 0.13518518518518519
0 0.4294270833333333 0.5662037037037038 0.028645833333333332 0.1324074074074074
0 0.4984375 0.5546296296296296 0.03125 0.13518518518518519
0 0.5002604166666667 0.5328703703703704 0.025520833333333333 0.12129629629629628
0 0.5419270833333333 0.5319444444444444 0.03177083333333333 0.1324074074074074
0 0.5302083333333333 0.5527777777777778 0.03020833333333333 0.12962962962962962
0 0.5223958333333333 0.6611111111111111 0.04895833333333333 0.1907407407407407
5 0.6291666666666667 0.6060185185185185 0.029166666666666664 0.14351851851851852
0 0.5333333333333333 0.662962962962963 0.03645833333333333 0.18333333333333332
0 0.5643229166666666 0.6583333333333333 0.0359375 0.17222222222222222
0 0.5494791666666666 0.6291666666666667 0.03125 0.16203703703703703
0 0.6372395833333333 0.624074074074074 0.0359375 0.15740740740740738
0 0.6447916666666667 0.6175925925925926 0.03125 0.15185185185185185
0 0.5989583333333333 0.6939814814814814 0.04583333333333333 0.17314814814814813
0 0.6317708333333333 0.7046296296296296 0.035416666666666666 0.13518518518518519
0 0.7174479166666666 0.7069444444444445 0.049479166666666664 0.20277777777777778
0 0.6526041666666667 0.774074074074074 0.046875 0.22407407407407404
0 0.7158854166666666 0.6097222222222223 0.0296875 0.14351851851851852
0 0.7713541666666666 0.6537037037037037 0.04375 0.17037037037037037
0 0.7749999999999999 0.7143518518518518 0.051041666666666666 0.175
0 0.023177083333333334 0.9324074074074075 0.0453125 0.137037037037037
0 0.04895833333333333 0.950462962962963 0.059375 0.10092592592592593
0 0.4843749999999999 0.825925925925926 0.06354166666666666 0.20370370370370366
0 0.6588541666666666 0.8194444444444444 0.065625 0.21666666666666665
0 0.9416666666666667 0.8004629629629629 0.0625 0.21018518518518517
0 0.4703124999999999 0.4884259259259259 0.03229166666666666 0.10462962962962963
0 0.4411458333333333 0.4810185185185185 0.03229166666666666 0.12314814814814815
5 0.69375 0.49120370370370364 0.02395833333333333 0.06574074074074074
0 0.7229166666666667 0.45138888888888884 0.025 0.08796296296296295
0 0.7442708333333333 0.4476851851851852 0.03020833333333333 0.08981481481481482
5 0.753125 0.5226851851851853 0.03020833333333333 0.08796296296296295
5 0.5411458333333333 0.46712962962962956 0.02395833333333333 0.11018518518518519
