0 0.25494791666666666 0.6194444444444444 0.04635416666666666 0.17962962962962964
0 0.3130208333333333 0.6203703703703703 0.03958333333333333 0.18518518518518517
0 0.34140624999999997 0.6439814814814814 0.03802083333333333 0.16759259259259257
0 0.5377604166666667 0.625 0.034895833333333334 0.18703703703703703
0 0.5703124999999999 0.6263888888888889 0.03229166666666666 0.18055555555555552
5 0.64140625 0.6296296296296295 0.028645833333333332 0.17037037037037037
0 0.7401041666666667 0.5157407407407407 0.02395833333333333 0.0962962962962963
5 0.7216145833333333 0.47453703703703703 0.025520833333333333 0.07685185185185185
0 0.6072916666666666 0.6365740740740741 0.035416666666666666 0.1787037037037037
0 0.6968749999999999 0.9333333333333332 0.06354166666666666 0.13518518518518519
0 0.6278645833333333 0.9305555555555556 0.07135416666666666 0.1388888888888889
0 0.4609374999999999 0.611574074074074 0.026041666666666664 0.11759259259259258
0 0.4919270833333333 0.5888888888888889 0.033854166666666664 0.15925925925925927
0 0.4859375 0.6416666666666666 0.03645833333333333 0.1611111111111111
0 0.6807291666666666 0.6157407407407407 0.034375 0.14629629629629629
0 0.5679687499999999 0.5953703703703703 0.027604166666666662 0.137037037037037
0 0.6166666666666667 0.6018518518518519 0.042708333333333334 0.16296296296296295
0 0.7091145833333333 0.6134259259259258 0.03177083333333333 0.14907407407407408
5 0.6393229166666666 0.599537037037037 0.0296875 0.14351851851851852
0 0.8536458333333332 0.7296296296296296 0.0375 0.20555555555555555
0 0.8833333333333332 0.7175925925925926 0.05208333333333333 0.19444444444444445
0 0.8635416666666667 0.7069444444444444 0.034375 0.18796296296296294
0 0.55390625 0.9273148148148147 0.0609375 0.1472222222222222
0 0.9031249999999998 0.7134259259259259 0.042708333333333334 0.18796296296296294
0 0.17942708333333332 0.825462962962963 0.0546875 0.2398148148148148
0 0.22760416666666666 0.8337962962962961 0.051041666666666666 0.22314814814814815
0 0.18020833333333333 0.8944444444444443 0.0625 0.21296296296296294
0 0.1015625 0.8078703703703705 0.0375 0.21018518518518517
0 0.10833333333333332 0.8296296296296296 0.041666666666666664 0.23888888888888887
0 0.53125 0.686574074074074 0.040625 0.18796296296296294
0 0.7484375 0.7 0.04375 0.1907407407407407
0 0.61484375 0.7175925925925926 0.0421875 0.20185185185185187
0 0.634375 0.7203703703703703 0.03645833333333333 0.17962962962962964
0 0.6229166666666667 0.6986111111111111 0.03645833333333333 0.16203703703703703
0 0.7760416666666666 0.7430555555555555 0.034375 0.1287037037037037
0 0.7432291666666666 0.749537037037037 0.04479166666666666 0.16944444444444445
0 0.771875 0.7314814814814815 0.040625 0.19629629629629627
0 0.5708333333333333 0.5393518518518519 0.03020833333333333 0.11018518518518519
0 0.5414062499999999 0.5333333333333333 0.03697916666666666 0.1259259259259259
0 0.4427083333333333 0.5342592592592592 0.03020833333333333 0.13518518518518519
0 0.6552083333333333 0.5925925925925926 0.040625 0.16296296296296295
0 0.5200520833333333 0.5134259259259258 0.0203125 0.09907407407407406
0 0.4911458333333333 0.5037037037037038 0.03020833333333333 0.1074074074074074
0 0.4583333333333333 0.49861111111111106 0.029166666666666664 0.12129629629629628
0 0.4260416666666667 0.49537037037037035 0.03020833333333333 0.11296296296296296
0 0.4052083333333333 0.49537037037037035 0.026041666666666664 0.11296296296296296
0 0.4661458333333333 0.4773148148148148 0.025 0.11018518518518519
0 0.4372395833333333 0.47407407407407404 0.0234375 0.11296296296296296
0 0.42447916666666663 0.4708333333333333 0.021875 0.12314814814814815
0 0.4091145833333333 0.4768518518518518 0.0234375 0.11296296296296296
0 0.5005208333333333 0.4958333333333333 0.025 0.10462962962962963
5 0.7028645833333333 0.48287037037037034 0.0234375 0.06574074074074074
0 0.7510416666666666 0.43611111111111106 0.019791666666666666 0.07407407407407407
0 0.7552083333333333 0.43194444444444435 0.02708333333333333 0.0824074074074074
5 0.7684895833333333 0.5162037037037037 0.0296875 0.08796296296296295
5 0.5635416666666666 0.45833333333333337 0.026041666666666664 0.10925925925925925
