0 0.27421874999999996 0.6129629629629629 0.04427083333333333 0.17407407407407408
0 0.2817708333333333 0.6393518518518518 0.046875 0.17314814814814813
0 0.5526041666666666 0.6402777777777777 0.034375 0.18796296296296294
0 0.5822916666666667 0.637962962962963 0.034375 0.1759259259259259
5 0.6526041666666667 0.6407407407407407 0.03020833333333333 0.1759259259259259
0 0.7322916666666667 0.5203703703703704 0.02395833333333333 0.0962962962962963
5 0.7299479166666667 0.48194444444444445 0.025520833333333333 0.07685185185185185
0 0.61640625 0.6412037037037036 0.03177083333333333 0.1787037037037037
0 0.6856770833333333 0.975 0.04114583333333333 0.05185185185185185
0 0.6111979166666667 0.9712962962962962 0.05989583333333333 0.059259259259259255
0 0.46744791666666663 0.6361111111111111 0.027604166666666662 0.137037037037037
0 0.5 0.6180555555555556 0.03645833333333333 0.1638888888888889
0 0.5520833333333333 0.6643518518518519 0.03854166666666666 0.16203703703703703
0 0.7515625 0.637962962962963 0.034375 0.14629629629629629
0 0.6552083333333333 0.6222222222222221 0.029166666666666664 0.14814814814814814
0 0.6955729166666667 0.6166666666666666 0.0421875 0.16296296296296295
0 0.7880208333333333 0.6356481481481481 0.03125 0.14907407407407408
5 0.6502604166666667 0.6023148148148147 0.028645833333333332 0.14351851851851852
0 0.9565104166666666 0.7495370370370369 0.0578125 0.20462962962962963
0 0.9466145833333333 0.737037037037037 0.0484375 0.18888888888888888
0 0.5135416666666667 0.9634259259259259 0.06145833333333332 0.075
0 0.21927083333333336 0.7976851851851852 0.04791666666666666 0.2361111111111111
0 0.2661458333333333 0.8055555555555556 0.04895833333333333 0.22222222222222224
0 0.24244791666666665 0.8662037037037036 0.056770833333333326 0.23055555555555554
0 0.11119791666666665 0.8078703703703705 0.0390625 0.21018518518518517
0 0.12682291666666665 0.8680555555555556 0.05052083333333333 0.24351851851851852
0 0.47890625 0.6652777777777777 0.034895833333333334 0.17685185185185184
0 0.7734375 0.675 0.03958333333333333 0.17777777777777776
0 0.6088541666666667 0.7189814814814814 0.03958333333333333 0.20277777777777778
0 0.6403645833333333 0.7268518518518519 0.033854166666666664 0.17962962962962964
0 0.5377604166666667 0.6837962962962962 0.04114583333333333 0.15648148148148147
0 0.7953125 0.7175925925925926 0.034375 0.11851851851851851
0 0.7463541666666667 0.7217592592592592 0.040625 0.15462962962962962
0 0.8726562499999998 0.7546296296296295 0.056770833333333326 0.2185185185185185
0 0.8976562499999998 0.7504629629629629 0.05364583333333332 0.21018518518518517
0 0.7786458333333333 0.7092592592592591 0.040625 0.18518518518518517
0 0.5963541666666666 0.5680555555555555 0.029166666666666664 0.1324074074074074
0 0.5677083333333333 0.5560185185185185 0.034375 0.1398148148148148
0 0.4570312499999999 0.5583333333333333 0.033854166666666664 0.14444444444444443
0 0.57421875 0.5888888888888888 0.04427083333333333 0.15740740740740738
0 0.5372395833333333 0.5254629629629629 0.02239583333333333 0.10462962962962963
0 0.5161458333333333 0.5199074074074074 0.03020833333333333 0.11018518518518519
0 0.48697916666666663 0.5125 0.03229166666666666 0.12129629629629628
0 0.4398437499999999 0.512962962962963 0.03072916666666666 0.11296296296296296
0 0.4125 0.5125 0.025 0.11574074074074074
0 0.5091145833333333 0.4930555555555555 0.025520833333333333 0.11018518518518519
0 0.4822916666666667 0.4898148148148148 0.02395833333333333 0.11296296296296296
0 0.4630208333333333 0.48749999999999993 0.026041666666666664 0.12314814814814815
0 0.4455729166666666 0.4925925925925926 0.024479166666666666 0.11481481481481481
0 0.4083333333333333 0.4805555555555555 0.026041666666666664 0.10925925925925925
0 0.4388020833333333 0.4722222222222222 0.025520833333333333 0.1074074074074074
0 0.521875 0.5175925925925926 0.021875 0.1074074074074074
5 0.7119791666666667 0.49120370370370364 0.02395833333333333 0.06574074074074074
0 0.421875 0.4726851851851851 0.02395833333333333 0.12314814814814815
0 0.7575520833333333 0.43981481481481477 0.01927083333333333 0.07407407407407407
0 0.765625 0.43472222222222223 0.02708333333333333 0.0824074074074074
5 0.77890625 0.5208333333333333 0.0296875 0.08796296296296295
5 0.5703125 0.46342592592592585 0.025 0.11018518518518519
