0 0.2833333333333333 0.6518518518518518 0.05 0.1907407407407407
0 0.3427083333333333 0.6504629629629629 0.04375 0.19907407407407407
0 0.42265625 0.6541666666666666 0.0390625 0.17129629629629628
0 0.17421875 0.9777777777777776 0.0390625 0.04444444444444444
0 0.5317708333333333 0.6125 0.035416666666666666 0.18055555555555552
0 0.5638020833333333 0.6138888888888888 0.033854166666666664 0.17407407407407408
5 0.6533854166666666 0.6222222222222222 0.027604166666666662 0.1685185185185185
0 0.7833333333333333 0.5050925925925925 0.02395833333333333 0.09351851851851851
5 0.7145833333333333 0.4689814814814815 0.026041666666666664 0.07685185185185185
0 0.6197916666666666 0.6273148148148148 0.03854166666666666 0.16759259259259257
0 0.72421875 0.8870370370370371 0.05364583333333332 0.22407407407407404
0 0.6734375 0.888425925925926 0.065625 0.225
0 0.4653645833333333 0.5740740740740741 0.0234375 0.11296296296296296
0 0.49479166666666663 0.562962962962963 0.03125 0.15
0 0.4651041666666667 0.6078703703703703 0.03020833333333333 0.1509259259259259
0 0.5877604166666666 0.5921296296296296 0.0359375 0.14351851851851852
0 0.52578125 0.5611111111111111 0.025520833333333333 0.13518518518518519
0 0.5528645833333333 0.5648148148148147 0.033854166666666664 0.14629629629629629
0 0.6130208333333333 0.5893518518518518 0.03125 0.14907407407407408
0 0.8328124999999998 0.7074074074074074 0.05833333333333333 0.2074074074074074
5 0.63828125 0.5912037037037037 0.0296875 0.14351851851851852
0 0.8283854166666667 0.7013888888888888 0.03802083333333333 0.19722222222222222
0 0.8541666666666666 0.700462962962963 0.042708333333333334 0.18981481481481483
0 0.7317708333333333 0.6856481481481481 0.04583333333333333 0.1861111111111111
0 0.79765625 0.6759259259259258 0.04739583333333333 0.1907407407407407
0 0.8247395833333334 0.6615740740740741 0.033854166666666664 0.16759259259259257
0 0.9239583333333332 0.7314814814814814 0.06458333333333333 0.18703703703703703
0 0.9505208333333334 0.7388888888888889 0.03854166666666666 0.14629629629629629
0 0.5981770833333333 0.8828703703703702 0.05989583333333333 0.2324074074074074
0 0.8526041666666666 0.6652777777777776 0.041666666666666664 0.17314814814814813
0 0.12291666666666665 0.8662037037037036 0.06041666666666666 0.24537037037037038
0 0.18359375 0.8819444444444443 0.05364583333333332 0.23796296296296293
0 0.12005208333333332 0.9226851851851852 0.0546875 0.15648148148148147
0 0.17161458333333332 0.8060185185185185 0.0484375 0.20462962962962963
0 0.23697916666666666 0.825925925925926 0.075 0.22222222222222224
0 0.6304687499999999 0.7125 0.04010416666666666 0.1935185185185185
0 0.7880208333333333 0.7314814814814814 0.05625 0.20370370370370366
0 0.70546875 0.7277777777777777 0.04739583333333333 0.2074074074074074
0 0.7057291666666667 0.7277777777777777 0.03645833333333333 0.18333333333333332
0 0.7471354166666666 0.7254629629629629 0.0421875 0.175
0 0.8218749999999998 0.7662037037037037 0.042708333333333334 0.1324074074074074
0 0.8997395833333333 0.7662037037037036 0.05364583333333332 0.16759259259259257
0 0.9148437499999998 0.7472222222222221 0.05052083333333333 0.19814814814814813
0 0.5515625 0.5115740740740741 0.028125 0.10648148148148147
0 0.5190104166666667 0.5050925925925925 0.03177083333333333 0.12685185185185183
0 0.4309895833333333 0.5046296296296295 0.0296875 0.12962962962962962
0 0.76015625 0.5847222222222223 0.0390625 0.15833333333333333
0 0.4906249999999999 0.4879629629629629 0.022916666666666665 0.09074074074074073
0 0.4658854166666667 0.4847222222222222 0.028645833333333332 0.10648148148148147
0 0.42838541666666663 0.4768518518518518 0.0296875 0.11296296296296296
0 0.4044270833333333 0.47824074074074074 0.0296875 0.11203703703703702
0 0.39375 0.475 0.021875 0.1074074074074074
0 0.3989583333333333 0.46342592592592585 0.02395833333333333 0.11018518518518519
0 0.4794270833333333 0.4773148148148148 0.025520833333333333 0.10462962962962963
5 0.7005208333333333 0.48009259259259257 0.02395833333333333 0.06574074074074074
0 0.7484375 0.42777777777777776 0.01875 0.07407407407407407
0 0.7536458333333333 0.4291666666666666 0.02708333333333333 0.0824074074074074
5 0.7640625 0.5097222222222222 0.03020833333333333 0.08796296296296295
5 0.5578125 0.45092592592592595 0.028125 0.10925925925925925
