0 0.2739583333333333 0.7064814814814814 0.05416666666666667 0.20740740740740737
0 0.33828125 0.7087962962962963 0.05052083333333333 0.2175925925925926
0 0.4005208333333333 0.6962962962962962 0.03854166666666667 0.18703703703703703
0 0.24765625 0.9180555555555555 0.07135416666666666 0.16574074074074074
0 0.32578124999999997 0.923148148148148 0.05364583333333333 0.15185185185185185
0 0.5572916666666666 0.6374999999999998 0.041666666666666664 0.18796296296296294
0 0.5718749999999999 0.6384259259259258 0.03333333333333333 0.1898148148148148
0 0.646875 0.6305555555555556 0.028124999999999997 0.1685185185185185
0 0.7908854166666667 0.525462962962963 0.025520833333333333 0.09351851851851851
0 0.7046874999999999 0.4800925925925926 0.026041666666666664 0.07685185185185185
0 0.6221354166666667 0.6518518518518518 0.03802083333333333 0.18148148148148147
0 0.7377604166666667 0.8254629629629628 0.04635416666666667 0.23796296296296296
0 0.68515625 0.8226851851851851 0.056770833333333326 0.23425925925925925
0 0.9697916666666665 0.712037037037037 0.06041666666666667 0.1925925925925926
0 0.4544270833333333 0.5574074074074074 0.0234375 0.11296296296296296
0 0.48020833333333335 0.5402777777777777 0.03125 0.14351851851851852
0 0.43619791666666663 0.5847222222222221 0.0296875 0.13796296296296295
0 0.5205729166666666 0.5694444444444444 0.03177083333333333 0.14074074074074075
0 0.5041666666666667 0.548148148148148 0.026041666666666664 0.13333333333333333
0 0.53203125 0.5472222222222223 0.030729166666666665 0.14074074074074075
0 0.5455729166666666 0.5638888888888888 0.030729166666666665 0.12962962962962962
0 0.59765625 0.6916666666666667 0.042187499999999996 0.20185185185185184
0 0.6252604166666668 0.6023148148148147 0.0296875 0.14351851851851852
0 0.6192708333333333 0.6851851851851851 0.04479166666666667 0.19074074074074074
0 0.6421875 0.6805555555555555 0.03645833333333333 0.17407407407407408
0 0.54921875 0.6587962962962963 0.03802083333333333 0.175
0 0.7145833333333333 0.6324074074074074 0.03645833333333333 0.1574074074074074
0 0.7281249999999999 0.6351851851851852 0.030208333333333334 0.15185185185185185
0 0.7171875 0.711111111111111 0.04375 0.1796296296296296
0 0.7359375 0.7226851851851851 0.03333333333333333 0.13796296296296295
0 0.8296874999999999 0.7152777777777778 0.06041666666666667 0.19907407407407407
0 0.63125 0.8245370370370371 0.04791666666666667 0.25092592592592594
0 0.7684895833333333 0.6388888888888888 0.04010416666666667 0.17037037037037037
0 0.8299479166666667 0.6842592592592592 0.04635416666666667 0.18703703703703703
0 0.8973958333333333 0.725462962962963 0.06145833333333333 0.17685185185185184
0 0.04375 0.9064814814814814 0.057291666666666664 0.18703703703703703
0 0.08567708333333333 0.9208333333333333 0.0546875 0.15833333333333333
0 0.031510416666666666 0.9777777777777776 0.041145833333333326 0.046296296296296294
0 0.32057291666666665 0.8199074074074073 0.0515625 0.2046296296296296
0 0.490625 0.8291666666666665 0.06874999999999999 0.22129629629629627
0 0.7934895833333333 0.7722222222222221 0.057812499999999996 0.20925925925925926
0 0.9825520833333332 0.7606481481481481 0.034895833333333334 0.20648148148148146
0 0.8786458333333332 0.7583333333333332 0.049999999999999996 0.21296296296296294
0 0.8768229166666667 0.7550925925925926 0.04635416666666667 0.19537037037037036
0 0.9057291666666667 0.7449074074074074 0.0375 0.1824074074074074
0 0.49895833333333334 0.5050925925925925 0.03958333333333333 0.10648148148148147
0 0.47239583333333335 0.49120370370370364 0.03229166666666666 0.12314814814814815
0 0.40182291666666664 0.48703703703703705 0.030729166666666665 0.12407407407407406
0 0.41119791666666666 0.4842592592592592 0.025520833333333333 0.09074074074074073
0 0.3966145833333333 0.47638888888888886 0.025520833333333333 0.10277777777777777
0 0.4005208333333333 0.4810185185185185 0.024999999999999998 0.11203703703703702
0 0.6901041666666666 0.48703703703703705 0.023958333333333335 0.06666666666666667
0 0.740625 0.44259259259259254 0.01875 0.07407407407407408
0 0.7499999999999999 0.44861111111111107 0.028124999999999997 0.0898148148148148
0 0.74921875 0.5199074074074074 0.0296875 0.08796296296296297
0 0.5369791666666667 0.4662037037037037 0.023958333333333335 0.11018518518518518
