0 0.27447916666666666 0.6347222222222222 0.046875 0.18981481481481483
0 0.33307291666666666 0.6370370370370371 0.043229166666666666 0.18703703703703703
0 0.39114583333333336 0.6523148148148148 0.035416666666666666 0.1787037037037037
0 0.5317708333333333 0.6217592592592592 0.035416666666666666 0.1824074074074074
0 0.5606770833333333 0.6148148148148148 0.03177083333333333 0.1759259259259259
5 0.6460937499999999 0.625 0.027604166666666662 0.1685185185185185
0 0.7630208333333333 0.5083333333333333 0.02395833333333333 0.09444444444444444
5 0.7182291666666666 0.4689814814814815 0.026041666666666664 0.07685185185185185
0 0.6052083333333333 0.6287037037037038 0.03854166666666666 0.17037037037037037
0 0.7164062499999999 0.9097222222222221 0.058854166666666666 0.1824074074074074
0 0.6518229166666666 0.9050925925925926 0.0734375 0.18981481481481483
0 0.46640625 0.5833333333333333 0.0234375 0.11296296296296296
0 0.49140624999999993 0.575 0.033854166666666664 0.15740740740740738
0 0.4729166666666667 0.624074074074074 0.03020833333333333 0.15740740740740738
0 0.6268229166666666 0.6027777777777776 0.033854166666666664 0.14629629629629629
0 0.5330729166666667 0.5740740740740741 0.025520833333333333 0.13518518518518519
0 0.5799479166666667 0.5810185185185185 0.034895833333333334 0.16203703703703703
0 0.6497395833333333 0.6013888888888889 0.03177083333333333 0.14907407407407408
0 0.8966145833333334 0.7203703703703703 0.06197916666666666 0.2185185185185185
5 0.63828125 0.5930555555555556 0.0296875 0.14351851851851852
0 0.8986979166666667 0.7115740740740739 0.049479166666666664 0.19722222222222222
0 0.9247395833333334 0.7157407407407408 0.05572916666666666 0.19444444444444445
0 0.7890625 0.701388888888889 0.046875 0.18981481481481483
0 0.8200520833333332 0.6972222222222222 0.05364583333333332 0.19814814814814813
0 0.8333333333333333 0.6856481481481481 0.034375 0.18796296296296294
0 0.58125 0.900462962962963 0.06145833333333332 0.19907407407407407
0 0.871875 0.6851851851851851 0.041666666666666664 0.18148148148148147
0 0.14869791666666665 0.8462962962962962 0.056770833333333326 0.23703703703703702
0 0.20416666666666666 0.8625 0.05416666666666666 0.23796296296296293
0 0.14661458333333333 0.9097222222222221 0.0546875 0.1824074074074074
0 0.11614583333333332 0.8074074074074075 0.04479166666666666 0.20370370370370366
0 0.15078125 0.825462962962963 0.0640625 0.22129629629629627
0 0.5843749999999999 0.7050925925925926 0.041666666666666664 0.18796296296296294
0 0.7536458333333333 0.7189814814814814 0.04583333333333333 0.2009259259259259
0 0.6526041666666667 0.7194444444444444 0.04895833333333333 0.20185185185185187
0 0.66171875 0.7189814814814814 0.03802083333333333 0.1787037037037037
0 0.6924479166666666 0.711574074074074 0.04010416666666666 0.17129629629629628
0 0.78359375 0.7541666666666667 0.0359375 0.1287037037037037
0 0.8255208333333333 0.762962962962963 0.042708333333333334 0.1759259259259259
0 0.8333333333333334 0.736574074074074 0.04791666666666666 0.19907407407407407
0 0.5591145833333333 0.5217592592592593 0.027604166666666662 0.10648148148148147
0 0.52890625 0.5152777777777777 0.0359375 0.12685185185185183
0 0.434375 0.5175925925925926 0.03020833333333333 0.13518518518518519
0 0.7125 0.5847222222222221 0.040625 0.16018518518518518
0 0.5044270833333333 0.5009259259259259 0.0234375 0.09814814814814814
0 0.4776041666666667 0.4888888888888888 0.03020833333333333 0.1074074074074074
0 0.4458333333333333 0.48472222222222217 0.029166666666666664 0.11574074074074074
0 0.4213541666666667 0.48287037037037034 0.03020833333333333 0.10462962962962963
0 0.40390625 0.4819444444444444 0.025520833333333333 0.11203703703703702
0 0.4302083333333333 0.46990740740740733 0.02395833333333333 0.11018518518518519
0 0.39791666666666664 0.4648148148148148 0.022916666666666665 0.11296296296296296
0 0.4880208333333333 0.48657407407407405 0.025 0.10462962962962963
5 0.7018229166666666 0.4810185185185184 0.0234375 0.06574074074074074
0 0.7497395833333333 0.43148148148148147 0.01927083333333333 0.07407407407407407
0 0.7520833333333333 0.4300925925925926 0.02708333333333333 0.0824074074074074
5 0.7651041666666667 0.5125 0.03020833333333333 0.08796296296296295
5 0.5609375 0.44907407407407407 0.028125 0.10925925925925925
