0 0.24661458333333336 0.7467592592592591 0.058854166666666666 0.22129629629629627
0 0.3130208333333333 0.7560185185185184 0.05 0.23240740740740737
0 0.3658854166666667 0.7300925925925926 0.04010416666666666 0.20277777777777778
0 0.3049479166666667 0.8902777777777777 0.06197916666666667 0.22129629629629627
0 0.36614583333333334 0.8949074074074074 0.06145833333333334 0.21018518518518517
0 0.6114583333333334 0.6578703703703703 0.043750000000000004 0.1935185185185185
0 0.6244791666666666 0.6546296296296297 0.040625 0.18333333333333332
0 0.6505208333333333 0.6333333333333333 0.028125 0.1685185185185185
0 0.7924479166666666 0.5296296296296297 0.025520833333333333 0.09259259259259259
0 0.709375 0.48472222222222217 0.026041666666666668 0.07685185185185185
0 0.6312500000000001 0.6532407407407407 0.034374999999999996 0.1824074074074074
0 0.8799479166666667 0.7129629629629629 0.05572916666666666 0.18703703703703703
0 0.7486979166666666 0.7708333333333333 0.043229166666666666 0.22129629629629627
0 0.7026041666666667 0.7763888888888888 0.04791666666666666 0.2175925925925926
0 0.8651041666666667 0.6976851851851851 0.04791666666666666 0.19166666666666668
0 0.4497395833333333 0.5393518518518517 0.0234375 0.11018518518518518
0 0.4747395833333333 0.5296296296296297 0.03177083333333333 0.13518518518518519
0 0.42942708333333335 0.5662037037037037 0.028645833333333332 0.1324074074074074
0 0.4979166666666667 0.5541666666666667 0.03125 0.13425925925925924
0 0.5 0.5328703703703703 0.026041666666666668 0.12129629629629629
0 0.5424479166666667 0.5319444444444444 0.03177083333333333 0.1324074074074074
0 0.5296875000000001 0.5527777777777777 0.030208333333333334 0.12962962962962962
0 0.5213541666666667 0.6606481481481481 0.04791666666666666 0.1898148148148148
0 0.6291666666666667 0.6060185185185186 0.029166666666666667 0.14351851851851852
0 0.5322916666666667 0.6625 0.036458333333333336 0.1824074074074074
0 0.5638020833333334 0.6574074074074073 0.035937500000000004 0.1722222222222222
0 0.5499999999999999 0.6287037037037037 0.03125 0.1611111111111111
0 0.63515625 0.624074074074074 0.035937500000000004 0.1574074074074074
0 0.6432291666666666 0.6175925925925926 0.03125 0.15185185185185185
0 0.596875 0.6935185185185184 0.04583333333333334 0.17407407407407408
0 0.6299479166666666 0.7046296296296296 0.035937500000000004 0.13518518518518519
0 0.7145833333333333 0.7064814814814814 0.04895833333333334 0.20185185185185184
0 0.6531250000000001 0.7731481481481481 0.046875 0.22407407407407404
0 0.7143229166666667 0.6097222222222223 0.029687500000000002 0.14351851851851852
0 0.7705729166666666 0.6532407407407407 0.043229166666666666 0.16944444444444443
0 0.7731770833333335 0.7138888888888888 0.050520833333333334 0.17407407407407408
0 0.02291666666666667 0.9328703703703703 0.04479166666666667 0.1361111111111111
0 0.0484375 0.9509259259259258 0.059375000000000004 0.1
0 0.48671875000000003 0.825925925925926 0.06302083333333333 0.2037037037037037
0 0.66328125 0.8189814814814814 0.06302083333333333 0.2175925925925926
0 0.9450520833333333 0.8013888888888889 0.059895833333333336 0.21018518518518517
0 0.4703125 0.48935185185185187 0.03229166666666667 0.10462962962962963
0 0.440625 0.48101851851851846 0.03229166666666667 0.12314814814814815
0 0.6942708333333334 0.4912037037037037 0.02395833333333333 0.06574074074074074
0 0.7229166666666667 0.4513888888888889 0.025 0.08796296296296297
0 0.7442708333333333 0.44768518518518513 0.030208333333333334 0.0898148148148148
0 0.7536458333333333 0.5226851851851851 0.030208333333333334 0.08796296296296297
0 0.5416666666666667 0.4671296296296296 0.02395833333333333 0.11018518518518518
