0 0.26484375 0.6268518518518518 0.04635416666666666 0.17962962962962964
0 0.32526041666666666 0.6300925925925925 0.0421875 0.19166666666666665
0 0.36666666666666664 0.6476851851851851 0.03333333333333333 0.16759259259259257
0 0.5343749999999999 0.6236111111111111 0.035416666666666666 0.1861111111111111
0 0.5604166666666666 0.6212962962962962 0.03125 0.17777777777777776
5 0.6416666666666666 0.6259259259259259 0.028125 0.1685185185185185
0 0.7484375 0.5148148148148148 0.02395833333333333 0.0962962962962963
5 0.7200520833333333 0.47175925925925927 0.025520833333333333 0.07685185185185185
0 0.6028645833333333 0.6365740740740741 0.0359375 0.1787037037037037
0 0.7033854166666667 0.9208333333333332 0.06197916666666666 0.16018518518518518
0 0.6361979166666666 0.9148148148148147 0.0671875 0.17037037037037037
0 0.4643229166666666 0.5935185185185186 0.024479166666666666 0.11481481481481481
0 0.4916666666666666 0.5819444444444444 0.034375 0.16018518518518518
0 0.4773437499999999 0.6324074074074074 0.033854166666666664 0.15925925925925927
0 0.6515625 0.6092592592592592 0.034375 0.14629629629629629
0 0.54140625 0.5870370370370369 0.025520833333333333 0.13518518518518519
0 0.5942708333333333 0.5902777777777778 0.03854166666666666 0.16203703703703703
0 0.6783854166666667 0.6050925925925925 0.03177083333333333 0.14907407407407408
5 0.63828125 0.5949074074074073 0.0296875 0.14351851851851852
0 0.9455729166666667 0.7324074074074074 0.04635416666666666 0.19814814814814813
0 0.8216145833333333 0.7157407407407407 0.0515625 0.19629629629629627
0 0.8427083333333334 0.7064814814814814 0.051041666666666666 0.1925925925925926
0 0.8458333333333332 0.6958333333333333 0.034375 0.18796296296296294
0 0.56484375 0.912962962962963 0.0609375 0.1759259259259259
0 0.8809895833333332 0.6976851851851851 0.0421875 0.18425925925925926
0 0.16380208333333332 0.8347222222222221 0.05572916666666666 0.23055555555555554
0 0.21614583333333331 0.8490740740740741 0.055208333333333325 0.2333333333333333
0 0.16119791666666666 0.9023148148148147 0.058854166666666666 0.19722222222222222
0 0.1015625 0.8060185185185185 0.0375 0.20833333333333331
0 0.11640625 0.8273148148148147 0.05052083333333333 0.2324074074074074
0 0.5572916666666667 0.6949074074074073 0.042708333333333334 0.18796296296296294
0 0.74375 0.7097222222222221 0.04583333333333333 0.19722222222222222
0 0.6276041666666666 0.7194444444444443 0.046875 0.19814814814814813
0 0.6442708333333333 0.7157407407407407 0.03645833333333333 0.17962962962962964
0 0.6578124999999999 0.7069444444444444 0.04479166666666666 0.16203703703703703
0 0.771875 0.7486111111111111 0.034375 0.1287037037037037
0 0.7802083333333333 0.7611111111111111 0.03854166666666666 0.17222222222222222
0 0.7986979166666666 0.7351851851851852 0.04635416666666666 0.19629629629629627
0 0.5643229166666667 0.5291666666666666 0.028645833333333332 0.10648148148148147
0 0.5317708333333333 0.5217592592592593 0.034375 0.12685185185185183
0 0.4369791666666667 0.5259259259259259 0.03020833333333333 0.13518518518518519
0 0.6848958333333333 0.5884259259259259 0.040625 0.16203703703703703
0 0.5119791666666667 0.5069444444444444 0.02395833333333333 0.09907407407407406
0 0.4828125 0.4981481481481482 0.03020833333333333 0.1074074074074074
0 0.4499999999999999 0.4902777777777777 0.029166666666666664 0.12129629629629628
0 0.42265625 0.487962962962963 0.0296875 0.10925925925925925
0 0.40390625 0.4856481481481481 0.025520833333333333 0.11203703703703702
0 0.4479166666666667 0.47175925925925916 0.02395833333333333 0.11018518518518519
0 0.41640625 0.46944444444444444 0.0234375 0.11296296296296296
0 0.4033854166666667 0.4652777777777778 0.02239583333333333 0.12314814814814815
0 0.4932291666666666 0.49027777777777776 0.025 0.10462962962962963
5 0.70234375 0.4819444444444444 0.0234375 0.06574074074074074
0 0.7502604166666667 0.4333333333333333 0.01927083333333333 0.07407407407407407
0 0.7510416666666667 0.4310185185185185 0.02708333333333333 0.0824074074074074
5 0.7651041666666667 0.5152777777777777 0.03020833333333333 0.08796296296296295
5 0.5614583333333333 0.45092592592592595 0.028125 0.10925925925925925
