0 0.24713541666666666 0.7717592592592593 0.06302083333333333 0.22685185185185186
0 0.30130208333333336 0.7722222222222223 0.05260416666666666 0.23148148148148148
0 0.35260416666666666 0.7523148148148148 0.041666666666666664 0.20462962962962963
0 0.3208333333333333 0.8819444444444443 0.06145833333333332 0.23796296296296293
0 0.38125 0.8865740740740741 0.059375 0.22685185185185186
0 0.6434895833333333 0.6689814814814815 0.04427083333333333 0.19537037037037036
0 0.6489583333333333 0.6666666666666666 0.03854166666666666 0.1925925925925926
5 0.6565104166666667 0.6384259259259258 0.027604166666666662 0.16759259259259257
0 0.7986979166666666 0.5333333333333333 0.0265625 0.09259259259259259
5 0.7119791666666666 0.4875 0.026041666666666664 0.07685185185185185
0 0.6411458333333333 0.6555555555555556 0.035416666666666666 0.18148148148148147
0 0.8572916666666666 0.7092592592592591 0.04791666666666666 0.1925925925925926
0 0.7557291666666666 0.7550925925925925 0.04479166666666666 0.21203703703703702
0 0.70390625 0.7611111111111111 0.0484375 0.2074074074074074
0 0.8403645833333332 0.6912037037037037 0.0421875 0.18425925925925926
0 0.4473958333333333 0.5393518518518519 0.02395833333333333 0.11018518518518519
0 0.475 0.5273148148148148 0.03125 0.13055555555555556
0 0.43125 0.5638888888888889 0.02708333333333333 0.12962962962962962
0 0.4950520833333333 0.5504629629629629 0.03177083333333333 0.12685185185185183
0 0.4994791666666666 0.5310185185185186 0.026041666666666664 0.12129629629629628
0 0.5453125 0.5296296296296296 0.03125 0.12777777777777777
0 0.5239583333333333 0.5472222222222222 0.03020833333333333 0.12962962962962962
0 0.4997395833333333 0.6555555555555556 0.0546875 0.18333333333333332
5 0.6354166666666666 0.611574074074074 0.029166666666666664 0.14351851851851852
0 0.5145833333333333 0.6550925925925926 0.03645833333333333 0.175
0 0.5507812499999999 0.649074074074074 0.033854166666666664 0.1685185185185185
0 0.5614583333333333 0.6217592592592591 0.03229166666666666 0.15462962962962962
0 0.60859375 0.6212962962962962 0.034895833333333334 0.15740740740740738
0 0.6125 0.6101851851851852 0.03125 0.15185185185185185
0 0.5677083333333333 0.688425925925926 0.04375 0.17129629629629628
0 0.5947916666666666 0.7018518518518518 0.03229166666666666 0.13148148148148148
0 0.6721354166666667 0.7046296296296296 0.04114583333333333 0.19814814814814813
0 0.6526041666666667 0.7583333333333333 0.046875 0.22407407407407404
0 0.6874999999999999 0.6069444444444444 0.029166666666666664 0.14351851851851852
0 0.7510416666666666 0.6467592592592593 0.03854166666666666 0.16759259259259257
0 0.7328125 0.7092592592592593 0.03958333333333333 0.1648148148148148
0 0.01796875 0.9439814814814815 0.034895833333333334 0.11388888888888889
0 0.049479166666666664 0.9597222222222221 0.05416666666666666 0.0824074074074074
0 0.56015625 0.8282407407407406 0.03802083333333333 0.20462962962962963
0 0.7390625 0.8157407407407407 0.0625 0.21296296296296294
0 0.4624999999999999 0.4893518518518518 0.03229166666666666 0.10462962962962963
0 0.4244791666666667 0.48240740740740734 0.03333333333333333 0.12407407407407407
5 0.7 0.49861111111111106 0.02395833333333333 0.06574074074074074
0 0.7192708333333333 0.4564814814814814 0.026041666666666664 0.09074074074074073
0 0.7385416666666667 0.4560185185185185 0.03020833333333333 0.08981481481481482
5 0.7614583333333333 0.5282407407407408 0.03020833333333333 0.08796296296296295
5 0.5494791666666667 0.47453703703703703 0.02395833333333333 0.11018518518518519
