0 0.26666666666666666 0.7175925925925926 0.05416666666666666 0.20925925925925926
0 0.3317708333333333 0.7180555555555556 0.05 0.21759259259259256
0 0.39010416666666664 0.700925925925926 0.03958333333333333 0.18888888888888888
0 0.26302083333333337 0.9101851851851851 0.06979166666666667 0.17962962962962964
0 0.33307291666666666 0.9166666666666666 0.05989583333333333 0.16666666666666666
0 0.5703124999999999 0.6425925925925926 0.041666666666666664 0.18888888888888888
0 0.5791666666666667 0.6416666666666667 0.03333333333333333 0.18333333333333332
5 0.6453125 0.6314814814814815 0.028125 0.1685185185185185
0 0.78984375 0.5273148148148148 0.025520833333333333 0.09351851851851851
5 0.7057291666666666 0.4810185185185185 0.026041666666666664 0.07685185185185185
0 0.6200520833333333 0.6518518518518518 0.03802083333333333 0.18148148148148147
0 0.7359375 0.8074074074074075 0.04375 0.22962962962962963
0 0.6890624999999999 0.8097222222222221 0.04791666666666666 0.23425925925925925
0 0.9377604166666667 0.7083333333333333 0.06197916666666666 0.1925925925925926
0 0.4528645833333333 0.5518518518518518 0.0234375 0.11296296296296296
0 0.4768229166666666 0.5361111111111111 0.03072916666666666 0.14074074074074075
0 0.4338541666666667 0.5777777777777777 0.03020833333333333 0.137037037037037
0 0.5122395833333333 0.5643518518518518 0.033854166666666664 0.13796296296296295
0 0.50390625 0.5402777777777777 0.025520833333333333 0.12685185185185183
0 0.5307291666666666 0.5453703703703704 0.03229166666666666 0.14074074074074075
0 0.5390625 0.5592592592592591 0.03020833333333333 0.12962962962962962
0 0.5700520833333333 0.6884259259259259 0.05572916666666666 0.20462962962962963
5 0.6236979166666666 0.6041666666666666 0.0296875 0.14351851851851852
0 0.5911458333333333 0.6800925925925926 0.042708333333333334 0.18981481481481483
0 0.6127604166666666 0.6782407407407407 0.0359375 0.17314814814814813
0 0.5372395833333333 0.6467592592592593 0.033854166666666664 0.175
0 0.6963541666666667 0.6287037037037038 0.03645833333333333 0.15740740740740738
0 0.7033854166666667 0.6287037037037038 0.03072916666666666 0.15185185185185185
0 0.684375 0.7078703703703704 0.04375 0.17685185185185184
0 0.7020833333333333 0.7212962962962962 0.03333333333333333 0.13518518518518519
0 0.7979166666666666 0.7129629629629629 0.057291666666666664 0.19814814814814813
0 0.6375 0.8087962962962962 0.046875 0.24351851851851852
0 0.7567708333333333 0.6333333333333333 0.03958333333333333 0.17037037037037037
0 0.8122395833333333 0.6796296296296296 0.043229166666666666 0.18703703703703703
0 0.86015625 0.7203703703703704 0.0578125 0.17777777777777776
0 0.03203125 0.9134259259259258 0.056770833333333326 0.17314814814814813
0 0.07369791666666667 0.9277777777777777 0.05364583333333332 0.14444444444444443
0 0.359375 0.8212962962962962 0.051041666666666666 0.20370370370370366
0 0.5330729166666666 0.8231481481481481 0.06510416666666666 0.22222222222222224
0 0.8263020833333332 0.7791666666666666 0.05052083333333333 0.21018518518518517
0 0.9122395833333334 0.7587962962962963 0.043229166666666666 0.21203703703703702
0 0.9091145833333332 0.7578703703703703 0.04427083333333333 0.19907407407407407
0 0.9471354166666666 0.7513888888888889 0.03697916666666666 0.1861111111111111
0 0.4893229166666666 0.49444444444444446 0.058854166666666666 0.10925925925925925
0 0.4645833333333333 0.48749999999999993 0.03229166666666666 0.12314814814814815
0 0.3924479166666667 0.48240740740740734 0.027604166666666662 0.12407407407407407
0 0.4020833333333333 0.48240740740740734 0.025 0.09074074074074073
0 0.38671874999999994 0.47407407407407404 0.025520833333333333 0.1037037037037037
0 0.39010416666666664 0.475925925925926 0.025 0.11296296296296296
5 0.6895833333333333 0.4884259259259259 0.02395833333333333 0.06574074074074074
0 0.73125 0.44675925925925924 0.021875 0.08055555555555555
0 0.7484375 0.44675925925925924 0.028125 0.08981481481481482
5 0.7484375 0.5199074074074074 0.03020833333333333 0.08796296296296295
5 0.5369791666666667 0.4662037037037036 0.02395833333333333 0.11018518518518519
