0 0.27057291666666666 0.6319444444444444 0.04635416666666666 0.18425925925925926
0 0.3302083333333333 0.6342592592592593 0.042708333333333334 0.18888888888888888
0 0.38151041666666663 0.6472222222222221 0.04427083333333333 0.17222222222222222
0 0.5328124999999999 0.6222222222222222 0.035416666666666666 0.18333333333333332
0 0.5598958333333333 0.6175925925925926 0.03125 0.1759259259259259
5 0.6445312499999999 0.625 0.027604166666666662 0.1685185185185185
0 0.7578125 0.5106481481481482 0.02395833333333333 0.09537037037037036
5 0.7190104166666667 0.46990740740740744 0.025520833333333333 0.07685185185185185
0 0.60390625 0.6310185185185184 0.03802083333333333 0.17314814814814813
0 0.7135416666666666 0.913425925925926 0.057291666666666664 0.175
0 0.6463541666666666 0.9078703703703702 0.071875 0.1824074074074074
0 0.46640625 0.5851851851851851 0.0234375 0.11296296296296296
0 0.4903645833333333 0.5782407407407407 0.033854166666666664 0.15833333333333333
0 0.4744791666666667 0.6277777777777777 0.03020833333333333 0.15925925925925927
0 0.6348958333333333 0.6055555555555555 0.034375 0.14629629629629629
0 0.5361979166666667 0.5787037037037036 0.025520833333333333 0.13518518518518519
0 0.5841145833333333 0.5856481481481481 0.033854166666666664 0.16203703703703703
0 0.6580729166666667 0.6023148148148147 0.03177083333333333 0.14907407407407408
0 0.9140624999999998 0.7240740740740741 0.05833333333333333 0.2185185185185185
5 0.63828125 0.5939814814814814 0.0296875 0.14351851851851852
0 0.9109375 0.7180555555555554 0.05625 0.19722222222222222
0 0.9385416666666666 0.7194444444444443 0.06041666666666666 0.1925925925925926
0 0.8059895833333333 0.7064814814814814 0.0484375 0.18703703703703703
0 0.8234375 0.6962962962962963 0.05416666666666666 0.18703703703703703
0 0.8380208333333332 0.6912037037037038 0.034375 0.18796296296296294
0 0.57578125 0.9055555555555556 0.0609375 0.1907407407407407
0 0.8736979166666666 0.6898148148148148 0.0421875 0.18148148148148147
0 0.15416666666666665 0.8416666666666666 0.05625 0.2333333333333333
0 0.2091145833333333 0.8578703703703703 0.0546875 0.23796296296296293
0 0.1515625 0.9074074074074074 0.055208333333333325 0.18703703703703703
0 0.1109375 0.8083333333333332 0.04375 0.20370370370370366
0 0.13463541666666665 0.8282407407407406 0.0703125 0.22314814814814815
0 0.5742187499999999 0.7013888888888888 0.043229166666666666 0.18796296296296294
0 0.7479166666666667 0.7152777777777778 0.04583333333333333 0.19907407407407407
0 0.6421875 0.7194444444444443 0.05625 0.19814814814814813
0 0.6544270833333333 0.7180555555555554 0.03802083333333333 0.1787037037037037
0 0.6799479166666667 0.7097222222222221 0.043229166666666666 0.16759259259259257
0 0.7773437499999999 0.7523148148148147 0.033854166666666664 0.1287037037037037
0 0.8080729166666666 0.762962962962963 0.05052083333333333 0.1759259259259259
0 0.8203125 0.736111111111111 0.046875 0.19814814814814813
0 0.5606770833333333 0.523611111111111 0.027604166666666662 0.10648148148148147
0 0.5296874999999999 0.5171296296296297 0.035416666666666666 0.12685185185185183
0 0.43515625 0.5203703703703704 0.0296875 0.13518518518518519
0 0.7026041666666666 0.586111111111111 0.040625 0.1611111111111111
0 0.50703125 0.5037037037037037 0.0234375 0.09814814814814814
0 0.4796875 0.4925925925925926 0.03020833333333333 0.1074074074074074
0 0.4463541666666666 0.48703703703703705 0.029166666666666664 0.11851851851851851
0 0.4229166666666667 0.4837962962962963 0.03020833333333333 0.10462962962962963
0 0.40390625 0.4837962962962963 0.025520833333333333 0.11203703703703702
0 0.4354166666666667 0.4708333333333333 0.02395833333333333 0.11018518518518519
0 0.4041666666666666 0.46574074074074073 0.022916666666666665 0.11296296296296296
0 0.39427083333333335 0.4629629629629629 0.022916666666666665 0.12407407407407407
0 0.4885416666666666 0.48749999999999993 0.025 0.10462962962962963
5 0.7020833333333333 0.4810185185185184 0.02395833333333333 0.06574074074074074
0 0.7497395833333333 0.43240740740740735 0.01927083333333333 0.07407407407407407
0 0.7515625 0.4300925925925926 0.02708333333333333 0.0824074074074074
5 0.7651041666666667 0.5134259259259258 0.03020833333333333 0.08796296296296295
5 0.5609375 0.45 0.028125 0.10925925925925925
