0 0.2557291666666667 0.6319444444444444 0.05 0.16574074074074072
0 0.5651041666666666 0.6439814814814815 0.034375 0.18796296296296294
0 0.5953125 0.6472222222222221 0.034375 0.17962962962962964
5 0.659375 0.6481481481481481 0.03020833333333333 0.1759259259259259
0 0.7369791666666667 0.5203703703703704 0.02395833333333333 0.0962962962962963
5 0.7354166666666666 0.4837962962962963 0.025 0.07685185185185185
0 0.6221354166666667 0.6444444444444444 0.03177083333333333 0.17962962962962964
0 0.4755208333333333 0.6476851851851851 0.028125 0.13796296296296295
0 0.5109375 0.6347222222222222 0.03645833333333333 0.16944444444444445
0 0.5966145833333333 0.6791666666666666 0.04010416666666666 0.16574074074074072
0 0.7903645833333333 0.6546296296296296 0.033854166666666664 0.15555555555555553
0 0.7072916666666667 0.6347222222222222 0.029166666666666664 0.1509259259259259
0 0.74375 0.6305555555555555 0.040625 0.1648148148148148
0 0.8270833333333332 0.6560185185185186 0.0375 0.16759259259259257
5 0.6567708333333333 0.6018518518518519 0.02708333333333333 0.14259259259259258
0 0.24218749999999994 0.7842592592592592 0.04895833333333333 0.22777777777777777
0 0.2828125 0.7879629629629629 0.04479166666666666 0.20370370370370366
0 0.26875 0.8453703703703704 0.05625 0.22222222222222224
0 0.13541666666666669 0.8060185185185185 0.03958333333333333 0.21018518518518517
0 0.1411458333333333 0.8842592592592592 0.055208333333333325 0.23148148148148148
0 0.46171875 0.6592592592592592 0.03177083333333333 0.1685185185185185
0 0.7731770833333333 0.6759259259259258 0.03802083333333333 0.18518518518518517
0 0.615625 0.7231481481481481 0.03958333333333333 0.20370370370370366
0 0.6552083333333333 0.7337962962962962 0.0375 0.18425925925925926
0 0.5013020833333333 0.6773148148148148 0.0421875 0.15462962962962962
0 0.79296875 0.7162037037037037 0.0296875 0.11759259259259258
0 0.76953125 0.7087962962962963 0.0390625 0.15462962962962962
0 0.8374999999999998 0.7402777777777778 0.04895833333333333 0.21388888888888888
0 0.8752604166666667 0.7425925925925926 0.0421875 0.20555555555555555
0 0.9802083333333332 0.7777777777777777 0.03958333333333333 0.19814814814814813
0 0.7971354166666667 0.6986111111111111 0.0390625 0.1787037037037037
0 0.61015625 0.5805555555555555 0.03177083333333333 0.13148148148148148
0 0.58125 0.5689814814814814 0.0375 0.14166666666666666
0 0.459375 0.5745370370370371 0.03333333333333333 0.14907407407407408
0 0.5369791666666666 0.5944444444444444 0.04479166666666666 0.15740740740740738
0 0.5489583333333333 0.5374999999999999 0.022916666666666665 0.10462962962962963
0 0.5270833333333333 0.5375 0.03020833333333333 0.12685185185185183
0 0.5 0.5222222222222223 0.03125 0.12037037037037038
0 0.4471354166666667 0.525 0.03177083333333333 0.11851851851851851
0 0.4140625 0.5226851851851851 0.025 0.11574074074074074
0 0.5257812499999999 0.5069444444444444 0.027604166666666662 0.11574074074074074
0 0.5005208333333333 0.4962962962962963 0.02395833333333333 0.11296296296296296
0 0.4807291666666666 0.49907407407407406 0.025 0.12962962962962962
0 0.4611979166666667 0.5013888888888889 0.025520833333333333 0.11574074074074074
0 0.421875 0.4902777777777777 0.02708333333333333 0.12129629629629628
0 0.47135416666666663 0.47777777777777775 0.026041666666666664 0.1074074074074074
0 0.5294270833333333 0.5231481481481481 0.021354166666666667 0.1074074074074074
5 0.7197916666666667 0.4921296296296296 0.02395833333333333 0.06574074074074074
0 0.4515624999999999 0.48009259259259257 0.026041666666666664 0.12314814814814815
0 0.7627604166666667 0.44074074074074077 0.01927083333333333 0.07407407407407407
0 0.7713541666666667 0.43657407407407406 0.02708333333333333 0.0824074074074074
5 0.7828125 0.524537037037037 0.03020833333333333 0.08796296296296295
5 0.5760416666666666 0.46712962962962956 0.026041666666666664 0.11018518518518519
