0 0.5731770833333333 0.6662037037037036 0.034895833333333334 0.19722222222222222
0 0.5968749999999999 0.6773148148148148 0.03854166666666666 0.1935185185185185
5 0.66171875 0.6467592592592593 0.0328125 0.17685185185185184
0 0.7466145833333333 0.5175925925925926 0.024479166666666666 0.0962962962962963
5 0.7486979166666667 0.48009259259259257 0.025520833333333333 0.07685185185185185
0 0.6078124999999999 0.6462962962962963 0.03229166666666666 0.17407407407407408
0 0.5119791666666667 0.6777777777777778 0.02708333333333333 0.15185185185185185
0 0.5651041666666666 0.6615740740740741 0.035416666666666666 0.1824074074074074
0 0.6963541666666666 0.7074074074074074 0.041666666666666664 0.1759259259259259
0 0.8567708333333333 0.6833333333333333 0.0375 0.17222222222222222
0 0.8432291666666666 0.6583333333333333 0.03020833333333333 0.15185185185185185
0 0.8455729166666666 0.648611111111111 0.0390625 0.16759259259259257
0 0.8895833333333332 0.6837962962962962 0.0375 0.1787037037037037
5 0.6671875 0.6050925925925925 0.02708333333333333 0.14351851851851852
0 0.27838541666666666 0.7453703703703705 0.0453125 0.20925925925925926
0 0.31744791666666666 0.7550925925925925 0.0421875 0.2009259259259259
0 0.31354166666666666 0.7935185185185184 0.05208333333333333 0.20370370370370366
0 0.2059895833333333 0.7675925925925926 0.04427083333333333 0.1925925925925926
0 0.12239583333333333 0.9175925925925925 0.06875 0.1648148148148148
0 0.4484375 0.6245370370370369 0.03333333333333333 0.16018518518518518
0 0.7653645833333333 0.6532407407407407 0.033854166666666664 0.18425925925925926
0 0.6416666666666666 0.7263888888888889 0.040625 0.20462962962962963
0 0.6729166666666666 0.7384259259259258 0.04479166666666666 0.1861111111111111
0 0.4203125 0.6481481481481481 0.040625 0.14629629629629629
0 0.79140625 0.6884259259259259 0.0296875 0.11759259259259258
0 0.7815104166666667 0.6796296296296296 0.0359375 0.14814814814814814
0 0.8270833333333332 0.7078703703703704 0.04583333333333333 0.2009259259259259
0 0.8398437499999998 0.7064814814814815 0.04114583333333333 0.20185185185185187
0 0.8541666666666666 0.7384259259259258 0.057291666666666664 0.20462962962962963
0 0.80703125 0.674074074074074 0.03697916666666666 0.17962962962962964
0 0.90390625 0.7435185185185185 0.0484375 0.18888888888888888
0 0.6421874999999999 0.5939814814814814 0.03229166666666666 0.1324074074074074
0 0.6197916666666666 0.5916666666666666 0.03854166666666666 0.15555555555555553
0 0.4755208333333333 0.6023148148148147 0.034375 0.16018518518518518
0 0.46640625 0.5773148148148148 0.04427083333333333 0.15648148148148147
0 0.5828125 0.5592592592592591 0.028125 0.1037037037037037
0 0.5458333333333333 0.5541666666666667 0.03020833333333333 0.12685185185185183
0 0.51640625 0.5319444444444443 0.03177083333333333 0.1287037037037037
0 0.4604166666666666 0.537037037037037 0.03125 0.11851851851851851
0 0.4190104166666667 0.5365740740740741 0.025520833333333333 0.12685185185185183
0 0.5572916666666666 0.5152777777777777 0.028125 0.11574074074074074
0 0.5307291666666666 0.5152777777777777 0.026041666666666664 0.11944444444444444
0 0.5096354166666667 0.5106481481481481 0.025520833333333333 0.13055555555555556
0 0.4927083333333333 0.5162037037037036 0.026041666666666664 0.12129629629629628
0 0.43125 0.5078703703703704 0.028125 0.11574074074074074
0 0.5268229166666666 0.4893518518518518 0.027604166666666662 0.10648148148148147
0 0.4572916666666666 0.48703703703703705 0.029166666666666664 0.12037037037037038
0 0.4359375 0.46712962962962956 0.020833333333333332 0.09907407407407406
0 0.4265625 0.47407407407407404 0.02708333333333333 0.1037037037037037
0 0.5442708333333333 0.5361111111111111 0.021875 0.1074074074074074
5 0.7296875 0.4893518518518518 0.02395833333333333 0.06574074074074074
0 0.5052083333333333 0.4888888888888888 0.026041666666666664 0.12407407407407407
0 0.7729166666666666 0.44259259259259254 0.019791666666666666 0.07407407407407407
0 0.7838541666666667 0.44027777777777777 0.02708333333333333 0.0824074074074074
5 0.7921875 0.5199074074074074 0.03020833333333333 0.08796296296296295
5 0.5880208333333333 0.46712962962962956 0.026041666666666664 0.11018518518518519
