0 0.14375 0.875925925925926 0.07291666666666666 0.24814814814814815
0 0.2169270833333333 0.8763888888888889 0.0640625 0.24907407407407406
0 0.23828125 0.8476851851851851 0.05260416666666666 0.2398148148148148
0 0.8906249999999998 0.8856481481481481 0.055208333333333325 0.23055555555555554
0 0.3723958333333333 0.7393518518518518 0.05 0.2064814814814815
0 0.4190104166666666 0.7398148148148147 0.0484375 0.1907407407407407
0 0.8466145833333332 0.7347222222222222 0.0578125 0.22314814814814815
0 0.8822916666666666 0.7217592592592592 0.03958333333333333 0.20462962962962963
5 0.6567708333333333 0.6324074074074073 0.03020833333333333 0.1685185185185185
0 0.7971354166666667 0.5222222222222221 0.027604166666666662 0.09259259259259259
5 0.71328125 0.4768518518518518 0.0296875 0.07592592592592592
0 0.78046875 0.6884259259259259 0.04114583333333333 0.1935185185185185
0 0.7674479166666666 0.6337962962962962 0.0421875 0.16574074074074072
0 0.6286458333333333 0.6569444444444443 0.035416666666666666 0.18055555555555552
0 0.5588541666666667 0.6560185185185184 0.04375 0.1787037037037037
0 0.7372395833333333 0.6166666666666667 0.034895833333333334 0.1648148148148148
0 0.39869791666666665 0.4851851851851851 0.0234375 0.09814814814814814
0 0.4145833333333333 0.47037037037037044 0.026041666666666664 0.10925925925925925
0 0.4236979166666667 0.5101851851851851 0.025520833333333333 0.12407407407407407
0 0.4359375 0.4972222222222221 0.02708333333333333 0.12407407407407407
0 0.4421875 0.47407407407407404 0.028125 0.11296296296296296
0 0.4755208333333333 0.47824074074074074 0.029166666666666664 0.125
0 0.4700520833333333 0.4930555555555555 0.028645833333333332 0.11574074074074074
0 0.4388020833333333 0.5675925925925925 0.034895833333333334 0.15740740740740738
5 0.6315104166666666 0.6041666666666666 0.0296875 0.15462962962962962
0 0.4671874999999999 0.5699074074074073 0.03229166666666666 0.1509259259259259
0 0.49296875 0.5708333333333333 0.03177083333333333 0.1398148148148148
0 0.5091145833333333 0.5504629629629629 0.0328125 0.13425925925925924
0 0.5421875 0.5439814814814815 0.03125 0.125
0 0.5361979166666667 0.5337962962962963 0.028645833333333332 0.11944444444444444
0 0.5083333333333333 0.5958333333333333 0.04375 0.1509259259259259
0 0.5296875 0.6074074074074074 0.028125 0.10925925925925925
0 0.5401041666666666 0.6138888888888888 0.03854166666666666 0.1759259259259259
0 0.5177083333333333 0.6546296296296296 0.03854166666666666 0.18888888888888888
0 0.5708333333333333 0.5458333333333333 0.029166666666666664 0.13796296296296295
0 0.5874999999999999 0.587962962962963 0.03854166666666666 0.17037037037037037
0 0.57890625 0.6291666666666667 0.03802083333333333 0.1509259259259259
5 0.696875 0.49120370370370364 0.02395833333333333 0.06574074074074074
0 0.6453125 0.45879629629629626 0.028125 0.08981481481481482
0 0.6601562499999999 0.4569444444444444 0.033854166666666664 0.09907407407407406
5 0.7619791666666667 0.5199074074074074 0.03125 0.08796296296296295
5 0.5583333333333333 0.46342592592592585 0.02395833333333333 0.11018518518518519
