0 0.2802083333333333 0.6388888888888888 0.046875 0.1907407407407407
0 0.33854166666666663 0.6430555555555555 0.04375 0.1935185185185185
0 0.4057291666666666 0.6541666666666666 0.0375 0.175
0 0.5317708333333333 0.6175925925925926 0.035416666666666666 0.18148148148148147
0 0.56015625 0.6143518518518518 0.0328125 0.17685185185185184
5 0.64921875 0.624074074074074 0.027604166666666662 0.1685185185185185
0 0.7729166666666667 0.5041666666666667 0.02395833333333333 0.09351851851851851
5 0.7171874999999999 0.46805555555555556 0.026041666666666664 0.07685185185185185
0 0.6124999999999999 0.6268518518518518 0.03854166666666666 0.1685185185185185
0 0.7200520833333333 0.900462962962963 0.05989583333333333 0.19907407407407407
0 0.6635416666666667 0.8972222222222221 0.06458333333333333 0.2074074074074074
0 0.46640625 0.5796296296296296 0.0234375 0.11296296296296296
0 0.4937499999999999 0.5685185185185184 0.03229166666666666 0.1537037037037037
0 0.4697916666666667 0.6171296296296296 0.03020833333333333 0.15462962962962962
0 0.609375 0.5990740740740741 0.03333333333333333 0.14629629629629629
0 0.5291666666666666 0.5666666666666667 0.026041666666666664 0.13518518518518519
0 0.5705729166666667 0.5736111111111111 0.034895833333333334 0.16018518518518518
0 0.6333333333333333 0.5976851851851851 0.03125 0.14907407407407408
0 0.8669270833333333 0.7143518518518518 0.06822916666666666 0.21203703703703702
5 0.63828125 0.5921296296296296 0.0296875 0.14351851851851852
0 0.8690104166666666 0.7064814814814814 0.04114583333333333 0.19814814814814813
0 0.8919270833333334 0.7078703703703704 0.04635416666666666 0.19537037037037036
0 0.76796875 0.6939814814814815 0.0546875 0.18796296296296294
0 0.8140625 0.6856481481481481 0.06666666666666667 0.18796296296296294
0 0.8260416666666666 0.6749999999999999 0.03333333333333333 0.18518518518518517
0 0.9674479166666666 0.736111111111111 0.0578125 0.18703703703703703
0 0.5893229166666667 0.8907407407407406 0.06302083333333333 0.21666666666666665
0 0.8640625 0.6777777777777777 0.041666666666666664 0.17777777777777776
0 0.13828125 0.8560185185185185 0.056770833333333326 0.24537037037037038
0 0.19374999999999998 0.8722222222222221 0.05416666666666666 0.24074074074074076
0 0.13671875 0.9138888888888888 0.0546875 0.17407407407407408
0 0.13697916666666665 0.8060185185185185 0.053125 0.20462962962962963
0 0.18489583333333331 0.826851851851852 0.07604166666666666 0.22222222222222224
0 0.6052083333333333 0.712037037037037 0.040625 0.18703703703703703
0 0.7651041666666666 0.7249999999999999 0.053125 0.20370370370370366
0 0.67421875 0.7231481481481481 0.0484375 0.20555555555555555
0 0.6778645833333333 0.7189814814814814 0.03802083333333333 0.1787037037037037
0 0.7161458333333333 0.7171296296296296 0.041666666666666664 0.17129629629629628
0 0.7963541666666667 0.7574074074074073 0.042708333333333334 0.12962962962962962
0 0.8580729166666666 0.762962962962963 0.05260416666666666 0.1648148148148148
0 0.8640624999999998 0.7388888888888888 0.05208333333333333 0.19814814814814813
0 0.5557291666666666 0.5171296296296296 0.028125 0.10648148148148147
0 0.525 0.5106481481481482 0.034375 0.12685185185185183
0 0.4325520833333333 0.5120370370370371 0.0296875 0.13518518518518519
0 0.7328125 0.5828703703703704 0.040625 0.16018518518518518
0 0.4997395833333333 0.4967592592592592 0.0234375 0.09722222222222222
0 0.4729166666666667 0.4851851851851852 0.03020833333333333 0.1074074074074074
0 0.4411458333333333 0.4805555555555555 0.029166666666666664 0.11296296296296296
0 0.4161458333333333 0.4805555555555555 0.03020833333333333 0.1074074074074074
0 0.4028645833333333 0.4796296296296296 0.024479166666666666 0.11111111111111112
0 0.41953125 0.46805555555555556 0.0234375 0.11018518518518519
0 0.4854166666666666 0.4837962962962963 0.025 0.10462962962962963
5 0.7015625 0.48009259259259257 0.02395833333333333 0.06574074074074074
0 0.7489583333333333 0.4296296296296296 0.01875 0.07407407407407407
0 0.7526041666666667 0.4300925925925926 0.02708333333333333 0.0824074074074074
5 0.7651041666666667 0.5106481481481481 0.03020833333333333 0.08796296296296295
5 0.5604166666666666 0.4481481481481481 0.028125 0.10925925925925925
