0 0.16093749999999998 0.874074074074074 0.06666666666666667 0.25370370370370365
0 0.23229166666666665 0.8736111111111111 0.0625 0.25462962962962965
0 0.2544270833333333 0.8402777777777777 0.05052083333333333 0.23796296296296293
0 0.9177083333333332 0.8865740740740741 0.055208333333333325 0.2287037037037037
0 0.37213541666666666 0.7620370370370371 0.05052083333333333 0.20925925925925926
0 0.4177083333333333 0.762962962962963 0.05 0.19444444444444445
0 0.815625 0.7337962962962963 0.05 0.21759259259259256
0 0.8515625 0.7226851851851851 0.041666666666666664 0.20462962962962963
5 0.6588541666666667 0.6462962962962963 0.03020833333333333 0.1685185185185185
0 0.8015625 0.5398148148148147 0.02708333333333333 0.09259259259259259
5 0.715625 0.4898148148148148 0.029166666666666664 0.07592592592592592
0 0.7565104166666666 0.6912037037037037 0.0421875 0.1861111111111111
0 0.7817708333333333 0.6532407407407407 0.041666666666666664 0.16574074074074072
0 0.6481770833333333 0.6754629629629629 0.04010416666666666 0.18425925925925926
0 0.57421875 0.6777777777777778 0.04114583333333333 0.18148148148148147
0 0.7552083333333333 0.6282407407407407 0.03854166666666666 0.16574074074074072
0 0.409375 0.5018518518518518 0.02395833333333333 0.09814814814814814
0 0.43229166666666663 0.4805555555555555 0.026041666666666664 0.11111111111111112
0 0.42447916666666663 0.5259259259259259 0.025 0.12407407407407407
0 0.44453125 0.5152777777777777 0.0296875 0.12314814814814815
0 0.4565104166666666 0.4884259259259259 0.027604166666666662 0.11203703703703702
0 0.4940104166666666 0.4875 0.0265625 0.12129629629629628
0 0.4744791666666667 0.5069444444444444 0.03333333333333333 0.11944444444444444
0 0.4369791666666666 0.5837962962962963 0.035416666666666666 0.16203703703703703
5 0.6348958333333333 0.611111111111111 0.029166666666666664 0.14814814814814814
0 0.4747395833333333 0.5893518518518518 0.0328125 0.15462962962962962
0 0.49765625 0.5907407407407407 0.03177083333333333 0.14259259259259258
0 0.5197916666666667 0.5652777777777777 0.034375 0.13425925925925924
0 0.5502604166666667 0.5606481481481482 0.03177083333333333 0.12685185185185183
0 0.5447916666666666 0.5518518518518518 0.028125 0.11851851851851851
0 0.5067708333333333 0.612037037037037 0.04375 0.15185185185185185
0 0.5335937499999999 0.6287037037037038 0.027604166666666662 0.11481481481481481
0 0.5453124999999999 0.6337962962962963 0.03854166666666666 0.17685185185185184
0 0.5348958333333333 0.6759259259259258 0.03854166666666666 0.1925925925925926
0 0.5817708333333333 0.5601851851851851 0.03020833333333333 0.14074074074074075
0 0.5960937499999999 0.6 0.033854166666666664 0.1685185185185185
0 0.5895833333333333 0.6462962962962963 0.03854166666666666 0.15185185185185185
0 0.9755208333333332 0.8310185185185185 0.046875 0.1935185185185185
5 0.7002604166666666 0.5050925925925925 0.0234375 0.06574074074074074
0 0.6546875 0.4652777777777778 0.028125 0.08981481481481482
0 0.6739583333333333 0.46574074074074073 0.03333333333333333 0.0962962962962963
5 0.7651041666666666 0.5273148148148148 0.03125 0.08796296296296295
5 0.5604166666666667 0.47453703703703703 0.02395833333333333 0.11018518518518519
