0 0.28671874999999997 0.6574074074074073 0.05052083333333333 0.1925925925925926
0 0.34375 0.6578703703703703 0.04375 0.2009259259259259
0 0.4343749999999999 0.6555555555555556 0.041666666666666664 0.1685185185185185
0 0.18072916666666666 0.9638888888888888 0.059375 0.07222222222222222
0 0.53125 0.6101851851851852 0.03645833333333333 0.17962962962962964
0 0.5630208333333333 0.610648148148148 0.034375 0.175
5 0.6541666666666666 0.6222222222222222 0.028125 0.1685185185185185
0 0.7901041666666667 0.5087962962962963 0.02395833333333333 0.09351851851851851
5 0.7124999999999999 0.46990740740740744 0.026041666666666664 0.07685185185185185
0 0.6213541666666667 0.6324074074074073 0.0375 0.17222222222222222
0 0.7263020833333333 0.8782407407407407 0.056770833333333326 0.24166666666666664
0 0.6768229166666667 0.8796296296296295 0.06302083333333333 0.24074074074074076
0 0.46328125 0.5685185185185185 0.0234375 0.11296296296296296
0 0.49375 0.5537037037037036 0.03125 0.14629629629629629
0 0.4583333333333333 0.6 0.03020833333333333 0.14444444444444443
0 0.5674479166666667 0.5833333333333333 0.034895833333333334 0.14259259259259258
0 0.5213541666666666 0.5555555555555556 0.026041666666666664 0.13518518518518519
0 0.5421874999999999 0.5560185185185185 0.03229166666666666 0.14537037037037037
0 0.5947916666666666 0.5833333333333333 0.03125 0.14814814814814814
0 0.7752604166666666 0.7055555555555555 0.0515625 0.20555555555555555
5 0.63515625 0.5921296296296296 0.0296875 0.14351851851851852
0 0.7817708333333333 0.6976851851851851 0.041666666666666664 0.19166666666666665
0 0.8091145833333332 0.6958333333333332 0.04427083333333333 0.18425925925925926
0 0.6921875 0.674074074074074 0.041666666666666664 0.18148148148148147
0 0.7869791666666666 0.6587962962962963 0.041666666666666664 0.16759259259259257
0 0.8091145833333332 0.6587962962962963 0.03177083333333333 0.16759259259259257
0 0.8752604166666667 0.7222222222222221 0.0578125 0.18703703703703703
0 0.8989583333333332 0.7342592592592593 0.0375 0.14444444444444443
0 0.5986979166666667 0.874074074074074 0.056770833333333326 0.2518518518518518
0 0.8359375 0.6523148148148148 0.041666666666666664 0.17314814814814813
0 0.9721354166666666 0.7013888888888888 0.04114583333333333 0.2009259259259259
0 0.10651041666666665 0.8773148148148147 0.06510416666666666 0.24537037037037038
0 0.1661458333333333 0.8898148148148147 0.055208333333333325 0.22222222222222224
0 0.10182291666666665 0.9314814814814815 0.0546875 0.1388888888888889
0 0.19635416666666666 0.8041666666666666 0.05 0.20462962962962963
0 0.28541666666666665 0.825 0.07083333333333333 0.22037037037037038
0 0.6533854166666666 0.7208333333333333 0.04010416666666666 0.1935185185185185
0 0.82421875 0.7430555555555556 0.06302083333333333 0.2064814814814815
0 0.7346354166666667 0.7337962962962963 0.0453125 0.21203703703703702
0 0.7380208333333333 0.7324074074074074 0.03645833333333333 0.18518518518518517
0 0.7734375 0.7319444444444445 0.046875 0.17685185185185184
0 0.8572916666666666 0.7671296296296296 0.042708333333333334 0.1324074074074074
0 0.9453125 0.7675925925925926 0.04791666666666666 0.1685185185185185
0 0.9570312499999998 0.7537037037037037 0.04427083333333333 0.20925925925925926
0 0.5401041666666666 0.5041666666666667 0.028125 0.10648148148148147
0 0.5088541666666666 0.500462962962963 0.03125 0.12685185185185183
0 0.42734375 0.500925925925926 0.0296875 0.1259259259259259
0 0.7833333333333333 0.5731481481481481 0.03229166666666666 0.14074074074074075
0 0.4765624999999999 0.48703703703703694 0.022916666666666665 0.09074074074074073
0 0.4546874999999999 0.4833333333333333 0.026041666666666664 0.10185185185185183
0 0.4125 0.47407407407407404 0.029166666666666664 0.11296296296296296
0 0.3903645833333333 0.47175925925925927 0.0265625 0.11203703703703702
0 0.465625 0.4726851851851851 0.025 0.10462962962962963
5 0.696875 0.4819444444444444 0.02395833333333333 0.06574074074074074
0 0.7494791666666666 0.42777777777777776 0.01875 0.07407407407407407
0 0.7546875 0.42824074074074076 0.02708333333333333 0.0824074074074074
5 0.7604166666666667 0.5106481481481481 0.03020833333333333 0.08796296296296295
5 0.5533854166666666 0.45324074074074067 0.0265625 0.11574074074074074
