0 0.24791666666666665 0.7425925925925926 0.05833333333333333 0.2185185185185185
0 0.3143229166666667 0.750462962962963 0.05052083333333333 0.2324074074074074
0 0.3677083333333333 0.724537037037037 0.03958333333333333 0.19907407407407407
0 0.30104166666666665 0.8921296296296296 0.0625 0.21574074074074073
0 0.36249999999999993 0.8967592592592591 0.06145833333333332 0.2064814814814815
0 0.6065104166666666 0.6560185185185186 0.043229166666666666 0.1935185185185185
0 0.61796875 0.6523148148148148 0.0390625 0.18055555555555552
5 0.6489583333333333 0.6314814814814815 0.028125 0.1685185185185185
0 0.7919270833333333 0.5296296296296296 0.025520833333333333 0.09259259259259259
5 0.7088541666666666 0.4837962962962963 0.026041666666666664 0.07685185185185185
0 0.62890625 0.6532407407407408 0.0328125 0.1824074074074074
0 0.8903645833333332 0.7138888888888888 0.0546875 0.18888888888888888
0 0.74609375 0.774537037037037 0.0421875 0.22129629629629627
0 0.7015624999999999 0.7800925925925926 0.04791666666666666 0.21944444444444441
0 0.8718749999999998 0.6990740740740741 0.04895833333333333 0.1925925925925926
0 0.4502604166666666 0.5402777777777776 0.0234375 0.11018518518518519
0 0.47421875 0.5300925925925926 0.03177083333333333 0.1361111111111111
0 0.4294270833333333 0.5675925925925925 0.028645833333333332 0.13333333333333333
0 0.4997395833333333 0.5555555555555556 0.03177083333333333 0.13518518518518519
0 0.50078125 0.5328703703703704 0.025520833333333333 0.12129629629629628
0 0.53984375 0.5328703703703703 0.03177083333333333 0.1324074074074074
0 0.5317708333333333 0.5555555555555556 0.03020833333333333 0.12962962962962962
0 0.5263020833333333 0.6634259259259259 0.0515625 0.19166666666666665
5 0.6286458333333333 0.6060185185185185 0.029166666666666664 0.14351851851851852
0 0.5375 0.6648148148148147 0.03645833333333333 0.18703703703703703
0 0.56640625 0.6611111111111111 0.0359375 0.17407407407407408
0 0.5471354166666667 0.6305555555555555 0.03177083333333333 0.1611111111111111
0 0.6442708333333333 0.6222222222222222 0.03645833333333333 0.15740740740740738
0 0.6489583333333333 0.6175925925925926 0.03125 0.15185185185185185
0 0.6049479166666666 0.6949074074074073 0.04635416666666666 0.17314814814814813
0 0.6372395833333333 0.7050925925925926 0.034895833333333334 0.13425925925925924
0 0.7252604166666667 0.7069444444444445 0.05052083333333333 0.20277777777777778
0 0.6515625 0.7768518518518518 0.046875 0.22407407407407404
0 0.7200520833333333 0.610648148148148 0.0296875 0.14351851851851852
0 0.7736979166666667 0.6550925925925926 0.0453125 0.17129629629629628
0 0.78125 0.7157407407407408 0.053125 0.1759259259259259
0 0.023958333333333335 0.9300925925925926 0.046875 0.14166666666666666
0 0.051041666666666666 0.9481481481481481 0.05833333333333333 0.10555555555555556
0 0.4692708333333333 0.825925925925926 0.059375 0.20370370370370366
0 0.6455729166666666 0.8212962962962962 0.0734375 0.2148148148148148
0 0.9338541666666667 0.7972222222222222 0.06458333333333333 0.20925925925925926
0 0.47135416666666663 0.4884259259259259 0.03125 0.10462962962962963
0 0.4437499999999999 0.4810185185185185 0.03229166666666666 0.12314814814814815
5 0.6932291666666667 0.49120370370370364 0.02395833333333333 0.06574074074074074
0 0.7234375 0.45138888888888884 0.025 0.08796296296296295
0 0.7453125 0.4458333333333333 0.03020833333333333 0.08981481481481482
5 0.7526041666666667 0.5217592592592593 0.03020833333333333 0.08796296296296295
5 0.5401041666666667 0.46712962962962956 0.02395833333333333 0.11018518518518519
