0 0.5776041666666667 0.663888888888889 0.03333333333333333 0.19629629629629627
0 0.6018229166666667 0.6740740740740739 0.03802083333333333 0.1907407407407407
5 0.6645833333333333 0.6467592592592593 0.03229166666666666 0.17685185185185184
0 0.7455729166666666 0.5175925925925926 0.024479166666666666 0.0962962962962963
5 0.7479166666666666 0.4810185185185185 0.025 0.07685185185185185
0 0.6114583333333333 0.6462962962962963 0.03229166666666666 0.17407407407407408
0 0.5109375 0.674537037037037 0.02708333333333333 0.15277777777777776
0 0.5572916666666666 0.6578703703703703 0.035416666666666666 0.18055555555555552
0 0.6854166666666666 0.7027777777777777 0.040625 0.17222222222222222
0 0.8528645833333333 0.6800925925925926 0.03802083333333333 0.16759259259259257
0 0.8333333333333333 0.6592592592592592 0.03020833333333333 0.15185185185185185
0 0.8401041666666667 0.6476851851851851 0.03958333333333333 0.16759259259259257
0 0.8854166666666666 0.6819444444444445 0.0375 0.17685185185185184
5 0.665625 0.6050925925925925 0.02708333333333333 0.14351851851851852
0 0.27578125 0.7486111111111111 0.0453125 0.21018518518518517
0 0.3143229166666667 0.7597222222222222 0.0421875 0.20462962962962963
0 0.3098958333333333 0.798148148148148 0.05208333333333333 0.20370370370370366
0 0.19973958333333333 0.7694444444444444 0.04427083333333333 0.1925925925925926
0 0.128125 0.9143518518518517 0.06458333333333333 0.17129629629629628
0 0.4494791666666667 0.6277777777777778 0.03333333333333333 0.1611111111111111
0 0.7692708333333333 0.6578703703703704 0.034375 0.18425925925925926
0 0.6361979166666666 0.7263888888888889 0.04010416666666666 0.20462962962962963
0 0.6721354166666667 0.7370370370370369 0.04427083333333333 0.18518518518518517
0 0.4291666666666667 0.6509259259259259 0.03958333333333333 0.14629629629629629
0 0.79140625 0.6912037037037037 0.0296875 0.11759259259259258
0 0.7838541666666666 0.6837962962962962 0.035416666666666666 0.14907407407407408
0 0.8229166666666666 0.7106481481481481 0.04583333333333333 0.2009259259259259
0 0.8419270833333334 0.711111111111111 0.043229166666666666 0.20185185185185187
0 0.8674479166666667 0.7425925925925926 0.058854166666666666 0.20555555555555555
0 0.80625 0.6773148148148147 0.0375 0.1787037037037037
0 0.9143229166666667 0.7462962962962962 0.0484375 0.1907407407407407
0 0.6388020833333333 0.5930555555555556 0.03177083333333333 0.1324074074074074
0 0.6151041666666666 0.5884259259259259 0.03854166666666666 0.1509259259259259
0 0.47135416666666663 0.5976851851851851 0.034375 0.16018518518518518
0 0.4786458333333333 0.5773148148148148 0.04479166666666666 0.15648148148148147
0 0.5796875 0.5555555555555555 0.02708333333333333 0.1037037037037037
0 0.5442708333333333 0.5523148148148148 0.03020833333333333 0.12685185185185183
0 0.5177083333333333 0.5305555555555556 0.03229166666666666 0.12777777777777777
0 0.46015625 0.5361111111111111 0.03177083333333333 0.11851851851851851
0 0.4174479166666667 0.5347222222222222 0.025520833333333333 0.12685185185185183
0 0.5557291666666666 0.5152777777777777 0.028125 0.11574074074074074
0 0.5289062499999999 0.5125 0.024479166666666666 0.11574074074074074
0 0.51015625 0.5111111111111111 0.025520833333333333 0.12962962962962962
0 0.4901041666666666 0.513425925925926 0.026041666666666664 0.12129629629629628
0 0.43125 0.5050925925925925 0.028125 0.11574074074074074
0 0.5231770833333333 0.4888888888888888 0.027604166666666662 0.1074074074074074
0 0.4533854166666666 0.4851851851851852 0.0265625 0.12037037037037038
0 0.4307291666666667 0.4643518518518518 0.020833333333333332 0.09907407407407406
0 0.5427083333333333 0.5342592592592592 0.021875 0.1074074074074074
5 0.7296875 0.49120370370370364 0.02395833333333333 0.06574074074074074
0 0.4997395833333333 0.48703703703703705 0.025520833333333333 0.12407407407407407
0 0.7723958333333333 0.44259259259259254 0.019791666666666666 0.07407407407407407
0 0.7822916666666667 0.4393518518518518 0.02708333333333333 0.0824074074074074
5 0.7921875 0.5208333333333333 0.03020833333333333 0.08796296296296295
5 0.5874999999999999 0.4662037037037036 0.026041666666666664 0.11018518518518519
