0 0.5674479166666667 0.6754629629629629 0.03802083333333333 0.19907407407407407
0 0.5914062499999999 0.6856481481481481 0.04010416666666666 0.19722222222222222
5 0.6557291666666667 0.6458333333333333 0.03333333333333333 0.17685185185185184
0 0.7463541666666667 0.5185185185185185 0.02395833333333333 0.0962962962962963
5 0.75078125 0.47824074074074074 0.025520833333333333 0.07685185185185185
0 0.59453125 0.65 0.0390625 0.17407407407407408
0 0.5223958333333333 0.6851851851851851 0.02708333333333333 0.15
0 0.58828125 0.6638888888888889 0.05364583333333332 0.18148148148148147
0 0.7122395833333333 0.7078703703703704 0.03697916666666666 0.17685185185185184
0 0.8661458333333332 0.6893518518518518 0.0375 0.175
0 0.8671874999999998 0.6583333333333333 0.03020833333333333 0.15185185185185185
0 0.85625 0.6532407407407407 0.03854166666666666 0.16759259259259257
0 0.8973958333333332 0.6870370370370369 0.0375 0.18518518518518517
5 0.6692708333333333 0.6041666666666666 0.02708333333333333 0.14351851851851852
0 0.2875 0.7449074074074074 0.04479166666666666 0.21018518518518517
0 0.32369791666666664 0.7476851851851851 0.0421875 0.19166666666666665
0 0.32447916666666665 0.7907407407407407 0.05208333333333333 0.20185185185185187
0 0.21119791666666665 0.7657407407407406 0.04427083333333333 0.1925925925925926
0 0.09583333333333333 0.9273148148148147 0.06458333333333333 0.1472222222222222
0 0.4476562499999999 0.6208333333333333 0.033854166666666664 0.16018518518518518
0 0.7601562499999999 0.6453703703703704 0.033854166666666664 0.18148148148148147
0 0.6596354166666666 0.7254629629629629 0.05260416666666666 0.20462962962962963
0 0.6872395833333333 0.7407407407407407 0.04010416666666666 0.18703703703703703
0 0.4067708333333333 0.6453703703703704 0.042708333333333334 0.14814814814814814
0 0.79375 0.6824074074074074 0.03020833333333333 0.11851851851851851
0 0.7890624999999999 0.6712962962962963 0.035416666666666666 0.14444444444444443
0 0.8359375 0.7032407407407407 0.046875 0.2009259259259259
0 0.8388020833333332 0.7023148148148147 0.04114583333333333 0.20277777777777778
0 0.8291666666666666 0.7217592592592592 0.053125 0.2064814814814815
0 0.8135416666666666 0.6662037037037036 0.03645833333333333 0.1787037037037037
0 0.8776041666666666 0.7310185185185185 0.04375 0.18796296296296294
0 0.6536458333333333 0.5981481481481482 0.03229166666666666 0.13333333333333333
0 0.6354166666666666 0.5967592592592592 0.03854166666666666 0.16018518518518518
0 0.4783854166666667 0.611111111111111 0.034895833333333334 0.1611111111111111
0 0.440625 0.5763888888888888 0.04375 0.15648148148148147
0 0.5833333333333333 0.5629629629629629 0.02708333333333333 0.1037037037037037
0 0.546875 0.5587962962962962 0.03020833333333333 0.12685185185185183
0 0.5153645833333333 0.5365740740740741 0.03177083333333333 0.1287037037037037
0 0.4591145833333333 0.5444444444444445 0.0328125 0.12037037037037038
0 0.4229166666666666 0.5412037037037037 0.025 0.12685185185185183
0 0.5640625 0.5208333333333334 0.028125 0.11574074074074074
0 0.534375 0.5199074074074075 0.028125 0.12129629629629628
0 0.5166666666666666 0.5129629629629628 0.026041666666666664 0.12962962962962962
0 0.4942708333333333 0.5203703703703704 0.026041666666666664 0.12037037037037038
0 0.428125 0.513425925925926 0.028125 0.11574074074074074
0 0.5372395833333333 0.49537037037037035 0.027604166666666662 0.1074074074074074
0 0.4598958333333333 0.49398148148148147 0.03020833333333333 0.12129629629629628
0 0.45234374999999993 0.47546296296296287 0.021354166666666667 0.09907407407407406
0 0.4437499999999999 0.4837962962962963 0.026041666666666664 0.10462962962962963
0 0.5440104166666666 0.5425925925925925 0.021354166666666667 0.1074074074074074
5 0.7286458333333333 0.48749999999999993 0.02395833333333333 0.06574074074074074
0 0.5187499999999999 0.49537037037037035 0.026041666666666664 0.12407407407407407
0 0.77421875 0.4416666666666666 0.01927083333333333 0.07407407407407407
0 0.7869791666666667 0.4412037037037037 0.02708333333333333 0.0824074074074074
5 0.7908854166666666 0.5180555555555555 0.0296875 0.08796296296296295
5 0.5859374999999999 0.4643518518518518 0.026041666666666664 0.11018518518518519
