0 0.5747395833333333 0.6532407407407408 0.033854166666666664 0.18981481481481483
0 0.60703125 0.6574074074074074 0.034895833333333334 0.18333333333333332
5 0.6669270833333333 0.6476851851851853 0.03072916666666666 0.17685185185185184
0 0.7424479166666667 0.5194444444444445 0.0234375 0.0962962962962963
5 0.7427083333333333 0.48194444444444445 0.025 0.07685185185185185
0 0.6234374999999999 0.6462962962962963 0.03229166666666666 0.1759259259259259
0 0.4997395833333333 0.6638888888888889 0.027604166666666662 0.14444444444444443
0 0.5346354166666666 0.6476851851851851 0.0359375 0.175
0 0.6479166666666666 0.6907407407407407 0.041666666666666664 0.16666666666666666
0 0.8296875 0.6689814814814814 0.03854166666666666 0.16203703703703703
0 0.7776041666666667 0.6467592592592593 0.03020833333333333 0.1509259259259259
0 0.8010416666666667 0.6458333333333333 0.03958333333333333 0.16759259259259257
0 0.8625 0.6712962962962963 0.0375 0.17037037037037037
5 0.6617187499999999 0.6041666666666666 0.027604166666666662 0.14351851851851852
0 0.2645833333333333 0.763425925925926 0.04583333333333333 0.21574074074074073
0 0.30338541666666663 0.7726851851851851 0.0421875 0.20277777777777778
0 0.29453125 0.8208333333333332 0.0546875 0.22129629629629627
0 0.17760416666666665 0.7828703703703703 0.04375 0.2009259259259259
0 0.14296875 0.899074074074074 0.0640625 0.20185185185185187
0 0.4526041666666666 0.6439814814814814 0.034375 0.16759259259259257
0 0.7773437499999999 0.6648148148148147 0.033854166666666664 0.18518518518518517
0 0.6216145833333333 0.7254629629629629 0.04010416666666666 0.20462962962962963
0 0.6596354166666666 0.7393518518518517 0.0390625 0.18425925925925926
0 0.46171875 0.6634259259259259 0.0421875 0.15648148148148147
0 0.7916666666666667 0.7023148148148148 0.03020833333333333 0.11759259259259258
0 0.7846354166666666 0.6949074074074073 0.0359375 0.15462962962962962
0 0.8190104166666666 0.7277777777777777 0.04635416666666666 0.20555555555555555
0 0.85625 0.7282407407407407 0.04375 0.2009259259259259
0 0.91484375 0.7611111111111111 0.0546875 0.2148148148148148
0 0.8052083333333332 0.687037037037037 0.0375 0.17962962962962964
0 0.9562499999999998 0.7625 0.04895833333333333 0.1935185185185185
0 0.6263020833333333 0.5907407407407408 0.03177083333333333 0.13148148148148148
0 0.5973958333333333 0.5805555555555555 0.03854166666666666 0.14629629629629629
0 0.4632812499999999 0.5847222222222221 0.033854166666666664 0.14907407407407408
0 0.5088541666666666 0.5837962962962963 0.04479166666666666 0.15648148148148147
0 0.5669270833333333 0.548148148148148 0.025520833333333333 0.1037037037037037
0 0.540625 0.5467592592592593 0.03020833333333333 0.12685185185185183
0 0.51015625 0.5268518518518518 0.03177083333333333 0.12037037037037038
0 0.45703125 0.5342592592592592 0.03177083333333333 0.11851851851851851
0 0.4151041666666666 0.5273148148148147 0.026041666666666664 0.12129629629629628
0 0.5424479166666666 0.513425925925926 0.027604166666666662 0.11574074074074074
0 0.51875 0.5074074074074073 0.02395833333333333 0.11296296296296296
0 0.4999999999999999 0.5064814814814814 0.026041666666666664 0.12962962962962962
0 0.4807291666666666 0.5101851851851852 0.026041666666666664 0.12037037037037038
0 0.428125 0.5032407407407407 0.028125 0.11574074074074074
0 0.5036458333333333 0.48611111111111105 0.026041666666666664 0.1074074074074074
0 0.4369791666666667 0.4768518518518519 0.02395833333333333 0.11481481481481481
0 0.5369791666666666 0.5296296296296296 0.021875 0.1074074074074074
5 0.7234375 0.49120370370370364 0.02395833333333333 0.06574074074074074
0 0.4809895833333333 0.4851851851851851 0.025520833333333333 0.12407407407407407
0 0.7697916666666667 0.44351851851851853 0.019791666666666666 0.07407407407407407
0 0.7776041666666667 0.4384259259259259 0.02708333333333333 0.0824074074074074
5 0.7885416666666667 0.524537037037037 0.03020833333333333 0.08796296296296295
5 0.5841145833333333 0.4662037037037036 0.025520833333333333 0.11018518518518519
