0 0.26588541666666665 0.6277777777777778 0.04635416666666666 0.17962962962962964
0 0.3263020833333333 0.6310185185185184 0.0421875 0.19166666666666665
0 0.37109375 0.6476851851851851 0.0359375 0.16759259259259257
0 0.5343749999999999 0.6231481481481481 0.035416666666666666 0.18518518518518517
0 0.559375 0.6208333333333333 0.03125 0.17685185185185184
5 0.6421875 0.6259259259259259 0.028125 0.1685185185185185
0 0.7505208333333333 0.513888888888889 0.02395833333333333 0.0962962962962963
5 0.7197916666666666 0.4708333333333333 0.026041666666666664 0.07685185185185185
0 0.6028645833333333 0.6351851851851851 0.0359375 0.17777777777777776
0 0.7057291666666666 0.9189814814814815 0.06041666666666666 0.1638888888888889
0 0.6382812499999999 0.9129629629629628 0.06822916666666666 0.17222222222222222
0 0.4651041666666667 0.5912037037037037 0.02395833333333333 0.11388888888888889
0 0.4911458333333333 0.5810185185185184 0.034375 0.16018518518518518
0 0.4768229166666666 0.6314814814814815 0.0328125 0.15925925925925927
0 0.6479166666666666 0.6083333333333332 0.034375 0.14629629629629629
0 0.53984375 0.5851851851851851 0.025520833333333333 0.13518518518518519
0 0.5919270833333333 0.5893518518518518 0.03697916666666666 0.16203703703703703
0 0.6736979166666667 0.6050925925925925 0.03177083333333333 0.14907407407407408
5 0.63828125 0.5949074074074073 0.0296875 0.14351851851851852
0 0.9377604166666667 0.7287037037037036 0.0484375 0.19814814814814813
0 0.8182291666666666 0.7138888888888888 0.051041666666666666 0.19444444444444445
0 0.8395833333333333 0.7050925925925926 0.051041666666666666 0.18981481481481483
0 0.84375 0.6949074074074073 0.034375 0.18796296296296294
0 0.5674479166666666 0.9115740740740741 0.0609375 0.1787037037037037
0 0.87890625 0.6962962962962963 0.0421875 0.18333333333333332
0 0.16171874999999997 0.8356481481481481 0.05572916666666666 0.2287037037037037
0 0.21484375 0.850925925925926 0.0546875 0.23518518518518516
0 0.15911458333333334 0.9037037037037037 0.0578125 0.19444444444444445
0 0.10416666666666666 0.8050925925925926 0.0375 0.2064814814814815
0 0.12005208333333332 0.826388888888889 0.05364583333333332 0.23055555555555554
0 0.5609375 0.6958333333333333 0.04375 0.18796296296296294
0 0.7432291666666667 0.711111111111111 0.04583333333333333 0.19814814814814813
0 0.6296875 0.7194444444444443 0.04791666666666666 0.19814814814814813
0 0.6466145833333333 0.7162037037037037 0.03697916666666666 0.1787037037037037
0 0.6625 0.7078703703703704 0.04583333333333333 0.16203703703703703
0 0.7713541666666666 0.7486111111111111 0.034375 0.1287037037037037
0 0.7859375 0.7638888888888888 0.0375 0.17407407407407408
0 0.8033854166666666 0.7351851851851852 0.04635416666666666 0.19629629629629627
0 0.5635416666666666 0.5282407407407408 0.028125 0.10648148148148147
0 0.53125 0.5208333333333333 0.034375 0.12685185185185183
0 0.4364583333333333 0.5249999999999999 0.03020833333333333 0.13518518518518519
0 0.6890625 0.5879629629629629 0.040625 0.1611111111111111
0 0.5109375 0.5060185185185185 0.02395833333333333 0.09907407407407406
0 0.4817708333333333 0.49722222222222223 0.03020833333333333 0.1074074074074074
0 0.4489583333333333 0.4893518518518519 0.029166666666666664 0.12129629629629628
0 0.42265625 0.48703703703703705 0.0296875 0.1074074074074074
0 0.40390625 0.4847222222222222 0.025520833333333333 0.11203703703703702
0 0.4453125 0.47175925925925916 0.02395833333333333 0.11018518518518519
0 0.41328125 0.4685185185185185 0.0234375 0.11296296296296296
0 0.4013020833333333 0.4643518518518518 0.02239583333333333 0.12314814814814815
0 0.4921875 0.4893518518518518 0.025 0.10462962962962963
5 0.70234375 0.4819444444444444 0.0234375 0.06574074074074074
0 0.7502604166666667 0.4333333333333333 0.01927083333333333 0.07407407407407407
0 0.7510416666666667 0.4300925925925926 0.02708333333333333 0.0824074074074074
5 0.7651041666666667 0.5152777777777777 0.03020833333333333 0.08796296296296295
5 0.5614583333333333 0.45092592592592595 0.028125 0.10925925925925925
