0 0.5796875 0.6587962962962963 0.03333333333333333 0.1935185185185185
0 0.6075520833333333 0.6652777777777777 0.0359375 0.1861111111111111
5 0.6666666666666666 0.6476851851851853 0.03125 0.17685185185185184
0 0.74375 0.5185185185185185 0.02395833333333333 0.0962962962962963
5 0.7453125 0.48194444444444445 0.025 0.07685185185185185
0 0.6182291666666666 0.6462962962962963 0.03229166666666666 0.1759259259259259
0 0.5057291666666667 0.6685185185185185 0.02708333333333333 0.15
0 0.5421874999999999 0.6523148148148148 0.035416666666666666 0.17685185185185184
0 0.6635416666666667 0.6949074074074073 0.03958333333333333 0.16759259259259257
0 0.8421875 0.674074074074074 0.03854166666666666 0.16296296296296295
0 0.8015625 0.6513888888888888 0.03020833333333333 0.1509259259259259
0 0.8203124999999998 0.648611111111111 0.03958333333333333 0.16759259259259257
0 0.8734375 0.6759259259259258 0.0375 0.17407407407407408
5 0.6635416666666667 0.6050925925925925 0.02708333333333333 0.14351851851851852
0 0.27031249999999996 0.7560185185185185 0.04583333333333333 0.21203703703703702
0 0.3091145833333333 0.7657407407407406 0.0421875 0.20370370370370366
0 0.3026041666666667 0.8101851851851851 0.053125 0.21296296296296294
0 0.19114583333333332 0.7763888888888888 0.04375 0.19907407407407407
0 0.1359375 0.9092592592592592 0.059375 0.18333333333333332
0 0.4515625 0.636574074074074 0.034375 0.16574074074074072
0 0.77421875 0.662037037037037 0.033854166666666664 0.18518518518518517
0 0.6278645833333333 0.7263888888888889 0.04010416666666666 0.20462962962962963
0 0.6658854166666666 0.7375 0.0421875 0.18425925925925926
0 0.4473958333333333 0.6560185185185186 0.040625 0.15648148148148147
0 0.79140625 0.6967592592592592 0.0296875 0.11759259259259258
0 0.7843749999999999 0.6902777777777777 0.035416666666666666 0.15277777777777776
0 0.8177083333333333 0.7203703703703703 0.04583333333333333 0.20185185185185187
0 0.8471354166666666 0.7208333333333333 0.04635416666666666 0.2009259259259259
0 0.8924479166666666 0.7527777777777777 0.05260416666666666 0.20925925925925926
0 0.8049479166666667 0.6833333333333333 0.03802083333333333 0.17962962962962964
0 0.9411458333333332 0.7564814814814814 0.046875 0.1925925925925926
0 0.6317708333333333 0.5912037037037037 0.03229166666666666 0.1324074074074074
0 0.6057291666666667 0.5833333333333333 0.03854166666666666 0.14629629629629629
0 0.465625 0.5902777777777778 0.034375 0.15648148148148147
0 0.4979166666666666 0.5800925925925926 0.04479166666666666 0.15648148148148147
0 0.5731770833333333 0.5499999999999999 0.025520833333333333 0.1037037037037037
0 0.54140625 0.548611111111111 0.0296875 0.12685185185185183
0 0.5135416666666666 0.5277777777777777 0.03229166666666666 0.1222222222222222
0 0.4591145833333333 0.5342592592592592 0.03177083333333333 0.11851851851851851
0 0.4161458333333333 0.5305555555555556 0.026041666666666664 0.12407407407407407
0 0.55 0.514351851851852 0.028125 0.11574074074074074
0 0.5236979166666667 0.5083333333333333 0.0234375 0.11296296296296296
0 0.5049479166666667 0.5092592592592593 0.025520833333333333 0.12962962962962962
0 0.4854166666666666 0.5115740740740741 0.026041666666666664 0.12129629629629628
0 0.4291666666666666 0.5050925925925925 0.028125 0.11574074074074074
0 0.51328125 0.4888888888888888 0.0265625 0.1074074074074074
0 0.4453125 0.4814814814814815 0.02395833333333333 0.12037037037037038
0 0.5395833333333333 0.5314814814814814 0.021875 0.1074074074074074
5 0.7265625 0.49120370370370364 0.02395833333333333 0.06574074074074074
0 0.48984375 0.4851851851851851 0.025520833333333333 0.12407407407407407
0 0.7713541666666666 0.44351851851851853 0.019791666666666666 0.07407407407407407
0 0.7796875 0.4384259259259259 0.02708333333333333 0.0824074074074074
5 0.790625 0.523611111111111 0.03020833333333333 0.08796296296296295
5 0.5859374999999999 0.4652777777777777 0.026041666666666664 0.11018518518518519
