0 0.28072916666666664 0.6398148148148147 0.046875 0.1907407407407407
0 0.3390625 0.6435185185185185 0.04375 0.19444444444444445
0 0.4067708333333333 0.6546296296296296 0.0375 0.17407407407407408
0 0.5317708333333333 0.6166666666666666 0.035416666666666666 0.18148148148148147
0 0.56015625 0.6143518518518518 0.0328125 0.17685185185185184
5 0.6497395833333333 0.6231481481481481 0.027604166666666662 0.1685185185185185
0 0.7739583333333333 0.5041666666666667 0.02395833333333333 0.09351851851851851
5 0.7166666666666666 0.46805555555555556 0.026041666666666664 0.07685185185185185
0 0.6135416666666667 0.6268518518518518 0.03854166666666666 0.1685185185185185
0 0.7197916666666666 0.899074074074074 0.059375 0.20185185185185187
0 0.6651041666666666 0.8962962962962961 0.06354166666666666 0.20925925925925926
0 0.46640625 0.5787037037037037 0.0234375 0.11296296296296296
0 0.4940104166666666 0.5685185185185184 0.0328125 0.1537037037037037
0 0.4692708333333333 0.6162037037037036 0.03020833333333333 0.15462962962962962
0 0.6078125 0.5990740740740741 0.03333333333333333 0.14629629629629629
0 0.52890625 0.5666666666666667 0.025520833333333333 0.13518518518518519
0 0.5690104166666667 0.5731481481481481 0.034895833333333334 0.15925925925925927
0 0.6317708333333333 0.5967592592592592 0.03125 0.14907407407407408
0 0.8638020833333334 0.7138888888888888 0.06822916666666666 0.2111111111111111
5 0.63828125 0.5921296296296296 0.0296875 0.14351851851851852
0 0.8661458333333332 0.7060185185185185 0.040625 0.19907407407407407
0 0.8885416666666666 0.7069444444444445 0.04583333333333333 0.19537037037037036
0 0.7645833333333333 0.6939814814814815 0.057291666666666664 0.18796296296296294
0 0.8127604166666667 0.6847222222222222 0.06510416666666666 0.18796296296296294
0 0.8260416666666666 0.673611111111111 0.03333333333333333 0.18425925925925926
0 0.9640624999999998 0.736111111111111 0.05833333333333333 0.18703703703703703
0 0.5903645833333333 0.8898148148148148 0.06302083333333333 0.2185185185185185
0 0.8635416666666667 0.6763888888888888 0.041666666666666664 0.17685185185185184
0 0.13697916666666665 0.8560185185185185 0.057291666666666664 0.24537037037037038
0 0.19270833333333331 0.8731481481481481 0.05416666666666666 0.24074074074074076
0 0.13619791666666664 0.9143518518518517 0.0546875 0.17314814814814813
0 0.13958333333333334 0.8060185185185185 0.051041666666666666 0.20462962962962963
0 0.18697916666666664 0.826851851851852 0.075 0.22407407407407404
0 0.6072916666666666 0.7129629629629629 0.040625 0.18703703703703703
0 0.7661458333333333 0.7259259259259259 0.05416666666666666 0.20370370370370366
0 0.6763020833333333 0.7236111111111111 0.049479166666666664 0.20462962962962963
0 0.6799479166666667 0.7199074074074073 0.03802083333333333 0.1787037037037037
0 0.7187499999999999 0.7180555555555556 0.041666666666666664 0.17129629629629628
0 0.7979166666666667 0.7574074074074073 0.042708333333333334 0.12962962962962962
0 0.8622395833333332 0.762962962962963 0.04739583333333333 0.1648148148148148
0 0.8682291666666666 0.7398148148148148 0.05208333333333333 0.19814814814814813
0 0.5552083333333333 0.5162037037037037 0.028125 0.10648148148148147
0 0.5244791666666666 0.5097222222222222 0.034375 0.12685185185185183
0 0.4325520833333333 0.5120370370370371 0.0296875 0.13518518518518519
0 0.7348958333333333 0.5828703703703704 0.040625 0.16018518518518518
0 0.49921875 0.4962962962962963 0.0234375 0.0962962962962963
0 0.4723958333333333 0.4851851851851852 0.03020833333333333 0.1074074074074074
0 0.44010416666666663 0.4805555555555555 0.029166666666666664 0.11296296296296296
0 0.4151041666666667 0.4805555555555555 0.03020833333333333 0.1074074074074074
0 0.4026041666666667 0.47916666666666663 0.02395833333333333 0.11018518518518519
0 0.4177083333333333 0.46712962962962956 0.02395833333333333 0.11018518518518519
0 0.4848958333333333 0.4837962962962963 0.025 0.10462962962962963
5 0.7015625 0.48009259259259257 0.02395833333333333 0.06574074074074074
0 0.7489583333333333 0.4296296296296296 0.01875 0.07407407407407407
0 0.7526041666666667 0.4291666666666666 0.02708333333333333 0.0824074074074074
5 0.7651041666666667 0.5106481481481481 0.03020833333333333 0.08796296296296295
5 0.5604166666666666 0.4481481481481481 0.028125 0.10925925925925925
