0 0.2458333333333333 0.7555555555555555 0.059375 0.22037037037037038
0 0.31015625 0.7629629629629628 0.049479166666666664 0.23148148148148148
0 0.36354166666666665 0.7393518518518518 0.041666666666666664 0.20462962962962963
0 0.3106770833333333 0.8875 0.0609375 0.22685185185185186
0 0.3708333333333333 0.8921296296296296 0.06145833333333332 0.21574074074074073
0 0.6197916666666666 0.6606481481481481 0.04479166666666666 0.1935185185185185
0 0.634375 0.6583333333333333 0.042708333333333334 0.18703703703703703
5 0.6526041666666667 0.6356481481481481 0.028125 0.16759259259259257
0 0.7934895833333333 0.5296296296296296 0.025520833333333333 0.09259259259259259
5 0.7098958333333333 0.4847222222222222 0.026041666666666664 0.07685185185185185
0 0.63515625 0.6537037037037037 0.0359375 0.18148148148148147
0 0.871875 0.7120370370370369 0.053125 0.1907407407407407
0 0.7526041666666666 0.7652777777777777 0.04479166666666666 0.22129629629629627
0 0.7028645833333333 0.7680555555555555 0.0484375 0.21574074074074073
0 0.8546875 0.6935185185185185 0.04479166666666666 0.18888888888888888
0 0.4489583333333333 0.5393518518518519 0.02395833333333333 0.11018518518518519
0 0.4747395833333333 0.5287037037037037 0.03177083333333333 0.13333333333333333
0 0.4294270833333333 0.5648148148148148 0.027604166666666662 0.13148148148148148
0 0.4971354166666667 0.5527777777777778 0.03177083333333333 0.13148148148148148
0 0.4994791666666666 0.5328703703703704 0.026041666666666664 0.12129629629629628
0 0.5440104166666667 0.5310185185185186 0.03177083333333333 0.13055555555555556
0 0.5270833333333333 0.549074074074074 0.03020833333333333 0.12962962962962962
0 0.5156249999999999 0.6569444444444443 0.04479166666666666 0.1861111111111111
5 0.6307291666666666 0.6069444444444444 0.029166666666666664 0.14351851851851852
0 0.5247395833333333 0.6597222222222222 0.0359375 0.17685185185185184
0 0.5606770833333333 0.6523148148148148 0.0359375 0.16944444444444445
0 0.5549479166666667 0.625 0.03177083333333333 0.15925925925925927
0 0.6265624999999999 0.6222222222222222 0.035416666666666666 0.15740740740740738
0 0.6338541666666666 0.6175925925925926 0.03125 0.15185185185185185
0 0.5859374999999999 0.6916666666666667 0.04479166666666666 0.17407407407407408
0 0.61796875 0.7041666666666666 0.0359375 0.13425925925925924
0 0.6989583333333333 0.7055555555555555 0.04583333333333333 0.19814814814814813
0 0.6541666666666666 0.7675925925925926 0.046875 0.22407407407407404
0 0.7052083333333333 0.6087962962962963 0.029166666666666664 0.14351851851851852
0 0.7661458333333333 0.6509259259259259 0.03958333333333333 0.1685185185185185
0 0.7606770833333333 0.7120370370370369 0.0484375 0.17222222222222222
0 0.021354166666666667 0.937962962962963 0.041666666666666664 0.1259259259259259
0 0.046875 0.9541666666666668 0.059375 0.09351851851851851
0 0.5091145833333333 0.826851851851852 0.05364583333333332 0.20370370370370366
0 0.6890624999999999 0.8175925925925925 0.05416666666666666 0.2185185185185185
0 0.9664062499999998 0.8060185185185185 0.04427083333333333 0.21018518518518517
0 0.4651041666666666 0.4893518518518518 0.03229166666666666 0.10462962962962963
0 0.4359374999999999 0.4810185185185185 0.03229166666666666 0.12314814814814815
5 0.6953125 0.49120370370370364 0.02395833333333333 0.06574074074074074
0 0.7221354166666667 0.4523148148148148 0.025520833333333333 0.08981481481481482
0 0.7421875 0.45046296296296295 0.03020833333333333 0.08981481481481482
5 0.7552083333333333 0.523611111111111 0.03020833333333333 0.08796296296296295
5 0.5442708333333333 0.4689814814814814 0.02395833333333333 0.11018518518518519
