0 0.2559895833333333 0.6203703703703703 0.04635416666666666 0.17962962962962964
0 0.31406249999999997 0.6208333333333333 0.03958333333333333 0.18796296296296294
0 0.34453124999999996 0.6453703703703704 0.03802083333333333 0.1685185185185185
0 0.5372395833333333 0.625 0.034895833333333334 0.18703703703703703
0 0.56953125 0.6259259259259259 0.03177083333333333 0.17962962962962964
5 0.640625 0.6287037037037038 0.028125 0.17037037037037037
0 0.7411458333333333 0.5157407407407407 0.02395833333333333 0.0962962962962963
5 0.7216145833333333 0.4736111111111111 0.025520833333333333 0.07685185185185185
0 0.60703125 0.6365740740740741 0.0359375 0.1787037037037037
0 0.6968749999999999 0.9310185185185185 0.06354166666666666 0.1398148148148148
0 0.62890625 0.9282407407407408 0.0703125 0.14351851851851852
0 0.4611979166666667 0.6087962962962963 0.025520833333333333 0.11759259259259258
0 0.49140624999999993 0.587962962962963 0.033854166666666664 0.15925925925925927
0 0.484375 0.6402777777777777 0.03645833333333333 0.16018518518518518
0 0.6770833333333333 0.6138888888888889 0.034375 0.14629629629629629
0 0.5645833333333333 0.5944444444444443 0.02708333333333333 0.137037037037037
0 0.6130208333333333 0.6 0.042708333333333334 0.16296296296296295
0 0.7049479166666667 0.6125 0.03177083333333333 0.14907407407407408
5 0.6390625 0.599537037037037 0.03020833333333333 0.14351851851851852
0 0.8505208333333332 0.7273148148148147 0.0375 0.20462962962962963
0 0.8752604166666667 0.7152777777777778 0.049479166666666664 0.19537037037037036
0 0.8598958333333332 0.7050925925925926 0.034375 0.18796296296296294
0 0.5549479166666667 0.9254629629629629 0.0609375 0.1509259259259259
0 0.8994791666666666 0.711574074074074 0.042708333333333334 0.18796296296296294
0 0.17734375 0.8268518518518517 0.0546875 0.23888888888888887
0 0.2255208333333333 0.837037037037037 0.053125 0.22592592592592592
0 0.17708333333333331 0.8949074074074073 0.0625 0.21203703703703702
0 0.10104166666666665 0.8069444444444445 0.0375 0.21018518518518517
0 0.10755208333333333 0.8296296296296296 0.04114583333333333 0.23888888888888887
0 0.5341145833333333 0.686574074074074 0.04010416666666666 0.18796296296296294
0 0.7479166666666666 0.700462962962963 0.04479166666666666 0.18981481481481483
0 0.61640625 0.7180555555555556 0.0421875 0.2009259259259259
0 0.6348958333333333 0.7203703703703703 0.03645833333333333 0.17962962962962964
0 0.6276041666666667 0.6995370370370371 0.03645833333333333 0.16203703703703703
0 0.775 0.7439814814814814 0.034375 0.1287037037037037
0 0.74609375 0.7509259259259259 0.04739583333333333 0.1685185185185185
0 0.7747395833333333 0.7324074074074074 0.04010416666666666 0.19629629629629627
0 0.5697916666666667 0.537962962962963 0.03020833333333333 0.10925925925925925
0 0.53984375 0.5314814814814814 0.0359375 0.1259259259259259
0 0.4416666666666667 0.5333333333333333 0.03020833333333333 0.13518518518518519
0 0.659375 0.5916666666666666 0.040625 0.16296296296296295
0 0.5192708333333333 0.5125 0.019791666666666666 0.09907407407407406
0 0.4901041666666667 0.5027777777777778 0.03020833333333333 0.1074074074074074
0 0.4572916666666666 0.4967592592592592 0.029166666666666664 0.12129629629629628
0 0.4255208333333333 0.49444444444444446 0.03020833333333333 0.11296296296296296
0 0.4046875 0.4935185185185185 0.026041666666666664 0.11296296296296296
0 0.4640625 0.475925925925926 0.025 0.10925925925925925
0 0.4346354166666666 0.47407407407407404 0.0234375 0.11296296296296296
0 0.4213541666666666 0.46990740740740733 0.021875 0.12314814814814815
0 0.4065104166666666 0.475925925925926 0.0234375 0.11296296296296296
0 0.4994791666666666 0.49490740740740735 0.025 0.10462962962962963
5 0.7028645833333333 0.48287037037037034 0.0234375 0.06574074074074074
0 0.7510416666666666 0.43611111111111106 0.019791666666666666 0.07407407407407407
0 0.7546875 0.43194444444444435 0.02708333333333333 0.0824074074074074
5 0.76796875 0.5152777777777777 0.0296875 0.08796296296296295
5 0.56328125 0.45740740740740743 0.0265625 0.10925925925925925
