0 0.22682291666666665 0.8486111111111111 0.06302083333333333 0.24907407407407406
0 0.2833333333333333 0.8546296296296296 0.05625 0.25555555555555554
0 0.3171875 0.8199074074074073 0.04791666666666666 0.21759259259259256
0 0.36484375 0.850462962962963 0.0546875 0.23425925925925925
0 0.4057291666666666 0.8532407407407406 0.05625 0.21574074074074073
0 0.7283854166666666 0.7208333333333333 0.04635416666666666 0.2009259259259259
0 0.7403645833333333 0.7148148148148147 0.0421875 0.19629629629629627
5 0.6658854166666666 0.673148148148148 0.0296875 0.1685185185185185
0 0.80703125 0.562037037037037 0.027604166666666662 0.09259259259259259
5 0.7221354166666666 0.512962962962963 0.0265625 0.07592592592592592
0 0.6781249999999999 0.7013888888888888 0.03854166666666666 0.1824074074074074
0 0.8309895833333334 0.7157407407407407 0.04010416666666666 0.18518518518518517
0 0.7369791666666666 0.7467592592592591 0.05 0.19722222222222222
0 0.66484375 0.7476851851851852 0.04427083333333333 0.19537037037037036
0 0.81171875 0.6972222222222222 0.04010416666666666 0.17407407407407408
0 0.4453125 0.548611111111111 0.02395833333333333 0.10648148148148147
0 0.47265625 0.5324074074074073 0.0296875 0.11666666666666665
0 0.4354166666666667 0.5745370370370371 0.02708333333333333 0.12314814814814815
0 0.4786458333333333 0.5657407407407407 0.03229166666666666 0.12407407407407407
0 0.4937499999999999 0.5361111111111111 0.026041666666666664 0.11296296296296296
0 0.5364583333333333 0.5430555555555555 0.03020833333333333 0.12314814814814815
0 0.50625 0.5592592592592591 0.03020833333333333 0.12962962962962962
0 0.4700520833333333 0.6504629629629629 0.0421875 0.17314814814814813
5 0.6486979166666667 0.6402777777777777 0.028645833333333332 0.14351851851851852
0 0.4908854166666667 0.6476851851851851 0.034895833333333334 0.16574074074074072
0 0.5265625 0.6425925925925926 0.034375 0.15185185185185185
0 0.55390625 0.625 0.03177083333333333 0.1388888888888889
0 0.5846354166666666 0.6208333333333333 0.033854166666666664 0.14537037037037037
0 0.5721354166666666 0.6087962962962963 0.027604166666666662 0.12685185185185183
0 0.5296875 0.6833333333333333 0.042708333333333334 0.16296296296296295
0 0.5630208333333333 0.6967592592592592 0.029166666666666664 0.1287037037037037
0 0.5950520833333333 0.7060185185185185 0.0390625 0.1935185185185185
0 0.6242187499999999 0.749537037037037 0.04010416666666666 0.20277777777777778
0 0.6109375 0.6148148148148147 0.03020833333333333 0.14074074074074075
0 0.6765625 0.662037037037037 0.034375 0.1685185185185185
0 0.64140625 0.7166666666666667 0.03697916666666666 0.1648148148148148
0 0.7627604166666666 0.8629629629629629 0.0421875 0.20370370370370366
0 0.9104166666666667 0.8388888888888889 0.053125 0.2111111111111111
0 0.40885416666666663 0.5074074074074073 0.026041666666666664 0.1037037037037037
5 0.7104166666666667 0.5300925925925926 0.02395833333333333 0.06574074074074074
0 0.6942708333333333 0.48703703703703694 0.026041666666666664 0.09074074074074073
0 0.7200520833333333 0.4828703703703704 0.0296875 0.08981481481481482
5 0.7692708333333333 0.5550925925925926 0.03125 0.08796296296296295
5 0.5627604166666667 0.5032407407407407 0.0234375 0.11018518518518519
