0 0.24270833333333336 0.7810185185185186 0.06354166666666666 0.23425925925925925
0 0.29843749999999997 0.7810185185185186 0.055208333333333325 0.22685185185185186
0 0.34713541666666664 0.7574074074074073 0.0421875 0.20555555555555555
0 0.3286458333333333 0.8763888888888889 0.06145833333333332 0.24907407407407406
0 0.3927083333333333 0.8722222222222221 0.05833333333333333 0.22962962962962963
0 0.66171875 0.6754629629629629 0.04427083333333333 0.19537037037037036
0 0.6658854166666666 0.6777777777777778 0.03697916666666666 0.19444444444444445
5 0.6598958333333333 0.6425925925925926 0.029166666666666664 0.1685185185185185
0 0.8036458333333332 0.5379629629629629 0.028125 0.09259259259259259
5 0.715625 0.4930555555555555 0.026041666666666664 0.07685185185185185
0 0.6455729166666667 0.6611111111111111 0.034895833333333334 0.18148148148148147
0 0.84375 0.7046296296296296 0.046875 0.18703703703703703
0 0.7627604166666666 0.7504629629629629 0.0453125 0.2064814814814815
0 0.7002604166666666 0.7560185185185185 0.04635416666666666 0.2064814814814815
0 0.8333333333333334 0.6902777777777777 0.041666666666666664 0.18425925925925926
0 0.446875 0.538425925925926 0.02395833333333333 0.10833333333333332
0 0.4755208333333333 0.5263888888888889 0.03125 0.12685185185185183
0 0.4328125 0.5634259259259259 0.02708333333333333 0.1287037037037037
0 0.4927083333333333 0.55 0.03125 0.12407407407407407
0 0.4999999999999999 0.5282407407407407 0.026041666666666664 0.12129629629629628
0 0.5450520833333333 0.5296296296296296 0.03177083333333333 0.1259259259259259
0 0.5208333333333333 0.5499999999999999 0.03020833333333333 0.12962962962962962
0 0.48984375 0.6476851851851853 0.04427083333333333 0.1824074074074074
5 0.6395833333333333 0.6162037037037036 0.029166666666666664 0.14351851851851852
0 0.5083333333333333 0.6472222222222221 0.03645833333333333 0.17407407407407408
0 0.5450520833333333 0.6425925925925926 0.033854166666666664 0.1611111111111111
0 0.56640625 0.6189814814814814 0.03177083333333333 0.15462962962962962
0 0.60078125 0.6185185185185185 0.034895833333333334 0.15740740740740738
0 0.6010416666666667 0.6041666666666666 0.03020833333333333 0.13796296296296295
0 0.55390625 0.6824074074074074 0.04427083333333333 0.1685185185185185
0 0.5830729166666667 0.6981481481481481 0.028645833333333332 0.12962962962962962
0 0.6546875 0.6981481481481481 0.040625 0.19444444444444445
0 0.6549479166666667 0.7532407407407407 0.04427083333333333 0.21759259259259256
0 0.6708333333333333 0.6050925925925925 0.029166666666666664 0.14351851851851852
0 0.734375 0.6504629629629629 0.0375 0.16759259259259257
0 0.7052083333333333 0.7092592592592591 0.04375 0.1611111111111111
0 0.015104166666666665 0.9458333333333332 0.029166666666666664 0.11018518518518519
0 0.051041666666666666 0.9652777777777777 0.04895833333333333 0.07129629629629629
0 0.6046874999999999 0.8351851851851851 0.051041666666666666 0.20370370370370366
0 0.7734374999999999 0.8171296296296295 0.05416666666666666 0.21388888888888888
0 0.4549479166666666 0.48657407407407405 0.03697916666666666 0.10462962962962963
0 0.4135416666666667 0.4833333333333334 0.03333333333333333 0.12777777777777777
5 0.7033854166666667 0.5060185185185184 0.0234375 0.06574074074074074
0 0.715625 0.4620370370370369 0.026041666666666664 0.09074074074074073
0 0.7356770833333333 0.4625 0.0296875 0.08981481481481482
5 0.7640625 0.5328703703703703 0.03125 0.08796296296296295
5 0.5552083333333333 0.47453703703703703 0.02395833333333333 0.11018518518518519
