0 0.5786458333333333 0.6574074074074073 0.03333333333333333 0.1925925925925926
0 0.6075520833333333 0.6634259259259259 0.0359375 0.1861111111111111
5 0.6666666666666666 0.6476851851851853 0.03125 0.17685185185185184
0 0.7434895833333333 0.5194444444444445 0.0234375 0.0962962962962963
5 0.7447916666666666 0.48194444444444445 0.025 0.07685185185185185
0 0.6192708333333333 0.6462962962962963 0.03229166666666666 0.1759259259259259
0 0.5041666666666667 0.6675925925925925 0.02708333333333333 0.14814814814814814
0 0.5401041666666666 0.6509259259259259 0.035416666666666666 0.1759259259259259
0 0.6596354166666666 0.6935185185185184 0.04010416666666666 0.16666666666666666
0 0.8390625 0.6726851851851852 0.03854166666666666 0.16203703703703703
0 0.7953125 0.649537037037037 0.03020833333333333 0.1509259259259259
0 0.815625 0.6476851851851851 0.03958333333333333 0.16759259259259257
0 0.8708333333333332 0.6749999999999999 0.0375 0.17407407407407408
5 0.6630208333333333 0.6050925925925925 0.02708333333333333 0.14351851851851852
0 0.26874999999999993 0.7574074074074073 0.04583333333333333 0.21296296296296294
0 0.30807291666666664 0.7675925925925926 0.0421875 0.20370370370370366
0 0.30104166666666665 0.813425925925926 0.053125 0.21759259259259256
0 0.19010416666666666 0.7782407407407408 0.04375 0.2009259259259259
0 0.13776041666666666 0.9064814814814814 0.0609375 0.18888888888888888
0 0.4520833333333333 0.6379629629629628 0.034375 0.16666666666666666
0 0.775 0.6629629629629629 0.034375 0.18518518518518517
0 0.6263020833333333 0.7254629629629629 0.04010416666666666 0.20462962962962963
0 0.6643229166666667 0.7379629629629629 0.04114583333333333 0.18518518518518517
0 0.45078125 0.6578703703703703 0.04114583333333333 0.15648148148148147
0 0.79140625 0.6976851851851851 0.0296875 0.11759259259259258
0 0.7846354166666666 0.6912037037037037 0.0359375 0.15277777777777776
0 0.8166666666666667 0.7222222222222222 0.04583333333333333 0.20185185185185187
0 0.8494791666666666 0.7226851851851851 0.04583333333333333 0.2009259259259259
0 0.8989583333333334 0.7550925925925925 0.051041666666666666 0.20833333333333331
0 0.8049479166666667 0.6842592592592591 0.03802083333333333 0.17962962962962964
0 0.9473958333333332 0.7597222222222222 0.05 0.1935185185185185
0 0.63046875 0.5912037037037037 0.03177083333333333 0.1324074074074074
0 0.6036458333333333 0.5824074074074075 0.03854166666666666 0.14629629629629629
0 0.4651041666666666 0.5893518518518518 0.034375 0.15462962962962962
0 0.5005208333333333 0.5810185185185185 0.04479166666666666 0.15648148148148147
0 0.5716145833333333 0.549074074074074 0.025520833333333333 0.1037037037037037
0 0.5408854166666666 0.5476851851851852 0.0296875 0.12685185185185183
0 0.5127604166666667 0.5273148148148147 0.03177083333333333 0.12129629629629628
0 0.45859375 0.5342592592592592 0.03177083333333333 0.11851851851851851
0 0.4158854166666667 0.5300925925925926 0.025520833333333333 0.12314814814814815
0 0.5479166666666666 0.514351851851852 0.028125 0.11574074074074074
0 0.5223958333333333 0.5083333333333333 0.02395833333333333 0.11296296296296296
0 0.50390625 0.5083333333333333 0.025520833333333333 0.12962962962962962
0 0.4843749999999999 0.5115740740740741 0.026041666666666664 0.12129629629629628
0 0.4291666666666666 0.5050925925925925 0.028125 0.11574074074074074
0 0.5114583333333333 0.4888888888888888 0.026041666666666664 0.1074074074074074
0 0.4432291666666667 0.4805555555555555 0.02395833333333333 0.12037037037037038
0 0.5385416666666666 0.5305555555555556 0.021875 0.1074074074074074
5 0.7255208333333333 0.49120370370370364 0.02395833333333333 0.06574074074074074
0 0.4877604166666667 0.4851851851851851 0.025520833333333333 0.12407407407407407
0 0.7708333333333333 0.44351851851851853 0.019791666666666666 0.07407407407407407
0 0.7791666666666667 0.4384259259259259 0.02708333333333333 0.0824074074074074
5 0.7901041666666667 0.524537037037037 0.03020833333333333 0.08796296296296295
5 0.5854166666666666 0.4652777777777777 0.026041666666666664 0.11018518518518519
