0 0.5791666666666667 0.6625 0.03333333333333333 0.19537037037037036
0 0.6046875 0.6717592592592593 0.0375 0.18981481481481483
5 0.66640625 0.6476851851851853 0.03177083333333333 0.17685185185185184
0 0.7453125 0.5185185185185185 0.02395833333333333 0.0962962962962963
5 0.7473958333333333 0.4810185185185185 0.025 0.07685185185185185
0 0.6135416666666667 0.6462962962962963 0.03229166666666666 0.17407407407407408
0 0.5109375 0.673148148148148 0.02708333333333333 0.1537037037037037
0 0.5526041666666666 0.6564814814814814 0.035416666666666666 0.17962962962962964
0 0.678125 0.6995370370370371 0.03958333333333333 0.16944444444444445
0 0.8505208333333334 0.6782407407407407 0.03854166666666666 0.16574074074074072
0 0.8249999999999998 0.6578703703703703 0.03020833333333333 0.1509259259259259
0 0.8343749999999999 0.6476851851851851 0.03958333333333333 0.16759259259259257
0 0.8817708333333332 0.6805555555555556 0.0375 0.1759259259259259
5 0.6651041666666667 0.6050925925925925 0.02708333333333333 0.14351851851851852
0 0.27421875 0.7504629629629629 0.0453125 0.21018518518518517
0 0.31276041666666665 0.7615740740740741 0.0421875 0.20462962962962963
0 0.30781249999999993 0.8009259259259259 0.05208333333333333 0.20370370370370366
0 0.19635416666666666 0.7712962962962963 0.04375 0.1925925925925926
0 0.13046875 0.9125 0.06302083333333333 0.175
0 0.4502604166666666 0.6300925925925925 0.033854166666666664 0.16203703703703703
0 0.7713541666666666 0.6601851851851851 0.034375 0.18518518518518517
0 0.63359375 0.7263888888888889 0.04010416666666666 0.20462962962962963
0 0.6716145833333333 0.736574074074074 0.04427083333333333 0.18425925925925926
0 0.4346354166666666 0.6523148148148148 0.04010416666666666 0.14907407407407408
0 0.79140625 0.6930555555555555 0.0296875 0.11759259259259258
0 0.7838541666666666 0.6861111111111111 0.035416666666666666 0.15
0 0.8213541666666666 0.7134259259259259 0.04583333333333333 0.2009259259259259
0 0.8434895833333332 0.7138888888888888 0.04427083333333333 0.20185185185185187
0 0.8734375 0.7458333333333332 0.057291666666666664 0.20833333333333331
0 0.8057291666666666 0.6787037037037036 0.0375 0.17962962962962964
0 0.9216145833333332 0.7486111111111111 0.04427083333333333 0.18981481481481483
0 0.63671875 0.5921296296296296 0.03177083333333333 0.1324074074074074
0 0.6124999999999999 0.586111111111111 0.03854166666666666 0.14814814814814814
0 0.4692708333333333 0.5958333333333333 0.034375 0.16018518518518518
0 0.4859374999999999 0.5773148148148148 0.04479166666666666 0.15648148148148147
0 0.5778645833333333 0.5537037037037036 0.0265625 0.1037037037037037
0 0.5432291666666667 0.5513888888888889 0.03020833333333333 0.12685185185185183
0 0.51640625 0.5296296296296296 0.03177083333333333 0.1259259259259259
0 0.46015625 0.5351851851851851 0.03177083333333333 0.11851851851851851
0 0.4169270833333333 0.5333333333333333 0.025520833333333333 0.1259259259259259
0 0.5546875 0.5152777777777777 0.028125 0.11574074074074074
0 0.5278645833333333 0.5106481481481482 0.0234375 0.11388888888888889
0 0.50859375 0.5101851851851851 0.025520833333333333 0.12962962962962962
0 0.4885416666666666 0.5125 0.026041666666666664 0.12129629629629628
0 0.4307291666666666 0.5050925925925925 0.028125 0.11574074074074074
0 0.5200520833333333 0.4888888888888888 0.027604166666666662 0.1074074074074074
0 0.4510416666666666 0.4842592592592593 0.025 0.12037037037037038
0 0.42578125 0.4652777777777778 0.0203125 0.09907407407407406
0 0.5416666666666666 0.5333333333333333 0.021875 0.1074074074074074
5 0.7286458333333333 0.49120370370370364 0.02395833333333333 0.06574074074074074
0 0.4966145833333333 0.48703703703703705 0.025520833333333333 0.12407407407407407
0 0.7718749999999999 0.44351851851851853 0.019791666666666666 0.07407407407407407
0 0.7817708333333333 0.4393518518518518 0.02708333333333333 0.0824074074074074
5 0.7916666666666667 0.5217592592592593 0.03020833333333333 0.08796296296296295
5 0.5872395833333333 0.4652777777777777 0.025520833333333333 0.11018518518518519
