0 0.2450520833333333 0.775462962962963 0.06302083333333333 0.23425925925925925
0 0.29791666666666666 0.7763888888888888 0.05416666666666666 0.2324074074074074
0 0.3494791666666667 0.7541666666666667 0.041666666666666664 0.20462962962962963
0 0.32447916666666665 0.8796296296296295 0.06145833333333332 0.24259259259259255
0 0.38723958333333336 0.8810185185185183 0.058854166666666666 0.23055555555555554
0 0.6518229166666667 0.6717592592592593 0.04427083333333333 0.19537037037037036
0 0.65625 0.6708333333333333 0.0375 0.1935185185185185
5 0.6578125 0.6402777777777777 0.028125 0.16759259259259257
0 0.80078125 0.5351851851851851 0.027604166666666662 0.09259259259259259
5 0.7135416666666666 0.4898148148148148 0.026041666666666664 0.07592592592592592
0 0.6437499999999999 0.6564814814814814 0.035416666666666666 0.18148148148148147
0 0.8505208333333334 0.7069444444444445 0.04791666666666666 0.18981481481481483
0 0.7572916666666666 0.7513888888888888 0.04375 0.20833333333333331
0 0.7033854166666667 0.7583333333333333 0.0484375 0.2074074074074074
0 0.8356770833333332 0.6912037037037037 0.0421875 0.18425925925925926
0 0.446875 0.538888888888889 0.02395833333333333 0.10925925925925925
0 0.475 0.5263888888888888 0.03125 0.1287037037037037
0 0.4317708333333333 0.5638888888888889 0.02708333333333333 0.12962962962962962
0 0.49453125 0.549537037037037 0.03177083333333333 0.125
0 0.4994791666666666 0.5291666666666666 0.026041666666666664 0.12129629629629628
0 0.5463541666666666 0.5296296296296296 0.03125 0.1259259259259259
0 0.5223958333333333 0.5472222222222222 0.03020833333333333 0.12962962962962962
0 0.49453125 0.6518518518518518 0.0484375 0.18333333333333332
5 0.6375 0.6134259259259258 0.029166666666666664 0.14351851851851852
0 0.5114583333333333 0.6527777777777778 0.03645833333333333 0.17407407407407408
0 0.5481770833333333 0.6458333333333333 0.033854166666666664 0.16574074074074072
0 0.5627604166666667 0.6194444444444444 0.03177083333333333 0.1537037037037037
0 0.6049479166666667 0.6194444444444445 0.034895833333333334 0.15740740740740738
0 0.6059895833333333 0.6069444444444444 0.03072916666666666 0.1472222222222222
0 0.5614583333333333 0.6856481481481481 0.04375 0.16944444444444445
0 0.5890625 0.7004629629629628 0.03020833333333333 0.13055555555555556
0 0.6638020833333333 0.7023148148148147 0.04010416666666666 0.19722222222222222
0 0.6536458333333333 0.7560185185185185 0.04583333333333333 0.22129629629629627
0 0.6799479166666667 0.6060185185185185 0.0296875 0.14351851851851852
0 0.7434895833333333 0.6476851851851851 0.03802083333333333 0.16759259259259257
0 0.72109375 0.711111111111111 0.0453125 0.1648148148148148
0 0.016666666666666666 0.9449074074074074 0.03229166666666666 0.11203703703703702
0 0.05052083333333333 0.962037037037037 0.05208333333333333 0.07777777777777777
0 0.5817708333333333 0.8319444444444445 0.06354166666666666 0.20462962962962963
0 0.7489583333333333 0.8189814814814815 0.06770833333333333 0.21574074074074073
0 0.4588541666666666 0.4879629629629629 0.03229166666666666 0.1037037037037037
0 0.4192708333333333 0.48240740740740745 0.03333333333333333 0.1259259259259259
5 0.7018229166666666 0.5013888888888889 0.0234375 0.06574074074074074
0 0.7177083333333333 0.45925925925925914 0.026041666666666664 0.09074074074074073
0 0.7372395833333333 0.45879629629629626 0.0296875 0.08981481481481482
5 0.7627604166666666 0.5300925925925926 0.03072916666666666 0.08796296296296295
5 0.5520833333333333 0.47453703703703703 0.02395833333333333 0.11018518518518519
