0 0.23515625 0.8203703703703702 0.0671875 0.24259259259259255
0 0.2911458333333333 0.8310185185185185 0.055208333333333325 0.24722222222222218
0 0.3294270833333333 0.7925925925925925 0.0453125 0.20925925925925926
0 0.3473958333333333 0.8537037037037036 0.055208333333333325 0.23518518518518516
0 0.4052083333333333 0.8587962962962962 0.05625 0.22129629629629627
0 0.7109375 0.7004629629629628 0.046875 0.1935185185185185
0 0.7098958333333333 0.6930555555555555 0.03645833333333333 0.18796296296296294
5 0.665625 0.6592592592592592 0.03020833333333333 0.1685185185185185
0 0.8075520833333334 0.5564814814814814 0.027604166666666662 0.09259259259259259
5 0.7218749999999999 0.5055555555555555 0.026041666666666664 0.07592592592592592
0 0.6614583333333333 0.6833333333333333 0.03333333333333333 0.18148148148148147
0 0.8343749999999999 0.711574074074074 0.03958333333333333 0.18425925925925926
0 0.7546875 0.7449074074074074 0.04375 0.2009259259259259
0 0.6875 0.7453703703703702 0.05625 0.19629629629629627
0 0.8247395833333334 0.6935185185185185 0.04010416666666666 0.18148148148148147
0 0.4453125 0.5402777777777777 0.02395833333333333 0.10648148148148147
0 0.4744791666666667 0.5287037037037037 0.03020833333333333 0.12407407407407407
0 0.4338541666666667 0.5675925925925925 0.02708333333333333 0.1259259259259259
0 0.4848958333333333 0.5564814814814814 0.03020833333333333 0.12407407407407407
0 0.4984374999999999 0.5333333333333333 0.026041666666666664 0.11481481481481481
0 0.5401041666666666 0.5342592592592592 0.03125 0.1259259259259259
0 0.5135416666666667 0.5583333333333333 0.03020833333333333 0.12962962962962962
0 0.475 0.6467592592592591 0.04583333333333333 0.1787037037037037
5 0.6468749999999999 0.6300925925925925 0.029166666666666664 0.14351851851851852
0 0.503125 0.6416666666666666 0.042708333333333334 0.1685185185185185
0 0.5361979166666666 0.6398148148148148 0.033854166666666664 0.15185185185185185
0 0.5624999999999999 0.6236111111111111 0.03229166666666666 0.14537037037037037
0 0.59140625 0.6199074074074075 0.03177083333333333 0.15277777777777776
0 0.5776041666666666 0.6037037037037037 0.029166666666666664 0.1259259259259259
0 0.5361979166666667 0.6782407407407407 0.04427083333333333 0.16759259259259257
0 0.5684895833333333 0.699537037037037 0.03177083333333333 0.1287037037037037
0 0.6151041666666666 0.7046296296296296 0.040625 0.1925925925925926
0 0.6395833333333333 0.749074074074074 0.04583333333333333 0.20555555555555555
0 0.6302083333333333 0.610648148148148 0.029166666666666664 0.14351851851851852
0 0.6994791666666667 0.6601851851851851 0.035416666666666666 0.1685185185185185
0 0.6601562499999999 0.7101851851851853 0.03697916666666666 0.17037037037037037
0 0.010156249999999999 0.9606481481481481 0.01927083333333333 0.07870370370370369
0 0.7002604166666666 0.8490740740740741 0.0578125 0.20370370370370366
0 0.8604166666666666 0.8282407407407406 0.06145833333333332 0.21203703703703702
0 0.4270833333333333 0.499537037037037 0.026041666666666664 0.10462962962962963
0 0.3950520833333333 0.487962962962963 0.025520833333333333 0.11851851851851851
5 0.7104166666666667 0.5189814814814814 0.02395833333333333 0.06574074074074074
0 0.7041666666666666 0.4777777777777777 0.026041666666666664 0.09074074074074073
0 0.7278645833333333 0.4763888888888889 0.0296875 0.08981481481481482
5 0.76875 0.5467592592592593 0.03125 0.08796296296296295
5 0.5619791666666667 0.4921296296296296 0.02395833333333333 0.11018518518518519
