0 0.2380208333333333 0.612037037037037 0.04583333333333333 0.17962962962962964
0 0.30104166666666665 0.6162037037037036 0.03958333333333333 0.1787037037037037
0 0.31666666666666665 0.6407407407407407 0.04479166666666666 0.17037037037037037
0 0.5411458333333333 0.6296296296296295 0.034375 0.18703703703703703
0 0.5760416666666666 0.6337962962962963 0.034375 0.1824074074074074
5 0.6486979166666667 0.6342592592592593 0.0296875 0.1759259259259259
0 0.7338541666666667 0.5203703703703704 0.02395833333333333 0.0962962962962963
5 0.72421875 0.4773148148148148 0.025520833333333333 0.07685185185185185
0 0.61015625 0.6365740740740741 0.0328125 0.1787037037037037
0 0.6901041666666667 0.9495370370370371 0.06145833333333332 0.10092592592592593
0 0.6190104166666666 0.9476851851851851 0.06822916666666666 0.10648148148148147
0 0.46171875 0.6180555555555556 0.025520833333333333 0.13055555555555556
0 0.4945312499999999 0.6009259259259259 0.033854166666666664 0.1611111111111111
0 0.5 0.6541666666666666 0.03645833333333333 0.16203703703703703
0 0.7098958333333333 0.625 0.034375 0.14629629629629629
0 0.5994791666666666 0.6060185185185185 0.029166666666666664 0.13796296296296295
0 0.6484375 0.6092592592592593 0.042708333333333334 0.16296296296296295
0 0.74140625 0.6226851851851851 0.03177083333333333 0.14907407407407408
5 0.6427083333333333 0.6023148148148147 0.03020833333333333 0.14351851851851852
0 0.8882812499999998 0.7374999999999999 0.056770833333333326 0.19907407407407407
0 0.9205729166666666 0.7314814814814815 0.056770833333333326 0.19629629629629627
0 0.8911458333333332 0.7180555555555556 0.034375 0.18796296296296294
0 0.53515625 0.9425925925925925 0.0609375 0.11666666666666665
0 0.9348958333333333 0.7222222222222222 0.042708333333333334 0.18888888888888888
0 0.19374999999999998 0.8111111111111111 0.05416666666666666 0.23888888888888887
0 0.24010416666666665 0.825462962962963 0.04895833333333333 0.22685185185185186
0 0.20416666666666666 0.887962962962963 0.0625 0.22592592592592592
0 0.10416666666666666 0.8087962962962962 0.0375 0.21018518518518517
0 0.11302083333333332 0.836574074074074 0.051041666666666666 0.23796296296296293
0 0.50390625 0.6777777777777778 0.0421875 0.18333333333333332
0 0.7578125 0.6930555555555555 0.040625 0.18981481481481483
0 0.6057291666666667 0.7212962962962962 0.0375 0.20370370370370366
0 0.6299479166666667 0.7226851851851851 0.03177083333333333 0.1787037037037037
0 0.5877604166666666 0.6925925925925925 0.0390625 0.1611111111111111
0 0.7846354166666666 0.7351851851851852 0.033854166666666664 0.12777777777777777
0 0.7309895833333333 0.7416666666666666 0.0390625 0.15740740740740738
0 0.934375 0.7703703703703704 0.06354166666666666 0.22222222222222224
0 0.9635416666666666 0.7648148148148147 0.05 0.20925925925925926
0 0.7627604166666666 0.7236111111111111 0.04010416666666666 0.18981481481481483
0 0.5799479166666666 0.5527777777777778 0.0296875 0.12037037037037038
0 0.5515625 0.5430555555555555 0.0375 0.1361111111111111
0 0.4505208333333333 0.5435185185185184 0.034375 0.13518518518518519
0 0.6244791666666666 0.5953703703703703 0.040625 0.16296296296296295
0 0.5263020833333333 0.5222222222222221 0.0234375 0.1037037037037037
0 0.5010416666666667 0.5092592592592593 0.03020833333333333 0.1074074074074074
0 0.4682291666666667 0.5050925925925925 0.03020833333333333 0.12129629629629628
0 0.4317708333333333 0.5027777777777778 0.03020833333333333 0.11296296296296296
0 0.4080729166666667 0.5027777777777778 0.025520833333333333 0.11296296296296296
0 0.4861979166666667 0.48425925925925917 0.025520833333333333 0.10925925925925925
0 0.4598958333333333 0.48240740740740734 0.02395833333333333 0.11296296296296296
0 0.4395833333333333 0.47824074074074063 0.021875 0.12314814814814815
0 0.42447916666666663 0.4851851851851852 0.022916666666666665 0.11481481481481481
0 0.4020833333333333 0.4648148148148148 0.025 0.1074074074074074
0 0.5096354166666667 0.5037037037037038 0.025520833333333333 0.1074074074074074
5 0.70625 0.4902777777777777 0.02395833333333333 0.06574074074074074
0 0.7520833333333333 0.43888888888888883 0.019791666666666666 0.07407407407407407
0 0.759375 0.43287037037037035 0.02708333333333333 0.0824074074074074
5 0.771875 0.5189814814814815 0.03020833333333333 0.08796296296296295
5 0.565625 0.46296296296296297 0.025 0.10925925925925925
