0 0.2109375 0.8712962962962962 0.07291666666666666 0.25370370370370365
0 0.26640625 0.8736111111111111 0.058854166666666666 0.2509259259259259
0 0.2953125 0.8416666666666666 0.051041666666666666 0.22407407407407404
0 0.3700520833333333 0.8337962962962961 0.0578125 0.22685185185185186
0 0.4104166666666666 0.836111111111111 0.053125 0.20555555555555555
0 0.7604166666666666 0.7347222222222222 0.051041666666666666 0.20277777777777778
0 0.7697916666666667 0.7282407407407406 0.042708333333333334 0.19907407407407407
5 0.6625 0.6787037037037036 0.03020833333333333 0.1685185185185185
0 0.8059895833333334 0.5685185185185185 0.027604166666666662 0.09259259259259259
5 0.7216145833333333 0.5171296296296297 0.027604166666666662 0.07685185185185185
0 0.7020833333333333 0.7106481481481481 0.041666666666666664 0.1824074074074074
0 0.8260416666666666 0.7125 0.041666666666666664 0.1824074074074074
0 0.7088541666666666 0.7416666666666666 0.04479166666666666 0.19444444444444445
0 0.63359375 0.7374999999999999 0.04010416666666666 0.19166666666666665
0 0.7997395833333333 0.686574074074074 0.04010416666666666 0.16574074074074072
0 0.440625 0.5449074074074074 0.02395833333333333 0.10092592592592593
0 0.46640625 0.5277777777777778 0.0265625 0.11296296296296296
0 0.4317708333333333 0.5712962962962963 0.026041666666666664 0.12407407407407407
0 0.4645833333333333 0.5597222222222221 0.03229166666666666 0.12314814814814815
0 0.4861979166666667 0.5351851851851852 0.025520833333333333 0.11296296296296296
0 0.5249999999999999 0.5421296296296296 0.029166666666666664 0.12314814814814815
0 0.4934895833333333 0.5587962962962962 0.0296875 0.1287037037037037
0 0.4624999999999999 0.6421296296296296 0.03854166666666666 0.16944444444444445
5 0.6463541666666667 0.6439814814814815 0.02708333333333333 0.14351851851851852
0 0.4830729166666667 0.6421296296296296 0.03177083333333333 0.1638888888888889
0 0.5192708333333333 0.6421296296296296 0.03229166666666666 0.1472222222222222
0 0.54375 0.6189814814814815 0.03125 0.13796296296296295
0 0.5757812499999999 0.6143518518518519 0.033854166666666664 0.13425925925925924
0 0.5651041666666667 0.6050925925925925 0.02708333333333333 0.12685185185185183
0 0.5234374999999999 0.6703703703703703 0.041666666666666664 0.1611111111111111
0 0.5510416666666667 0.6851851851851851 0.02708333333333333 0.12962962962962962
0 0.5763020833333333 0.6958333333333333 0.03802083333333333 0.18981481481481483
0 0.6 0.7407407407407407 0.040625 0.19814814814814813
0 0.5979166666666667 0.611111111111111 0.03020833333333333 0.14074074074074075
0 0.6434895833333333 0.6546296296296296 0.033854166666666664 0.1685185185185185
0 0.6200520833333333 0.7083333333333333 0.03697916666666666 0.1611111111111111
0 0.8299479166666666 0.8685185185185185 0.06510416666666666 0.20370370370370366
0 0.9661458333333333 0.837962962962963 0.05625 0.2074074074074074
5 0.7078125 0.5337962962962962 0.02395833333333333 0.06574074074074074
0 0.6807291666666666 0.4925925925925926 0.026041666666666664 0.09074074074074073
0 0.7111979166666667 0.49027777777777776 0.0296875 0.08981481481481482
5 0.7697916666666667 0.5643518518518518 0.03125 0.08796296296296295
5 0.5640625 0.5069444444444444 0.02395833333333333 0.11018518518518519
