0 0.23619791666666667 0.8060185185185185 0.06302083333333333 0.23796296296296296
0 0.29374999999999996 0.8157407407407405 0.05520833333333333 0.2462962962962963
0 0.33880208333333334 0.7814814814814814 0.04427083333333333 0.20925925925925926
0 0.34375 0.8587962962962962 0.05520833333333333 0.23796296296296296
0 0.40286458333333325 0.860648148148148 0.058854166666666666 0.22314814814814812
0 0.6950520833333333 0.6916666666666667 0.04635416666666667 0.19444444444444445
0 0.6953125 0.6902777777777778 0.03645833333333333 0.19166666666666668
0 0.8065104166666667 0.5509259259259258 0.027604166666666666 0.09259259259259259
0 0.6536458333333333 0.675 0.03333333333333333 0.18148148148148147
0 0.8369791666666665 0.7087962962962963 0.03958333333333333 0.1861111111111111
0 0.7567708333333333 0.7467592592592592 0.04375 0.20277777777777778
0 0.6919270833333332 0.7486111111111111 0.05052083333333333 0.20092592592592592
0 0.8283854166666667 0.6898148148148148 0.04010416666666667 0.18333333333333332
0 0.44609374999999996 0.5393518518518517 0.0234375 0.10648148148148147
0 0.47526041666666663 0.5263888888888888 0.030729166666666665 0.12685185185185185
0 0.43385416666666665 0.5652777777777778 0.027083333333333334 0.12685185185185185
0 0.48828124999999994 0.5518518518518518 0.0296875 0.12407407407407406
0 0.49947916666666664 0.5305555555555556 0.026041666666666664 0.11666666666666667
0 0.5419270833333333 0.5324074074074073 0.03177083333333333 0.1259259259259259
0 0.5161458333333333 0.5555555555555555 0.030208333333333334 0.12962962962962962
0 0.47708333333333325 0.6439814814814814 0.05208333333333333 0.1824074074074074
0 0.5039062499999999 0.6421296296296295 0.03802083333333333 0.17314814814814813
0 0.5380208333333333 0.6370370370370371 0.034374999999999996 0.15185185185185185
0 0.5661458333333333 0.6203703703703703 0.03229166666666666 0.15185185185185185
0 0.5921875 0.6175925925925925 0.03125 0.1574074074074074
0 0.5848958333333333 0.6023148148148147 0.029166666666666664 0.12685185185185185
0 0.5419270833333333 0.6787037037037037 0.04427083333333333 0.1685185185185185
0 0.5718749999999999 0.698611111111111 0.03229166666666666 0.12870370370370368
0 0.6291666666666667 0.700925925925926 0.040625 0.1925925925925926
0 0.6453125 0.7481481481481481 0.04791666666666667 0.20740740740740737
0 0.6432291666666666 0.6069444444444444 0.029166666666666664 0.14351851851851852
0 0.7101562499999999 0.6574074074074073 0.0359375 0.1685185185185185
0 0.6731770833333333 0.711111111111111 0.03697916666666667 0.1722222222222222
0 0.011458333333333333 0.9555555555555555 0.021875 0.08888888888888888
0 0.04427083333333333 0.9800925925925925 0.035416666666666666 0.041666666666666664
0 0.67578125 0.8453703703703702 0.058854166666666666 0.2037037037037037
0 0.83828125 0.824074074074074 0.05989583333333333 0.21296296296296294
0 0.4354166666666666 0.49398148148148147 0.026041666666666664 0.10462962962962963
0 0.39973958333333337 0.4847222222222222 0.0265625 0.125
0 0.7078125 0.4731481481481481 0.026041666666666664 0.09074074074074073
0 0.7315104166666667 0.4726851851851851 0.0296875 0.0898148148148148
