0 0.23437499999999994 0.6092592592592592 0.04583333333333333 0.17962962962962964
0 0.2966145833333333 0.6152777777777778 0.04114583333333333 0.17685185185185184
0 0.30963541666666666 0.6393518518518518 0.04427083333333333 0.17314814814814813
0 0.5421875 0.6333333333333333 0.034375 0.18703703703703703
0 0.5765625 0.6337962962962963 0.034375 0.18055555555555552
5 0.6497395833333333 0.6351851851851852 0.0296875 0.1759259259259259
0 0.7328125 0.5203703703703704 0.02395833333333333 0.0962962962962963
5 0.7252604166666667 0.47824074074074074 0.025520833333333333 0.07685185185185185
0 0.6106770833333333 0.6365740740740741 0.03177083333333333 0.1787037037037037
0 0.6901041666666666 0.9560185185185185 0.06041666666666666 0.08796296296296295
0 0.6177083333333333 0.950925925925926 0.06770833333333333 0.1
0 0.4619791666666666 0.6212962962962962 0.025 0.137037037037037
0 0.4934895833333333 0.6046296296296296 0.033854166666666664 0.1611111111111111
0 0.5072916666666667 0.6560185185185186 0.03645833333333333 0.16203703703703703
0 0.7171875 0.6268518518518518 0.034375 0.14629629629629629
0 0.6080729166666666 0.6087962962962963 0.0296875 0.13796296296296295
0 0.65625 0.6101851851851852 0.042708333333333334 0.16296296296296295
0 0.7494791666666666 0.6254629629629629 0.03125 0.14907407407407408
5 0.64375 0.6023148148148147 0.03020833333333333 0.14351851851851852
0 0.9026041666666667 0.7379629629629629 0.05416666666666666 0.19814814814814813
0 0.9328125 0.7351851851851852 0.057291666666666664 0.19629629629629627
0 0.8992187499999998 0.7208333333333333 0.034895833333333334 0.18796296296296294
0 0.5307291666666667 0.9462962962962962 0.06145833333333332 0.10925925925925925
0 0.9466145833333333 0.7240740740740741 0.0421875 0.18888888888888888
0 0.19739583333333333 0.8078703703703702 0.05416666666666666 0.23796296296296293
0 0.24401041666666665 0.8217592592592592 0.0484375 0.22685185185185186
0 0.21041666666666664 0.8861111111111111 0.0625 0.22962962962962963
0 0.1046875 0.8087962962962962 0.0375 0.21018518518518517
0 0.11510416666666665 0.8388888888888888 0.051041666666666666 0.23888888888888887
0 0.4973958333333333 0.6759259259259258 0.041666666666666664 0.18148148148148147
0 0.7625 0.6907407407407407 0.040625 0.1907407407407407
0 0.60625 0.7212962962962962 0.03854166666666666 0.20370370370370366
0 0.6315104166666667 0.7236111111111111 0.03177083333333333 0.1787037037037037
0 0.5802083333333333 0.6921296296296295 0.040625 0.16018518518518518
0 0.7859375 0.7310185185185184 0.034375 0.12314814814814815
0 0.73046875 0.7379629629629629 0.0390625 0.15740740740740738
0 0.9234375 0.7685185185185185 0.0625 0.22222222222222224
0 0.9484374999999998 0.762962962962963 0.055208333333333325 0.20925925925925926
0 0.7630208333333333 0.7212962962962963 0.03958333333333333 0.18703703703703703
0 0.5822916666666667 0.5578703703703703 0.029166666666666664 0.125
0 0.55390625 0.5453703703703703 0.03802083333333333 0.1388888888888889
0 0.4507812499999999 0.5472222222222223 0.033854166666666664 0.1388888888888889
0 0.6161458333333333 0.5953703703703703 0.040625 0.16296296296296295
0 0.5278645833333333 0.524074074074074 0.0234375 0.1037037037037037
0 0.5036458333333333 0.5111111111111111 0.03020833333333333 0.1074074074074074
0 0.4713541666666667 0.5060185185185185 0.03020833333333333 0.12129629629629628
0 0.4325520833333333 0.5046296296296295 0.0296875 0.11296296296296296
0 0.4083333333333333 0.5041666666666667 0.025 0.11388888888888889
0 0.4908854166666667 0.4851851851851851 0.025520833333333333 0.10925925925925925
0 0.4640625 0.4833333333333333 0.02395833333333333 0.11296296296296296
0 0.4447916666666667 0.47916666666666663 0.02395833333333333 0.12314814814814815
0 0.4281249999999999 0.4875 0.022916666666666665 0.11574074074074074
0 0.40859375 0.4666666666666667 0.025520833333333333 0.1074074074074074
0 0.5119791666666667 0.5064814814814815 0.025 0.1074074074074074
5 0.7072916666666667 0.4921296296296296 0.02395833333333333 0.06574074074074074
0 0.7526041666666666 0.43888888888888883 0.019791666666666666 0.07407407407407407
0 0.7604166666666667 0.4337962962962963 0.02708333333333333 0.0824074074074074
5 0.7723958333333333 0.5189814814814815 0.03020833333333333 0.08796296296296295
5 0.5666666666666667 0.46296296296296297 0.025 0.10925925925925925
