0 0.2856770833333333 0.6805555555555556 0.05364583333333332 0.19814814814814813
0 0.34322916666666664 0.6833333333333333 0.04479166666666666 0.2074074074074074
0 0.4229166666666667 0.673611111111111 0.03645833333333333 0.1824074074074074
0 0.20911458333333335 0.9407407407407407 0.07760416666666667 0.12037037037037038
0 0.30416666666666664 0.9449074074074074 0.0625 0.11203703703703702
0 0.53046875 0.6194444444444444 0.04114583333333333 0.17962962962962964
0 0.5591145833333333 0.6189814814814815 0.033854166666666664 0.175
5 0.6505208333333333 0.6277777777777778 0.028125 0.1685185185185185
0 0.7932291666666667 0.5189814814814815 0.025 0.09351851851851851
5 0.7078125 0.4736111111111111 0.026041666666666664 0.07685185185185185
0 0.6231770833333333 0.6430555555555555 0.03697916666666666 0.1787037037037037
0 0.73359375 0.8578703703703703 0.0515625 0.25277777777777777
0 0.6796875 0.8518518518518519 0.059375 0.24814814814814815
0 0.4591145833333333 0.562037037037037 0.0234375 0.11296296296296296
0 0.4890625 0.5453703703703704 0.03125 0.14629629629629629
0 0.4497395833333333 0.5939814814814814 0.0296875 0.14351851851851852
0 0.5372395833333333 0.5768518518518517 0.033854166666666664 0.14629629629629629
0 0.5130208333333333 0.5499999999999999 0.026041666666666664 0.13518518518518519
0 0.5346354166666666 0.549074074074074 0.0296875 0.14259259259259258
0 0.5682291666666667 0.5736111111111111 0.03333333333333333 0.14166666666666666
0 0.6820312499999999 0.6967592592592592 0.04635416666666666 0.20462962962962963
5 0.6294270833333333 0.5976851851851851 0.0296875 0.14351851851851852
0 0.7020833333333333 0.6916666666666667 0.041666666666666664 0.1907407407407407
0 0.7236979166666666 0.6888888888888889 0.0421875 0.1759259259259259
0 0.6158854166666666 0.6662037037037036 0.0390625 0.175
0 0.7606770833333333 0.6537037037037037 0.03697916666666666 0.17407407407407408
0 0.7755208333333333 0.6476851851851851 0.03125 0.16203703703703703
0 0.7921875 0.7148148148148147 0.053125 0.18518518518518517
0 0.82109375 0.725925925925926 0.033854166666666664 0.14074074074074075
0 0.9208333333333332 0.7162037037037037 0.06145833333333332 0.19907407407407407
0 0.609375 0.8518518518518517 0.05625 0.26296296296296295
0 0.8080729166666666 0.6449074074074075 0.04010416666666666 0.17129629629629628
0 0.8875 0.6981481481481481 0.046875 0.19814814814814813
0 0.07291666666666666 0.8898148148148148 0.05833333333333333 0.2185185185185185
0 0.1265625 0.9041666666666668 0.055208333333333325 0.1935185185185185
0 0.06927083333333332 0.9523148148148147 0.05416666666666666 0.09537037037037036
0 0.2481770833333333 0.812962962962963 0.0484375 0.20370370370370366
0 0.38697916666666665 0.8287037037037036 0.06979166666666667 0.22407407407407404
0 0.7166666666666666 0.7527777777777778 0.040625 0.20555555555555555
0 0.8994791666666666 0.7560185185185185 0.05833333333333333 0.2064814814814815
0 0.8067708333333332 0.7444444444444444 0.05625 0.21296296296296294
0 0.8018229166666666 0.7398148148148147 0.04427083333333333 0.19629629629629627
0 0.8372395833333334 0.7393518518518518 0.04635416666666666 0.17314814814814813
0 0.9296874999999998 0.7791666666666666 0.042708333333333334 0.1324074074074074
0 0.51640625 0.5023148148148148 0.0328125 0.10648148148148147
0 0.4911458333333333 0.4958333333333333 0.03229166666666666 0.12314814814814815
0 0.4153645833333333 0.49537037037037035 0.0296875 0.1259259259259259
0 0.82265625 0.562962962962963 0.03072916666666666 0.14074074074074075
0 0.4432291666666667 0.4879629629629629 0.02395833333333333 0.09074074074074073
0 0.4283854166666667 0.4768518518518518 0.025520833333333333 0.10185185185185183
0 0.38385416666666666 0.46759259259259256 0.029166666666666664 0.10555555555555556
0 0.4307291666666666 0.4810185185185185 0.025 0.11203703703703702
5 0.6921875 0.48379629629629617 0.02395833333333333 0.06574074074074074
0 0.7463541666666667 0.43425925925925923 0.01875 0.07407407407407407
0 0.7549479166666666 0.43287037037037035 0.027604166666666662 0.08425925925925926
5 0.7552083333333333 0.5134259259259258 0.03020833333333333 0.08796296296296295
5 0.5440104166666666 0.45879629629629626 0.0234375 0.11018518518518519
