0 0.17005208333333333 0.874074074074074 0.0671875 0.25370370370370365
0 0.24010416666666665 0.8731481481481481 0.0625 0.25555555555555554
0 0.2591145833333333 0.8407407407407407 0.05052083333333333 0.23518518518518516
0 0.9427083333333333 0.8875 0.053125 0.22314814814814815
0 0.37135416666666665 0.7768518518518517 0.05208333333333333 0.2148148148148148
0 0.41666666666666663 0.7796296296296296 0.051041666666666666 0.19814814814814813
0 0.8067708333333334 0.7328703703703704 0.051041666666666666 0.21574074074074073
0 0.8286458333333332 0.7236111111111111 0.042708333333333334 0.20277777777777778
5 0.66015625 0.6537037037037037 0.0296875 0.1685185185185185
0 0.8033854166666666 0.549074074074074 0.027604166666666662 0.09259259259259259
5 0.7169270833333333 0.49722222222222223 0.028645833333333332 0.07592592592592592
0 0.7466145833333333 0.6976851851851851 0.0421875 0.1861111111111111
0 0.7911458333333333 0.6662037037037036 0.041666666666666664 0.16574074074074072
0 0.6578124999999999 0.6884259259259259 0.041666666666666664 0.1861111111111111
0 0.5846354166666667 0.6888888888888889 0.03802083333333333 0.18333333333333332
0 0.7643229166666666 0.6407407407407407 0.0390625 0.17037037037037037
0 0.415625 0.5111111111111111 0.02395833333333333 0.09814814814814814
0 0.4411458333333333 0.4884259259259259 0.026041666666666664 0.11203703703703702
0 0.42447916666666663 0.5351851851851851 0.025 0.12407407407407407
0 0.4484375 0.524537037037037 0.03125 0.12314814814814815
0 0.4643229166666667 0.4976851851851851 0.025520833333333333 0.11203703703703702
0 0.5005208333333333 0.500462962962963 0.025 0.12129629629629628
0 0.4770833333333333 0.5175925925925926 0.03333333333333333 0.1222222222222222
0 0.4390625 0.5944444444444444 0.0375 0.1648148148148148
5 0.6364583333333333 0.6143518518518518 0.029166666666666664 0.14351851851851852
0 0.4776041666666666 0.5986111111111111 0.03229166666666666 0.15648148148148147
0 0.5013020833333333 0.6023148148148147 0.03177083333333333 0.14537037037037037
0 0.5216145833333333 0.5782407407407406 0.03072916666666666 0.13425925925925924
0 0.5541666666666666 0.5726851851851852 0.03229166666666666 0.12685185185185183
0 0.5494791666666666 0.5638888888888889 0.028125 0.11851851851851851
0 0.5083333333333333 0.624074074074074 0.040625 0.1537037037037037
0 0.5354166666666667 0.6402777777777777 0.02708333333333333 0.11759259259259258
0 0.5494791666666666 0.6504629629629629 0.0375 0.1787037037037037
0 0.5421874999999999 0.6879629629629629 0.03854166666666666 0.1925925925925926
0 0.5848958333333333 0.5712962962962962 0.03020833333333333 0.14074074074074075
0 0.6007812499999999 0.6097222222222222 0.033854166666666664 0.16018518518518518
0 0.5955729166666666 0.6574074074074073 0.04010416666666666 0.1537037037037037
0 0.9541666666666666 0.8416666666666666 0.053125 0.20185185185185187
5 0.7020833333333333 0.5125 0.02395833333333333 0.06574074074074074
0 0.6598958333333333 0.4703703703703703 0.028125 0.09074074074074073
0 0.6807291666666667 0.4722222222222222 0.03333333333333333 0.0962962962962963
5 0.765625 0.5356481481481481 0.03125 0.08796296296296295
5 0.5614583333333333 0.4819444444444444 0.02395833333333333 0.11018518518518519
