0 0.14114583333333333 0.875925925925926 0.07291666666666666 0.24814814814814815
0 0.2140625 0.8768518518518519 0.06458333333333333 0.24814814814814815
0 0.23567708333333331 0.849537037037037 0.05364583333333332 0.2398148148148148
0 0.8875 0.8851851851851851 0.053125 0.23148148148148148
0 0.3723958333333333 0.7379629629629629 0.05 0.20555555555555555
0 0.4190104166666666 0.736111111111111 0.0484375 0.1907407407407407
0 0.8518229166666667 0.7347222222222222 0.05989583333333333 0.22314814814814815
0 0.8874999999999998 0.7217592592592592 0.03958333333333333 0.20462962962962963
5 0.6567708333333333 0.6305555555555555 0.03020833333333333 0.1685185185185185
0 0.7963541666666667 0.5194444444444444 0.02708333333333333 0.09259259259259259
5 0.7130208333333333 0.475 0.03020833333333333 0.07592592592592592
0 0.7846354166666667 0.6888888888888889 0.04114583333333333 0.19444444444444445
0 0.7653645833333333 0.6305555555555555 0.0421875 0.1648148148148148
0 0.6252604166666667 0.6541666666666666 0.034895833333333334 0.1787037037037037
0 0.5565104166666666 0.6532407407407408 0.0421875 0.17685185185185184
0 0.734375 0.6138888888888889 0.034375 0.1648148148148148
0 0.39713541666666663 0.4833333333333333 0.0234375 0.09814814814814814
0 0.4119791666666666 0.4685185185185185 0.026041666666666664 0.10925925925925925
0 0.4236979166666667 0.5083333333333333 0.025520833333333333 0.12407407407407407
0 0.4343749999999999 0.49444444444444435 0.026041666666666664 0.12407407407407407
0 0.44010416666666663 0.4722222222222222 0.028125 0.11296296296296296
0 0.47265625 0.4768518518518518 0.0296875 0.1259259259259259
0 0.4695312499999999 0.49120370370370364 0.027604166666666662 0.11574074074074074
0 0.4393229166666667 0.5648148148148148 0.034895833333333334 0.15740740740740738
5 0.6309895833333333 0.6032407407407407 0.0296875 0.15648148148148147
0 0.4658854166666667 0.5666666666666667 0.03177083333333333 0.15
0 0.4924479166666667 0.5680555555555555 0.03177083333333333 0.1398148148148148
0 0.5075520833333333 0.5467592592592592 0.033854166666666664 0.13425925925925924
0 0.5408854166666667 0.5416666666666667 0.03177083333333333 0.1259259259259259
0 0.53515625 0.5319444444444444 0.028645833333333332 0.11944444444444444
0 0.5083333333333333 0.5930555555555556 0.04375 0.1509259259259259
0 0.5291666666666666 0.6041666666666667 0.028125 0.10833333333333332
0 0.5393229166666667 0.611111111111111 0.03802083333333333 0.1759259259259259
0 0.5145833333333333 0.6513888888888888 0.03854166666666666 0.18796296296296294
0 0.5690104166666667 0.5439814814814815 0.028645833333333332 0.13796296296296295
0 0.5861979166666667 0.586111111111111 0.0390625 0.17037037037037037
0 0.57734375 0.6263888888888889 0.03802083333333333 0.1509259259259259
5 0.6966145833333333 0.4893518518518518 0.0234375 0.06574074074074074
0 0.64375 0.4578703703703704 0.028125 0.08981481481481482
0 0.6580729166666666 0.4564814814814815 0.033854166666666664 0.1
5 0.7614583333333333 0.5189814814814815 0.03125 0.08796296296296295
5 0.5583333333333333 0.461574074074074 0.02395833333333333 0.11018518518518519
