0 0.23697916666666666 0.8004629629629629 0.0625 0.23425925925925925
0 0.2947916666666667 0.812037037037037 0.055208333333333325 0.2462962962962963
0 0.3419270833333333 0.7791666666666666 0.04427083333333333 0.21018518518518517
0 0.3427083333333333 0.8601851851851852 0.055208333333333325 0.23888888888888887
0 0.4015625 0.862037037037037 0.059375 0.22407407407407404
0 0.690625 0.6898148148148148 0.04583333333333333 0.19444444444444445
0 0.6911458333333333 0.6893518518518518 0.03645833333333333 0.1935185185185185
5 0.6635416666666667 0.65 0.03020833333333333 0.1685185185185185
0 0.8059895833333334 0.549074074074074 0.027604166666666662 0.09259259259259259
5 0.7208333333333333 0.5 0.026041666666666664 0.07592592592592592
0 0.6515625 0.673148148148148 0.03333333333333333 0.18148148148148147
0 0.8374999999999998 0.7078703703703704 0.03958333333333333 0.1861111111111111
0 0.7572916666666666 0.7476851851851851 0.04375 0.20277777777777778
0 0.6919270833333333 0.750462962962963 0.04739583333333333 0.20277777777777778
0 0.8294270833333334 0.6893518518518519 0.04010416666666666 0.18425925925925926
0 0.44609375 0.5384259259259259 0.0234375 0.10648148148148147
0 0.47526041666666663 0.5263888888888889 0.03072916666666666 0.12685185185185183
0 0.4338541666666667 0.5652777777777778 0.02708333333333333 0.12685185185185183
0 0.4885416666666667 0.5509259259259258 0.03020833333333333 0.12407407407407407
0 0.4994791666666666 0.5300925925925926 0.026041666666666664 0.11759259259259258
0 0.5424479166666667 0.5324074074074073 0.03177083333333333 0.1259259259259259
0 0.5166666666666667 0.5555555555555556 0.03020833333333333 0.12962962962962962
0 0.4783854166666666 0.6439814814814815 0.0484375 0.1824074074074074
5 0.6437499999999999 0.6236111111111111 0.029166666666666664 0.14351851851851852
0 0.5041666666666667 0.6421296296296296 0.0375 0.17314814814814813
0 0.5385416666666666 0.6361111111111111 0.034375 0.15185185185185185
0 0.5661458333333333 0.6175925925925926 0.03229166666666666 0.1537037037037037
0 0.5924479166666666 0.6166666666666667 0.033854166666666664 0.15740740740740738
0 0.5874999999999999 0.6018518518518519 0.029166666666666664 0.1259259259259259
0 0.5434895833333333 0.6787037037037036 0.04427083333333333 0.1685185185185185
0 0.5729166666666666 0.6976851851851851 0.03229166666666666 0.1287037037037037
0 0.6333333333333333 0.7 0.040625 0.1925925925925926
0 0.6466145833333333 0.7486111111111111 0.04739583333333333 0.20833333333333331
0 0.6473958333333333 0.6060185185185185 0.029166666666666664 0.14351851851851852
0 0.7130208333333333 0.6564814814814814 0.03645833333333333 0.1685185185185185
0 0.6768229166666666 0.7101851851851851 0.03697916666666666 0.17222222222222222
0 0.011718749999999998 0.9537037037037038 0.02239583333333333 0.09259259259259259
0 0.04505208333333333 0.9782407407407406 0.03697916666666666 0.045370370370370366
0 0.6669270833333333 0.8425925925925926 0.0546875 0.20370370370370366
0 0.8291666666666666 0.8236111111111111 0.06145833333333332 0.21388888888888888
0 0.4380208333333333 0.4930555555555555 0.026041666666666664 0.10462962962962963
0 0.4010416666666667 0.4837962962962963 0.02708333333333333 0.12685185185185183
5 0.7072916666666667 0.5143518518518518 0.02395833333333333 0.06574074074074074
0 0.7093749999999999 0.4712962962962962 0.026041666666666664 0.09074074074074073
0 0.73203125 0.47175925925925927 0.0296875 0.08981481481481482
5 0.7666666666666666 0.5412037037037037 0.03125 0.08796296296296295
5 0.5591145833333333 0.4856481481481481 0.0234375 0.11018518518518519
