0 0.22994791666666667 0.8416666666666666 0.06510416666666666 0.2462962962962963
0 0.2869791666666667 0.8453703703703702 0.05520833333333333 0.2537037037037037
0 0.32578124999999997 0.8097222222222221 0.04635416666666667 0.2157407407407407
0 0.35885416666666664 0.850462962962963 0.05520833333333333 0.23425925925925925
0 0.40494791666666663 0.8560185185185184 0.056770833333333326 0.2175925925925926
0 0.7203124999999999 0.712037037037037 0.04583333333333333 0.19814814814814813
0 0.7291666666666666 0.7078703703703703 0.041666666666666664 0.19537037037037036
0 0.8075520833333333 0.5592592592592591 0.027604166666666666 0.09259259259259259
0 0.6705729166666666 0.6930555555555554 0.034895833333333334 0.1824074074074074
0 0.8317708333333332 0.7152777777777778 0.03958333333333333 0.1824074074074074
0 0.7450520833333332 0.7458333333333333 0.04739583333333333 0.19907407407407407
0 0.6716145833333333 0.7444444444444444 0.04427083333333333 0.19629629629629627
0 0.8174479166666667 0.6953703703703703 0.04010416666666667 0.17777777777777776
0 0.4453125 0.5449074074074074 0.023958333333333335 0.10648148148148147
0 0.47343749999999996 0.5310185185185184 0.029166666666666664 0.11944444444444444
0 0.43489583333333337 0.5712962962962963 0.027083333333333334 0.12407407407407406
0 0.48124999999999996 0.5611111111111111 0.03125 0.12407407407407406
0 0.496875 0.5351851851851851 0.026041666666666664 0.11296296296296296
0 0.5380208333333333 0.5393518518518519 0.030208333333333334 0.125
0 0.5093749999999999 0.5592592592592591 0.030208333333333334 0.12962962962962962
0 0.47343749999999996 0.6504629629629629 0.035416666666666666 0.17314814814814813
0 0.49661458333333336 0.6458333333333334 0.04010416666666667 0.16574074074074074
0 0.53125 0.6416666666666667 0.034374999999999996 0.15185185185185185
0 0.55703125 0.6249999999999999 0.03177083333333333 0.13888888888888887
0 0.5869791666666666 0.6212962962962963 0.03229166666666666 0.15185185185185185
0 0.5742187499999999 0.6064814814814814 0.028645833333333332 0.1259259259259259
0 0.5317708333333333 0.6800925925925925 0.04375 0.16574074074074074
0 0.5658854166666667 0.6976851851851852 0.03177083333333333 0.12870370370370368
0 0.6026041666666665 0.7064814814814814 0.040625 0.1925925925925926
0 0.6315104166666667 0.750925925925926 0.041145833333333326 0.2037037037037037
0 0.6182291666666667 0.6138888888888888 0.030208333333333334 0.14074074074074075
0 0.6872395833333332 0.663888888888889 0.034895833333333334 0.1685185185185185
0 0.6502604166666667 0.7157407407407407 0.03697916666666667 0.1648148148148148
0 0.7390625 0.8629629629629628 0.057291666666666664 0.2037037037037037
0 0.8919270833333333 0.8356481481481481 0.058854166666666666 0.21018518518518517
0 0.41666666666666663 0.5037037037037037 0.026041666666666664 0.10370370370370369
0 0.6994791666666667 0.4842592592592592 0.026041666666666664 0.09074074074074073
0 0.7231770833333333 0.48009259259259257 0.0296875 0.0898148148148148
