0 0.21276041666666665 0.8694444444444445 0.0703125 0.25370370370370365
0 0.26848958333333334 0.8731481481481481 0.058854166666666666 0.25370370370370365
0 0.29635416666666664 0.8398148148148149 0.051041666666666666 0.22407407407407404
0 0.3690104166666667 0.836574074074074 0.05572916666666666 0.22685185185185186
0 0.41015625 0.8398148148148147 0.05364583333333332 0.2074074074074074
0 0.7567708333333333 0.7337962962962963 0.05208333333333333 0.2009259259259259
0 0.7651041666666667 0.7282407407407406 0.042708333333333334 0.19722222222222222
5 0.6622395833333333 0.6805555555555556 0.0296875 0.1685185185185185
0 0.8065104166666666 0.5675925925925925 0.027604166666666662 0.09259259259259259
5 0.7221354166666666 0.5180555555555555 0.027604166666666662 0.07685185185185185
0 0.6989583333333333 0.7101851851851851 0.041666666666666664 0.18148148148148147
0 0.8270833333333334 0.7134259259259259 0.041666666666666664 0.18425925925925926
0 0.7125 0.7425925925925926 0.04583333333333333 0.19444444444444445
0 0.6377604166666667 0.7388888888888888 0.04114583333333333 0.1925925925925926
0 0.8013020833333334 0.6874999999999999 0.04010416666666666 0.16574074074074072
0 0.4411458333333333 0.5453703703703703 0.02395833333333333 0.10185185185185183
0 0.4671875 0.5287037037037037 0.02708333333333333 0.11296296296296296
0 0.4317708333333333 0.5731481481481481 0.026041666666666664 0.12407407407407407
0 0.4661458333333333 0.561574074074074 0.03229166666666666 0.12314814814814815
0 0.4872395833333333 0.537962962962963 0.025520833333333333 0.11296296296296296
0 0.5265624999999999 0.5421296296296296 0.029166666666666664 0.12314814814814815
0 0.4953125 0.5587962962962962 0.03020833333333333 0.1287037037037037
0 0.46328125 0.6439814814814815 0.04114583333333333 0.16944444444444445
5 0.6466145833333333 0.6439814814814815 0.027604166666666662 0.14351851851851852
0 0.4841145833333333 0.6430555555555555 0.03177083333333333 0.1638888888888889
0 0.5200520833333333 0.6425925925925926 0.0328125 0.14814814814814814
0 0.5447916666666666 0.6208333333333333 0.03125 0.13796296296296295
0 0.5776041666666666 0.6152777777777777 0.034375 0.13425925925925924
0 0.5661458333333333 0.6060185185185185 0.02708333333333333 0.12685185185185183
0 0.5239583333333333 0.6726851851851852 0.041666666666666664 0.16203703703703703
0 0.5520833333333333 0.6870370370370369 0.02708333333333333 0.12962962962962962
0 0.5776041666666666 0.6981481481481481 0.0375 0.1925925925925926
0 0.6036458333333333 0.7416666666666666 0.040625 0.19814814814814813
0 0.5979166666666667 0.6129629629629629 0.03020833333333333 0.14074074074074075
0 0.6455729166666666 0.6564814814814814 0.033854166666666664 0.1685185185185185
0 0.6226562499999999 0.7097222222222221 0.03697916666666666 0.16203703703703703
0 0.8208333333333334 0.8675925925925926 0.057291666666666664 0.20370370370370366
0 0.9604166666666666 0.837962962962963 0.06354166666666666 0.2074074074074074
5 0.7080729166666666 0.5328703703703703 0.0234375 0.06574074074074074
0 0.6822916666666666 0.4916666666666666 0.026041666666666664 0.09074074074074073
0 0.7122395833333333 0.4893518518518519 0.0296875 0.08981481481481482
5 0.7692708333333333 0.5625 0.03125 0.08796296296296295
5 0.5638020833333333 0.5069444444444444 0.0234375 0.11018518518518519
