0 0.18307291666666664 0.8763888888888889 0.0671875 0.24907407407407406
0 0.24791666666666665 0.874074074074074 0.06145833333333332 0.25370370370370365
0 0.2661458333333333 0.8430555555555556 0.05 0.23055555555555554
0 0.9591145833333334 0.8949074074074073 0.05260416666666666 0.21203703703703702
0 0.37057291666666664 0.7935185185185185 0.05260416666666666 0.2148148148148148
0 0.4161458333333333 0.7967592592592593 0.051041666666666666 0.2009259259259259
0 0.7963541666666667 0.735648148148148 0.04895833333333333 0.21574074074074073
0 0.8111979166666666 0.7277777777777776 0.04635416666666666 0.20370370370370366
5 0.6611979166666666 0.662037037037037 0.0296875 0.1685185185185185
0 0.80234375 0.5592592592592592 0.027604166666666662 0.09259259259259259
5 0.7184895833333333 0.5046296296296295 0.027604166666666662 0.07592592592592592
0 0.7354166666666667 0.7055555555555555 0.042708333333333334 0.18518518518518517
0 0.8018229166666666 0.6810185185185185 0.0421875 0.16574074074074072
0 0.66875 0.7092592592592591 0.041666666666666664 0.1925925925925926
0 0.6005208333333333 0.7060185185185185 0.03958333333333333 0.18796296296296294
0 0.7765625 0.6560185185185186 0.03958333333333333 0.16759259259259257
0 0.4229166666666667 0.523611111111111 0.02395833333333333 0.09907407407407406
0 0.4499999999999999 0.5013888888888889 0.026041666666666664 0.11203703703703702
0 0.42578125 0.5472222222222222 0.025520833333333333 0.12407407407407407
0 0.45234374999999993 0.5351851851851851 0.03072916666666666 0.12407407407407407
0 0.4747395833333333 0.5120370370370371 0.025520833333333333 0.11296296296296296
0 0.5083333333333333 0.512962962962963 0.026041666666666664 0.12037037037037038
0 0.4802083333333333 0.5328703703703703 0.03125 0.12685185185185183
0 0.4421875 0.6124999999999999 0.04375 0.16574074074074072
5 0.6406249999999999 0.6282407407407408 0.029166666666666664 0.14351851851851852
0 0.4794270833333333 0.6134259259259258 0.03177083333333333 0.16018518518518518
0 0.5049479166666667 0.6152777777777778 0.03177083333333333 0.14537037037037037
0 0.5283854166666666 0.5893518518518519 0.033854166666666664 0.13425925925925924
0 0.5609374999999999 0.5898148148148148 0.03229166666666666 0.13148148148148148
0 0.5541666666666666 0.5773148148148148 0.028125 0.11944444444444444
0 0.5109374999999999 0.6393518518518518 0.035416666666666666 0.15648148148148147
0 0.5395833333333333 0.6555555555555554 0.02708333333333333 0.1222222222222222
0 0.5567708333333333 0.6634259259259259 0.0375 0.1787037037037037
0 0.5575520833333333 0.7064814814814815 0.04114583333333333 0.19444444444444445
0 0.5885416666666667 0.5842592592592591 0.03020833333333333 0.14074074074074075
0 0.61015625 0.6217592592592591 0.033854166666666664 0.15462962962962962
0 0.60234375 0.673148148148148 0.04114583333333333 0.1537037037037037
0 0.9169270833333332 0.8546296296296296 0.05364583333333332 0.20185185185185187
5 0.7041666666666667 0.5217592592592591 0.02395833333333333 0.06574074074074074
0 0.6661458333333333 0.4814814814814814 0.028125 0.09074074074074073
0 0.6888020833333333 0.47824074074074074 0.0328125 0.09537037037037036
5 0.7661458333333333 0.5458333333333333 0.03125 0.08796296296296295
5 0.5625 0.49120370370370364 0.02395833333333333 0.11018518518518519
