0 0.2497395833333333 0.736574074074074 0.0546875 0.2064814814814815
0 0.31744791666666666 0.7393518518518518 0.05052083333333333 0.22685185185185186
0 0.3739583333333333 0.7189814814814814 0.03958333333333333 0.1935185185185185
0 0.2919270833333333 0.8967592592592591 0.0640625 0.2064814814814815
0 0.35494791666666664 0.9013888888888888 0.06302083333333333 0.19537037037037036
0 0.5963541666666666 0.6518518518518518 0.041666666666666664 0.1925925925925926
0 0.6057291666666667 0.6481481481481481 0.03645833333333333 0.1759259259259259
5 0.646875 0.6296296296296295 0.028125 0.1685185185185185
0 0.7903645833333333 0.5296296296296296 0.025520833333333333 0.09259259259259259
5 0.7083333333333333 0.4828703703703704 0.026041666666666664 0.07685185185185185
0 0.6239583333333333 0.6532407407407408 0.03020833333333333 0.1824074074074074
0 0.9111979166666666 0.7152777777777777 0.05364583333333332 0.19166666666666665
0 0.7434895833333333 0.7805555555555556 0.0421875 0.22407407407407404
0 0.7 0.7861111111111111 0.04791666666666666 0.22222222222222224
0 0.8846354166666666 0.7013888888888888 0.0484375 0.19537037037037036
0 0.45078125 0.5416666666666666 0.0234375 0.11111111111111112
0 0.4729166666666667 0.5324074074074074 0.03020833333333333 0.1388888888888889
0 0.4296875 0.5699074074074074 0.03020833333333333 0.13425925925925924
0 0.503125 0.5601851851851851 0.03333333333333333 0.13518518518518519
0 0.5018229166666667 0.5328703703703704 0.025520833333333333 0.12129629629629628
0 0.5361979166666667 0.5356481481481481 0.03177083333333333 0.1324074074074074
0 0.5328125 0.5555555555555556 0.03020833333333333 0.12962962962962962
0 0.5374999999999999 0.6675925925925925 0.04479166666666666 0.19629629629629627
5 0.6270833333333333 0.6050925925925925 0.029166666666666664 0.14351851851851852
0 0.5497395833333333 0.6675925925925925 0.0515625 0.18703703703703703
0 0.5739583333333333 0.6638888888888889 0.0375 0.17407407407407408
0 0.54140625 0.6347222222222222 0.03177083333333333 0.16203703703703703
0 0.6598958333333333 0.6222222222222222 0.03645833333333333 0.15740740740740738
0 0.65390625 0.6175925925925926 0.03177083333333333 0.15185185185185185
0 0.6236979166666666 0.6976851851851851 0.04635416666666666 0.17314814814814813
0 0.6518229166666666 0.7078703703703704 0.033854166666666664 0.13425925925925924
0 0.7458333333333333 0.7074074074074074 0.05416666666666666 0.2
0 0.6479166666666666 0.7847222222222222 0.046875 0.22685185185185186
0 0.7315104166666667 0.6143518518518518 0.03177083333333333 0.14907407407407408
0 0.7835937499999999 0.6592592592592592 0.043229166666666666 0.1759259259259259
0 0.7942708333333333 0.7166666666666666 0.046875 0.1759259259259259
0 0.026041666666666664 0.924537037037037 0.051041666666666666 0.15277777777777776
0 0.056770833333333326 0.9425925925925925 0.055208333333333325 0.11666666666666665
0 0.4375 0.826851851851852 0.055208333333333325 0.20370370370370366
0 0.6156249999999999 0.8180555555555555 0.057291666666666664 0.21759259259259256
0 0.9033854166666666 0.7893518518518519 0.04739583333333333 0.21018518518518517
0 0.47421875 0.4879629629629629 0.028645833333333332 0.1037037037037037
0 0.44791666666666663 0.4810185185185185 0.03229166666666666 0.12314814814814815
0 0.378125 0.47407407407407404 0.03125 0.1222222222222222
5 0.6916666666666667 0.49120370370370364 0.02395833333333333 0.06574074074074074
0 0.7247395833333333 0.4504629629629629 0.024479166666666666 0.08611111111111111
0 0.746875 0.44305555555555554 0.029166666666666664 0.08981481481481482
5 0.7510416666666667 0.5199074074074074 0.03020833333333333 0.08796296296296295
5 0.5385416666666667 0.4652777777777777 0.02395833333333333 0.11018518518518519
