0 0.5703125 0.648611111111111 0.034375 0.18796296296296294
0 0.6052083333333333 0.6550925925925926 0.034375 0.1824074074074074
5 0.6645833333333333 0.6481481481481481 0.03020833333333333 0.1759259259259259
0 0.7403645833333333 0.5203703703703704 0.0234375 0.0962962962962963
5 0.7401041666666666 0.4828703703703704 0.025 0.07685185185185185
0 0.6249999999999999 0.6458333333333333 0.03229166666666666 0.1787037037037037
0 0.4932291666666666 0.6574074074074074 0.028125 0.14074074074074075
0 0.5263020833333333 0.6425925925925926 0.0359375 0.17222222222222222
0 0.6265624999999999 0.6874999999999999 0.041666666666666664 0.16574074074074072
0 0.81640625 0.6652777777777777 0.03697916666666666 0.16203703703703703
0 0.7513020833333333 0.6421296296296296 0.0296875 0.1509259259259259
0 0.7796875 0.6407407407407406 0.03958333333333333 0.16666666666666666
0 0.85 0.6657407407407407 0.0375 0.1685185185185185
5 0.6596354166666666 0.6023148148148147 0.027604166666666662 0.14351851851851852
0 0.2567708333333333 0.7717592592592591 0.046875 0.22129629629629627
0 0.29635416666666664 0.7800925925925926 0.042708333333333334 0.20277777777777778
0 0.284375 0.8291666666666666 0.057291666666666664 0.22129629629629627
0 0.16510416666666666 0.7958333333333333 0.040625 0.21018518518518517
0 0.14427083333333332 0.8949074074074075 0.0625 0.21018518518518517
0 0.4528645833333333 0.6532407407407407 0.033854166666666664 0.16759259259259257
0 0.7752604166666667 0.6694444444444444 0.034895833333333334 0.18518518518518517
0 0.61875 0.724537037037037 0.03958333333333333 0.20462962962962963
0 0.6557291666666666 0.7388888888888888 0.0375 0.18518518518518517
0 0.4760416666666666 0.6689814814814815 0.041666666666666664 0.15648148148148147
0 0.7921875 0.7078703703703704 0.03020833333333333 0.11759259259259258
0 0.7799479166666666 0.6976851851851851 0.0359375 0.15462962962962962
0 0.8244791666666667 0.7337962962962963 0.046875 0.21203703703703702
0 0.8635416666666667 0.7342592592592593 0.041666666666666664 0.20185185185185187
0 0.94375 0.7685185185185185 0.06354166666666666 0.21296296296296294
0 0.8046875 0.6921296296296295 0.0375 0.1787037037037037
0 0.9778645833333333 0.7717592592592593 0.03802083333333333 0.2009259259259259
0 0.6203124999999999 0.587962962962963 0.03229166666666666 0.13148148148148148
0 0.5924479166666667 0.5777777777777777 0.03802083333333333 0.14629629629629629
0 0.4604166666666667 0.5819444444444444 0.03333333333333333 0.14907407407407408
0 0.5192708333333333 0.5893518518518518 0.04479166666666666 0.15648148148148147
0 0.5598958333333333 0.5458333333333333 0.02395833333333333 0.10462962962962963
0 0.5364583333333333 0.5449074074074074 0.03020833333333333 0.12685185185185183
0 0.5065104166666667 0.5268518518518518 0.03177083333333333 0.12037037037037038
0 0.4533854166666667 0.5314814814814814 0.03177083333333333 0.11851851851851851
0 0.4151041666666666 0.5268518518518518 0.026041666666666664 0.12037037037037038
0 0.5377604166666666 0.5115740740740741 0.027604166666666662 0.11574074074074074
0 0.5130208333333333 0.5037037037037038 0.02395833333333333 0.11296296296296296
0 0.4932291666666666 0.5037037037037037 0.026041666666666664 0.12962962962962962
0 0.4755208333333333 0.5092592592592593 0.026041666666666664 0.12037037037037038
0 0.4276041666666667 0.4967592592592592 0.02708333333333333 0.11574074074074074
0 0.4919270833333333 0.48240740740740745 0.025520833333333333 0.1074074074074074
0 0.425 0.4689814814814815 0.02395833333333333 0.09907407407407406
0 0.5341145833333333 0.5268518518518518 0.021354166666666667 0.1074074074074074
5 0.7223958333333333 0.49120370370370364 0.02395833333333333 0.06574074074074074
0 0.4705729166666667 0.4851851851851851 0.025520833333333333 0.12407407407407407
0 0.7669270833333333 0.44259259259259254 0.01927083333333333 0.07407407407407407
0 0.775 0.4375 0.02708333333333333 0.0824074074074074
5 0.7869791666666667 0.524537037037037 0.03020833333333333 0.08796296296296295
5 0.5822916666666667 0.4662037037037036 0.026041666666666664 0.11018518518518519
