0 0.28385416666666663 0.6935185185185185 0.055208333333333325 0.20555555555555555
0 0.34244791666666663 0.6921296296296295 0.0484375 0.21388888888888888
0 0.4122395833333333 0.6842592592592591 0.0359375 0.18518518518518517
0 0.22552083333333334 0.9319444444444445 0.07604166666666666 0.13796296296296295
0 0.3125 0.937962962962963 0.05625 0.1259259259259259
0 0.5390624999999999 0.625462962962963 0.041666666666666664 0.1824074074074074
0 0.5630208333333333 0.6254629629629629 0.034375 0.18055555555555552
5 0.6489583333333333 0.6296296296296295 0.028125 0.1685185185185185
0 0.7921874999999999 0.5226851851851851 0.026041666666666664 0.09351851851851851
5 0.7062499999999999 0.4763888888888889 0.026041666666666664 0.07685185185185185
0 0.6239583333333333 0.6476851851851851 0.0375 0.18055555555555552
0 0.7343749999999999 0.8435185185185186 0.04791666666666666 0.2444444444444444
0 0.6846354166666666 0.8393518518518519 0.0546875 0.24722222222222218
0 0.4575520833333333 0.5601851851851851 0.0234375 0.11296296296296296
0 0.4864583333333333 0.5439814814814815 0.03125 0.14537037037037037
0 0.4455729166666666 0.5907407407407407 0.0296875 0.14074074074074075
0 0.5325520833333333 0.5745370370370371 0.03072916666666666 0.14351851851851852
0 0.5106770833333333 0.548148148148148 0.025520833333333333 0.13518518518518519
0 0.5348958333333333 0.549074074074074 0.028125 0.14074074074074075
0 0.5596354166666666 0.5703703703703703 0.033854166666666664 0.13518518518518519
0 0.6432291666666667 0.7013888888888888 0.04583333333333333 0.20462962962962963
5 0.6278645833333333 0.6004629629629629 0.0296875 0.14351851851851852
0 0.6690104166666666 0.6907407407407407 0.043229166666666666 0.1907407407407407
0 0.6927083333333333 0.6874999999999999 0.041666666666666664 0.17314814814814813
0 0.5854166666666666 0.6652777777777777 0.04791666666666666 0.17685185185185184
0 0.74375 0.6449074074074074 0.03645833333333333 0.16759259259259257
0 0.7619791666666667 0.6407407407407406 0.03020833333333333 0.1537037037037037
0 0.7705729166666667 0.7120370370370369 0.05989583333333333 0.18518518518518517
0 0.7924479166666666 0.7231481481481481 0.033854166666666664 0.14074074074074075
0 0.8838541666666666 0.7143518518518518 0.06145833333333332 0.19907407407407407
0 0.61796875 0.8425925925925926 0.05364583333333332 0.25925925925925924
0 0.79375 0.6439814814814815 0.040625 0.17129629629629628
0 0.8638020833333334 0.6930555555555555 0.04635416666666666 0.19537037037037036
0 0.9541666666666666 0.725462962962963 0.053125 0.17685185185185184
0 0.06223958333333333 0.8958333333333333 0.0578125 0.2064814814814815
0 0.11119791666666665 0.9115740740740741 0.0546875 0.1787037037037037
0 0.05572916666666666 0.961574074074074 0.05416666666666666 0.07685185185185185
0 0.26953125 0.8157407407407407 0.058854166666666666 0.20370370370370366
0 0.4270833333333333 0.8277777777777778 0.065625 0.22407407407407404
0 0.7414062499999999 0.7611111111111111 0.049479166666666664 0.20925925925925926
0 0.9317708333333332 0.7550925925925925 0.05208333333333333 0.20462962962962963
0 0.8276041666666666 0.7513888888888889 0.046875 0.21203703703703702
0 0.8265625 0.749074074074074 0.04375 0.19629629629629627
0 0.8640625 0.7439814814814814 0.05 0.17314814814814813
0 0.9575520833333334 0.7828703703703703 0.04010416666666666 0.1361111111111111
0 0.51015625 0.5032407407407408 0.0328125 0.10648148148148147
0 0.4833333333333333 0.4976851851851851 0.03229166666666666 0.12314814814814815
0 0.4109375 0.4935185185185185 0.03020833333333333 0.1259259259259259
0 0.8296875 0.5601851851851851 0.03125 0.14074074074074075
0 0.4346354166666667 0.4879629629629629 0.025520833333333333 0.09074074074074073
0 0.41640625 0.4768518518518518 0.025520833333333333 0.10185185185185183
0 0.4192708333333333 0.4856481481481481 0.025 0.11203703703703702
5 0.6911458333333333 0.48472222222222217 0.02395833333333333 0.06574074074074074
0 0.7442708333333333 0.4379629629629629 0.01875 0.07407407407407407
0 0.7533854166666666 0.4384259259259259 0.027604166666666662 0.08611111111111111
5 0.753125 0.5152777777777777 0.03020833333333333 0.08796296296296295
5 0.5416666666666667 0.461574074074074 0.02395833333333333 0.11018518518518519
