0 0.28411458333333334 0.6981481481481481 0.0546875 0.20740740740740737
0 0.34244791666666663 0.6944444444444444 0.049479166666666664 0.2148148148148148
0 0.41015624999999994 0.6851851851851852 0.0359375 0.18518518518518517
0 0.22760416666666666 0.9305555555555555 0.075 0.14074074074074075
0 0.3143229166666666 0.937037037037037 0.0546875 0.12777777777777777
0 0.5411458333333333 0.6268518518518518 0.041666666666666664 0.18333333333333332
0 0.5640625 0.6268518518518518 0.034374999999999996 0.18148148148148147
0 0.6484375 0.6296296296296297 0.028124999999999997 0.1685185185185185
0 0.7921874999999999 0.5226851851851851 0.026041666666666664 0.09351851851851851
0 0.7062499999999999 0.4763888888888888 0.026041666666666664 0.07685185185185185
0 0.6242187499999999 0.649074074074074 0.03802083333333333 0.18148148148148147
0 0.734375 0.8407407407407407 0.046875 0.24259259259259258
0 0.6846354166666667 0.8375 0.0546875 0.24537037037037035
0 0.45703125 0.5601851851851851 0.0234375 0.11296296296296296
0 0.4854166666666666 0.5439814814814814 0.03125 0.14537037037037034
0 0.44505208333333324 0.5902777777777778 0.0296875 0.1398148148148148
0 0.5317708333333333 0.5745370370370371 0.030208333333333334 0.14351851851851852
0 0.5096354166666667 0.548148148148148 0.025520833333333333 0.13518518518518519
0 0.5343749999999999 0.548148148148148 0.028124999999999997 0.14074074074074075
0 0.5583333333333333 0.5694444444444444 0.03333333333333333 0.13333333333333333
0 0.6369791666666667 0.7 0.04791666666666667 0.2037037037037037
0 0.62734375 0.600462962962963 0.0296875 0.14351851851851852
0 0.6622395833333333 0.6907407407407408 0.043229166666666666 0.19074074074074074
0 0.6864583333333332 0.686574074074074 0.040625 0.17314814814814813
0 0.57890625 0.663888888888889 0.04010416666666667 0.17592592592592593
0 0.7401041666666667 0.6430555555555555 0.03645833333333333 0.16574074074074074
0 0.7593749999999999 0.6398148148148147 0.030208333333333334 0.15185185185185185
0 0.7661458333333333 0.712037037037037 0.06145833333333333 0.18518518518518517
0 0.7851562499999999 0.7231481481481481 0.033854166666666664 0.14074074074074075
0 0.8765624999999999 0.7143518518518518 0.06145833333333333 0.19907407407407407
0 0.6200520833333333 0.8407407407407407 0.05260416666666667 0.25740740740740736
0 0.7906249999999999 0.6430555555555555 0.040625 0.17129629629629628
0 0.8588541666666667 0.6916666666666667 0.04583333333333333 0.19444444444444445
0 0.9489583333333332 0.724537037037037 0.05520833333333333 0.17685185185185184
0 0.060156249999999994 0.8972222222222221 0.057812499999999996 0.2037037037037037
0 0.10807291666666666 0.912962962962963 0.0546875 0.17592592592592593
0 0.05260416666666667 0.9638888888888888 0.05416666666666667 0.07222222222222222
0 0.27265625 0.8175925925925926 0.06302083333333333 0.2037037037037037
0 0.4385416666666666 0.8296296296296295 0.06770833333333333 0.22407407407407404
0 0.7466145833333332 0.7615740740740741 0.05260416666666667 0.21018518518518517
0 0.9385416666666665 0.7555555555555556 0.057291666666666664 0.20185185185185184
0 0.8341145833333332 0.7518518518518518 0.05052083333333333 0.20925925925925926
0 0.8328125 0.7490740740740739 0.04375 0.19629629629629627
0 0.8695312499999999 0.7444444444444444 0.04739583333333333 0.17407407407407408
0 0.9638020833333333 0.7847222222222221 0.03802083333333333 0.13796296296296295
0 0.5091145833333333 0.5032407407407408 0.03177083333333333 0.10648148148148147
0 0.4817708333333333 0.49675925925925923 0.03229166666666666 0.12314814814814815
0 0.40963541666666664 0.4925925925925926 0.030729166666666665 0.1259259259259259
0 0.8307291666666666 0.5601851851851851 0.03125 0.14074074074074075
0 0.43229166666666663 0.48796296296296293 0.026041666666666664 0.09074074074074073
0 0.41380208333333335 0.4768518518518518 0.025520833333333333 0.10185185185185185
0 0.41666666666666663 0.4856481481481481 0.024999999999999998 0.11203703703703702
0 0.6911458333333332 0.4847222222222222 0.023958333333333335 0.06574074074074074
0 0.74375 0.43796296296296294 0.01875 0.07407407407407408
0 0.7528645833333333 0.43981481481481477 0.027604166666666666 0.08703703703703704
0 0.7531249999999999 0.5162037037037037 0.030208333333333334 0.08796296296296297
0 0.5406249999999999 0.461574074074074 0.023958333333333335 0.11018518518518518
