0 0.2872395833333333 0.6689814814814814 0.05260416666666666 0.19907407407407407
0 0.34322916666666664 0.674074074074074 0.04479166666666666 0.2074074074074074
0 0.4268229166666666 0.6671296296296296 0.0359375 0.1824074074074074
0 0.20052083333333334 0.9462962962962962 0.06979166666666667 0.1074074074074074
0 0.29036458333333337 0.9527777777777777 0.07760416666666667 0.0962962962962963
0 0.5307291666666667 0.6157407407407407 0.03958333333333333 0.17962962962962964
0 0.5572916666666666 0.6143518518518517 0.034375 0.17129629629629628
5 0.653125 0.624074074074074 0.028125 0.1685185185185185
0 0.7945312499999999 0.5143518518518518 0.024479166666666666 0.09351851851851851
5 0.7093749999999999 0.4708333333333333 0.026041666666666664 0.07685185185185185
0 0.6223958333333333 0.638425925925926 0.03645833333333333 0.17685185185185184
0 0.7354166666666667 0.8662037037037036 0.05208333333333333 0.25462962962962965
0 0.6763020833333333 0.8638888888888889 0.0546875 0.24814814814814815
0 0.4606770833333333 0.5638888888888889 0.0234375 0.11296296296296296
0 0.4921874999999999 0.548148148148148 0.029166666666666664 0.14629629629629629
0 0.453125 0.5967592592592592 0.03020833333333333 0.14351851851851852
0 0.54765625 0.5787037037037036 0.033854166666666664 0.14629629629629629
0 0.5145833333333333 0.5527777777777777 0.026041666666666664 0.13518518518518519
0 0.5346354166666666 0.549537037037037 0.03072916666666666 0.14351851851851852
0 0.5794270833333333 0.5763888888888888 0.03177083333333333 0.14351851851851852
0 0.7130208333333333 0.700462962962963 0.04583333333333333 0.2064814814814815
5 0.6309895833333333 0.5949074074074073 0.0296875 0.14351851851851852
0 0.7338541666666667 0.6949074074074074 0.042708333333333334 0.18981481481481483
0 0.7557291666666666 0.6902777777777778 0.04375 0.18055555555555552
0 0.6419270833333333 0.6712962962962962 0.0515625 0.17777777777777776
0 0.7765624999999999 0.6532407407407407 0.041666666666666664 0.16759259259259257
0 0.7885416666666666 0.6472222222222221 0.03125 0.16666666666666666
0 0.8208333333333332 0.7157407407407407 0.053125 0.18518518518518517
0 0.85 0.7282407407407407 0.03854166666666666 0.1398148148148148
0 0.9614583333333332 0.711574074074074 0.059375 0.19907407407407407
0 0.6041666666666666 0.860648148148148 0.05625 0.262037037037037
0 0.8216145833333334 0.6467592592592591 0.04010416666666666 0.17129629629629628
0 0.9119791666666666 0.7 0.04583333333333333 0.19629629629629627
0 0.08489583333333332 0.8847222222222222 0.06041666666666666 0.2287037037037037
0 0.1421875 0.899537037037037 0.055208333333333325 0.20277777777777778
0 0.08020833333333333 0.9449074074074073 0.055208333333333325 0.11018518518518519
0 0.228125 0.811574074074074 0.041666666666666664 0.20462962962962963
0 0.34374999999999994 0.825462962962963 0.06770833333333333 0.22314814814814815
0 0.6895833333333333 0.7388888888888888 0.040625 0.20185185185185187
0 0.8656249999999999 0.7449074074074074 0.05833333333333333 0.2064814814814815
0 0.7796875 0.7393518518518518 0.05 0.21203703703703702
0 0.7770833333333333 0.737037037037037 0.0375 0.19629629629629627
0 0.8138020833333334 0.7384259259259258 0.04635416666666666 0.17314814814814813
0 0.9036458333333333 0.7726851851851851 0.042708333333333334 0.1324074074074074
0 0.5255208333333333 0.5013888888888889 0.03020833333333333 0.10648148148148147
0 0.4994791666666666 0.4939814814814814 0.03229166666666666 0.12314814814814815
0 0.4190104166666666 0.49722222222222223 0.0296875 0.1259259259259259
0 0.809375 0.5699074074074074 0.03020833333333333 0.1398148148148148
0 0.45703125 0.48611111111111105 0.0234375 0.09074074074074073
0 0.44062499999999993 0.4768518518518518 0.026041666666666664 0.10185185185185183
0 0.39479166666666665 0.4703703703703703 0.029166666666666664 0.11296296296296296
0 0.4427083333333333 0.47638888888888886 0.025 0.11018518518518519
5 0.69375 0.48287037037037034 0.02395833333333333 0.06574074074074074
0 0.7484375 0.43148148148148147 0.01875 0.07407407407407407
0 0.75625 0.42824074074074076 0.02708333333333333 0.0824074074074074
5 0.7578125 0.5115740740740741 0.03020833333333333 0.08796296296296295
5 0.546875 0.45601851851851843 0.02395833333333333 0.11018518518518519
