0 0.22656249999999994 0.6064814814814814 0.04583333333333333 0.17962962962962964
0 0.284375 0.6138888888888888 0.04479166666666666 0.17407407407407408
0 0.29817708333333337 0.6347222222222222 0.04635416666666666 0.17314814814814813
0 0.5458333333333333 0.6398148148148148 0.034375 0.18703703703703703
0 0.5786458333333333 0.6356481481481482 0.034375 0.17685185185185184
5 0.6513020833333333 0.637962962962963 0.0296875 0.1759259259259259
0 0.7307291666666667 0.5203703703703704 0.02395833333333333 0.0962962962962963
5 0.7278645833333333 0.48009259259259257 0.025520833333333333 0.07685185185185185
0 0.61328125 0.6384259259259258 0.03177083333333333 0.1787037037037037
0 0.6901041666666666 0.9648148148148147 0.06041666666666666 0.07222222222222222
0 0.61484375 0.961574074074074 0.0640625 0.07870370370370369
0 0.46484375 0.6287037037037037 0.0265625 0.137037037037037
0 0.4968749999999999 0.611574074074074 0.035416666666666666 0.16203703703703703
0 0.5325520833333333 0.6587962962962962 0.03697916666666666 0.16018518518518518
0 0.7348958333333333 0.6333333333333332 0.034375 0.14629629629629629
0 0.6359375 0.6143518518518518 0.03020833333333333 0.13796296296296295
0 0.6768229166666666 0.6138888888888888 0.0421875 0.16296296296296295
0 0.7697916666666667 0.6310185185185185 0.03125 0.14907407407407408
5 0.6463541666666667 0.6032407407407407 0.03020833333333333 0.14351851851851852
0 0.9317708333333332 0.7425925925925926 0.05833333333333333 0.20185185185185187
0 0.9640625 0.7444444444444445 0.057291666666666664 0.19629629629629627
0 0.9234375 0.7291666666666666 0.03854166666666666 0.18796296296296294
0 0.5203125 0.9541666666666668 0.06145833333333332 0.09351851851851851
0 0.9776041666666666 0.7226851851851851 0.034375 0.18796296296296294
0 0.20859375 0.8032407407407407 0.05052083333333333 0.23796296296296293
0 0.25885416666666666 0.811574074074074 0.04791666666666666 0.21759259259259256
0 0.22760416666666666 0.875462962962963 0.059375 0.23055555555555554
0 0.10651041666666668 0.811574074074074 0.03802083333333333 0.21018518518518517
0 0.12317708333333333 0.8560185185185185 0.0484375 0.24351851851851852
0 0.48671875 0.6694444444444445 0.0390625 0.17777777777777776
0 0.7695312499999999 0.6810185185185185 0.04010416666666666 0.1824074074074074
0 0.6072916666666667 0.7212962962962962 0.03958333333333333 0.20370370370370366
0 0.6356770833333333 0.7254629629629629 0.0328125 0.1787037037037037
0 0.5559895833333333 0.6893518518518518 0.0453125 0.16018518518518518
0 0.790625 0.7222222222222221 0.034375 0.11851851851851851
0 0.7359375 0.7273148148148147 0.040625 0.15462962962962962
0 0.8942708333333332 0.7601851851851852 0.0625 0.22037037037037038
0 0.91875 0.7550925925925925 0.053125 0.21018518518518517
0 0.7705729166666666 0.7157407407407407 0.04010416666666666 0.18703703703703703
0 0.5890624999999999 0.5662037037037038 0.029166666666666664 0.1324074074074074
0 0.5614583333333333 0.5513888888888889 0.034375 0.1398148148148148
0 0.4533854166666666 0.5541666666666666 0.033854166666666664 0.14351851851851852
0 0.5932291666666667 0.5898148148148147 0.042708333333333334 0.15925925925925927
0 0.5338541666666666 0.524074074074074 0.021875 0.1037037037037037
0 0.5109375 0.5157407407407407 0.03020833333333333 0.1074074074074074
0 0.4786458333333333 0.5078703703703704 0.03020833333333333 0.12129629629629628
0 0.4359375 0.5092592592592593 0.03020833333333333 0.11296296296296296
0 0.4098958333333333 0.5097222222222222 0.025 0.11574074074074074
0 0.4997395833333333 0.4893518518518518 0.025520833333333333 0.11018518518518519
0 0.4744791666666667 0.48611111111111105 0.02395833333333333 0.11296296296296296
0 0.4552083333333333 0.48287037037037034 0.026041666666666664 0.12314814814814815
0 0.4380208333333333 0.4893518518518519 0.02395833333333333 0.11574074074074074
0 0.39999999999999997 0.4796296296296296 0.02395833333333333 0.10925925925925925
0 0.4247395833333333 0.4703703703703703 0.025520833333333333 0.1074074074074074
0 0.5171875 0.5157407407407407 0.021875 0.1074074074074074
5 0.7098958333333333 0.4921296296296296 0.02395833333333333 0.06574074074074074
0 0.40546875 0.4708333333333333 0.0234375 0.12314814814814815
0 0.7552083333333333 0.43888888888888883 0.019791666666666666 0.07407407407407407
0 0.7630208333333333 0.4337962962962963 0.02708333333333333 0.0824074074074074
5 0.7744791666666667 0.5208333333333333 0.03020833333333333 0.08796296296296295
5 0.56875 0.46342592592592585 0.025 0.11018518518518519
