0 0.2528645833333333 0.736574074074074 0.0546875 0.2064814814814815
0 0.31901041666666663 0.7351851851851852 0.05052083333333333 0.22407407407407404
0 0.37760416666666663 0.7171296296296296 0.03958333333333333 0.1935185185185185
0 0.28776041666666663 0.8981481481481481 0.0640625 0.20370370370370366
0 0.35260416666666666 0.9037037037037037 0.06354166666666666 0.1907407407407407
0 0.5927083333333333 0.6504629629629629 0.041666666666666664 0.19166666666666665
0 0.6018229166666667 0.6467592592592593 0.0359375 0.17685185185185184
5 0.6463541666666666 0.6296296296296295 0.028125 0.1685185185185185
0 0.7903645833333333 0.5296296296296296 0.025520833333333333 0.09259259259259259
5 0.7078125 0.4828703703703704 0.026041666666666664 0.07685185185185185
0 0.6226562499999999 0.6523148148148148 0.03072916666666666 0.1824074074074074
0 0.9158854166666666 0.7157407407407407 0.0515625 0.1925925925925926
0 0.7427083333333333 0.7828703703703703 0.041666666666666664 0.225
0 0.6989583333333333 0.7898148148148147 0.04791666666666666 0.22407407407407404
0 0.8895833333333334 0.7023148148148148 0.04791666666666666 0.19537037037037036
0 0.4513020833333333 0.5421296296296296 0.0234375 0.11203703703703702
0 0.47265625 0.5328703703703704 0.0296875 0.1398148148148148
0 0.4302083333333333 0.5703703703703703 0.03020833333333333 0.13518518518518519
0 0.5036458333333333 0.5606481481481481 0.03333333333333333 0.1361111111111111
0 0.50234375 0.5328703703703704 0.025520833333333333 0.12129629629629628
0 0.53515625 0.537037037037037 0.03177083333333333 0.13333333333333333
0 0.5338541666666667 0.5555555555555556 0.03020833333333333 0.12962962962962962
0 0.5434895833333333 0.6694444444444445 0.0390625 0.19629629629629627
5 0.6265624999999999 0.6050925925925925 0.029166666666666664 0.14351851851851852
0 0.5533854166666666 0.6689814814814815 0.049479166666666664 0.18425925925925926
0 0.5768229166666667 0.6648148148148147 0.03802083333333333 0.17407407407407408
0 0.5401041666666666 0.6328703703703703 0.03125 0.16203703703703703
0 0.6651041666666667 0.6231481481481481 0.03645833333333333 0.15740740740740738
0 0.6604166666666667 0.6185185185185185 0.03125 0.15185185185185185
0 0.6317708333333333 0.6986111111111111 0.046875 0.17314814814814813
0 0.65703125 0.7097222222222221 0.033854166666666664 0.13425925925925924
0 0.7533854166666666 0.7069444444444444 0.05572916666666666 0.19907407407407407
0 0.6460937499999999 0.7884259259259259 0.04635416666666666 0.2324074074074074
0 0.73515625 0.6171296296296296 0.033854166666666664 0.15462962962962962
0 0.7877604166666666 0.6606481481481481 0.0421875 0.1787037037037037
0 0.803125 0.7171296296296296 0.03958333333333333 0.17685185185185184
0 0.02630208333333333 0.923148148148148 0.0515625 0.15555555555555553
0 0.058854166666666666 0.9407407407407407 0.05416666666666666 0.12037037037037038
0 0.4263020833333333 0.825925925925926 0.0546875 0.20370370370370366
0 0.6033854166666667 0.8189814814814815 0.05989583333333333 0.21944444444444441
0 0.8908854166666667 0.7893518518518519 0.0640625 0.21018518518518517
0 0.9708333333333332 0.7652777777777777 0.046875 0.21388888888888888
0 0.47578124999999993 0.4879629629629629 0.03072916666666666 0.1037037037037037
0 0.4494791666666666 0.4819444444444444 0.03229166666666666 0.12314814814814815
0 0.37968749999999996 0.47592592592592586 0.03020833333333333 0.1222222222222222
0 0.37994791666666666 0.48240740740740734 0.027604166666666662 0.09074074074074073
5 0.6911458333333333 0.49120370370370364 0.02395833333333333 0.06574074074074074
0 0.725 0.4499999999999999 0.02395833333333333 0.08518518518518518
0 0.7471354166666667 0.4421296296296296 0.028645833333333332 0.08981481481481482
5 0.7505208333333333 0.5199074074074074 0.03020833333333333 0.08796296296296295
5 0.5380208333333333 0.4643518518518518 0.02395833333333333 0.11018518518518519
