0 0.2869791666666667 0.6643518518518519 0.053125 0.19722222222222222
0 0.34322916666666664 0.6694444444444445 0.04479166666666666 0.2074074074074074
0 0.4291666666666667 0.6625 0.03645833333333333 0.1824074074074074
0 0.19661458333333331 0.9513888888888887 0.0671875 0.09722222222222222
0 0.2841145833333333 0.9574074074074073 0.08177083333333332 0.08703703703703704
0 0.5312499999999999 0.6148148148148148 0.03854166666666666 0.17962962962962964
0 0.5588541666666667 0.6134259259259258 0.034375 0.17314814814814813
5 0.6536458333333333 0.6231481481481481 0.028125 0.1685185185185185
0 0.7947916666666667 0.5120370370370371 0.02395833333333333 0.09259259259259259
5 0.7104166666666666 0.4708333333333333 0.026041666666666664 0.07685185185185185
0 0.6223958333333333 0.6365740740740741 0.03645833333333333 0.17685185185185184
0 0.7330729166666666 0.8699074074074075 0.05260416666666666 0.25462962962962965
0 0.6757812499999999 0.8694444444444445 0.05572916666666666 0.24814814814814815
0 0.4611979166666666 0.5648148148148148 0.0234375 0.11296296296296296
0 0.4945312499999999 0.5509259259259259 0.027604166666666662 0.14629629629629629
0 0.4536458333333333 0.5967592592592592 0.03020833333333333 0.14351851851851852
0 0.553125 0.5796296296296296 0.034375 0.14629629629629629
0 0.5156249999999999 0.5546296296296296 0.026041666666666664 0.13518518518518519
0 0.5348958333333333 0.55 0.03125 0.14444444444444443
0 0.5838541666666666 0.5782407407407407 0.03125 0.14537037037037037
0 0.73359375 0.7009259259259258 0.0515625 0.20555555555555555
5 0.63203125 0.5930555555555556 0.0296875 0.14351851851851852
0 0.7473958333333333 0.6953703703703703 0.042708333333333334 0.1907407407407407
0 0.7723958333333333 0.6930555555555555 0.04583333333333333 0.1824074074074074
0 0.6575520833333333 0.6726851851851852 0.0515625 0.1787037037037037
0 0.7791666666666666 0.6541666666666666 0.041666666666666664 0.16759259259259257
0 0.7947916666666666 0.6513888888888888 0.03125 0.16759259259259257
0 0.8372395833333333 0.7157407407407407 0.0546875 0.18518518518518517
0 0.8645833333333333 0.7282407407407407 0.0375 0.1398148148148148
0 0.6020833333333333 0.8648148148148149 0.05625 0.2611111111111111
0 0.8270833333333332 0.6476851851851851 0.040625 0.17129629629629628
0 0.9276041666666666 0.7018518518518517 0.04583333333333333 0.19629629629629627
0 0.09140625 0.8824074074074073 0.06197916666666666 0.2333333333333333
0 0.15 0.8972222222222221 0.055208333333333325 0.2074074074074074
0 0.08593749999999999 0.9416666666666668 0.055208333333333325 0.11851851851851851
0 0.21666666666666665 0.8087962962962962 0.04895833333333333 0.20462962962962963
0 0.32916666666666666 0.825 0.075 0.22407407407407404
0 0.675 0.7319444444444445 0.040625 0.19537037037037036
0 0.8598958333333332 0.7449074074074074 0.06145833333333332 0.2064814814814815
0 0.7669270833333333 0.7374999999999999 0.04427083333333333 0.21018518518518517
0 0.7651041666666667 0.735648148148148 0.03645833333333333 0.1935185185185185
0 0.80234375 0.7374999999999999 0.04635416666666666 0.17314814814814813
0 0.8901041666666666 0.7699074074074074 0.042708333333333334 0.1324074074074074
0 0.9791666666666666 0.7722222222222223 0.041666666666666664 0.1648148148148148
0 0.5299479166666667 0.500462962962963 0.028645833333333332 0.10648148148148147
0 0.5020833333333333 0.49537037037037035 0.03229166666666666 0.12407407407407407
0 0.4216145833333333 0.4981481481481481 0.0296875 0.1259259259259259
0 0.80234375 0.5708333333333333 0.03072916666666666 0.1398148148148148
0 0.46328125 0.4851851851851851 0.0234375 0.09074074074074073
0 0.4453124999999999 0.47777777777777775 0.026041666666666664 0.10185185185185183
0 0.39947916666666666 0.4703703703703703 0.029166666666666664 0.11296296296296296
0 0.4494791666666666 0.47453703703703703 0.025 0.10833333333333332
5 0.6947916666666667 0.48287037037037034 0.02395833333333333 0.06574074074074074
0 0.7494791666666666 0.4296296296296296 0.01875 0.07407407407407407
0 0.7557291666666667 0.42824074074074076 0.02708333333333333 0.0824074074074074
5 0.759375 0.5106481481481481 0.03020833333333333 0.08796296296296295
5 0.5484375 0.45509259259259255 0.02395833333333333 0.11018518518518519
