0 0.23515624999999996 0.8185185185185183 0.06614583333333332 0.24259259259259255
0 0.29166666666666663 0.8291666666666666 0.055208333333333325 0.24722222222222218
0 0.33046875 0.7907407407407406 0.0453125 0.20925925925925926
0 0.34687499999999993 0.8546296296296296 0.055208333333333325 0.23518518518518516
0 0.4046875 0.8587962962962962 0.05625 0.22129629629629627
0 0.7083333333333333 0.6986111111111111 0.046875 0.1935185185185185
0 0.7078125 0.6925925925925925 0.03645833333333333 0.18888888888888888
5 0.665625 0.6583333333333333 0.03020833333333333 0.1685185185185185
0 0.8075520833333334 0.5555555555555556 0.027604166666666662 0.09259259259259259
5 0.7218749999999999 0.5046296296296295 0.026041666666666664 0.07592592592592592
0 0.6604166666666667 0.6824074074074074 0.03333333333333333 0.18148148148148147
0 0.8348958333333332 0.711111111111111 0.03958333333333333 0.18518518518518517
0 0.7552083333333333 0.7449074074074074 0.04375 0.2009259259259259
0 0.6895833333333333 0.7453703703703702 0.05833333333333333 0.19629629629629627
0 0.8252604166666666 0.6925925925925925 0.04010416666666666 0.18148148148148147
0 0.4453125 0.5402777777777777 0.02395833333333333 0.10648148148148147
0 0.4744791666666667 0.5282407407407408 0.03020833333333333 0.125
0 0.4338541666666667 0.5675925925925925 0.02708333333333333 0.1259259259259259
0 0.4854166666666667 0.5555555555555556 0.03020833333333333 0.12407407407407407
0 0.4989583333333333 0.5324074074074074 0.026041666666666664 0.11481481481481481
0 0.5403645833333333 0.5342592592592592 0.03177083333333333 0.1259259259259259
0 0.5140625 0.5583333333333333 0.03020833333333333 0.12962962962962962
0 0.4752604166666667 0.6462962962962963 0.04739583333333333 0.17962962962962964
5 0.6463541666666666 0.6291666666666667 0.029166666666666664 0.14351851851851852
0 0.5028645833333333 0.6412037037037037 0.0421875 0.16944444444444445
0 0.5364583333333333 0.638888888888889 0.034375 0.15185185185185185
0 0.56328125 0.6231481481481481 0.03177083333333333 0.14629629629629629
0 0.59140625 0.6194444444444444 0.03177083333333333 0.1537037037037037
0 0.5786458333333333 0.6037037037037037 0.029166666666666664 0.1259259259259259
0 0.5372395833333333 0.6782407407407407 0.04427083333333333 0.16759259259259257
0 0.5690104166666667 0.699537037037037 0.03177083333333333 0.1287037037037037
0 0.6166666666666666 0.7046296296296296 0.040625 0.1925925925925926
0 0.6403645833333333 0.7481481481481481 0.04635416666666666 0.20555555555555555
0 0.6317708333333333 0.6101851851851852 0.029166666666666664 0.14259259259259258
0 0.7010416666666666 0.6601851851851851 0.035416666666666666 0.1685185185185185
0 0.6622395833333333 0.7106481481481481 0.03697916666666666 0.17129629629629628
0 0.010156249999999999 0.9601851851851851 0.01927083333333333 0.07962962962962963
0 0.6955729166666667 0.8490740740740741 0.06302083333333333 0.20370370370370366
0 0.8567708333333333 0.8282407407407406 0.06458333333333333 0.21203703703703702
0 0.4281249999999999 0.49861111111111106 0.026041666666666664 0.10462962962962963
0 0.39557291666666666 0.4875 0.025520833333333333 0.11944444444444444
5 0.7098958333333333 0.5180555555555555 0.02395833333333333 0.06574074074074074
0 0.7046874999999999 0.4777777777777777 0.026041666666666664 0.09074074074074073
0 0.7283854166666666 0.4763888888888889 0.0296875 0.08981481481481482
5 0.7682291666666666 0.5458333333333333 0.03125 0.08796296296296295
5 0.5614583333333333 0.49120370370370364 0.02395833333333333 0.11018518518518519
