0 0.2638020833333333 0.6259259259259259 0.04635416666666666 0.17962962962962964
0 0.32447916666666665 0.6296296296296295 0.041666666666666664 0.1925925925925926
0 0.36249999999999993 0.6476851851851851 0.03333333333333333 0.16759259259259257
0 0.5348958333333333 0.624074074074074 0.035416666666666666 0.18703703703703703
0 0.5619791666666666 0.6222222222222221 0.03125 0.17777777777777776
5 0.6411458333333333 0.6268518518518518 0.028125 0.1685185185185185
0 0.7473958333333333 0.5148148148148148 0.02395833333333333 0.0962962962962963
5 0.7203124999999999 0.47175925925925927 0.026041666666666664 0.07685185185185185
0 0.6033854166666666 0.6365740740740741 0.0359375 0.1787037037037037
0 0.7010416666666666 0.9226851851851852 0.06354166666666666 0.15648148148148147
0 0.6338541666666666 0.9162037037037039 0.065625 0.16759259259259257
0 0.4638020833333333 0.5962962962962963 0.024479166666666666 0.11481481481481481
0 0.4921875 0.5828703703703704 0.034375 0.16018518518518518
0 0.4778645833333333 0.6333333333333332 0.034895833333333334 0.15925925925925927
0 0.6557291666666666 0.6101851851851852 0.034375 0.14629629629629629
0 0.5447916666666666 0.5879629629629629 0.026041666666666664 0.13518518518518519
0 0.5966145833333333 0.5921296296296296 0.04010416666666666 0.16203703703703703
0 0.6825520833333333 0.6060185185185185 0.03177083333333333 0.14907407407407408
5 0.63828125 0.5958333333333333 0.0296875 0.14351851851851852
0 0.9494791666666667 0.7333333333333333 0.05208333333333333 0.19814814814814813
0 0.8255208333333333 0.7185185185185184 0.05208333333333333 0.19814814814814813
0 0.8458333333333334 0.7083333333333333 0.051041666666666666 0.19444444444444445
0 0.8473958333333332 0.6967592592592593 0.034375 0.18796296296296294
0 0.5622395833333333 0.9148148148148147 0.0609375 0.17222222222222222
0 0.8833333333333334 0.7 0.041666666666666664 0.18518518518518517
0 0.16588541666666665 0.8333333333333333 0.05572916666666666 0.23148148148148148
0 0.2177083333333333 0.8472222222222221 0.055208333333333325 0.23148148148148148
0 0.16354166666666664 0.9009259259259259 0.059375 0.2
0 0.09947916666666666 0.8069444444444445 0.0375 0.21018518518518517
0 0.11302083333333332 0.8282407407407406 0.046875 0.23425925925925925
0 0.5536458333333333 0.6930555555555555 0.041666666666666664 0.18796296296296294
0 0.7447916666666667 0.7078703703703704 0.04583333333333333 0.19537037037037036
0 0.6260416666666667 0.7199074074074073 0.04583333333333333 0.19907407407407407
0 0.6421875 0.7157407407407407 0.03645833333333333 0.17962962962962964
0 0.6533854166666666 0.7050925925925926 0.043229166666666666 0.16203703703703703
0 0.771875 0.7476851851851851 0.034375 0.1287037037037037
0 0.775 0.7583333333333333 0.03958333333333333 0.17037037037037037
0 0.79453125 0.7351851851851852 0.0453125 0.19629629629629627
0 0.5651041666666666 0.5305555555555556 0.029166666666666664 0.1074074074074074
0 0.53203125 0.5226851851851853 0.033854166666666664 0.12685185185185183
0 0.4369791666666667 0.5268518518518518 0.03020833333333333 0.13518518518518519
0 0.6807291666666666 0.5888888888888888 0.040625 0.1611111111111111
0 0.5130208333333333 0.5078703703703703 0.02395833333333333 0.09907407407407406
0 0.4838541666666667 0.4981481481481482 0.03020833333333333 0.1074074074074074
0 0.4510416666666666 0.4902777777777777 0.029166666666666664 0.12129629629629628
0 0.42265625 0.4884259259259259 0.0296875 0.11018518518518519
0 0.40390625 0.48657407407407405 0.025520833333333333 0.11203703703703702
0 0.4510416666666667 0.47175925925925916 0.02395833333333333 0.11018518518518519
0 0.4192708333333333 0.4703703703703703 0.02395833333333333 0.11296296296296296
0 0.40546875 0.4652777777777778 0.02239583333333333 0.12314814814814815
0 0.3924479166666667 0.4726851851851851 0.0234375 0.11203703703703702
0 0.49479166666666663 0.49120370370370364 0.025 0.10462962962962963
5 0.70234375 0.4819444444444444 0.0234375 0.06574074074074074
0 0.7502604166666667 0.43425925925925923 0.01927083333333333 0.07407407407407407
0 0.7515625 0.4310185185185185 0.02708333333333333 0.0824074074074074
5 0.765625 0.5152777777777777 0.03020833333333333 0.08796296296296295
5 0.5619791666666666 0.45185185185185184 0.028125 0.10925925925925925
