0 0.5703124999999999 0.6671296296296296 0.035416666666666666 0.19722222222222222
0 0.5940104166666667 0.6796296296296296 0.0390625 0.19444444444444445
5 0.66015625 0.6458333333333333 0.0328125 0.17685185185185184
0 0.7458333333333333 0.5166666666666667 0.02395833333333333 0.0962962962962963
5 0.74921875 0.4791666666666667 0.025520833333333333 0.07685185185185185
0 0.60625 0.6467592592592591 0.03229166666666666 0.17314814814814813
0 0.5119791666666667 0.6796296296296296 0.02708333333333333 0.15185185185185185
0 0.56875 0.6597222222222221 0.046875 0.18055555555555552
0 0.7002604166666666 0.7074074074074074 0.04010416666666666 0.1759259259259259
0 0.8591145833333332 0.6851851851851851 0.03802083333333333 0.17407407407407408
0 0.8489583333333333 0.6574074074074074 0.03020833333333333 0.15185185185185185
0 0.8486979166666666 0.649537037037037 0.0390625 0.16759259259259257
0 0.8916666666666666 0.6847222222222221 0.0375 0.18055555555555552
5 0.6677083333333333 0.6041666666666666 0.02708333333333333 0.14351851851851852
0 0.27994791666666663 0.7435185185185185 0.0453125 0.20925925925925926
0 0.3192708333333333 0.7523148148148148 0.042708333333333334 0.19907407407407407
0 0.31562499999999993 0.7907407407407406 0.05208333333333333 0.20370370370370366
0 0.20703125 0.7666666666666666 0.04427083333333333 0.1925925925925926
0 0.11614583333333332 0.9194444444444445 0.06979166666666667 0.1611111111111111
0 0.4476562499999999 0.6236111111111111 0.033854166666666664 0.16018518518518518
0 0.7630208333333333 0.650462962962963 0.034375 0.1824074074074074
0 0.6453125 0.7263888888888889 0.040625 0.20462962962962963
0 0.6734374999999999 0.7393518518518518 0.04479166666666666 0.1861111111111111
0 0.4151041666666666 0.6458333333333333 0.041666666666666664 0.1472222222222222
0 0.79140625 0.6874999999999999 0.0296875 0.11759259259259258
0 0.7799479166666666 0.6773148148148147 0.0359375 0.1472222222222222
0 0.8294270833333334 0.7069444444444445 0.04635416666666666 0.2009259259259259
0 0.8388020833333332 0.7037037037037037 0.04114583333333333 0.20185185185185187
0 0.84609375 0.7351851851851852 0.05572916666666666 0.20555555555555555
0 0.8078125 0.6726851851851852 0.03645833333333333 0.1787037037037037
0 0.8947916666666667 0.7388888888888888 0.04375 0.18888888888888888
0 0.6442708333333333 0.5949074074074073 0.03229166666666666 0.1324074074074074
0 0.62265625 0.5935185185185186 0.03802083333333333 0.15925925925925927
0 0.4731770833333333 0.6023148148148147 0.034895833333333334 0.16018518518518518
0 0.4588541666666666 0.5773148148148148 0.04375 0.15648148148148147
0 0.5817708333333333 0.5592592592592591 0.028125 0.1037037037037037
0 0.546875 0.5560185185185185 0.03020833333333333 0.12685185185185183
0 0.5151041666666666 0.5319444444444443 0.03229166666666666 0.1287037037037037
0 0.4609375 0.5388888888888889 0.03125 0.11851851851851851
0 0.4200520833333333 0.5375 0.025520833333333333 0.12685185185185183
0 0.5567708333333333 0.5175925925925926 0.028125 0.11481481481481481
0 0.5317708333333333 0.5171296296296296 0.02708333333333333 0.12129629629629628
0 0.5093749999999999 0.5106481481481481 0.026041666666666664 0.13055555555555556
0 0.49479166666666663 0.5189814814814815 0.026041666666666664 0.12129629629629628
0 0.43125 0.5106481481481481 0.028125 0.11574074074074074
0 0.5286458333333333 0.4898148148148148 0.028125 0.1074074074074074
0 0.4588541666666667 0.487962962962963 0.03020833333333333 0.12037037037037038
0 0.4385416666666667 0.46990740740740733 0.020833333333333332 0.09907407407407406
0 0.4299479166666666 0.4749999999999999 0.0265625 0.1037037037037037
0 0.5427083333333333 0.537037037037037 0.021875 0.1074074074074074
5 0.7286458333333333 0.4884259259259259 0.02395833333333333 0.06574074074074074
0 0.5088541666666666 0.49074074074074076 0.026041666666666664 0.12407407407407407
0 0.7731770833333333 0.44259259259259254 0.01927083333333333 0.07407407407407407
0 0.7848958333333333 0.44027777777777777 0.02708333333333333 0.0824074074074074
5 0.7921875 0.5189814814814815 0.03020833333333333 0.08796296296296295
5 0.5848958333333333 0.4652777777777777 0.026041666666666664 0.11018518518518519
