0 0.28229166666666666 0.6472222222222221 0.04895833333333333 0.1907407407407407
0 0.3421875 0.6476851851851851 0.04375 0.19907407407407407
0 0.41640625 0.6532407407407407 0.033854166666666664 0.17314814814814813
0 0.5317708333333333 0.6148148148148148 0.035416666666666666 0.18148148148148147
0 0.5622395833333333 0.6143518518518518 0.033854166666666664 0.175
5 0.6515625 0.6231481481481481 0.028125 0.1685185185185185
0 0.7786458333333333 0.5050925925925925 0.02395833333333333 0.09351851851851851
5 0.715625 0.46805555555555556 0.026041666666666664 0.07685185185185185
0 0.6166666666666666 0.6268518518518518 0.03854166666666666 0.1685185185185185
0 0.7197916666666666 0.8916666666666666 0.05625 0.2148148148148148
0 0.6692708333333333 0.8921296296296296 0.06458333333333333 0.21759259259259256
0 0.46640625 0.5768518518518518 0.0234375 0.11296296296296296
0 0.4955729166666667 0.5648148148148148 0.03177083333333333 0.15185185185185185
0 0.4671875 0.611574074074074 0.03020833333333333 0.15462962962962962
0 0.5973958333333333 0.5976851851851852 0.03333333333333333 0.14537037037037037
0 0.52734375 0.5638888888888889 0.025520833333333333 0.13518518518518519
0 0.5609375 0.5689814814814815 0.034375 0.15277777777777776
0 0.6223958333333333 0.5939814814814814 0.03125 0.14907407407407408
0 0.8421875 0.7143518518518518 0.07291666666666666 0.21018518518518517
5 0.63828125 0.5921296296296296 0.0296875 0.14351851851851852
0 0.8486979166666666 0.7032407407407406 0.0359375 0.19907407407407407
0 0.8705729166666666 0.7023148148148148 0.049479166666666664 0.19166666666666665
0 0.7515624999999999 0.6879629629629629 0.05416666666666666 0.18703703703703703
0 0.8052083333333332 0.6800925925925926 0.05625 0.18981481481481483
0 0.8252604166666666 0.6675925925925925 0.033854166666666664 0.1759259259259259
0 0.9440104166666666 0.7333333333333333 0.06197916666666666 0.18703703703703703
0 0.5942708333333333 0.8861111111111111 0.06145833333333332 0.22592592592592592
0 0.8578125 0.6726851851851852 0.041666666666666664 0.17314814814814813
0 0.12994791666666666 0.861574074074074 0.058854166666666666 0.24537037037037038
0 0.18723958333333332 0.8791666666666667 0.0546875 0.24351851851851852
0 0.12786458333333334 0.9185185185185185 0.0546875 0.1648148148148148
0 0.15546875 0.8092592592592591 0.04114583333333333 0.20370370370370366
0 0.2098958333333333 0.825925925925926 0.04895833333333333 0.22777777777777777
0 0.6192708333333333 0.712962962962963 0.040625 0.18888888888888888
0 0.7768229166666666 0.7287037037037036 0.0515625 0.20370370370370366
0 0.6921875 0.7254629629629629 0.04895833333333333 0.20462962962962963
0 0.6927083333333333 0.7236111111111111 0.0375 0.18055555555555552
0 0.7330729166666666 0.7217592592592592 0.0421875 0.17314814814814813
0 0.8098958333333333 0.7615740740740741 0.042708333333333334 0.13055555555555556
0 0.8890625 0.7657407407407407 0.053125 0.1685185185185185
0 0.8927083333333334 0.7453703703703703 0.051041666666666666 0.19814814814814813
0 0.553125 0.5134259259259258 0.028125 0.10648148148148147
0 0.5221354166666666 0.5069444444444444 0.0328125 0.12685185185185183
0 0.4315104166666666 0.5087962962962962 0.0296875 0.13425925925925924
0 0.7476562499999999 0.5847222222222221 0.04010416666666666 0.16018518518518518
0 0.49531249999999993 0.49120370370370364 0.022916666666666665 0.09166666666666666
0 0.4697916666666667 0.4851851851851852 0.03020833333333333 0.1074074074074074
0 0.4346354166666666 0.47870370370370374 0.0296875 0.11296296296296296
0 0.4098958333333333 0.48009259259259257 0.03020833333333333 0.11203703703703702
0 0.4005208333333333 0.4768518518518518 0.021875 0.1074074074074074
0 0.4083333333333333 0.4652777777777777 0.02395833333333333 0.11018518518518519
0 0.4817708333333333 0.4810185185185185 0.025 0.10462962962962963
5 0.7015625 0.48009259259259257 0.02395833333333333 0.06574074074074074
0 0.7486979166666667 0.4287037037037037 0.01927083333333333 0.07407407407407407
0 0.753125 0.4291666666666666 0.02708333333333333 0.0824074074074074
5 0.7651041666666667 0.5097222222222222 0.03020833333333333 0.08796296296296295
5 0.559375 0.44907407407407407 0.028125 0.10925925925925925
