0 0.2596354166666667 0.724537037037037 0.0546875 0.21018518518518517
0 0.3244791666666667 0.7236111111111111 0.05 0.2175925925925926
0 0.38177083333333334 0.7074074074074074 0.03958333333333334 0.19074074074074074
0 0.27421874999999996 0.9037037037037037 0.06614583333333333 0.1925925925925926
0 0.34036458333333336 0.9111111111111111 0.06302083333333333 0.17777777777777776
0 0.5807291666666666 0.6462962962962963 0.041666666666666664 0.19074074074074074
0 0.5888020833333334 0.6435185185185185 0.033854166666666664 0.1796296296296296
0 0.6458333333333334 0.6314814814814814 0.028125 0.1685185185185185
0 0.7893229166666667 0.5287037037037037 0.025520833333333333 0.09259259259259259
0 0.7067708333333333 0.4819444444444444 0.026041666666666668 0.07685185185185185
0 0.61875 0.6518518518518518 0.0375 0.18148148148148147
0 0.9403645833333334 0.7203703703703703 0.0421875 0.1925925925925926
0 0.7385416666666667 0.7958333333333333 0.042708333333333334 0.22685185185185183
0 0.6947916666666667 0.7995370370370369 0.04791666666666666 0.23055555555555554
0 0.9127604166666669 0.7055555555555556 0.05572916666666666 0.19444444444444445
0 0.4518229166666667 0.5453703703703704 0.0234375 0.11296296296296296
0 0.47447916666666673 0.5347222222222221 0.030208333333333334 0.1398148148148148
0 0.4322916666666667 0.5736111111111111 0.030208333333333334 0.1361111111111111
0 0.50625 0.5597222222222221 0.03333333333333333 0.13796296296296295
0 0.50390625 0.5333333333333333 0.025520833333333333 0.12222222222222222
0 0.5328125 0.5416666666666666 0.03229166666666667 0.137037037037037
0 0.5354166666666667 0.5555555555555555 0.030208333333333334 0.12962962962962962
0 0.5570312500000001 0.6768518518518519 0.0484375 0.19444444444444445
0 0.6247395833333335 0.6050925925925926 0.029687500000000002 0.14351851851851852
0 0.5731770833333334 0.6712962962962962 0.0421875 0.18703703703703703
0 0.5934895833333333 0.6726851851851852 0.03697916666666667 0.17314814814814813
0 0.53515625 0.6449074074074074 0.04010416666666666 0.17129629629629628
0 0.68125 0.6259259259259259 0.036458333333333336 0.1574074074074074
0 0.6828125 0.624074074074074 0.03125 0.15185185185185185
0 0.6591145833333334 0.7032407407407407 0.0453125 0.175
0 0.6776041666666667 0.7171296296296297 0.03333333333333333 0.13425925925925924
0 0.7765624999999999 0.7101851851851851 0.05625 0.19814814814814813
0 0.6416666666666666 0.7967592592592593 0.046875 0.2361111111111111
0 0.7473958333333334 0.6268518518518519 0.03958333333333334 0.17037037037037037
0 0.8005208333333335 0.6703703703703704 0.042708333333333334 0.18333333333333332
0 0.8309895833333334 0.7185185185185184 0.05677083333333334 0.17592592592592593
0 0.02786458333333333 0.9185185185185184 0.0546875 0.1648148148148148
0 0.06640625 0.9333333333333333 0.05260416666666667 0.13333333333333333
0 0.39140625 0.8226851851851851 0.05260416666666667 0.2046296296296296
0 0.5658854166666667 0.8157407407407408 0.04739583333333334 0.22037037037037036
0 0.8591145833333333 0.7851851851851851 0.058854166666666666 0.20925925925925926
0 0.9403645833333334 0.762962962962963 0.058854166666666666 0.2185185185185185
0 0.9364583333333334 0.7574074074074074 0.040625 0.20185185185185184
0 0.4859375 0.49027777777777776 0.052083333333333336 0.10833333333333334
0 0.4567708333333333 0.48472222222222217 0.03229166666666667 0.12314814814814815
0 0.3859375 0.4805555555555555 0.028125 0.12407407407407406
0 0.3916666666666667 0.4824074074074074 0.026041666666666668 0.09074074074074073
0 0.6890625 0.48981481481481476 0.02395833333333333 0.06666666666666667
0 0.7265625 0.44907407407407407 0.02291666666666667 0.08333333333333333
0 0.7473958333333334 0.44490740740740736 0.028125 0.0898148148148148
0 0.7489583333333334 0.5199074074074074 0.030208333333333334 0.08796296296296297
0 0.5369791666666667 0.4643518518518518 0.02395833333333333 0.11018518518518518
