0 0.5713541666666666 0.649537037037037 0.034375 0.18796296296296294
0 0.6067708333333333 0.6578703703703703 0.034375 0.1824074074074074
5 0.665625 0.6481481481481481 0.03020833333333333 0.1759259259259259
0 0.74140625 0.5203703703703704 0.0234375 0.0962962962962963
5 0.7408854166666667 0.4828703703703704 0.025520833333333333 0.07685185185185185
0 0.6249999999999999 0.6462962962962961 0.03229166666666666 0.17777777777777776
0 0.4955729166666666 0.6597222222222221 0.027604166666666662 0.14166666666666666
0 0.52890625 0.6439814814814814 0.0359375 0.17314814814814813
0 0.6346354166666666 0.6884259259259259 0.0421875 0.16574074074074072
0 0.8205729166666667 0.6662037037037036 0.03802083333333333 0.16203703703703703
0 0.76015625 0.6430555555555555 0.0296875 0.1509259259259259
0 0.7869791666666667 0.6425925925925926 0.03958333333333333 0.16666666666666666
0 0.8541666666666666 0.6675925925925925 0.0375 0.1685185185185185
5 0.6601562499999999 0.6032407407407407 0.027604166666666662 0.14351851851851852
0 0.2596354166666667 0.7689814814814815 0.04635416666666666 0.21944444444444441
0 0.29843749999999997 0.7777777777777778 0.042708333333333334 0.20185185185185187
0 0.2875 0.826388888888889 0.05625 0.22129629629629627
0 0.1703125 0.7912037037037036 0.040625 0.21018518518518517
0 0.1442708333333333 0.8967592592592591 0.06145833333333332 0.20462962962962963
0 0.4526041666666666 0.6504629629629629 0.034375 0.16759259259259257
0 0.7763020833333333 0.6675925925925925 0.034895833333333334 0.18518518518518517
0 0.6195312499999999 0.724537037037037 0.04010416666666666 0.20462962962962963
0 0.6557291666666666 0.7398148148148147 0.0375 0.18518518518518517
0 0.471875 0.6680555555555555 0.042708333333333334 0.15648148148148147
0 0.7921875 0.7060185185185184 0.03020833333333333 0.11759259259259258
0 0.7815104166666667 0.6967592592592592 0.0359375 0.15462962962962962
0 0.82265625 0.7319444444444444 0.04635416666666666 0.21018518518518517
0 0.8619791666666666 0.7324074074074074 0.041666666666666664 0.20185185185185187
0 0.9322916666666666 0.7662037037037037 0.05833333333333333 0.21388888888888888
0 0.8052083333333332 0.6902777777777777 0.0375 0.1787037037037037
0 0.96953125 0.7689814814814815 0.0515625 0.19537037037037036
0 0.6223958333333333 0.5888888888888888 0.03229166666666666 0.13148148148148148
0 0.5940104166666667 0.5787037037037036 0.03802083333333333 0.14629629629629629
0 0.4614583333333333 0.5828703703703704 0.03333333333333333 0.14907407407407408
0 0.5161458333333333 0.5875 0.04479166666666666 0.15648148148148147
0 0.5622395833333333 0.5467592592592592 0.024479166666666666 0.10462962962962963
0 0.5380208333333333 0.5458333333333333 0.03020833333333333 0.12685185185185183
0 0.5075520833333333 0.5268518518518518 0.03177083333333333 0.12037037037037038
0 0.4549479166666667 0.5333333333333333 0.03177083333333333 0.11851851851851851
0 0.4151041666666666 0.5268518518518518 0.026041666666666664 0.12037037037037038
0 0.5393229166666667 0.5125 0.027604166666666662 0.11574074074074074
0 0.5145833333333333 0.5055555555555555 0.02395833333333333 0.11296296296296296
0 0.49531249999999993 0.5046296296296295 0.026041666666666664 0.12962962962962962
0 0.4770833333333333 0.5092592592592593 0.026041666666666664 0.12037037037037038
0 0.4276041666666667 0.49861111111111106 0.02708333333333333 0.11574074074074074
0 0.4958333333333333 0.4833333333333333 0.026041666666666664 0.1074074074074074
0 0.4291666666666667 0.47129629629629627 0.02395833333333333 0.1037037037037037
0 0.5348958333333333 0.5277777777777778 0.021875 0.1074074074074074
5 0.7223958333333333 0.49120370370370364 0.02395833333333333 0.06574074074074074
0 0.47421875 0.4851851851851851 0.025520833333333333 0.12407407407407407
0 0.7677083333333333 0.44259259259259254 0.019791666666666666 0.07407407407407407
0 0.7760416666666667 0.4375 0.02708333333333333 0.0824074074074074
5 0.7875 0.524537037037037 0.03020833333333333 0.08796296296296295
5 0.5828125 0.4662037037037036 0.026041666666666664 0.11018518518518519
