0 0.5763020833333333 0.6546296296296296 0.033854166666666664 0.1907407407407407
0 0.60703125 0.6592592592592592 0.034895833333333334 0.18333333333333332
5 0.6669270833333333 0.6476851851851853 0.03072916666666666 0.17685185185185184
0 0.74296875 0.5194444444444445 0.0234375 0.0962962962962963
5 0.7434895833333333 0.48194444444444445 0.025520833333333333 0.07685185185185185
0 0.621875 0.6462962962962963 0.03229166666666666 0.1759259259259259
0 0.5013020833333333 0.6652777777777777 0.027604166666666662 0.14537037037037037
0 0.5364583333333333 0.648611111111111 0.035416666666666666 0.175
0 0.6518229166666667 0.6916666666666667 0.04114583333333333 0.16666666666666666
0 0.8328125 0.6703703703703703 0.03854166666666666 0.16296296296296295
0 0.7833333333333333 0.6476851851851853 0.03020833333333333 0.1509259259259259
0 0.80625 0.6458333333333333 0.03958333333333333 0.16759259259259257
0 0.8651041666666666 0.6722222222222222 0.0375 0.17222222222222222
5 0.6619791666666667 0.6041666666666666 0.02708333333333333 0.14351851851851852
0 0.2661458333333333 0.7615740740740741 0.04583333333333333 0.21574074074074073
0 0.3052083333333333 0.7708333333333333 0.042708333333333334 0.20277777777777778
0 0.296875 0.8189814814814815 0.05416666666666666 0.22129629629629627
0 0.18177083333333333 0.7810185185185186 0.04375 0.2009259259259259
0 0.14166666666666666 0.9009259259259259 0.06354166666666666 0.2
0 0.4526041666666666 0.6421296296296296 0.034375 0.16759259259259257
0 0.7763020833333333 0.6638888888888889 0.033854166666666664 0.18518518518518517
0 0.6231770833333333 0.7254629629629629 0.04010416666666666 0.20462962962962963
0 0.6609375 0.7388888888888888 0.03958333333333333 0.18518518518518517
0 0.4583333333333333 0.6615740740740741 0.041666666666666664 0.15648148148148147
0 0.79140625 0.7004629629629628 0.0296875 0.11759259259259258
0 0.7846354166666666 0.6939814814814814 0.0359375 0.15462962962962962
0 0.8177083333333333 0.7259259259259259 0.04583333333333333 0.20370370370370366
0 0.8539062499999999 0.7263888888888889 0.04427083333333333 0.2009259259259259
0 0.9109375 0.7601851851851851 0.057291666666666664 0.21296296296296294
0 0.8049479166666667 0.6861111111111111 0.03802083333333333 0.17962962962962964
0 0.9531249999999998 0.7615740740740741 0.04895833333333333 0.1935185185185185
0 0.6276041666666666 0.5907407407407408 0.03229166666666666 0.13148148148148148
0 0.5994791666666666 0.5814814814814815 0.03854166666666666 0.14629629629629629
0 0.4638020833333333 0.5856481481481481 0.033854166666666664 0.1509259259259259
0 0.5062499999999999 0.5828703703703704 0.04479166666666666 0.15648148148148147
0 0.5684895833333333 0.548148148148148 0.025520833333333333 0.1037037037037037
0 0.540625 0.5467592592592593 0.03020833333333333 0.12685185185185183
0 0.5111979166666667 0.5268518518518518 0.03177083333333333 0.12037037037037038
0 0.4575520833333333 0.5342592592592592 0.03177083333333333 0.11851851851851851
0 0.4156249999999999 0.5282407407407407 0.026041666666666664 0.12129629629629628
0 0.54375 0.514351851851852 0.028125 0.11574074074074074
0 0.5197916666666667 0.5074074074074073 0.02395833333333333 0.11296296296296296
0 0.5015624999999999 0.5074074074074073 0.026041666666666664 0.12962962962962962
0 0.4822916666666666 0.5106481481481481 0.026041666666666664 0.12129629629629628
0 0.4286458333333333 0.5050925925925925 0.028125 0.11574074074074074
0 0.5062499999999999 0.48703703703703705 0.026041666666666664 0.1074074074074074
0 0.4395833333333333 0.47870370370370374 0.02395833333333333 0.11851851851851851
0 0.5375 0.5296296296296296 0.021875 0.1074074074074074
5 0.7244791666666667 0.49120370370370364 0.02395833333333333 0.06574074074074074
0 0.48359375 0.4851851851851851 0.025520833333333333 0.12407407407407407
0 0.7703125 0.44351851851851853 0.019791666666666666 0.07407407407407407
0 0.778125 0.4384259259259259 0.02708333333333333 0.0824074074074074
5 0.7890625 0.524537037037037 0.03020833333333333 0.08796296296296295
5 0.5846354166666667 0.4652777777777777 0.025520833333333333 0.11018518518518519
