0 0.1755208333333333 0.8731481481481481 0.06770833333333333 0.25370370370370365
0 0.2442708333333333 0.8736111111111111 0.0625 0.25462962962962965
0 0.26119791666666664 0.8412037037037037 0.05052083333333333 0.23425925925925925
0 0.9533854166666667 0.8902777777777777 0.05260416666666666 0.21759259259259256
0 0.3708333333333333 0.7851851851851851 0.05208333333333333 0.2148148148148148
0 0.4151041666666666 0.7856481481481481 0.051041666666666666 0.2009259259259259
0 0.8018229166666666 0.7337962962962962 0.05052083333333333 0.21574074074074073
0 0.8184895833333332 0.7282407407407406 0.0484375 0.20462962962962963
5 0.6606770833333333 0.6574074074074073 0.0296875 0.1685185185185185
0 0.8018229166666666 0.5555555555555556 0.027604166666666662 0.09259259259259259
5 0.7177083333333333 0.500925925925926 0.028125 0.07592592592592592
0 0.7411458333333333 0.7013888888888888 0.041666666666666664 0.1861111111111111
0 0.7966145833333333 0.673611111111111 0.0421875 0.16574074074074072
0 0.6630208333333333 0.6986111111111111 0.041666666666666664 0.18981481481481483
0 0.5924479166666666 0.6972222222222222 0.0390625 0.18518518518518517
0 0.7703125 0.650462962962963 0.03958333333333333 0.17129629629629628
0 0.4192708333333333 0.5175925925925926 0.02395833333333333 0.09814814814814814
0 0.4453124999999999 0.49490740740740735 0.026041666666666664 0.11203703703703702
0 0.42447916666666663 0.5407407407407407 0.025 0.12407407407407407
0 0.45078125 0.5300925925925926 0.03177083333333333 0.12314814814814815
0 0.46953125 0.5046296296296295 0.025520833333333333 0.11296296296296296
0 0.5044270833333333 0.5069444444444444 0.024479166666666666 0.12129629629629628
0 0.4786458333333333 0.525462962962963 0.03229166666666666 0.125
0 0.440625 0.6032407407407406 0.040625 0.16574074074074072
5 0.6385416666666666 0.6208333333333333 0.029166666666666664 0.14351851851851852
0 0.4786458333333333 0.6050925925925925 0.03229166666666666 0.15833333333333333
0 0.503125 0.6087962962962963 0.03125 0.14537037037037037
0 0.5249999999999999 0.5828703703703704 0.03229166666666666 0.13425925925925924
0 0.5578124999999999 0.5814814814814814 0.03229166666666666 0.12962962962962962
0 0.5520833333333333 0.5703703703703703 0.028125 0.11851851851851851
0 0.5096354166666667 0.6314814814814814 0.03802083333333333 0.15555555555555553
0 0.5375 0.6481481481481481 0.02708333333333333 0.12037037037037038
0 0.553125 0.6569444444444443 0.0375 0.1787037037037037
0 0.5497395833333333 0.6990740740740741 0.04114583333333333 0.1925925925925926
0 0.5864583333333333 0.5777777777777777 0.03020833333333333 0.14074074074074075
0 0.6039062499999999 0.6152777777777778 0.033854166666666664 0.15462962962962962
0 0.5997395833333333 0.6666666666666666 0.0421875 0.1537037037037037
0 0.9356770833333332 0.8490740740740741 0.056770833333333326 0.20185185185185187
5 0.703125 0.5171296296296296 0.02395833333333333 0.06574074074074074
0 0.6630208333333333 0.47592592592592586 0.028125 0.09074074074074073
0 0.6848958333333333 0.475925925925926 0.03333333333333333 0.0962962962962963
5 0.765625 0.5412037037037037 0.03125 0.08796296296296295
5 0.5619791666666667 0.48657407407407405 0.02395833333333333 0.11018518518518519
