0 0.28541666666666665 0.6532407407407407 0.05 0.19166666666666665
0 0.34375 0.6541666666666666 0.04375 0.19907407407407407
0 0.4302083333333333 0.6569444444444443 0.04791666666666666 0.16759259259259257
0 0.17578124999999997 0.9699074074074072 0.05260416666666666 0.06018518518518519
0 0.5317708333333333 0.6092592592592592 0.035416666666666666 0.17962962962962964
0 0.5622395833333333 0.612037037037037 0.033854166666666664 0.1759259259259259
5 0.6544270833333333 0.6222222222222222 0.027604166666666662 0.1685185185185185
0 0.7875 0.5069444444444444 0.02395833333333333 0.09351851851851851
5 0.7135416666666666 0.4689814814814815 0.026041666666666664 0.07685185185185185
0 0.6208333333333333 0.6300925925925925 0.0375 0.16944444444444445
0 0.72578125 0.8819444444444444 0.0546875 0.23425925925925925
0 0.67578125 0.8837962962962962 0.0640625 0.23425925925925925
0 0.4643229166666666 0.5712962962962963 0.0234375 0.11296296296296296
0 0.4937499999999999 0.5564814814814814 0.03229166666666666 0.14814814814814814
0 0.4614583333333333 0.6032407407407407 0.03020833333333333 0.14537037037037037
0 0.5757812499999999 0.586111111111111 0.03697916666666666 0.14259259259259258
0 0.5236979166666667 0.5574074074074074 0.025520833333333333 0.13518518518518519
0 0.5463541666666667 0.5597222222222222 0.03333333333333333 0.14537037037037037
0 0.6015625 0.5847222222222221 0.03125 0.14907407407407408
0 0.80078125 0.7064814814814814 0.05260416666666666 0.20555555555555555
5 0.63671875 0.5912037037037037 0.0296875 0.14351851851851852
0 0.8018229166666666 0.6990740740740741 0.04010416666666666 0.19444444444444445
0 0.8268229166666666 0.6976851851851851 0.0421875 0.18425925925925926
0 0.7096354166666666 0.6787037037037036 0.03697916666666666 0.18518518518518517
0 0.7908854166666666 0.6666666666666666 0.043229166666666666 0.17962962962962964
0 0.8158854166666666 0.6597222222222221 0.0328125 0.16759259259259257
0 0.8955729166666666 0.7263888888888889 0.05989583333333333 0.18796296296296294
0 0.9192708333333333 0.737037037037037 0.0375 0.14629629629629629
0 0.59921875 0.8782407407407407 0.0578125 0.24351851851851852
0 0.8442708333333334 0.6569444444444443 0.041666666666666664 0.17314814814814813
0 0.11354166666666665 0.8726851851851851 0.06354166666666666 0.24537037037037038
0 0.1739583333333333 0.8861111111111111 0.055208333333333325 0.22962962962962963
0 0.10963541666666665 0.9277777777777777 0.0546875 0.14629629629629629
0 0.18828125 0.8032407407407407 0.04427083333333333 0.20462962962962963
0 0.26328125 0.8245370370370371 0.0515625 0.22314814814814815
0 0.6440104166666666 0.7189814814814814 0.04010416666666666 0.1935185185185185
0 0.8104166666666666 0.735648148148148 0.059375 0.20462962962962963
0 0.72265625 0.7314814814814814 0.04427083333333333 0.2111111111111111
0 0.7239583333333333 0.7305555555555554 0.03645833333333333 0.18518518518518517
0 0.7625 0.7291666666666667 0.04479166666666666 0.17685185185185184
0 0.8406249999999998 0.7662037037037037 0.042708333333333334 0.1324074074074074
0 0.9296875 0.7685185185185185 0.04791666666666666 0.1685185185185185
0 0.9390625 0.7435185185185185 0.05 0.19814814814814813
0 0.5447916666666666 0.5069444444444444 0.028125 0.10648148148148147
0 0.5130208333333333 0.5023148148148148 0.03125 0.12685185185185183
0 0.4294270833333333 0.500925925925926 0.0296875 0.1259259259259259
0 0.7718749999999999 0.575 0.03229166666666666 0.14259259259259258
0 0.4828124999999999 0.4879629629629629 0.022916666666666665 0.09074074074074073
0 0.4593749999999999 0.48472222222222217 0.026041666666666664 0.10277777777777777
0 0.4192708333333333 0.475925925925926 0.029166666666666664 0.11296296296296296
0 0.39739583333333334 0.475462962962963 0.029166666666666664 0.11203703703703702
0 0.3848958333333333 0.4722222222222222 0.021875 0.1074074074074074
0 0.4747395833333333 0.4736111111111111 0.025520833333333333 0.10462962962962963
5 0.6984375 0.4810185185185184 0.02395833333333333 0.06574074074074074
0 0.7484375 0.42777777777777776 0.01875 0.07407407407407407
0 0.7546875 0.4291666666666666 0.02708333333333333 0.0824074074074074
5 0.7619791666666667 0.5097222222222222 0.03020833333333333 0.08796296296296295
5 0.55625 0.4537037037037036 0.028125 0.10925925925925925
