0 0.5742187499999999 0.6523148148148148 0.033854166666666664 0.18981481481481483
0 0.6072916666666666 0.6569444444444444 0.034375 0.1824074074074074
5 0.6669270833333333 0.6476851851851853 0.03072916666666666 0.17685185185185184
0 0.7424479166666667 0.5194444444444445 0.0234375 0.0962962962962963
5 0.7424479166666667 0.4828703703703704 0.025520833333333333 0.07685185185185185
0 0.6239583333333333 0.6462962962962963 0.03229166666666666 0.1759259259259259
0 0.49921874999999993 0.6634259259259259 0.027604166666666662 0.14351851851851852
0 0.53359375 0.6467592592592593 0.0359375 0.175
0 0.6458333333333333 0.6902777777777777 0.041666666666666664 0.16574074074074072
0 0.828125 0.6685185185185185 0.03854166666666666 0.16296296296296295
0 0.7747395833333333 0.6458333333333333 0.0296875 0.1509259259259259
0 0.7989583333333333 0.6449074074074074 0.03958333333333333 0.16759259259259257
0 0.8609375 0.6703703703703703 0.0375 0.17037037037037037
5 0.6614583333333333 0.6041666666666666 0.02708333333333333 0.14351851851851852
0 0.2640625 0.7643518518518518 0.04583333333333333 0.21759259259259256
0 0.3026041666666667 0.773611111111111 0.042708333333333334 0.20277777777777778
0 0.2934895833333333 0.8217592592592592 0.0546875 0.22129629629629627
0 0.17552083333333332 0.7837962962962963 0.04375 0.2009259259259259
0 0.14348958333333334 0.899074074074074 0.0640625 0.2
0 0.4526041666666666 0.6449074074074074 0.034375 0.16759259259259257
0 0.7778645833333333 0.6657407407407406 0.033854166666666664 0.18518518518518517
0 0.6210937499999999 0.7254629629629629 0.04010416666666666 0.20462962962962963
0 0.65859375 0.7398148148148147 0.0390625 0.18518518518518517
0 0.4638020833333333 0.6643518518518519 0.0421875 0.15648148148148147
0 0.7916666666666667 0.7032407407407406 0.03020833333333333 0.11759259259259258
0 0.7841145833333333 0.6949074074074073 0.0359375 0.15462962962962962
0 0.81953125 0.7282407407407407 0.04635416666666666 0.2064814814814815
0 0.8575520833333334 0.7291666666666666 0.043229166666666666 0.2009259259259259
0 0.9166666666666666 0.7615740740740741 0.053125 0.21574074074074073
0 0.8052083333333332 0.6874999999999999 0.0375 0.1787037037037037
0 0.9580729166666666 0.7634259259259258 0.0484375 0.1935185185185185
0 0.6255208333333333 0.5907407407407408 0.03229166666666666 0.13148148148148148
0 0.5968749999999999 0.5805555555555555 0.03854166666666666 0.14629629629629629
0 0.4627604166666666 0.5837962962962963 0.033854166666666664 0.14907407407407408
0 0.5104166666666666 0.5847222222222223 0.04479166666666666 0.15648148148148147
0 0.5658854166666667 0.548148148148148 0.025520833333333333 0.1037037037037037
0 0.540625 0.5467592592592593 0.03020833333333333 0.12685185185185183
0 0.5096354166666667 0.5268518518518518 0.03177083333333333 0.12037037037037038
0 0.4565104166666667 0.5342592592592592 0.03177083333333333 0.11851851851851851
0 0.4151041666666666 0.5273148148148147 0.026041666666666664 0.12129629629629628
0 0.5419270833333333 0.513425925925926 0.027604166666666662 0.11574074074074074
0 0.5182291666666667 0.5074074074074073 0.02395833333333333 0.11296296296296296
0 0.4994791666666666 0.5064814814814814 0.026041666666666664 0.12962962962962962
0 0.4802083333333333 0.5101851851851852 0.026041666666666664 0.12037037037037038
0 0.428125 0.5023148148148149 0.028125 0.11574074074074074
0 0.50234375 0.48611111111111105 0.025520833333333333 0.1074074074074074
0 0.4354166666666667 0.475925925925926 0.02395833333333333 0.11296296296296296
0 0.5364583333333333 0.5287037037037037 0.021875 0.1074074074074074
5 0.7234375 0.49120370370370364 0.02395833333333333 0.06574074074074074
0 0.4799479166666667 0.4851851851851851 0.025520833333333333 0.12407407407407407
0 0.7692708333333333 0.44351851851851853 0.019791666666666666 0.07407407407407407
0 0.7776041666666667 0.4384259259259259 0.02708333333333333 0.0824074074074074
5 0.7885416666666667 0.524537037037037 0.03020833333333333 0.08796296296296295
5 0.5838541666666666 0.4662037037037036 0.026041666666666664 0.11018518518518519
