0 0.15546875 0.875925925925926 0.07135416666666666 0.25
0 0.22682291666666665 0.874537037037037 0.06302083333333333 0.25277777777777777
0 0.24843749999999995 0.8412037037037037 0.04895833333333333 0.2398148148148148
0 0.9065104166666667 0.8865740740740741 0.056770833333333326 0.2287037037037037
0 0.3723958333333333 0.7509259259259259 0.05 0.2074074074074074
0 0.4184895833333333 0.7537037037037037 0.049479166666666664 0.1925925925925926
0 0.82578125 0.7337962962962963 0.05260416666666666 0.21944444444444441
0 0.8627604166666666 0.7226851851851851 0.04010416666666666 0.20462962962962963
5 0.6583333333333333 0.6407407407407407 0.03020833333333333 0.1685185185185185
0 0.8 0.5333333333333333 0.02708333333333333 0.09259259259259259
5 0.7145833333333333 0.4851851851851852 0.029166666666666664 0.07592592592592592
0 0.7640624999999999 0.6875 0.041666666666666664 0.18796296296296294
0 0.7760416666666666 0.6458333333333333 0.041666666666666664 0.16574074074074072
0 0.64140625 0.6685185185185184 0.03802083333333333 0.18518518518518517
0 0.5690104166666666 0.6722222222222223 0.0453125 0.18148148148148147
0 0.7486979166666667 0.6263888888888889 0.03802083333333333 0.16574074074074072
0 0.4052083333333333 0.49444444444444435 0.02395833333333333 0.09814814814814814
0 0.4255208333333333 0.47638888888888886 0.026041666666666664 0.11018518518518519
0 0.4239583333333333 0.5185185185185185 0.025 0.12407407407407407
0 0.4419270833333333 0.5087962962962963 0.028645833333333332 0.12314814814814815
0 0.4510416666666666 0.48240740740740734 0.028125 0.11296296296296296
0 0.4875 0.48194444444444445 0.028125 0.12129629629629628
0 0.47265625 0.5013888888888889 0.03177083333333333 0.11759259259259258
0 0.4359374999999999 0.5777777777777777 0.035416666666666666 0.15925925925925927
5 0.63359375 0.6083333333333333 0.0296875 0.15
0 0.4723958333333333 0.5824074074074074 0.03333333333333333 0.1537037037037037
0 0.49531249999999993 0.5824074074074075 0.03229166666666666 0.14074074074074075
0 0.515625 0.5597222222222221 0.03333333333333333 0.13425925925925924
0 0.5473958333333333 0.5532407407407407 0.03125 0.125
0 0.5416666666666666 0.5435185185185185 0.028125 0.11851851851851851
0 0.5072916666666666 0.6055555555555555 0.04375 0.15185185185185185
0 0.53203125 0.6203703703703703 0.027604166666666662 0.11296296296296296
0 0.54296875 0.625 0.03802083333333333 0.1759259259259259
0 0.5286458333333333 0.6675925925925925 0.03854166666666666 0.1925925925925926
0 0.57734375 0.5541666666666667 0.0296875 0.1398148148148148
0 0.5927083333333333 0.5953703703703703 0.035416666666666666 0.17037037037037037
0 0.5854166666666666 0.6398148148148148 0.03854166666666666 0.15185185185185185
5 0.6989583333333333 0.49953703703703695 0.02395833333333333 0.06574074074074074
0 0.6510416666666666 0.4625 0.028125 0.08981481481481482
0 0.66875 0.46111111111111114 0.03333333333333333 0.0962962962962963
5 0.7635416666666666 0.524537037037037 0.03125 0.08796296296296295
5 0.559375 0.4689814814814814 0.02395833333333333 0.11018518518518519
