0 0.56640625 0.6777777777777778 0.03802083333333333 0.2
0 0.5932291666666666 0.6879629629629629 0.040625 0.19814814814814813
5 0.6549479166666666 0.6458333333333333 0.033854166666666664 0.17685185185185184
0 0.7489583333333333 0.5212962962962963 0.02395833333333333 0.0962962962962963
5 0.7510416666666666 0.4773148148148148 0.025 0.07685185185185185
0 0.59375 0.6518518518518518 0.03958333333333333 0.17407407407407408
0 0.5276041666666667 0.686574074074074 0.02708333333333333 0.14907407407407408
0 0.59453125 0.6662037037037037 0.0515625 0.1824074074074074
0 0.7171875 0.7092592592592591 0.03645833333333333 0.17777777777777776
0 0.8682291666666666 0.6902777777777777 0.0375 0.17129629629629628
0 0.8718749999999998 0.6592592592592592 0.03020833333333333 0.15185185185185185
0 0.8580729166666666 0.6541666666666666 0.03802083333333333 0.16759259259259257
0 0.9002604166666666 0.6879629629629629 0.03802083333333333 0.18518518518518517
5 0.6692708333333333 0.6041666666666666 0.02708333333333333 0.14351851851851852
0 0.28958333333333336 0.7453703703703703 0.04479166666666666 0.2111111111111111
0 0.32421875 0.7486111111111111 0.0421875 0.18981481481481483
0 0.3270833333333333 0.7912037037037037 0.05208333333333333 0.2009259259259259
0 0.21223958333333331 0.7657407407407406 0.04427083333333333 0.1925925925925926
0 0.09192708333333333 0.9305555555555556 0.06197916666666666 0.14074074074074075
0 0.4486979166666666 0.6212962962962962 0.033854166666666664 0.15925925925925927
0 0.7611979166666666 0.6444444444444444 0.033854166666666664 0.18148148148148147
0 0.6635416666666667 0.7254629629629629 0.055208333333333325 0.20462962962962963
0 0.6924479166666667 0.7407407407407407 0.03802083333333333 0.18703703703703703
0 0.4067708333333333 0.6472222222222221 0.042708333333333334 0.14814814814814814
0 0.7947916666666667 0.6810185185185185 0.03020833333333333 0.11759259259259258
0 0.7921874999999999 0.6694444444444445 0.035416666666666666 0.14444444444444443
0 0.8380208333333332 0.7023148148148148 0.046875 0.2009259259259259
0 0.8388020833333332 0.701388888888889 0.04114583333333333 0.20277777777777778
0 0.8252604166666666 0.7189814814814814 0.05260416666666666 0.20833333333333331
0 0.8151041666666666 0.6643518518518519 0.03645833333333333 0.1787037037037037
0 0.875 0.7300925925925925 0.04479166666666666 0.18796296296296294
0 0.6578124999999999 0.5990740740740741 0.03229166666666666 0.13333333333333333
0 0.6390624999999999 0.5976851851851851 0.03854166666666666 0.16018518518518518
0 0.4802083333333333 0.6134259259259258 0.035416666666666666 0.16203703703703703
0 0.4380208333333333 0.5791666666666666 0.04375 0.15648148148148147
0 0.58515625 0.5648148148148148 0.0265625 0.1037037037037037
0 0.5489583333333333 0.561574074074074 0.03020833333333333 0.12685185185185183
0 0.5169270833333333 0.5384259259259259 0.03177083333333333 0.1287037037037037
0 0.4604166666666667 0.5462962962962963 0.03333333333333333 0.12037037037037038
0 0.42447916666666663 0.5449074074074074 0.025 0.12685185185185183
0 0.5666666666666667 0.5208333333333334 0.028125 0.11574074074074074
0 0.5372395833333333 0.5217592592592591 0.027604166666666662 0.12129629629629628
0 0.5182291666666666 0.5148148148148148 0.026041666666666664 0.12962962962962962
0 0.4968749999999999 0.5231481481481481 0.026041666666666664 0.12037037037037038
0 0.4296875 0.5171296296296296 0.028125 0.11574074074074074
0 0.540625 0.4981481481481482 0.028125 0.1074074074074074
0 0.4604166666666667 0.49490740740740746 0.03020833333333333 0.12129629629629628
0 0.4565104166666666 0.47638888888888886 0.021354166666666667 0.09907407407407406
0 0.44843749999999993 0.48749999999999993 0.026041666666666664 0.10462962962962963
0 0.41718749999999993 0.4726851851851851 0.022916666666666665 0.11759259259259258
0 0.5450520833333333 0.5444444444444445 0.021354166666666667 0.1074074074074074
5 0.7296875 0.48749999999999993 0.02395833333333333 0.06574074074074074
0 0.5213541666666666 0.4972222222222221 0.026041666666666664 0.12407407407407407
0 0.7744791666666666 0.4416666666666666 0.019791666666666666 0.07407407407407407
0 0.7875 0.4412037037037037 0.02708333333333333 0.0824074074074074
5 0.7934895833333333 0.5180555555555555 0.0296875 0.08796296296296295
5 0.5885416666666666 0.4662037037037036 0.026041666666666664 0.11018518518518519
