0 0.27213541666666663 0.6328703703703703 0.04635416666666666 0.1861111111111111
0 0.33151041666666664 0.6356481481481481 0.043229166666666666 0.18796296296296294
0 0.3846354166666667 0.648611111111111 0.043229166666666666 0.175
0 0.5322916666666666 0.6217592592592592 0.035416666666666666 0.1824074074074074
0 0.5604166666666666 0.6166666666666666 0.03125 0.1759259259259259
5 0.6453125 0.625 0.028125 0.1685185185185185
0 0.7598958333333333 0.5097222222222222 0.02395833333333333 0.09537037037037036
5 0.7187499999999999 0.46990740740740744 0.026041666666666664 0.07685185185185185
0 0.6041666666666666 0.6300925925925925 0.03854166666666666 0.17129629629629628
0 0.71484375 0.912037037037037 0.0578125 0.17777777777777776
0 0.6486979166666667 0.9064814814814814 0.07239583333333333 0.18518518518518517
0 0.46640625 0.5842592592592593 0.0234375 0.11296296296296296
0 0.49088541666666663 0.5768518518518518 0.033854166666666664 0.15740740740740738
0 0.4739583333333333 0.6263888888888889 0.03020833333333333 0.15833333333333333
0 0.6317708333333333 0.6046296296296296 0.034375 0.14629629629629629
0 0.5346354166666667 0.5768518518518518 0.025520833333333333 0.13518518518518519
0 0.5822916666666667 0.5837962962962963 0.034375 0.16203703703703703
0 0.6549479166666667 0.6023148148148147 0.03177083333333333 0.14907407407407408
0 0.9054687499999998 0.7212962962962962 0.05364583333333332 0.21666666666666665
5 0.63828125 0.5939814814814814 0.0296875 0.14351851851851852
0 0.9065104166666667 0.7143518518518518 0.05260416666666666 0.19722222222222222
0 0.9328124999999998 0.7180555555555556 0.05833333333333333 0.1935185185185185
0 0.7979166666666666 0.7046296296296296 0.04791666666666666 0.18888888888888888
0 0.8221354166666666 0.6967592592592592 0.05364583333333332 0.19166666666666665
0 0.8359375 0.6884259259259259 0.034375 0.18796296296296294
0 0.5783854166666667 0.9037037037037037 0.0609375 0.19444444444444445
0 0.8729166666666666 0.687962962962963 0.041666666666666664 0.18148148148148147
0 0.15208333333333332 0.8435185185185186 0.05625 0.23518518518518516
0 0.20703125 0.8597222222222222 0.0546875 0.23796296296296293
0 0.14947916666666666 0.9083333333333332 0.055208333333333325 0.18518518518518517
0 0.11302083333333332 0.8092592592592591 0.04479166666666666 0.20370370370370366
0 0.1411458333333333 0.826851851851852 0.06770833333333333 0.22222222222222224
0 0.5783854166666667 0.7032407407407407 0.0421875 0.18796296296296294
0 0.7494791666666667 0.7171296296296296 0.04583333333333333 0.19907407407407407
0 0.6463541666666666 0.7194444444444443 0.053125 0.2
0 0.65703125 0.7189814814814814 0.03802083333333333 0.1787037037037037
0 0.6846354166666666 0.7101851851851851 0.0421875 0.1685185185185185
0 0.7796875 0.7532407407407407 0.034375 0.1287037037037037
0 0.81484375 0.762962962962963 0.04739583333333333 0.1759259259259259
0 0.825 0.736111111111111 0.046875 0.19814814814814813
0 0.5601562499999999 0.5226851851851851 0.027604166666666662 0.10648148148148147
0 0.5294270833333333 0.5162037037037037 0.0359375 0.12685185185185183
0 0.4348958333333333 0.5194444444444444 0.03020833333333333 0.13518518518518519
0 0.7067708333333333 0.5851851851851851 0.040625 0.1611111111111111
0 0.5059895833333333 0.5027777777777778 0.0234375 0.09814814814814814
0 0.4791666666666667 0.4916666666666667 0.03020833333333333 0.1074074074074074
0 0.4463541666666666 0.48611111111111105 0.029166666666666664 0.11851851851851851
0 0.4223958333333333 0.4837962962962963 0.03020833333333333 0.10462962962962963
0 0.40390625 0.48287037037037034 0.025520833333333333 0.11203703703703702
0 0.4333333333333333 0.4708333333333333 0.02395833333333333 0.11018518518518519
0 0.4015625 0.46574074074074073 0.022916666666666665 0.11296296296296296
0 0.3924479166666667 0.4629629629629629 0.0234375 0.12407407407407407
0 0.4880208333333333 0.48749999999999993 0.025 0.10462962962962963
5 0.7020833333333333 0.4810185185185184 0.02395833333333333 0.06574074074074074
0 0.7497395833333333 0.43240740740740735 0.01927083333333333 0.07407407407407407
0 0.7515625 0.4300925925925926 0.02708333333333333 0.0824074074074074
5 0.7651041666666667 0.5134259259259258 0.03020833333333333 0.08796296296296295
5 0.5609375 0.45 0.028125 0.10925925925925925
