0 0.16614583333333333 0.874537037037037 0.06666666666666667 0.25277777777777777
0 0.23697916666666666 0.8726851851851851 0.0625 0.2564814814814815
0 0.2575520833333333 0.8398148148148149 0.05052083333333333 0.23703703703703702
0 0.9304687499999998 0.8870370370370371 0.05364583333333332 0.22592592592592592
0 0.3716145833333333 0.7703703703703704 0.0515625 0.21296296296296294
0 0.4171875 0.7731481481481481 0.051041666666666666 0.19629629629629627
0 0.8106770833333332 0.7333333333333333 0.05052083333333333 0.21666666666666665
0 0.8390624999999998 0.7231481481481481 0.042708333333333334 0.20370370370370366
5 0.6596354166666666 0.65 0.0296875 0.1685185185185185
0 0.8028645833333334 0.5453703703703703 0.027604166666666662 0.09259259259259259
5 0.71640625 0.49444444444444446 0.028645833333333332 0.07592592592592592
0 0.75078125 0.6949074074074073 0.0421875 0.1861111111111111
0 0.7872395833333333 0.6606481481481481 0.0421875 0.16574074074074072
0 0.6536458333333333 0.6810185185185185 0.041666666666666664 0.18425925925925926
0 0.5786458333333333 0.6824074074074074 0.0375 0.18148148148148147
0 0.7604166666666666 0.6310185185185185 0.03854166666666666 0.16759259259259257
0 0.4130208333333333 0.5074074074074073 0.02395833333333333 0.09814814814814814
0 0.4380208333333333 0.4837962962962963 0.026041666666666664 0.11203703703703702
0 0.42447916666666663 0.5314814814814814 0.025 0.12407407407407407
0 0.446875 0.5208333333333333 0.03020833333333333 0.12314814814814815
0 0.4609374999999999 0.4935185185185185 0.026041666666666664 0.11296296296296296
0 0.49765625 0.49490740740740746 0.025520833333333333 0.12129629629629628
0 0.47578124999999993 0.5115740740740741 0.033854166666666664 0.12129629629629628
0 0.4380208333333333 0.587962962962963 0.035416666666666666 0.1648148148148148
5 0.6359374999999999 0.6129629629629629 0.029166666666666664 0.14629629629629629
0 0.4763020833333333 0.5949074074074073 0.0328125 0.15648148148148147
0 0.4997395833333333 0.5972222222222222 0.03177083333333333 0.14444444444444443
0 0.5208333333333333 0.5726851851851851 0.03229166666666666 0.13425925925925924
0 0.55234375 0.5671296296296295 0.03177083333333333 0.12685185185185183
0 0.5473958333333333 0.5583333333333333 0.028125 0.11851851851851851
0 0.5072916666666667 0.6180555555555556 0.042708333333333334 0.15277777777777776
0 0.5346354166666666 0.6351851851851851 0.027604166666666662 0.11666666666666665
0 0.54765625 0.6435185185185185 0.03802083333333333 0.17777777777777776
0 0.5390624999999999 0.6824074074074074 0.03854166666666666 0.1925925925925926
0 0.5833333333333333 0.5666666666666667 0.03020833333333333 0.14074074074074075
0 0.5986979166666666 0.6050925925925925 0.033854166666666664 0.1638888888888889
0 0.59296875 0.6513888888888889 0.0390625 0.15277777777777776
0 0.9643229166666666 0.836574074074074 0.05052083333333333 0.19907407407407407
5 0.7010416666666667 0.5097222222222222 0.02395833333333333 0.06574074074074074
0 0.6572916666666666 0.4671296296296297 0.028125 0.08981481481481482
0 0.6776041666666667 0.46944444444444444 0.03333333333333333 0.0962962962962963
5 0.765625 0.5319444444444444 0.03125 0.08796296296296295
5 0.5609375 0.47916666666666663 0.02395833333333333 0.11018518518518519
