0 0.18723958333333332 0.8768518518518519 0.0671875 0.24814814814814815
0 0.24947916666666664 0.874074074074074 0.06041666666666666 0.25370370370370365
0 0.26875 0.8439814814814814 0.05 0.2287037037037037
0 0.9671875 0.8949074074074073 0.046875 0.21203703703703702
0 0.37057291666666664 0.798148148148148 0.05260416666666666 0.2148148148148148
0 0.41666666666666663 0.8023148148148147 0.051041666666666666 0.2009259259259259
0 0.79375 0.736574074074074 0.04895833333333333 0.21574074074074073
0 0.8078125 0.7273148148148147 0.04479166666666666 0.20277777777777778
5 0.66171875 0.6638888888888889 0.0296875 0.1685185185185185
0 0.8028645833333334 0.5611111111111111 0.027604166666666662 0.09259259259259259
5 0.7184895833333333 0.5055555555555555 0.027604166666666662 0.07592592592592592
0 0.7333333333333333 0.7074074074074074 0.04479166666666666 0.18518518518518517
0 0.8046875 0.6847222222222221 0.042708333333333334 0.16574074074074072
0 0.6713541666666666 0.7143518518518518 0.041666666666666664 0.1935185185185185
0 0.6036458333333333 0.7097222222222223 0.03958333333333333 0.18796296296296294
0 0.7796875 0.6587962962962962 0.03958333333333333 0.16574074074074072
0 0.425 0.5268518518518518 0.02395833333333333 0.09814814814814814
0 0.4520833333333333 0.5050925925925925 0.026041666666666664 0.11203703703703702
0 0.4263020833333333 0.55 0.025520833333333333 0.12407407407407407
0 0.4533854166666666 0.5379629629629629 0.03072916666666666 0.12407407407407407
0 0.4776041666666666 0.5157407407407407 0.026041666666666664 0.11296296296296296
0 0.5104166666666667 0.5162037037037036 0.02708333333333333 0.12129629629629628
0 0.4809895833333333 0.537037037037037 0.03072916666666666 0.12777777777777777
0 0.4432291666666667 0.6171296296296296 0.04583333333333333 0.16574074074074072
5 0.6416666666666666 0.6328703703703703 0.029166666666666664 0.14351851851851852
0 0.4796875 0.6175925925925926 0.03125 0.1611111111111111
0 0.5057291666666666 0.6185185185185185 0.03125 0.14629629629629629
0 0.5296875 0.5953703703703703 0.03333333333333333 0.13518518518518519
0 0.5619791666666666 0.5925925925925926 0.03229166666666666 0.13333333333333333
0 0.5552083333333333 0.5805555555555555 0.028125 0.12037037037037038
0 0.5125 0.6421296296296296 0.03645833333333333 0.15648148148148147
0 0.5411458333333333 0.6592592592592592 0.02708333333333333 0.12407407407407407
0 0.5588541666666667 0.6671296296296296 0.0375 0.1787037037037037
0 0.5614583333333333 0.7092592592592591 0.040625 0.19629629629629627
0 0.5895833333333333 0.587037037037037 0.03020833333333333 0.14074074074074075
0 0.6132812499999999 0.624537037037037 0.033854166666666664 0.15462962962962962
0 0.6036458333333333 0.6768518518518518 0.040625 0.1537037037037037
0 0.9075520833333333 0.8560185185185185 0.0484375 0.20277777777777778
5 0.7041666666666667 0.5226851851851851 0.02395833333333333 0.06574074074074074
0 0.6677083333333333 0.48425925925925917 0.028125 0.09074074074074073
0 0.6911458333333333 0.4796296296296296 0.03229166666666666 0.09444444444444444
5 0.7661458333333333 0.5476851851851852 0.03125 0.08796296296296295
5 0.5627604166666667 0.4939814814814814 0.0234375 0.11018518518518519
