0 0.2859375 0.6546296296296296 0.05 0.1925925925925926
0 0.34375 0.6550925925925926 0.04375 0.19907407407407407
0 0.4315104166666667 0.6569444444444443 0.04739583333333333 0.16759259259259257
0 0.17630208333333333 0.9680555555555556 0.05572916666666666 0.06388888888888888
0 0.5315104166666667 0.6092592592592592 0.0359375 0.17962962962962964
0 0.5625 0.611111111111111 0.034375 0.1759259259259259
5 0.6544270833333333 0.6222222222222222 0.027604166666666662 0.1685185185185185
0 0.7885416666666667 0.5078703703703703 0.02395833333333333 0.09351851851851851
5 0.7130208333333333 0.46990740740740744 0.026041666666666664 0.07685185185185185
0 0.6208333333333333 0.6310185185185185 0.0375 0.17129629629629628
0 0.7260416666666667 0.8805555555555555 0.055208333333333325 0.23703703703703702
0 0.6760416666666667 0.8824074074074073 0.06354166666666666 0.23703703703703702
0 0.4638020833333333 0.5703703703703703 0.0234375 0.11296296296296296
0 0.4937499999999999 0.5550925925925926 0.03229166666666666 0.1472222222222222
0 0.4604166666666667 0.6023148148148147 0.03020833333333333 0.14537037037037037
0 0.5729166666666667 0.5851851851851851 0.03645833333333333 0.14259259259259258
0 0.5234374999999999 0.5564814814814814 0.026041666666666664 0.13518518518518519
0 0.5450520833333333 0.5587962962962962 0.0328125 0.14537037037037037
0 0.5994791666666666 0.5842592592592591 0.03125 0.14814814814814814
0 0.7921875 0.7064814814814814 0.05208333333333333 0.20555555555555555
5 0.6361979166666666 0.5912037037037037 0.0296875 0.14351851851851852
0 0.7947916666666666 0.6986111111111111 0.040625 0.1935185185185185
0 0.8208333333333332 0.6967592592592592 0.042708333333333334 0.18425925925925926
0 0.7044270833333333 0.6759259259259258 0.034895833333333334 0.18518518518518517
0 0.7895833333333333 0.6638888888888889 0.042708333333333334 0.1759259259259259
0 0.8135416666666666 0.6597222222222221 0.03229166666666666 0.16759259259259257
0 0.88828125 0.724537037037037 0.058854166666666666 0.18796296296296294
0 0.9114583333333333 0.737037037037037 0.0375 0.14629629629629629
0 0.5989583333333333 0.8768518518518518 0.057291666666666664 0.2462962962962963
0 0.8411458333333334 0.6550925925925926 0.041666666666666664 0.17314814814814813
0 0.9796874999999998 0.7018518518518517 0.03958333333333333 0.19629629629629627
0 0.11119791666666665 0.8736111111111111 0.0640625 0.24537037037037038
0 0.17135416666666664 0.8875 0.055208333333333325 0.22685185185185186
0 0.10703125 0.9291666666666668 0.0546875 0.14351851851851852
0 0.19088541666666664 0.8032407407407407 0.04635416666666666 0.20462962962962963
0 0.271875 0.826388888888889 0.05625 0.22314814814814815
0 0.6466145833333333 0.7199074074074073 0.04010416666666666 0.1935185185185185
0 0.8184895833333334 0.7379629629629629 0.06197916666666666 0.20555555555555555
0 0.72734375 0.7324074074074074 0.043229166666666666 0.21296296296296294
0 0.7286458333333333 0.7314814814814814 0.03645833333333333 0.18518518518518517
0 0.7661458333333333 0.7300925925925925 0.04479166666666666 0.17685185185185184
0 0.8458333333333332 0.7662037037037037 0.042708333333333334 0.1324074074074074
0 0.9348958333333334 0.7675925925925926 0.04791666666666666 0.1685185185185185
0 0.9447916666666666 0.7462962962962962 0.04791666666666666 0.20185185185185187
0 0.5432291666666667 0.5060185185185185 0.028125 0.10648148148148147
0 0.5114583333333333 0.5013888888888889 0.03125 0.12685185185185183
0 0.42890625 0.500925925925926 0.0296875 0.1259259259259259
0 0.7752604166666667 0.5731481481481481 0.03177083333333333 0.14074074074074075
0 0.4807291666666666 0.4879629629629629 0.022916666666666665 0.09074074074074073
0 0.4580729166666667 0.4851851851851852 0.025520833333333333 0.10185185185185183
0 0.41718749999999993 0.475925925925926 0.029166666666666664 0.11296296296296296
0 0.39479166666666665 0.4736111111111111 0.028125 0.11203703703703702
0 0.3828125 0.47129629629629627 0.021875 0.1074074074074074
0 0.4716145833333333 0.4736111111111111 0.025520833333333333 0.10462962962962963
5 0.6979166666666667 0.4810185185185184 0.02395833333333333 0.06574074074074074
0 0.7489583333333333 0.42777777777777776 0.01875 0.07407407407407407
0 0.7546875 0.4291666666666666 0.02708333333333333 0.0824074074074074
5 0.7614583333333333 0.5097222222222222 0.03020833333333333 0.08796296296296295
5 0.5549479166666667 0.4527777777777778 0.027604166666666662 0.11481481481481481
