0 0.28385416666666663 0.6828703703703703 0.055208333333333325 0.19907407407407407
0 0.34296875 0.6874999999999999 0.04635416666666666 0.21018518518518517
0 0.41796875 0.6800925925925926 0.0359375 0.18425925925925926
0 0.21848958333333335 0.9356481481481481 0.07760416666666667 0.13055555555555556
0 0.3083333333333333 0.9416666666666668 0.059375 0.11851851851851851
0 0.5338541666666666 0.6217592592592592 0.041666666666666664 0.18055555555555552
0 0.5606770833333333 0.6212962962962962 0.033854166666666664 0.17777777777777776
5 0.6494791666666666 0.6296296296296295 0.028125 0.1685185185185185
0 0.7927083333333333 0.5212962962962963 0.026041666666666664 0.09259259259259259
5 0.7072916666666667 0.47453703703703703 0.026041666666666664 0.07685185185185185
0 0.6234375 0.6453703703703704 0.0375 0.17962962962962964
0 0.7341145833333333 0.850925925925926 0.049479166666666664 0.24814814814814815
0 0.6825520833333333 0.8453703703703704 0.056770833333333326 0.24814814814814815
0 0.45859375 0.5611111111111111 0.0234375 0.11296296296296296
0 0.4880208333333333 0.5444444444444445 0.03125 0.14629629629629629
0 0.44765625 0.5921296296296296 0.0296875 0.14351851851851852
0 0.5348958333333333 0.575462962962963 0.03229166666666666 0.14537037037037037
0 0.5122395833333333 0.548148148148148 0.025520833333333333 0.13518518518518519
0 0.5346354166666667 0.548611111111111 0.028645833333333332 0.14166666666666666
0 0.5635416666666666 0.5722222222222222 0.034375 0.1388888888888889
0 0.6627604166666667 0.6986111111111111 0.04739583333333333 0.19907407407407407
5 0.6283854166666666 0.5986111111111111 0.0296875 0.14351851851851852
0 0.6859374999999999 0.6907407407407407 0.041666666666666664 0.1907407407407407
0 0.7080729166666666 0.6888888888888889 0.0421875 0.17407407407407408
0 0.6010416666666666 0.6666666666666666 0.05 0.1759259259259259
0 0.7520833333333333 0.6509259259259259 0.03645833333333333 0.17222222222222222
0 0.7684895833333333 0.6439814814814815 0.03072916666666666 0.15833333333333333
0 0.78125 0.7138888888888888 0.05625 0.18518518518518517
0 0.8065104166666666 0.7240740740740741 0.033854166666666664 0.14074074074074075
0 0.9020833333333332 0.7152777777777778 0.06145833333333332 0.19907407407407407
0 0.6135416666666667 0.8472222222222221 0.055208333333333325 0.2611111111111111
0 0.8010416666666667 0.6449074074074075 0.040625 0.17129629629629628
0 0.8765625 0.6962962962962963 0.046875 0.19814814814814813
0 0.97109375 0.7259259259259259 0.0453125 0.17407407407407408
0 0.06744791666666666 0.8930555555555555 0.0578125 0.21203703703703702
0 0.11875 0.9074074074074074 0.055208333333333325 0.18703703703703703
0 0.0640625 0.9560185185185185 0.05416666666666666 0.08796296296296295
0 0.26328125 0.812962962962963 0.0484375 0.20370370370370366
0 0.40390625 0.825925925925926 0.056770833333333326 0.23148148148148148
0 0.7286458333333333 0.7592592592592592 0.040625 0.20925925925925926
0 0.91484375 0.7546296296296295 0.043229166666666666 0.20925925925925926
0 0.8135416666666666 0.7518518518518518 0.05625 0.21296296296296294
0 0.8125 0.7462962962962962 0.04375 0.19629629629629627
0 0.8505208333333334 0.7412037037037036 0.04791666666666666 0.17314814814814813
0 0.9427083333333333 0.7800925925925926 0.042708333333333334 0.1324074074074074
0 0.5122395833333333 0.5032407407407408 0.033854166666666664 0.10648148148148147
0 0.48697916666666663 0.4967592592592592 0.03229166666666666 0.12314814814814815
0 0.4130208333333333 0.49444444444444446 0.03020833333333333 0.1259259259259259
0 0.8270833333333332 0.5611111111111111 0.03125 0.14074074074074075
0 0.4377604166666666 0.4879629629629629 0.024479166666666666 0.09074074074074073
0 0.4223958333333333 0.4768518518518518 0.026041666666666664 0.10185185185185183
0 0.37864583333333335 0.46712962962962956 0.029166666666666664 0.10092592592592593
0 0.425 0.4837962962962963 0.025 0.11203703703703702
5 0.6916666666666667 0.48379629629629617 0.02395833333333333 0.06574074074074074
0 0.7453125 0.43611111111111106 0.01875 0.07407407407407407
0 0.7539062499999999 0.4351851851851851 0.027604166666666662 0.08518518518518518
5 0.7541666666666667 0.5143518518518518 0.03020833333333333 0.08796296296296295
5 0.5427083333333333 0.45972222222222214 0.02395833333333333 0.11018518518518519
