0 0.2502604166666667 0.6194444444444444 0.04635416666666667 0.1796296296296296
0 0.309375 0.6194444444444444 0.03958333333333334 0.1796296296296296
0 0.3333333333333334 0.6449074074074074 0.04479166666666667 0.1675925925925926
0 0.5385416666666667 0.625925925925926 0.034374999999999996 0.18703703703703703
0 0.5721354166666667 0.6287037037037035 0.033854166666666664 0.1796296296296296
0 0.64375 0.6305555555555554 0.029166666666666667 0.1722222222222222
0 0.7375 0.5175925925925926 0.02395833333333333 0.0962962962962963
0 0.7223958333333333 0.475462962962963 0.026041666666666668 0.07685185185185185
0 0.6080729166666666 0.6365740740740741 0.034895833333333334 0.1787037037037037
0 0.6953125000000001 0.9384259259259259 0.06354166666666666 0.125
0 0.62421875 0.9375 0.0703125 0.125
0 0.4609375 0.612037037037037 0.026041666666666668 0.11851851851851851
0 0.4942708333333333 0.5930555555555554 0.034374999999999996 0.16018518518518518
0 0.4895833333333333 0.6449074074074074 0.036458333333333336 0.16203703703703703
0 0.6895833333333334 0.6185185185185185 0.034374999999999996 0.14629629629629629
0 0.5768229166666666 0.5986111111111111 0.02760416666666667 0.13796296296296295
0 0.6255208333333334 0.6064814814814814 0.042708333333333334 0.16296296296296295
0 0.7190104166666667 0.6162037037037037 0.03177083333333333 0.14907407407407408
0 0.6395833333333334 0.6013888888888889 0.030208333333333334 0.14351851851851852
0 0.865625 0.7328703703703703 0.043750000000000004 0.2046296296296296
0 0.8901041666666666 0.7226851851851852 0.05416666666666667 0.19537037037037036
0 0.8723958333333334 0.7124999999999999 0.034374999999999996 0.18796296296296294
0 0.5486979166666667 0.9324074074074074 0.0609375 0.137037037037037
0 0.9119791666666667 0.7171296296296296 0.042708333333333334 0.18796296296296294
0 0.184375 0.8217592592592592 0.05416666666666667 0.24166666666666667
0 0.23125 0.8314814814814814 0.05 0.22407407407407404
0 0.18802083333333336 0.8925925925925925 0.0625 0.21666666666666667
0 0.10208333333333333 0.8078703703703703 0.0375 0.21018518518518517
0 0.10911458333333333 0.8310185185185185 0.044270833333333336 0.23796296296296296
0 0.52265625 0.6837962962962962 0.0421875 0.18796296296296294
0 0.7494791666666667 0.6981481481481481 0.041666666666666664 0.19074074074074074
0 0.6114583333333333 0.7180555555555556 0.040625 0.20277777777777778
0 0.6322916666666667 0.7222222222222221 0.036458333333333336 0.1796296296296296
0 0.6109375 0.6958333333333333 0.036458333333333336 0.16203703703703703
0 0.7781250000000001 0.7402777777777776 0.034374999999999996 0.12870370370370368
0 0.7377604166666667 0.7476851851851851 0.04010416666666666 0.1675925925925926
0 0.96640625 0.7722222222222221 0.05677083333333334 0.22037037037037036
0 0.7645833333333334 0.7296296296296295 0.040625 0.19629629629629627
0 0.5729166666666667 0.5435185185185184 0.029166666666666667 0.11296296296296296
0 0.5447916666666667 0.5365740740740741 0.0375 0.12870370370370368
0 0.4450520833333333 0.5375 0.03072916666666667 0.13425925925925924
0 0.6453125 0.5935185185185184 0.040625 0.16296296296296295
0 0.5221354166666666 0.5157407407407407 0.0203125 0.10185185185185185
0 0.4942708333333333 0.5064814814814814 0.030208333333333334 0.1074074074074074
0 0.46145833333333336 0.5013888888888889 0.029166666666666667 0.12129629629629629
0 0.4265625 0.4981481481481482 0.030208333333333334 0.11296296296296296
0 0.4067708333333333 0.49907407407407406 0.026041666666666668 0.11296296296296296
0 0.4713541666666667 0.4814814814814815 0.026041666666666668 0.10925925925925925
0 0.4434895833333333 0.4759259259259259 0.0234375 0.11296296296296296
0 0.4291666666666667 0.4736111111111111 0.021875000000000002 0.12314814814814815
0 0.41380208333333335 0.4791666666666667 0.0234375 0.11388888888888889
0 0.5026041666666666 0.4976851851851852 0.025 0.10462962962962963
0 0.7039062500000001 0.4856481481481481 0.0234375 0.06574074074074074
0 0.7513020833333335 0.437037037037037 0.019270833333333334 0.07407407407407408
0 0.7562500000000001 0.4319444444444444 0.027083333333333334 0.0824074074074074
0 0.7695312500000001 0.5171296296296296 0.029687500000000002 0.08796296296296297
0 0.5638020833333334 0.46111111111111114 0.025520833333333333 0.10925925925925925
