0 0.26901041666666664 0.6305555555555555 0.04635416666666666 0.18148148148148147
0 0.32916666666666666 0.6337962962962963 0.042708333333333334 0.18981481481481483
0 0.3794270833333333 0.6472222222222223 0.0421875 0.17037037037037037
0 0.5328124999999999 0.6226851851851851 0.035416666666666666 0.18425925925925926
0 0.559375 0.6185185185185185 0.03125 0.1759259259259259
5 0.64375 0.6259259259259259 0.028125 0.1685185185185185
0 0.7557291666666667 0.5115740740740741 0.02395833333333333 0.09537037037037036
5 0.7192708333333333 0.46990740740740744 0.026041666666666664 0.07685185185185185
0 0.6036458333333333 0.6324074074074073 0.0375 0.17407407407407408
0 0.7119791666666666 0.9148148148148147 0.057291666666666664 0.17222222222222222
0 0.6445312499999999 0.9092592592592593 0.07135416666666666 0.17962962962962964
0 0.46640625 0.586111111111111 0.0234375 0.11296296296296296
0 0.4901041666666666 0.5796296296296296 0.034375 0.15925925925925927
0 0.4755208333333333 0.6296296296296295 0.03020833333333333 0.15925925925925927
0 0.6380208333333333 0.6064814814814815 0.034375 0.14629629629629629
0 0.5372395833333333 0.5805555555555555 0.025520833333333333 0.13518518518518519
0 0.5859375 0.586574074074074 0.034375 0.16203703703703703
0 0.6622395833333333 0.6032407407407406 0.03177083333333333 0.14907407407407408
0 0.9231770833333333 0.7268518518518519 0.06302083333333333 0.22037037037037038
5 0.63828125 0.5939814814814814 0.0296875 0.14351851851851852
0 0.9182291666666667 0.7208333333333332 0.05416666666666666 0.19722222222222222
0 0.9440104166666666 0.7208333333333333 0.06197916666666666 0.19166666666666665
0 0.809375 0.7083333333333333 0.04895833333333333 0.18888888888888888
0 0.8278645833333333 0.6981481481481481 0.05260416666666666 0.18518518518518517
0 0.8395833333333332 0.6921296296296295 0.034375 0.18796296296296294
0 0.5736979166666666 0.9074074074074074 0.0609375 0.18703703703703703
0 0.8747395833333332 0.6916666666666667 0.0421875 0.18148148148148147
0 0.15625 0.8398148148148149 0.05625 0.23148148148148148
0 0.21119791666666665 0.8560185185185185 0.0546875 0.23796296296296293
0 0.15338541666666666 0.9064814814814814 0.05572916666666666 0.18888888888888888
0 0.109375 0.8064814814814815 0.040625 0.20370370370370366
0 0.13020833333333331 0.8273148148148148 0.065625 0.225
0 0.5703125 0.6995370370370371 0.04375 0.18796296296296294
0 0.7463541666666667 0.7143518518518518 0.04583333333333333 0.19907407407407407
0 0.63828125 0.7194444444444443 0.05364583333333332 0.19814814814814813
0 0.6520833333333333 0.7175925925925926 0.0375 0.17962962962962964
0 0.6747395833333333 0.7092592592592593 0.04427083333333333 0.1648148148148148
0 0.7752604166666666 0.7513888888888889 0.033854166666666664 0.1287037037037037
0 0.8015625 0.762962962962963 0.04895833333333333 0.1759259259259259
0 0.8153645833333334 0.735648148148148 0.04635416666666666 0.19722222222222222
0 0.5611979166666666 0.524537037037037 0.027604166666666662 0.10648148148148147
0 0.5302083333333333 0.5180555555555555 0.035416666666666666 0.12685185185185183
0 0.4354166666666667 0.5222222222222221 0.03020833333333333 0.13518518518518519
0 0.6989583333333333 0.586574074074074 0.040625 0.16203703703703703
0 0.5080729166666667 0.5037037037037037 0.0234375 0.09814814814814814
0 0.4802083333333333 0.49444444444444446 0.03020833333333333 0.1074074074074074
0 0.4468749999999999 0.487962962962963 0.029166666666666664 0.12037037037037038
0 0.4229166666666667 0.48472222222222217 0.03020833333333333 0.10462962962962963
0 0.40390625 0.4837962962962963 0.025520833333333333 0.11203703703703702
0 0.4380208333333333 0.47175925925925916 0.02395833333333333 0.11018518518518519
0 0.40625 0.4666666666666666 0.022916666666666665 0.11296296296296296
0 0.3963541666666667 0.46342592592592585 0.022916666666666665 0.12314814814814815
0 0.4890625 0.4884259259259259 0.025 0.10462962962962963
5 0.7020833333333333 0.4810185185185184 0.02395833333333333 0.06574074074074074
0 0.7497395833333333 0.43240740740740735 0.01927083333333333 0.07407407407407407
0 0.7510416666666667 0.4300925925925926 0.02708333333333333 0.0824074074074074
5 0.7651041666666667 0.5143518518518518 0.03020833333333333 0.08796296296296295
5 0.5614583333333333 0.45 0.028125 0.10925925925925925
