0 0.2638020833333333 0.6129629629629629 0.0421875 0.17407407407407408
0 0.2661458333333333 0.6379629629629628 0.05 0.17407407407407408
0 0.5604166666666666 0.6412037037037037 0.034375 0.18796296296296294
0 0.5888020833333333 0.6425925925925926 0.033854166666666664 0.17777777777777776
5 0.65625 0.6453703703703704 0.03020833333333333 0.1759259259259259
0 0.7346354166666667 0.5203703703703704 0.0234375 0.0962962962962963
5 0.7325520833333333 0.4837962962962963 0.025520833333333333 0.07685185185185185
0 0.6192708333333333 0.6430555555555555 0.03229166666666666 0.1787037037037037
0 0.46744791666666663 0.6421296296296296 0.027604166666666662 0.13796296296296295
0 0.5033854166666666 0.6268518518518518 0.03697916666666666 0.1648148148148148
0 0.575 0.6717592592592593 0.03958333333333333 0.1638888888888889
0 0.7697916666666667 0.6444444444444445 0.034375 0.14629629629629629
0 0.6802083333333333 0.6273148148148148 0.029166666666666664 0.1509259259259259
0 0.7197916666666666 0.6236111111111111 0.041666666666666664 0.1638888888888889
0 0.8080729166666666 0.6462962962962961 0.034895833333333334 0.15925925925925927
5 0.6546875 0.6018518518518519 0.02708333333333333 0.14259259259259258
0 0.9731770833333332 0.7402777777777778 0.04114583333333333 0.19537037037037036
0 0.23229166666666665 0.7902777777777777 0.04791666666666666 0.2324074074074074
0 0.2723958333333333 0.7967592592592592 0.04895833333333333 0.21018518518518517
0 0.2546875 0.8560185185185185 0.05625 0.22685185185185186
0 0.11927083333333333 0.8064814814814815 0.03958333333333333 0.20925925925925926
0 0.13489583333333333 0.8796296296296295 0.05625 0.24074074074074076
0 0.4713541666666667 0.6625 0.03020833333333333 0.175
0 0.7739583333333333 0.6773148148148148 0.040625 0.1824074074074074
0 0.6130208333333333 0.7231481481481481 0.03958333333333333 0.20370370370370366
0 0.6526041666666667 0.7300925925925925 0.0375 0.1824074074074074
0 0.5192708333333333 0.6796296296296296 0.03958333333333333 0.1537037037037037
0 0.7997395833333333 0.7171296296296296 0.033854166666666664 0.11759259259259258
0 0.7580729166666667 0.7143518518518518 0.04010416666666666 0.15462962962962962
0 0.8533854166666666 0.749537037037037 0.0484375 0.21759259259259256
0 0.8869791666666667 0.7504629629629629 0.04375 0.21018518518518517
0 0.7890625 0.7018518518518518 0.040625 0.17962962962962964
0 0.6036458333333333 0.5745370370370371 0.03020833333333333 0.1324074074074074
0 0.5739583333333333 0.561574074074074 0.03645833333333333 0.1398148148148148
0 0.4578125 0.5689814814814814 0.03333333333333333 0.14907407407407408
0 0.5552083333333333 0.5925925925925926 0.04479166666666666 0.15740740740740738
0 0.5419270833333333 0.5310185185185186 0.0234375 0.10462962962962963
0 0.52109375 0.5263888888888888 0.0296875 0.11944444444444444
0 0.49479166666666663 0.5175925925925926 0.03229166666666666 0.12037037037037038
0 0.4442708333333333 0.5180555555555555 0.03229166666666666 0.11388888888888889
0 0.4140625 0.5171296296296296 0.025 0.11574074074074074
0 0.51796875 0.499537037037037 0.0265625 0.11203703703703702
0 0.4911458333333333 0.4925925925925926 0.02395833333333333 0.11296296296296296
0 0.4731770833333333 0.4921296296296296 0.025520833333333333 0.125
0 0.45234375 0.4976851851851851 0.025520833333333333 0.11574074074074074
0 0.4166666666666667 0.4837962962962963 0.02708333333333333 0.11203703703703702
0 0.4541666666666666 0.475925925925926 0.026041666666666664 0.1074074074074074
0 0.5265625 0.5194444444444445 0.021875 0.1074074074074074
5 0.715625 0.49305555555555547 0.02395833333333333 0.06574074074074074
0 0.4375 0.4736111111111111 0.025 0.12314814814814815
0 0.76015625 0.44074074074074077 0.01927083333333333 0.07407407407407407
0 0.7682291666666667 0.4356481481481481 0.02708333333333333 0.0824074074074074
5 0.7802083333333333 0.5217592592592593 0.03020833333333333 0.08796296296296295
5 0.5731770833333333 0.4652777777777777 0.025520833333333333 0.11018518518518519
