0 0.26953125 0.6310185185185185 0.04635416666666666 0.1824074074074074
0 0.32968749999999997 0.6342592592592593 0.042708333333333334 0.18888888888888888
0 0.38046875 0.6472222222222223 0.043229166666666666 0.17037037037037037
0 0.5328124999999999 0.6222222222222222 0.035416666666666666 0.18333333333333332
0 0.5598958333333333 0.6180555555555556 0.03125 0.17685185185185184
5 0.6442708333333333 0.625 0.028125 0.1685185185185185
0 0.7567708333333333 0.5106481481481482 0.02395833333333333 0.09537037037037036
5 0.7192708333333333 0.46990740740740744 0.026041666666666664 0.07685185185185185
0 0.6036458333333333 0.6319444444444444 0.0375 0.17314814814814813
0 0.71328125 0.9143518518518517 0.056770833333333326 0.17314814814814813
0 0.6453125 0.9083333333333332 0.071875 0.18148148148148147
0 0.46640625 0.5851851851851851 0.0234375 0.11296296296296296
0 0.4901041666666666 0.5787037037037036 0.034375 0.15925925925925927
0 0.475 0.6287037037037037 0.03020833333333333 0.15925925925925927
0 0.6364583333333333 0.6055555555555555 0.034375 0.14629629629629629
0 0.53671875 0.5796296296296296 0.025520833333333333 0.13518518518518519
0 0.5851562499999999 0.586574074074074 0.033854166666666664 0.16203703703703703
0 0.66015625 0.6032407407407406 0.03177083333333333 0.14907407407407408
0 0.91875 0.725462962962963 0.06041666666666666 0.21944444444444441
5 0.63828125 0.5939814814814814 0.0296875 0.14351851851851852
0 0.9145833333333332 0.7189814814814814 0.055208333333333325 0.19722222222222222
0 0.94140625 0.7199074074074073 0.0609375 0.19166666666666665
0 0.8075520833333332 0.7069444444444444 0.0484375 0.18796296296296294
0 0.8244791666666667 0.6962962962962962 0.05416666666666666 0.18518518518518517
0 0.8385416666666666 0.6912037037037038 0.034375 0.18796296296296294
0 0.5747395833333333 0.9064814814814814 0.0609375 0.18888888888888888
0 0.87421875 0.6907407407407408 0.0421875 0.18148148148148147
0 0.15520833333333334 0.8407407407407407 0.05625 0.2333333333333333
0 0.21015625 0.8569444444444443 0.0546875 0.23796296296296293
0 0.15260416666666665 0.9074074074074074 0.055208333333333325 0.18703703703703703
0 0.11015625 0.8074074074074075 0.0421875 0.20370370370370366
0 0.13229166666666664 0.8277777777777778 0.06770833333333333 0.22407407407407404
0 0.5723958333333333 0.700462962962963 0.04375 0.18796296296296294
0 0.746875 0.7152777777777778 0.04583333333333333 0.19907407407407407
0 0.6401041666666667 0.7194444444444443 0.055208333333333325 0.19814814814814813
0 0.6533854166666667 0.7180555555555554 0.03802083333333333 0.1787037037037037
0 0.6770833333333333 0.7097222222222221 0.04375 0.16574074074074072
0 0.7763020833333333 0.7513888888888889 0.033854166666666664 0.1287037037037037
0 0.8046875 0.762962962962963 0.05208333333333333 0.1759259259259259
0 0.8177083333333333 0.736111111111111 0.046875 0.19814814814814813
0 0.5611979166666666 0.524537037037037 0.027604166666666662 0.10648148148148147
0 0.5302083333333333 0.5180555555555555 0.035416666666666666 0.12685185185185183
0 0.4354166666666667 0.5212962962962963 0.03020833333333333 0.13518518518518519
0 0.7005208333333333 0.586111111111111 0.040625 0.1611111111111111
0 0.5075520833333333 0.5037037037037037 0.0234375 0.09814814814814814
0 0.4802083333333333 0.4935185185185185 0.03020833333333333 0.1074074074074074
0 0.4468749999999999 0.4875 0.029166666666666664 0.11944444444444444
0 0.4234375 0.48472222222222217 0.03020833333333333 0.10462962962962963
0 0.40390625 0.4837962962962963 0.025520833333333333 0.11203703703703702
0 0.4369791666666667 0.47175925925925916 0.02395833333333333 0.11018518518518519
0 0.4052083333333333 0.4666666666666666 0.022916666666666665 0.11296296296296296
0 0.3953125 0.4629629629629629 0.022916666666666665 0.12407407407407407
0 0.4885416666666666 0.48749999999999993 0.025 0.10462962962962963
5 0.7020833333333333 0.4810185185185184 0.02395833333333333 0.06574074074074074
0 0.7497395833333333 0.43240740740740735 0.01927083333333333 0.07407407407407407
0 0.7515625 0.4300925925925926 0.02708333333333333 0.0824074074074074
5 0.7651041666666667 0.5134259259259258 0.03020833333333333 0.08796296296296295
5 0.5614583333333333 0.45 0.028125 0.10925925925925925
