0 0.28541666666666665 0.6541666666666666 0.05 0.19166666666666665
0 0.34375 0.6541666666666666 0.04375 0.19907407407407407
0 0.43125 0.6578703703703703 0.04895833333333333 0.16759259259259257
0 0.17604166666666665 0.9689814814814814 0.05416666666666666 0.062037037037037036
0 0.5317708333333333 0.6092592592592592 0.035416666666666666 0.17962962962962964
0 0.5625 0.612037037037037 0.034375 0.1759259259259259
5 0.6544270833333333 0.6222222222222222 0.027604166666666662 0.1685185185185185
0 0.7880208333333333 0.5074074074074073 0.02395833333333333 0.09259259259259259
5 0.7130208333333333 0.46990740740740744 0.026041666666666664 0.07685185185185185
0 0.6208333333333333 0.6305555555555555 0.0375 0.17037037037037037
0 0.7260416666666667 0.8810185185185185 0.055208333333333325 0.2361111111111111
0 0.67578125 0.8833333333333332 0.0640625 0.23518518518518516
0 0.4638020833333333 0.5703703703703703 0.0234375 0.11296296296296296
0 0.4937499999999999 0.5560185185185185 0.03229166666666666 0.1472222222222222
0 0.4609375 0.6027777777777776 0.03020833333333333 0.14629629629629629
0 0.5742187499999999 0.5851851851851851 0.03697916666666666 0.14259259259259258
0 0.5234374999999999 0.5564814814814814 0.026041666666666664 0.13518518518518519
0 0.5458333333333333 0.5587962962962962 0.03333333333333333 0.14537037037037037
0 0.6005208333333333 0.5847222222222221 0.03125 0.14907407407407408
0 0.7966145833333333 0.7064814814814814 0.05260416666666666 0.20555555555555555
5 0.63671875 0.5912037037037037 0.0296875 0.14351851851851852
0 0.7984375 0.6986111111111111 0.040625 0.1935185185185185
0 0.8236979166666666 0.6967592592592592 0.0421875 0.18425925925925926
0 0.70703125 0.6777777777777777 0.0359375 0.18518518518518517
0 0.7901041666666667 0.6652777777777777 0.042708333333333334 0.17685185185185184
0 0.81484375 0.6597222222222221 0.0328125 0.16759259259259257
0 0.8916666666666666 0.725462962962963 0.059375 0.18796296296296294
0 0.9153645833333333 0.737037037037037 0.03802083333333333 0.14629629629629629
0 0.5989583333333333 0.8773148148148147 0.057291666666666664 0.24537037037037038
0 0.8427083333333334 0.6560185185185184 0.041666666666666664 0.17314814814814813
0 0.1125 0.8726851851851851 0.06354166666666666 0.24537037037037038
0 0.17291666666666666 0.8865740740740741 0.055208333333333325 0.2287037037037037
0 0.10807291666666666 0.9282407407407407 0.0546875 0.14537037037037037
0 0.18984375 0.8032407407407407 0.0453125 0.20462962962962963
0 0.2674479166666667 0.825462962962963 0.05364583333333332 0.22314814814814815
0 0.6455729166666666 0.7199074074074073 0.04010416666666666 0.1935185185185185
0 0.8143229166666666 0.737037037037037 0.0609375 0.20555555555555555
0 0.725 0.7319444444444444 0.04375 0.21203703703703702
0 0.7260416666666667 0.7314814814814814 0.03645833333333333 0.18518518518518517
0 0.7643229166666667 0.7296296296296296 0.04427083333333333 0.1759259259259259
0 0.8432291666666666 0.7662037037037037 0.042708333333333334 0.1324074074074074
0 0.9322916666666666 0.7675925925925926 0.04791666666666666 0.1685185185185185
0 0.9416666666666667 0.7444444444444444 0.04895833333333333 0.2
0 0.54375 0.5069444444444444 0.028125 0.10648148148148147
0 0.5122395833333333 0.5013888888888889 0.03177083333333333 0.12685185185185183
0 0.4294270833333333 0.500925925925926 0.0296875 0.1259259259259259
0 0.7736979166666667 0.5740740740740741 0.03177083333333333 0.14074074074074075
0 0.4817708333333333 0.4879629629629629 0.022916666666666665 0.09074074074074073
0 0.45859375 0.48472222222222217 0.025520833333333333 0.10277777777777777
0 0.4182291666666666 0.475925925925926 0.029166666666666664 0.11296296296296296
0 0.39609374999999997 0.47453703703703703 0.028645833333333332 0.11203703703703702
0 0.38385416666666666 0.4722222222222222 0.021875 0.1074074074074074
0 0.4731770833333333 0.4736111111111111 0.025520833333333333 0.10462962962962963
5 0.6984375 0.4810185185185184 0.02395833333333333 0.06574074074074074
0 0.7489583333333333 0.42777777777777776 0.01875 0.07407407407407407
0 0.7546875 0.4291666666666666 0.02708333333333333 0.0824074074074074
5 0.7619791666666667 0.5097222222222222 0.03020833333333333 0.08796296296296295
5 0.55546875 0.45324074074074067 0.027604166666666662 0.11203703703703702
