0 0.2557291666666667 0.7282407407407407 0.05416666666666667 0.21018518518518517
0 0.3213541666666667 0.7282407407407407 0.05 0.21944444444444444
0 0.3796875 0.712962962962963 0.03958333333333334 0.1925925925925926
0 0.2807291666666667 0.9009259259259258 0.06458333333333334 0.19814814814814813
0 0.3463541666666667 0.9069444444444444 0.06354166666666666 0.18425925925925926
0 0.5869791666666667 0.648611111111111 0.041666666666666664 0.19166666666666668
0 0.5950520833333334 0.6453703703703704 0.034895833333333334 0.17777777777777776
0 0.6463541666666667 0.6305555555555556 0.028125 0.1685185185185185
0 0.7893229166666667 0.5296296296296297 0.025520833333333333 0.09259259259259259
0 0.7072916666666667 0.48287037037037034 0.026041666666666668 0.07685185185185185
0 0.6205729166666667 0.6518518518518518 0.033854166666666664 0.18148148148148147
0 0.9236979166666667 0.7157407407407407 0.04739583333333334 0.1925925925925926
0 0.7411458333333334 0.787037037037037 0.041666666666666664 0.22592592592592592
0 0.6973958333333334 0.7944444444444444 0.04791666666666666 0.22777777777777777
0 0.8989583333333334 0.7037037037037036 0.04895833333333334 0.19629629629629627
0 0.4513020833333333 0.5425925925925925 0.0234375 0.11296296296296296
0 0.4734375 0.5337962962962963 0.030208333333333334 0.1398148148148148
0 0.43125 0.5722222222222222 0.030208333333333334 0.13518518518518519
0 0.5046875000000001 0.5601851851851852 0.03333333333333333 0.137037037037037
0 0.5028645833333333 0.5328703703703703 0.025520833333333333 0.12129629629629629
0 0.5341145833333334 0.5393518518518517 0.03177083333333333 0.1361111111111111
0 0.534375 0.5555555555555555 0.030208333333333334 0.12962962962962962
0 0.5502604166666667 0.6717592592592593 0.044270833333333336 0.19166666666666668
0 0.6255208333333334 0.6050925925925926 0.029166666666666667 0.14351851851851852
0 0.5622395833333333 0.6699074074074074 0.044270833333333336 0.18425925925925926
0 0.584375 0.6680555555555555 0.0375 0.17314814814814813
0 0.5375000000000001 0.6388888888888888 0.035416666666666666 0.16666666666666666
0 0.6729166666666666 0.624074074074074 0.036458333333333336 0.1574074074074074
0 0.6716145833333335 0.6212962962962963 0.03177083333333333 0.15185185185185185
0 0.6455729166666666 0.7004629629629628 0.04635416666666667 0.17314814814814813
0 0.6653645833333334 0.7134259259259259 0.033854166666666664 0.13425925925925924
0 0.7653645833333333 0.7083333333333333 0.05677083333333334 0.19814814814814813
0 0.64375 0.7925925925925925 0.046875 0.23333333333333334
0 0.74140625 0.6222222222222221 0.03697916666666667 0.16296296296296295
0 0.7940104166666667 0.6652777777777777 0.0421875 0.18055555555555552
0 0.8156249999999999 0.7175925925925927 0.051041666666666666 0.17592592592592593
0 0.02708333333333333 0.9208333333333333 0.053125 0.16018518518518518
0 0.06223958333333334 0.937037037037037 0.05260416666666667 0.12777777777777777
0 0.3997395833333334 0.8212962962962962 0.05260416666666667 0.2037037037037037
0 0.5859375000000001 0.8189814814814814 0.065625 0.2175925925925926
0 0.8796875 0.787962962962963 0.05625 0.20925925925925926
0 0.9580729166666666 0.7643518518518518 0.04635416666666667 0.2175925925925926
0 0.9513020833333334 0.7597222222222222 0.0390625 0.20092592592592592
0 0.4809895833333333 0.48935185185185176 0.04114583333333334 0.10648148148148147
0 0.45208333333333334 0.4828703703703703 0.03229166666666667 0.12314814814814815
0 0.3828125 0.4796296296296296 0.028125 0.12407407407407406
0 0.38567708333333334 0.4824074074074074 0.0265625 0.09074074074074073
0 0.6901041666666666 0.49027777777777776 0.02395833333333333 0.06574074074074074
0 0.72578125 0.449537037037037 0.0234375 0.08425925925925926
0 0.7473958333333334 0.44305555555555554 0.028125 0.0898148148148148
0 0.75 0.5199074074074074 0.030208333333333334 0.08796296296296297
0 0.5369791666666667 0.46342592592592596 0.02395833333333333 0.11018518518518518
