0 0.5802083333333333 0.6601851851851852 0.03333333333333333 0.19444444444444445
0 0.6078125 0.6685185185185185 0.03645833333333333 0.18703703703703703
5 0.66640625 0.6476851851851853 0.03177083333333333 0.17685185185185184
0 0.7442708333333333 0.5185185185185185 0.02395833333333333 0.0962962962962963
5 0.7463541666666667 0.48194444444444445 0.025 0.07685185185185185
0 0.6161458333333333 0.6462962962962963 0.03229166666666666 0.1759259259259259
0 0.5078125 0.6703703703703703 0.02708333333333333 0.15185185185185185
0 0.5463541666666666 0.6537037037037037 0.035416666666666666 0.17777777777777776
0 0.6692708333333333 0.6962962962962962 0.03854166666666666 0.16666666666666666
0 0.846875 0.6759259259259258 0.03854166666666666 0.16296296296296295
0 0.8114583333333332 0.6541666666666666 0.03020833333333333 0.1509259259259259
0 0.8270833333333332 0.648611111111111 0.03958333333333333 0.16759259259259257
0 0.8770833333333332 0.6782407407407407 0.0375 0.175
5 0.6640625 0.6050925925925925 0.02708333333333333 0.14351851851851852
0 0.2723958333333333 0.7532407407407407 0.04583333333333333 0.21018518518518517
0 0.3106770833333333 0.7638888888888888 0.0421875 0.20370370370370366
0 0.30494791666666665 0.8050925925925926 0.05260416666666666 0.2064814814814815
0 0.19322916666666665 0.774074074074074 0.04375 0.19629629629629627
0 0.13359375 0.9101851851851851 0.0609375 0.17962962962962964
0 0.4510416666666666 0.6337962962962963 0.034375 0.1638888888888889
0 0.7729166666666666 0.6611111111111111 0.034375 0.18518518518518517
0 0.6304687499999999 0.7263888888888889 0.04010416666666666 0.20462962962962963
0 0.6682291666666667 0.7370370370370369 0.042708333333333334 0.18518518518518517
0 0.4416666666666666 0.6541666666666666 0.040625 0.15277777777777776
0 0.79140625 0.6949074074074073 0.0296875 0.11759259259259258
0 0.7841145833333333 0.6884259259259259 0.0359375 0.1509259259259259
0 0.8192708333333332 0.7175925925925926 0.04583333333333333 0.20185185185185187
0 0.8453124999999998 0.7175925925925926 0.04583333333333333 0.20185185185185187
0 0.88359375 0.75 0.0546875 0.20925925925925926
0 0.8049479166666667 0.6814814814814814 0.03802083333333333 0.17962962962962964
0 0.9317708333333334 0.7523148148148148 0.041666666666666664 0.18981481481481483
0 0.6338541666666666 0.5912037037037037 0.03229166666666666 0.1324074074074074
0 0.6088541666666666 0.5842592592592591 0.03854166666666666 0.14629629629629629
0 0.4666666666666666 0.5925925925925926 0.034375 0.15925925925925927
0 0.4937499999999999 0.5791666666666666 0.04479166666666666 0.15648148148148147
0 0.57578125 0.5509259259259258 0.025520833333333333 0.1037037037037037
0 0.5419270833333333 0.549537037037037 0.0296875 0.12685185185185183
0 0.51484375 0.5287037037037037 0.03177083333333333 0.12407407407407407
0 0.4596354166666667 0.5342592592592592 0.03177083333333333 0.11851851851851851
0 0.41640625 0.5319444444444443 0.025520833333333333 0.125
0 0.5536458333333333 0.5152777777777777 0.028125 0.11574074074074074
0 0.52578125 0.5092592592592593 0.0234375 0.11296296296296296
0 0.5065104166666667 0.5092592592592593 0.025520833333333333 0.12962962962962962
0 0.48697916666666663 0.5115740740740741 0.026041666666666664 0.12129629629629628
0 0.4296875 0.5050925925925925 0.028125 0.11574074074074074
0 0.5161458333333333 0.4888888888888888 0.02708333333333333 0.1074074074074074
0 0.4473958333333333 0.4833333333333333 0.02395833333333333 0.12037037037037038
0 0.4192708333333333 0.4662037037037036 0.019791666666666666 0.09907407407407406
0 0.5401041666666666 0.5324074074074074 0.021875 0.1074074074074074
5 0.7276041666666667 0.49120370370370364 0.02395833333333333 0.06574074074074074
0 0.49296875 0.48611111111111105 0.025520833333333333 0.12407407407407407
0 0.7713541666666666 0.44351851851851853 0.019791666666666666 0.07407407407407407
0 0.7807291666666667 0.4393518518518518 0.02708333333333333 0.0824074074074074
5 0.7911458333333333 0.5226851851851853 0.03020833333333333 0.08796296296296295
5 0.58671875 0.4652777777777777 0.025520833333333333 0.11018518518518519
