0 0.21171875 0.8703703703703705 0.07135416666666666 0.25370370370370365
0 0.2674479166666667 0.874074074074074 0.058854166666666666 0.2518518518518518
0 0.29583333333333334 0.8407407407407407 0.051041666666666666 0.22407407407407404
0 0.3692708333333333 0.8356481481481481 0.05625 0.22685185185185186
0 0.4104166666666666 0.8375 0.053125 0.2064814814814815
0 0.75859375 0.7342592592592593 0.0515625 0.20185185185185187
0 0.7671875 0.7277777777777776 0.042708333333333334 0.19814814814814813
5 0.6622395833333333 0.6796296296296296 0.0296875 0.1685185185185185
0 0.8059895833333334 0.5675925925925925 0.027604166666666662 0.09259259259259259
5 0.7221354166666666 0.5180555555555555 0.027604166666666662 0.07685185185185185
0 0.7005208333333333 0.7101851851851851 0.041666666666666664 0.18148148148148147
0 0.8265625 0.712962962962963 0.041666666666666664 0.18333333333333332
0 0.7106770833333333 0.7416666666666666 0.0453125 0.19444444444444445
0 0.6356770833333333 0.7379629629629629 0.04010416666666666 0.1925925925925926
0 0.8002604166666666 0.686574074074074 0.04010416666666666 0.16574074074074072
0 0.440625 0.5453703703703703 0.02395833333333333 0.10185185185185183
0 0.4669270833333333 0.5277777777777778 0.0265625 0.11296296296296296
0 0.4317708333333333 0.5722222222222222 0.026041666666666664 0.12407407407407407
0 0.4651041666666666 0.5606481481481481 0.03229166666666666 0.12314814814814815
0 0.48671875 0.5361111111111111 0.025520833333333333 0.11296296296296296
0 0.52578125 0.5421296296296296 0.0296875 0.12314814814814815
0 0.49453125 0.5587962962962962 0.0296875 0.1287037037037037
0 0.4630208333333333 0.6430555555555555 0.03958333333333333 0.16944444444444445
5 0.6463541666666667 0.6439814814814815 0.02708333333333333 0.14351851851851852
0 0.48359375 0.6421296296296296 0.03177083333333333 0.1638888888888889
0 0.5197916666666667 0.6421296296296296 0.03229166666666666 0.1472222222222222
0 0.5442708333333333 0.6199074074074074 0.03125 0.13796296296296295
0 0.5765625 0.6148148148148148 0.034375 0.13518518518518519
0 0.565625 0.6060185185185185 0.02708333333333333 0.12685185185185183
0 0.5234374999999999 0.6712962962962963 0.041666666666666664 0.1611111111111111
0 0.5515625 0.6861111111111111 0.02708333333333333 0.12962962962962962
0 0.5770833333333333 0.6972222222222222 0.0375 0.1907407407407407
0 0.6018229166666667 0.7407407407407407 0.04010416666666666 0.19814814814814813
0 0.5979166666666667 0.612037037037037 0.03020833333333333 0.14074074074074075
0 0.6445312499999999 0.6555555555555556 0.033854166666666664 0.1685185185185185
0 0.6216145833333333 0.7092592592592591 0.03697916666666666 0.1611111111111111
0 0.8252604166666666 0.8675925925925926 0.0609375 0.20370370370370366
0 0.9632812499999999 0.837962962962963 0.05989583333333333 0.2074074074074074
5 0.7080729166666666 0.5328703703703703 0.0234375 0.06574074074074074
0 0.6817708333333333 0.4925925925925926 0.026041666666666664 0.09074074074074073
0 0.71171875 0.49027777777777776 0.0296875 0.08981481481481482
5 0.7692708333333333 0.5634259259259259 0.03125 0.08796296296296295
5 0.5640625 0.5069444444444444 0.02395833333333333 0.11018518518518519
