0 0.25755208333333335 0.6212962962962962 0.04635416666666666 0.17962962962962964
0 0.31562499999999993 0.6208333333333333 0.03958333333333333 0.18981481481481483
0 0.34765624999999994 0.6462962962962963 0.03802083333333333 0.1685185185185185
0 0.53671875 0.624537037037037 0.034895833333333334 0.18796296296296294
0 0.56796875 0.6249999999999999 0.03177083333333333 0.17962962962962964
5 0.6395833333333333 0.6282407407407408 0.028125 0.16944444444444445
0 0.7421875 0.5148148148148148 0.02395833333333333 0.0962962962962963
5 0.7213541666666666 0.4736111111111111 0.026041666666666664 0.07685185185185185
0 0.6059895833333333 0.6365740740740741 0.0359375 0.1787037037037037
0 0.6968749999999999 0.9287037037037036 0.06354166666666666 0.14444444444444443
0 0.6294270833333333 0.9259259259259258 0.06927083333333332 0.14814814814814814
0 0.46171875 0.6064814814814814 0.025520833333333333 0.11666666666666665
0 0.49140624999999993 0.586574074074074 0.033854166666666664 0.16018518518518518
0 0.4833333333333333 0.6388888888888888 0.03645833333333333 0.1611111111111111
0 0.6734375 0.6129629629629629 0.034375 0.14629629629629629
0 0.5609375 0.5935185185185186 0.02708333333333333 0.137037037037037
0 0.609375 0.5981481481481481 0.042708333333333334 0.16296296296296295
0 0.70078125 0.611574074074074 0.03177083333333333 0.14907407407407408
5 0.6390625 0.5986111111111111 0.03020833333333333 0.14351851851851852
0 0.846875 0.724537037037037 0.0375 0.20277777777777778
0 0.8684895833333333 0.7134259259259259 0.0484375 0.19537037037037036
0 0.85625 0.7032407407407407 0.034375 0.18796296296296294
0 0.5559895833333333 0.923611111111111 0.0609375 0.15462962962962962
0 0.89609375 0.7087962962962963 0.0421875 0.18796296296296294
0 0.17526041666666664 0.8282407407407406 0.0546875 0.23796296296296293
0 0.22395833333333334 0.8393518518518517 0.05416666666666666 0.22685185185185186
0 0.17395833333333333 0.8958333333333333 0.0625 0.21018518518518517
0 0.10052083333333332 0.8069444444444445 0.0375 0.21018518518518517
0 0.10703125 0.8296296296296296 0.04010416666666666 0.23888888888888887
0 0.5375 0.6875 0.03958333333333333 0.18796296296296294
0 0.7473958333333333 0.7009259259259258 0.04583333333333333 0.1907407407407407
0 0.6177083333333333 0.7189814814814814 0.042708333333333334 0.2009259259259259
0 0.6359375 0.7194444444444443 0.03645833333333333 0.17962962962962964
0 0.6328125 0.7004629629629628 0.03645833333333333 0.16203703703703703
0 0.7744791666666666 0.7449074074074074 0.034375 0.1287037037037037
0 0.7515625 0.7513888888888889 0.04583333333333333 0.16944444444444445
0 0.7778645833333333 0.7333333333333332 0.04010416666666666 0.19629629629629627
0 0.5692708333333333 0.537037037037037 0.03020833333333333 0.1074074074074074
0 0.5380208333333333 0.5296296296296296 0.035416666666666666 0.1259259259259259
0 0.440625 0.5314814814814814 0.03020833333333333 0.13518518518518519
0 0.6630208333333333 0.5912037037037037 0.040625 0.16203703703703703
0 0.5187499999999999 0.5120370370370371 0.019791666666666666 0.09814814814814814
0 0.4885416666666667 0.5018518518518518 0.03020833333333333 0.1074074074074074
0 0.45624999999999993 0.49583333333333324 0.029166666666666664 0.12129629629629628
0 0.4244791666666667 0.4935185185185185 0.03020833333333333 0.11296296296296296
0 0.40390625 0.4916666666666666 0.025520833333333333 0.11296296296296296
0 0.4622395833333333 0.47453703703703703 0.024479166666666666 0.11018518518518519
0 0.4322916666666667 0.4731481481481481 0.02395833333333333 0.11296296296296296
0 0.4182291666666666 0.4689814814814814 0.021875 0.12314814814814815
0 0.40390625 0.475 0.0234375 0.11296296296296296
0 0.4989583333333333 0.4939814814814814 0.025 0.10462962962962963
5 0.70234375 0.4819444444444444 0.0234375 0.06574074074074074
0 0.75078125 0.43518518518518523 0.01927083333333333 0.07407407407407407
0 0.7541666666666667 0.43194444444444435 0.02708333333333333 0.0824074074074074
5 0.7674479166666666 0.5152777777777777 0.0296875 0.08796296296296295
5 0.5627604166666667 0.4564814814814815 0.0265625 0.10925925925925925
