0 0.25859375 0.6212962962962962 0.04635416666666667 0.1796296296296296
0 0.31614583333333335 0.6208333333333333 0.03958333333333334 0.19166666666666668
0 0.34921875 0.6467592592592593 0.03802083333333334 0.16944444444444443
0 0.53671875 0.624537037037037 0.034895833333333334 0.18796296296296294
0 0.5674479166666667 0.6245370370370369 0.03177083333333333 0.1787037037037037
0 0.6390625 0.6277777777777778 0.028125 0.1685185185185185
0 0.7427083333333334 0.5148148148148148 0.02395833333333333 0.0962962962962963
0 0.72109375 0.4736111111111111 0.025520833333333333 0.07685185185185185
0 0.6059895833333334 0.6365740740740741 0.035937500000000004 0.1787037037037037
0 0.696875 0.9277777777777776 0.06354166666666666 0.14629629629629629
0 0.6296875000000001 0.925 0.06874999999999999 0.15
0 0.46171875 0.6055555555555555 0.025520833333333333 0.11666666666666667
0 0.4916666666666667 0.586111111111111 0.034374999999999996 0.15925925925925927
0 0.4822916666666667 0.638425925925926 0.036458333333333336 0.16018518518518518
0 0.671875 0.6129629629629628 0.034374999999999996 0.14629629629629629
0 0.5591145833333334 0.5925925925925927 0.0265625 0.137037037037037
0 0.6078125 0.5972222222222221 0.042708333333333334 0.16296296296296295
0 0.6989583333333333 0.610648148148148 0.03125 0.14907407407407408
0 0.6390625 0.5986111111111111 0.030208333333333334 0.14351851851851852
0 0.8453125 0.7240740740740741 0.0375 0.20185185185185184
0 0.865625 0.7129629629629629 0.04895833333333334 0.19629629629629627
0 0.8546875 0.7023148148148147 0.034374999999999996 0.18796296296296294
0 0.55703125 0.9226851851851852 0.0609375 0.15648148148148147
0 0.8940104166666667 0.7078703703703703 0.0421875 0.18796296296296294
0 0.17421875 0.8287037037037036 0.0546875 0.23703703703703702
0 0.22317708333333336 0.8402777777777778 0.0546875 0.22685185185185183
0 0.17239583333333333 0.8962962962962963 0.0625 0.20925925925925926
0 0.10052083333333334 0.8069444444444444 0.0375 0.21018518518518517
0 0.10677083333333333 0.8296296296296295 0.03958333333333334 0.23888888888888887
0 0.5393229166666667 0.6884259259259259 0.0390625 0.18796296296296294
0 0.7473958333333334 0.7018518518518518 0.04583333333333334 0.19074074074074074
0 0.61875 0.7194444444444444 0.042708333333333334 0.2
0 0.6364583333333333 0.7194444444444444 0.036458333333333336 0.1796296296296296
0 0.6348958333333334 0.7004629629629628 0.0375 0.16203703703703703
0 0.7739583333333334 0.7449074074074074 0.034374999999999996 0.12870370370370368
0 0.7544270833333334 0.7523148148148148 0.044270833333333336 0.16944444444444443
0 0.7794270833333334 0.7342592592592592 0.04010416666666666 0.19629629629629627
0 0.5687500000000001 0.5361111111111111 0.030208333333333334 0.1074074074074074
0 0.5375000000000001 0.5287037037037037 0.035416666666666666 0.1259259259259259
0 0.4401041666666667 0.5314814814814814 0.030208333333333334 0.13518518518518519
0 0.6651041666666666 0.5912037037037037 0.040625 0.16203703703703703
0 0.51796875 0.5111111111111111 0.0203125 0.09814814814814814
0 0.48802083333333335 0.5018518518518518 0.030208333333333334 0.1074074074074074
0 0.45572916666666674 0.4949074074074074 0.029166666666666667 0.12129629629629629
0 0.4236979166666667 0.4925925925925926 0.029687500000000002 0.11296296296296296
0 0.40390624999999997 0.4907407407407407 0.025520833333333333 0.11296296296296296
0 0.4611979166666667 0.4736111111111111 0.02447916666666667 0.11018518518518518
0 0.4307291666666667 0.47314814814814815 0.02395833333333333 0.11296296296296296
0 0.4166666666666667 0.46898148148148144 0.021875000000000002 0.12314814814814815
0 0.40234375 0.475 0.0234375 0.11296296296296296
0 0.49843750000000003 0.49398148148148147 0.025 0.10462962962962963
0 0.70234375 0.4819444444444444 0.0234375 0.06574074074074074
0 0.7507812500000001 0.4351851851851852 0.019270833333333334 0.07407407407407408
0 0.7536458333333335 0.4310185185185185 0.027083333333333334 0.0824074074074074
0 0.7674479166666667 0.5152777777777777 0.029687500000000002 0.08796296296296297
0 0.5627604166666667 0.45555555555555555 0.0265625 0.10925925925925925
