0 0.5697916666666666 0.6476851851851851 0.034375 0.18796296296296294
0 0.6046875 0.6541666666666667 0.034375 0.1824074074074074
5 0.6640625 0.6481481481481481 0.03020833333333333 0.1759259259259259
0 0.7403645833333333 0.5203703703703704 0.0234375 0.0962962962962963
5 0.73984375 0.4828703703703704 0.025520833333333333 0.07685185185185185
0 0.6249999999999999 0.6458333333333333 0.03229166666666666 0.1787037037037037
0 0.4924479166666666 0.6569444444444444 0.027604166666666662 0.1398148148148148
0 0.5252604166666666 0.6416666666666666 0.0359375 0.17222222222222222
0 0.6239583333333333 0.6874999999999999 0.041666666666666664 0.16574074074074072
0 0.8151041666666666 0.6652777777777777 0.03645833333333333 0.16203703703703703
0 0.7481770833333333 0.6412037037037037 0.0296875 0.1509259259259259
0 0.7773437499999999 0.6398148148148148 0.04010416666666666 0.16666666666666666
0 0.8484375 0.6652777777777777 0.0375 0.16759259259259257
5 0.6596354166666666 0.6023148148148147 0.027604166666666662 0.14351851851851852
0 0.2557291666666667 0.7726851851851851 0.046875 0.22129629629629627
0 0.2958333333333333 0.7814814814814814 0.042708333333333334 0.20370370370370366
0 0.2833333333333333 0.8300925925925926 0.057291666666666664 0.22129629629629627
0 0.16302083333333334 0.7967592592592592 0.040625 0.21018518518518517
0 0.14401041666666664 0.8939814814814813 0.06302083333333333 0.21203703703703702
0 0.4533854166666666 0.6532407407407407 0.033854166666666664 0.16759259259259257
0 0.7752604166666667 0.6703703703703703 0.034895833333333334 0.18518518518518517
0 0.61875 0.724537037037037 0.03958333333333333 0.20462962962962963
0 0.6557291666666666 0.7388888888888888 0.0375 0.18518518518518517
0 0.4776041666666666 0.6699074074074074 0.041666666666666664 0.15648148148148147
0 0.7921875 0.7087962962962963 0.03020833333333333 0.11759259259259258
0 0.7794270833333333 0.6981481481481481 0.0359375 0.1537037037037037
0 0.8255208333333333 0.7351851851851852 0.046875 0.21296296296296294
0 0.8640625 0.7342592592592593 0.041666666666666664 0.20185185185185187
0 0.9484375 0.7689814814814814 0.065625 0.21203703703703702
0 0.8041666666666666 0.6921296296296295 0.0375 0.1787037037037037
0 0.9791666666666666 0.7712962962962963 0.035416666666666666 0.2
0 0.6192708333333333 0.587037037037037 0.03229166666666666 0.13148148148148148
0 0.5916666666666666 0.5777777777777777 0.0375 0.14629629629629629
0 0.4604166666666667 0.5810185185185185 0.03333333333333333 0.14907407407407408
0 0.5197916666666667 0.5902777777777778 0.04479166666666666 0.15648148148148147
0 0.559375 0.5458333333333333 0.02395833333333333 0.10462962962962963
0 0.5359375 0.5449074074074074 0.03020833333333333 0.12685185185185183
0 0.5059895833333333 0.5268518518518518 0.03177083333333333 0.12037037037037038
0 0.4528645833333333 0.5314814814814814 0.03177083333333333 0.11851851851851851
0 0.4151041666666666 0.5268518518518518 0.026041666666666664 0.12037037037037038
0 0.5372395833333333 0.5115740740740741 0.027604166666666662 0.11574074074074074
0 0.5119791666666667 0.5037037037037038 0.02395833333333333 0.11296296296296296
0 0.4921874999999999 0.5037037037037037 0.026041666666666664 0.12962962962962962
0 0.4744791666666666 0.5083333333333333 0.026041666666666664 0.12037037037037038
0 0.4270833333333333 0.4958333333333334 0.02708333333333333 0.11574074074074074
0 0.4903645833333333 0.48240740740740745 0.025520833333333333 0.1074074074074074
0 0.4239583333333333 0.46805555555555556 0.02395833333333333 0.09722222222222222
0 0.5338541666666666 0.5268518518518518 0.021875 0.1074074074074074
5 0.7223958333333333 0.49120370370370364 0.02395833333333333 0.06574074074074074
0 0.46953125 0.4851851851851851 0.025520833333333333 0.12407407407407407
0 0.7666666666666666 0.44259259259259254 0.019791666666666666 0.07407407407407407
0 0.775 0.4375 0.02708333333333333 0.0824074074074074
5 0.7869791666666667 0.524537037037037 0.03020833333333333 0.08796296296296295
5 0.5822916666666667 0.46712962962962956 0.026041666666666664 0.11018518518518519
