0 0.24505208333333336 0.6175925925925925 0.04635416666666667 0.1796296296296296
0 0.3057291666666667 0.6180555555555555 0.03958333333333334 0.1787037037037037
0 0.3255208333333334 0.6425925925925926 0.04479166666666667 0.1685185185185185
0 0.5395833333333334 0.625925925925926 0.034374999999999996 0.18703703703703703
0 0.5739583333333333 0.6310185185185184 0.034374999999999996 0.18055555555555552
0 0.6458333333333334 0.6324074074074074 0.029166666666666667 0.17407407407407408
0 0.7348958333333334 0.5194444444444444 0.02395833333333333 0.0962962962962963
0 0.7231770833333334 0.4763888888888888 0.025520833333333333 0.07685185185185185
0 0.6091145833333335 0.6365740740740741 0.033854166666666664 0.1787037037037037
0 0.6911458333333335 0.9416666666666667 0.06354166666666666 0.11851851851851851
0 0.6213541666666667 0.9435185185185184 0.06979166666666667 0.1148148148148148
0 0.4614583333333333 0.6138888888888888 0.026041666666666668 0.12222222222222222
0 0.496875 0.5972222222222222 0.034374999999999996 0.1611111111111111
0 0.4942708333333333 0.6495370370370369 0.036458333333333336 0.16203703703703703
0 0.6989583333333335 0.6212962962962962 0.034374999999999996 0.14629629629629629
0 0.5867187500000001 0.6023148148148147 0.028645833333333332 0.13796296296296295
0 0.6359375 0.6083333333333333 0.042708333333333334 0.16296296296296295
0 0.7291666666666666 0.6189814814814815 0.03125 0.14907407407407408
0 0.6411458333333333 0.6023148148148147 0.030208333333333334 0.14351851851851852
0 0.8783854166666666 0.735648148148148 0.051562500000000004 0.20277777777777778
0 0.9010416666666666 0.7263888888888889 0.05520833333333334 0.19537037037037036
0 0.8807291666666667 0.7162037037037036 0.034374999999999996 0.18796296296296294
0 0.5424479166666667 0.937037037037037 0.0609375 0.12777777777777777
0 0.9203125000000001 0.7194444444444443 0.042708333333333334 0.18703703703703703
0 0.18854166666666666 0.8166666666666667 0.05416666666666667 0.24074074074074073
0 0.234375 0.8300925925925926 0.05 0.22685185185185183
0 0.1953125 0.8907407407407407 0.0625 0.22037037037037036
0 0.10312500000000001 0.8078703703703703 0.0375 0.21018518518518517
0 0.109375 0.8337962962962961 0.04791666666666666 0.23796296296296296
0 0.5143229166666667 0.6814814814814815 0.0421875 0.18703703703703703
0 0.7507812500000001 0.6967592592592592 0.04010416666666666 0.1898148148148148
0 0.6080729166666666 0.7199074074074073 0.0390625 0.20277777777777778
0 0.6309895833333334 0.7222222222222221 0.033854166666666664 0.1796296296296296
0 0.5994791666666667 0.6939814814814814 0.036458333333333336 0.16203703703703703
0 0.78125 0.7388888888888888 0.034374999999999996 0.12962962962962962
0 0.7338541666666667 0.7467592592592592 0.03958333333333334 0.16018518518518518
0 0.9505208333333334 0.7717592592592593 0.06666666666666667 0.21944444444444444
0 0.9721354166666666 0.7657407407407407 0.051562500000000004 0.20925925925925926
0 0.7619791666666667 0.7268518518518519 0.040625 0.19444444444444445
0 0.5755208333333334 0.5472222222222222 0.029166666666666667 0.11666666666666667
0 0.5479166666666666 0.5398148148148147 0.0375 0.13148148148148148
0 0.44817708333333334 0.5398148148148147 0.0328125 0.13518518518518519
0 0.6359374999999999 0.5944444444444444 0.040625 0.16296296296296295
0 0.5244791666666667 0.5185185185185185 0.020833333333333332 0.10370370370370369
0 0.4973958333333333 0.5074074074074074 0.030208333333333334 0.1074074074074074
0 0.46484375 0.5032407407407408 0.029687500000000002 0.12129629629629629
0 0.42812500000000003 0.5 0.030208333333333334 0.11296296296296296
0 0.4072916666666667 0.5009259259259259 0.026041666666666668 0.11296296296296296
0 0.478125 0.4824074074074074 0.026041666666666668 0.10925925925925925
0 0.45104166666666673 0.4787037037037037 0.02395833333333333 0.11296296296296296
0 0.43359375000000006 0.4754629629629629 0.021354166666666667 0.12314814814814815
0 0.4184895833333333 0.48194444444444445 0.0234375 0.11388888888888889
0 0.5057291666666667 0.5004629629629629 0.025 0.10648148148148147
0 0.7052083333333334 0.48749999999999993 0.02395833333333333 0.06574074074074074
0 0.7515625 0.43796296296296294 0.01979166666666667 0.07407407407407408
0 0.7578125000000001 0.43287037037037035 0.027083333333333334 0.0824074074074074
0 0.7703125 0.5180555555555555 0.030208333333333334 0.08796296296296297
0 0.5645833333333333 0.46296296296296297 0.025 0.10925925925925925
