0 0.5684895833333333 0.6694444444444444 0.03697916666666666 0.19814814814814813
0 0.5911458333333333 0.6814814814814815 0.03958333333333333 0.19629629629629627
5 0.65859375 0.6458333333333333 0.0328125 0.17685185185185184
0 0.7427083333333333 0.513888888888889 0.02395833333333333 0.0962962962962963
5 0.7497395833333333 0.4791666666666667 0.025520833333333333 0.07685185185185185
0 0.5979166666666667 0.6462962962962963 0.035416666666666666 0.17407407407407408
0 0.5125 0.6819444444444445 0.02708333333333333 0.1509259259259259
0 0.5723958333333333 0.6583333333333333 0.05833333333333333 0.17962962962962964
0 0.7044270833333333 0.7074074074074074 0.0390625 0.1759259259259259
0 0.8614583333333332 0.687037037037037 0.0375 0.1759259259259259
0 0.8552083333333332 0.6564814814814814 0.03020833333333333 0.15185185185185185
0 0.8513020833333332 0.6513888888888888 0.0390625 0.16759259259259257
0 0.89375 0.6856481481481481 0.0375 0.1824074074074074
5 0.6682291666666667 0.6041666666666666 0.02708333333333333 0.14351851851851852
0 0.28229166666666666 0.7435185185185185 0.04479166666666666 0.20925925925925926
0 0.32135416666666666 0.7495370370370369 0.042708333333333334 0.19722222222222222
0 0.3182291666666667 0.7898148148148147 0.05208333333333333 0.20370370370370366
0 0.20859375 0.7666666666666666 0.04427083333333333 0.1925925925925926
0 0.10390625 0.9203703703703703 0.0671875 0.1611111111111111
0 0.4471354166666666 0.6217592592592591 0.033854166666666664 0.16018518518518518
0 0.7606770833333333 0.6476851851851853 0.033854166666666664 0.1824074074074074
0 0.6505208333333333 0.7254629629629629 0.04479166666666666 0.20462962962962963
0 0.6744791666666666 0.7407407407407407 0.04479166666666666 0.18703703703703703
0 0.41015625 0.6444444444444444 0.0421875 0.14814814814814814
0 0.79140625 0.6856481481481481 0.0296875 0.11759259259259258
0 0.78046875 0.675 0.0359375 0.14629629629629629
0 0.83203125 0.7050925925925926 0.04635416666666666 0.2009259259259259
0 0.8388020833333332 0.7032407407407406 0.04114583333333333 0.20277777777777778
0 0.8393229166666666 0.7296296296296296 0.0546875 0.20555555555555555
0 0.8098958333333333 0.6699074074074074 0.03645833333333333 0.1787037037037037
0 0.8851562499999999 0.7337962962962963 0.04114583333333333 0.18981481481481483
0 0.6463541666666666 0.5958333333333333 0.03229166666666666 0.1324074074074074
0 0.6268229166666667 0.5949074074074073 0.03802083333333333 0.16018518518518518
0 0.4731770833333333 0.6032407407407406 0.034895833333333334 0.16018518518518518
0 0.4505208333333333 0.5745370370370371 0.04375 0.15648148148148147
0 0.58125 0.5592592592592591 0.028125 0.1037037037037037
0 0.54375 0.5532407407407407 0.03020833333333333 0.12685185185185183
0 0.5138020833333333 0.5328703703703703 0.03177083333333333 0.1287037037037037
0 0.4588541666666666 0.5402777777777777 0.03229166666666666 0.11944444444444444
0 0.4208333333333333 0.538425925925926 0.025 0.12685185185185183
0 0.5567708333333333 0.5199074074074075 0.028125 0.11574074074074074
0 0.5299479166666666 0.5166666666666666 0.027604166666666662 0.1222222222222222
0 0.5093749999999999 0.5106481481481481 0.026041666666666664 0.13055555555555556
0 0.4888020833333333 0.5162037037037036 0.025520833333333333 0.12129629629629628
0 0.425 0.5060185185185185 0.028125 0.11574074074074074
0 0.5304687499999999 0.4898148148148148 0.027604166666666662 0.1074074074074074
0 0.459375 0.4902777777777777 0.03020833333333333 0.12129629629629628
0 0.4414062499999999 0.4726851851851851 0.021354166666666667 0.09907407407407406
0 0.4330729166666666 0.47592592592592586 0.0265625 0.1037037037037037
0 0.5414062499999999 0.537962962962963 0.021354166666666667 0.1074074074074074
5 0.7276041666666667 0.48749999999999993 0.02395833333333333 0.06574074074074074
0 0.5125 0.4925925925925926 0.026041666666666664 0.12407407407407407
0 0.7736979166666667 0.44259259259259254 0.01927083333333333 0.07407407407407407
0 0.7854166666666667 0.44027777777777777 0.02708333333333333 0.0824074074074074
5 0.78515625 0.5180555555555555 0.0296875 0.08796296296296295
5 0.5822916666666667 0.46342592592592585 0.026041666666666664 0.11018518518518519
