0 0.24687499999999996 0.7638888888888888 0.06145833333333332 0.22037037037037038
0 0.30572916666666666 0.7675925925925926 0.051041666666666666 0.23148148148148148
0 0.359375 0.7439814814814814 0.041666666666666664 0.20462962962962963
0 0.31562499999999993 0.8847222222222222 0.06145833333333332 0.2324074074074074
0 0.37578125 0.8893518518518517 0.0609375 0.22129629629629627
0 0.6317708333333333 0.6648148148148147 0.04479166666666666 0.19444444444444445
0 0.6416666666666666 0.6625 0.040625 0.18981481481481483
5 0.6544270833333333 0.6370370370370371 0.027604166666666662 0.1685185185185185
0 0.79609375 0.5314814814814814 0.0265625 0.09259259259259259
5 0.7109374999999999 0.48564814814814816 0.026041666666666664 0.07685185185185185
0 0.6380208333333333 0.6546296296296296 0.035416666666666666 0.18148148148148147
0 0.8651041666666666 0.711111111111111 0.04895833333333333 0.19444444444444445
0 0.7544270833333333 0.7606481481481481 0.04635416666666666 0.21574074074074073
0 0.7044270833333333 0.763888888888889 0.0484375 0.20925925925925926
0 0.8455729166666666 0.6907407407407407 0.0421875 0.18518518518518517
0 0.4484375 0.5393518518518519 0.02395833333333333 0.11018518518518519
0 0.4747395833333333 0.5277777777777778 0.03177083333333333 0.13148148148148148
0 0.4302083333333333 0.5643518518518518 0.02708333333333333 0.13055555555555556
0 0.49609375 0.5518518518518518 0.03177083333333333 0.12962962962962962
0 0.4989583333333333 0.5319444444444444 0.026041666666666664 0.12129629629629628
0 0.5447916666666666 0.5305555555555556 0.03125 0.12962962962962962
0 0.5255208333333333 0.548148148148148 0.03020833333333333 0.12962962962962962
0 0.5096354166666666 0.6564814814814814 0.0515625 0.18518518518518517
5 0.6328124999999999 0.6087962962962963 0.029166666666666664 0.14351851851851852
0 0.51953125 0.6569444444444443 0.0359375 0.175
0 0.55546875 0.65 0.034895833333333334 0.1685185185185185
0 0.5604166666666666 0.6217592592592592 0.03229166666666666 0.15833333333333333
0 0.6169270833333333 0.6212962962962962 0.034895833333333334 0.15740740740740738
0 0.6234375 0.6157407407407407 0.03125 0.15185185185185185
0 0.5768229166666667 0.6898148148148147 0.04427083333333333 0.17222222222222222
0 0.6054687499999999 0.7032407407407407 0.033854166666666664 0.1324074074074074
0 0.6835937499999999 0.7046296296296296 0.043229166666666666 0.19444444444444445
0 0.653125 0.7629629629629628 0.046875 0.22407407407407404
0 0.6963541666666666 0.6078703703703703 0.029166666666666664 0.14351851851851852
0 0.7593749999999999 0.648611111111111 0.03854166666666666 0.16759259259259257
0 0.7473958333333333 0.7097222222222221 0.04583333333333333 0.16759259259259257
0 0.019791666666666666 0.9425925925925925 0.03854166666666666 0.11666666666666665
0 0.04817708333333333 0.9569444444444445 0.056770833333333326 0.08796296296296295
0 0.534375 0.826851851851852 0.05833333333333333 0.20370370370370366
0 0.7083333333333333 0.8185185185185185 0.05625 0.21666666666666665
0 0.9809895833333332 0.8032407407407407 0.034895833333333334 0.21388888888888888
0 0.46354166666666663 0.4893518518518518 0.03229166666666666 0.10462962962962963
0 0.4299479166666666 0.4814814814814815 0.0328125 0.12407407407407407
5 0.69765625 0.49490740740740735 0.0234375 0.06574074074074074
0 0.7213541666666666 0.45277777777777767 0.026041666666666664 0.09074074074074073
0 0.740625 0.4532407407407407 0.03020833333333333 0.08981481481481482
5 0.7583333333333333 0.525462962962963 0.03020833333333333 0.08796296296296295
5 0.546875 0.47175925925925916 0.02395833333333333 0.11018518518518519
