0 0.2309895833333333 0.8351851851851851 0.0671875 0.24259259259259255
0 0.2880208333333333 0.8416666666666666 0.055208333333333325 0.2518518518518518
0 0.32760416666666664 0.8074074074074075 0.046875 0.2148148148148148
0 0.35572916666666665 0.850462962962963 0.055208333333333325 0.23425925925925925
0 0.4049479166666667 0.8564814814814813 0.056770833333333326 0.2185185185185185
0 0.7179687499999999 0.7087962962962961 0.04635416666666666 0.19722222222222222
0 0.7242187499999999 0.7037037037037036 0.04010416666666666 0.1925925925925926
5 0.665625 0.6648148148148147 0.03020833333333333 0.1685185185185185
0 0.8075520833333334 0.5592592592592592 0.027604166666666662 0.09259259259259259
5 0.7221354166666666 0.5083333333333333 0.0265625 0.07592592592592592
0 0.6682291666666667 0.6907407407407408 0.03333333333333333 0.18148148148148147
0 0.8322916666666667 0.7138888888888888 0.03958333333333333 0.18333333333333332
0 0.7476562499999999 0.7453703703703703 0.04635416666666666 0.2
0 0.6734375 0.7425925925925926 0.04375 0.19629629629629627
0 0.8190104166666666 0.6949074074074073 0.04010416666666666 0.1787037037037037
0 0.4453125 0.5439814814814815 0.02395833333333333 0.10648148148148147
0 0.4736979166666666 0.5305555555555556 0.0296875 0.12037037037037038
0 0.4348958333333333 0.5708333333333333 0.02708333333333333 0.125
0 0.4822916666666666 0.5601851851851851 0.03125 0.12407407407407407
0 0.4979166666666666 0.5351851851851852 0.026041666666666664 0.11296296296296296
0 0.5388020833333333 0.5384259259259259 0.03072916666666666 0.125
0 0.5104166666666667 0.5583333333333333 0.03020833333333333 0.12962962962962962
0 0.4736979166666667 0.649074074074074 0.03802083333333333 0.17407407407407408
5 0.6484374999999999 0.6356481481481481 0.029166666666666664 0.14351851851851852
0 0.49869791666666663 0.6449074074074074 0.0421875 0.16574074074074072
0 0.5328125 0.6407407407407407 0.034375 0.15185185185185185
0 0.55859375 0.624537037037037 0.03177083333333333 0.1398148148148148
0 0.5890624999999999 0.6217592592592592 0.03229166666666666 0.1509259259259259
0 0.5747395833333333 0.6060185185185185 0.028645833333333332 0.12685185185185183
0 0.5328125 0.6791666666666666 0.04375 0.16574074074074072
0 0.56640625 0.6986111111111111 0.03177083333333333 0.1287037037037037
0 0.6057291666666667 0.7055555555555555 0.040625 0.1925925925925926
0 0.63359375 0.7504629629629629 0.0421875 0.20462962962962963
0 0.6213541666666667 0.6134259259259258 0.03020833333333333 0.14166666666666666
0 0.6903645833333333 0.6629629629629629 0.034895833333333334 0.1685185185185185
0 0.6523437499999999 0.7134259259259259 0.03697916666666666 0.16574074074074072
0 0.7302083333333333 0.8592592592592592 0.057291666666666664 0.20370370370370366
0 0.8835937499999998 0.8314814814814815 0.05364583333333332 0.2111111111111111
0 0.4192708333333333 0.5027777777777777 0.026041666666666664 0.1037037037037037
5 0.7104166666666667 0.523611111111111 0.02395833333333333 0.06574074074074074
0 0.7005208333333333 0.48240740740740734 0.026041666666666664 0.09074074074074073
0 0.7247395833333333 0.4791666666666667 0.0296875 0.08981481481481482
5 0.7692708333333333 0.5504629629629629 0.03125 0.08796296296296295
5 0.5625 0.4967592592592592 0.02395833333333333 0.11018518518518519
