0 0.2869791666666667 0.6597222222222222 0.053125 0.19537037037037036
0 0.34322916666666664 0.6648148148148147 0.04479166666666666 0.20555555555555555
0 0.4315104166666666 0.6615740740740741 0.0359375 0.1824074074074074
0 0.19140624999999997 0.9569444444444443 0.06510416666666666 0.08611111111111111
0 0.2848958333333333 0.9625 0.071875 0.07685185185185185
0 0.53125 0.6129629629629629 0.0375 0.17962962962962964
0 0.5604166666666666 0.612037037037037 0.034375 0.17407407407407408
5 0.6539062499999999 0.6231481481481481 0.027604166666666662 0.1685185185185185
0 0.7932291666666667 0.5101851851851851 0.02395833333333333 0.09259259259259259
5 0.7109374999999999 0.4708333333333333 0.026041666666666664 0.07685185185185185
0 0.621875 0.6347222222222222 0.03645833333333333 0.175
0 0.7299479166666667 0.8731481481481481 0.05364583333333332 0.25370370370370365
0 0.6768229166666667 0.874074074074074 0.06302083333333333 0.24814814814814815
0 0.4622395833333333 0.5657407407407408 0.0234375 0.11296296296296296
0 0.4942708333333333 0.5518518518518519 0.029166666666666664 0.14629629629629629
0 0.4546875 0.5967592592592592 0.03020833333333333 0.14351851851851852
0 0.5588541666666667 0.5805555555555555 0.034375 0.14444444444444443
0 0.5182291666666666 0.5546296296296296 0.026041666666666664 0.13518518518518519
0 0.5369791666666666 0.5513888888888889 0.03229166666666666 0.14537037037037037
0 0.5875 0.5805555555555555 0.03125 0.14629629629629629
0 0.74609375 0.7027777777777777 0.05364583333333332 0.20555555555555555
5 0.63359375 0.5930555555555556 0.0296875 0.14351851851851852
0 0.7609375 0.6962962962962962 0.042708333333333334 0.1907407407407407
0 0.7888020833333333 0.6949074074074074 0.04739583333333333 0.18425925925925926
0 0.6731770833333333 0.6754629629629629 0.05052083333333333 0.18055555555555552
0 0.7822916666666666 0.6560185185185186 0.041666666666666664 0.16759259259259257
0 0.8010416666666667 0.6560185185185186 0.03125 0.16759259259259257
0 0.8528645833333334 0.7180555555555556 0.05572916666666666 0.1861111111111111
0 0.8791666666666667 0.7291666666666666 0.0375 0.14166666666666666
0 0.6 0.8689814814814815 0.05625 0.2583333333333333
0 0.8307291666666666 0.6499999999999999 0.040625 0.17222222222222222
0 0.9447916666666666 0.7023148148148147 0.04479166666666666 0.19722222222222222
0 0.09791666666666665 0.8805555555555555 0.06354166666666666 0.23888888888888887
0 0.15729166666666666 0.8944444444444443 0.055208333333333325 0.21296296296296294
0 0.09244791666666666 0.937037037037037 0.0546875 0.12777777777777777
0 0.20546875 0.8050925925925926 0.05572916666666666 0.20462962962962963
0 0.30963541666666666 0.8194444444444444 0.06510416666666666 0.22037037037037038
0 0.6682291666666667 0.7273148148148147 0.040625 0.1935185185185185
0 0.8416666666666666 0.7449074074074074 0.051041666666666666 0.2064814814814815
0 0.7510416666666666 0.736111111111111 0.046875 0.2111111111111111
0 0.7541666666666667 0.7337962962962963 0.03645833333333333 0.18796296296296294
0 0.7901041666666666 0.735648148148148 0.046875 0.175
0 0.8770833333333332 0.7689814814814815 0.042708333333333334 0.1324074074074074
0 0.9645833333333333 0.7703703703703704 0.04791666666666666 0.16666666666666666
0 0.9744791666666666 0.7518518518518518 0.04479166666666666 0.2111111111111111
0 0.534375 0.5013888888888889 0.028125 0.10648148148148147
0 0.5049479166666667 0.49722222222222223 0.03177083333333333 0.1259259259259259
0 0.42421875 0.49907407407407406 0.0296875 0.1259259259259259
0 0.7955729166666667 0.5717592592592593 0.03177083333333333 0.1398148148148148
0 0.4692708333333333 0.48425925925925917 0.022916666666666665 0.09074074074074073
0 0.4489583333333333 0.4805555555555555 0.026041666666666664 0.10185185185185183
0 0.4046875 0.47129629629629627 0.029166666666666664 0.11296296296296296
0 0.45572916666666663 0.4726851851851852 0.025 0.10648148148148147
5 0.6953125 0.48287037037037034 0.02395833333333333 0.06574074074074074
0 0.7505208333333333 0.4287037037037037 0.01875 0.07407407407407407
0 0.7557291666666667 0.42824074074074076 0.02708333333333333 0.0824074074074074
5 0.7598958333333333 0.5106481481481481 0.03020833333333333 0.08796296296296295
5 0.5505208333333333 0.4541666666666666 0.025 0.11203703703703702
