0 0.27291666666666664 0.7064814814814815 0.05416666666666666 0.2074074074074074
0 0.3375 0.7106481481481481 0.05 0.21759259259259256
0 0.3984375 0.6967592592592593 0.03854166666666666 0.18796296296296294
0 0.2505208333333333 0.9162037037037039 0.071875 0.16759259259259257
0 0.32708333333333334 0.9217592592592594 0.05416666666666666 0.15462962962962962
0 0.5598958333333333 0.6393518518518518 0.041666666666666664 0.18796296296296294
0 0.5734375 0.6393518518518518 0.03333333333333333 0.18796296296296294
5 0.6463541666666666 0.6314814814814815 0.028125 0.1685185185185185
0 0.7906249999999999 0.5259259259259259 0.026041666666666664 0.09259259259259259
5 0.7046874999999999 0.48009259259259257 0.026041666666666664 0.07685185185185185
0 0.6221354166666667 0.6518518518518518 0.03802083333333333 0.18148148148148147
0 0.7372395833333333 0.8203703703703704 0.0453125 0.23518518518518516
0 0.6856770833333333 0.8199074074074074 0.0546875 0.23425925925925925
0 0.9638020833333332 0.711111111111111 0.0609375 0.1925925925925926
0 0.45390625 0.5574074074074074 0.0234375 0.11296296296296296
0 0.4796875 0.5393518518518519 0.03125 0.14351851851851852
0 0.43515625 0.5837962962962963 0.0296875 0.13796296296296295
0 0.5190104166666667 0.5685185185185185 0.03177083333333333 0.14074074074074075
0 0.5041666666666667 0.5467592592592593 0.026041666666666664 0.1324074074074074
0 0.5317708333333333 0.5462962962962962 0.03125 0.14074074074074075
0 0.54375 0.5629629629629629 0.03020833333333333 0.12962962962962962
0 0.5921874999999999 0.6912037037037037 0.04479166666666666 0.20277777777777778
5 0.6247395833333333 0.6032407407407407 0.0296875 0.14351851851851852
0 0.6138020833333333 0.6842592592592591 0.04427083333333333 0.1907407407407407
0 0.63671875 0.6796296296296296 0.0359375 0.17407407407407408
0 0.5458333333333333 0.6578703703703703 0.0375 0.175
0 0.7109375 0.6314814814814815 0.03645833333333333 0.15740740740740738
0 0.7234375 0.6333333333333333 0.03020833333333333 0.15185185185185185
0 0.7114583333333333 0.7106481481481481 0.04375 0.1787037037037037
0 0.7296875 0.7222222222222221 0.03333333333333333 0.137037037037037
0 0.8236979166666666 0.7143518518518518 0.05989583333333333 0.19907407407407407
0 0.6322916666666666 0.8217592592592592 0.04791666666666666 0.24907407407407406
0 0.7661458333333333 0.637962962962963 0.03958333333333333 0.17037037037037037
0 0.8265624999999999 0.6833333333333333 0.04583333333333333 0.18703703703703703
0 0.8906249999999998 0.7240740740740741 0.05833333333333333 0.17777777777777776
0 0.041666666666666664 0.9078703703703702 0.057291666666666664 0.18425925925925926
0 0.08255208333333333 0.9217592592592592 0.0546875 0.15648148148148147
0 0.029166666666666664 0.9791666666666667 0.0375 0.04351851851851852
0 0.32682291666666663 0.8189814814814815 0.05052083333333333 0.20462962962962963
0 0.4955729166666666 0.8287037037037036 0.0640625 0.22222222222222224
0 0.79921875 0.774074074074074 0.05989583333333333 0.20925925925925926
0 0.8864583333333332 0.7620370370370371 0.05625 0.21296296296296294
0 0.8822916666666666 0.7569444444444444 0.046875 0.19537037037037036
0 0.9130208333333332 0.7458333333333333 0.0375 0.1824074074074074
0 0.4973958333333333 0.5060185185185185 0.041666666666666664 0.10648148148148147
0 0.4708333333333333 0.49027777777777776 0.03229166666666666 0.12314814814814815
0 0.4 0.48611111111111105 0.029166666666666664 0.12407407407407407
0 0.4096354166666667 0.48425925925925917 0.025520833333333333 0.09074074074074073
0 0.39479166666666665 0.4763888888888889 0.025 0.10277777777777777
0 0.3984375 0.4810185185185185 0.025 0.11203703703703702
5 0.6901041666666667 0.48703703703703705 0.02395833333333333 0.06666666666666667
0 0.7393229166666667 0.44351851851851853 0.01927083333333333 0.07407407407407407
0 0.7494791666666666 0.4486111111111112 0.028125 0.08981481481481482
5 0.74921875 0.5199074074074074 0.0296875 0.08796296296296295
5 0.5369791666666667 0.4662037037037036 0.02395833333333333 0.11018518518518519
