0 0.28072916666666664 0.700925925925926 0.05416666666666666 0.2074074074074074
0 0.34114583333333337 0.6995370370370371 0.051041666666666666 0.21759259259259256
0 0.40494791666666663 0.6902777777777778 0.0359375 0.18981481481481483
0 0.23333333333333334 0.9268518518518517 0.07291666666666666 0.14814814814814814
0 0.31796875 0.9324074074074075 0.0546875 0.137037037037037
0 0.5468749999999999 0.6300925925925925 0.041666666666666664 0.18425925925925926
0 0.5664062499999999 0.6310185185185185 0.033854166666666664 0.1861111111111111
5 0.6479166666666666 0.6305555555555555 0.028125 0.1685185185185185
0 0.7916666666666666 0.523611111111111 0.026041666666666664 0.09351851851851851
5 0.7057291666666666 0.4773148148148148 0.026041666666666664 0.07685185185185185
0 0.6247395833333333 0.6518518518518518 0.03802083333333333 0.18148148148148147
0 0.7354166666666667 0.8351851851851851 0.04583333333333333 0.24074074074074076
0 0.6848958333333333 0.8328703703703704 0.05625 0.24166666666666664
0 0.4565104166666666 0.5592592592592592 0.0234375 0.11296296296296296
0 0.48307291666666663 0.5444444444444445 0.03072916666666666 0.14444444444444443
0 0.4434895833333333 0.5893518518518518 0.0296875 0.13796296296296295
0 0.528125 0.5736111111111111 0.03020833333333333 0.14351851851851852
0 0.5075520833333333 0.549074074074074 0.025520833333333333 0.13518518518518519
0 0.5333333333333333 0.548148148148148 0.029166666666666664 0.14074074074074075
0 0.5546875 0.5675925925925925 0.03333333333333333 0.12962962962962962
0 0.621875 0.6986111111111111 0.053125 0.20277777777777778
5 0.6268229166666666 0.6013888888888889 0.0296875 0.14351851851851852
0 0.6455729166666667 0.6898148148148147 0.04427083333333333 0.1907407407407407
0 0.67109375 0.6837962962962962 0.0390625 0.17314814814814813
0 0.56640625 0.6638888888888889 0.03802083333333333 0.1759259259259259
0 0.73125 0.6379629629629628 0.03645833333333333 0.1611111111111111
0 0.7489583333333333 0.637962962962963 0.03020833333333333 0.15185185185185185
0 0.7510416666666666 0.711574074074074 0.057291666666666664 0.18425925925925926
0 0.7684895833333333 0.7240740740740741 0.033854166666666664 0.14074074074074075
0 0.8606770833333333 0.7143518518518518 0.0609375 0.19907407407407407
0 0.6244791666666666 0.836111111111111 0.051041666666666666 0.25555555555555554
0 0.7822916666666666 0.6412037037037036 0.040625 0.17129629629629628
0 0.84765625 0.6884259259259259 0.04635416666666666 0.19166666666666665
0 0.93203125 0.724537037037037 0.05260416666666666 0.1787037037037037
0 0.0546875 0.9 0.057291666666666664 0.19814814814814813
0 0.10104166666666665 0.9157407407407406 0.055208333333333325 0.17037037037037037
0 0.04427083333333333 0.9694444444444443 0.05416666666666666 0.0611111111111111
0 0.29401041666666666 0.8189814814814815 0.05260416666666666 0.20462962962962963
0 0.4497395833333333 0.8273148148148148 0.06302083333333333 0.225
0 0.7598958333333333 0.7643518518518518 0.06145833333333332 0.21018518518518517
0 0.9536458333333332 0.7569444444444444 0.053125 0.20277777777777778
0 0.8489583333333333 0.7532407407407408 0.05833333333333333 0.2064814814814815
0 0.8484375 0.749074074074074 0.04375 0.19629629629629627
0 0.8841145833333333 0.7462962962962962 0.04114583333333333 0.17777777777777776
0 0.9794270833333334 0.7888888888888889 0.033854166666666664 0.14444444444444443
0 0.5070312499999999 0.5032407407407408 0.03072916666666666 0.10648148148148147
0 0.4786458333333333 0.49490740740740735 0.03229166666666666 0.12314814814814815
0 0.4072916666666666 0.49074074074074076 0.03229166666666666 0.12407407407407407
0 0.8333333333333333 0.5592592592592591 0.03125 0.14074074074074075
0 0.4218749999999999 0.48611111111111105 0.026041666666666664 0.09074074074074073
0 0.4078125 0.4768518518518518 0.025 0.10185185185185183
0 0.4114583333333333 0.4847222222222222 0.025 0.11203703703703702
5 0.690625 0.4856481481481481 0.02395833333333333 0.06574074074074074
0 0.7427083333333333 0.43981481481481477 0.01875 0.07407407407407407
0 0.7518229166666666 0.44259259259259254 0.027604166666666662 0.08703703703703704
5 0.7518229166666666 0.5171296296296296 0.0296875 0.08796296296296295
5 0.5395833333333333 0.46342592592592585 0.02395833333333333 0.11018518518518519
