0 0.28385416666666663 0.6958333333333333 0.055208333333333325 0.2064814814814815
0 0.34244791666666663 0.6935185185185185 0.049479166666666664 0.2148148148148148
0 0.4111979166666666 0.6842592592592591 0.0359375 0.18518518518518517
0 0.2265625 0.9310185185185185 0.07604166666666666 0.1398148148148148
0 0.31328125 0.9375 0.05572916666666666 0.12685185185185183
0 0.5401041666666666 0.6263888888888889 0.041666666666666664 0.1824074074074074
0 0.5635416666666666 0.6259259259259259 0.034375 0.18148148148148147
5 0.6489583333333333 0.6296296296296295 0.028125 0.1685185185185185
0 0.7921874999999999 0.5226851851851851 0.026041666666666664 0.09351851851851851
5 0.7062499999999999 0.4763888888888889 0.026041666666666664 0.07685185185185185
0 0.6239583333333333 0.648611111111111 0.0375 0.18055555555555552
0 0.734375 0.8421296296296296 0.046875 0.24351851851851852
0 0.6846354166666666 0.8384259259259259 0.0546875 0.24722222222222218
0 0.4575520833333333 0.5601851851851851 0.0234375 0.11296296296296296
0 0.4859375 0.5439814814814815 0.03125 0.14537037037037037
0 0.4455729166666666 0.5907407407407407 0.0296875 0.14074074074074075
0 0.53203125 0.5745370370370371 0.03072916666666666 0.14351851851851852
0 0.51015625 0.548148148148148 0.025520833333333333 0.13518518518518519
0 0.534375 0.548148148148148 0.028125 0.14074074074074075
0 0.5591145833333333 0.5699074074074074 0.033854166666666664 0.13425925925925924
0 0.6401041666666666 0.7004629629629628 0.046875 0.20462962962962963
5 0.62734375 0.6004629629629629 0.0296875 0.14351851851851852
0 0.6653645833333333 0.6907407407407407 0.043229166666666666 0.1907407407407407
0 0.6893229166666667 0.686574074074074 0.04114583333333333 0.17314814814814813
0 0.5822916666666667 0.6648148148148147 0.04375 0.1759259259259259
0 0.7416666666666667 0.6444444444444444 0.03645833333333333 0.16666666666666666
0 0.7604166666666667 0.6402777777777777 0.03020833333333333 0.15277777777777776
0 0.7682291666666666 0.7120370370370369 0.06041666666666666 0.18518518518518517
0 0.7888020833333333 0.7231481481481481 0.033854166666666664 0.14074074074074075
0 0.8802083333333333 0.7143518518518518 0.06145833333333332 0.19907407407407407
0 0.6190104166666666 0.8416666666666666 0.05260416666666666 0.2574074074074074
0 0.7921875 0.6439814814814815 0.040625 0.17129629629629628
0 0.8614583333333332 0.6921296296296295 0.04583333333333333 0.19537037037037036
0 0.9515625 0.724537037037037 0.05416666666666666 0.17685185185185184
0 0.061197916666666664 0.8962962962962961 0.0578125 0.20555555555555555
0 0.10963541666666665 0.912037037037037 0.0546875 0.17777777777777776
0 0.05416666666666666 0.9625 0.05416666666666666 0.075
0 0.27109375 0.8166666666666667 0.0609375 0.20370370370370366
0 0.4328125 0.8287037037037036 0.06666666666666667 0.22407407407407404
0 0.7442708333333333 0.7615740740740741 0.051041666666666666 0.21018518518518517
0 0.93515625 0.7550925925925925 0.0546875 0.20277777777777778
0 0.8307291666666666 0.7518518518518518 0.04895833333333333 0.2111111111111111
0 0.8296875 0.749074074074074 0.04375 0.19629629629629627
0 0.8666666666666666 0.7439814814814814 0.04895833333333333 0.17314814814814813
0 0.9606770833333332 0.7842592592592592 0.0390625 0.137037037037037
0 0.5098958333333333 0.5032407407407408 0.03229166666666666 0.10648148148148147
0 0.4822916666666666 0.4967592592592592 0.03229166666666666 0.12314814814814815
0 0.41015625 0.4925925925925926 0.03072916666666666 0.1259259259259259
0 0.8302083333333332 0.5601851851851851 0.03125 0.14074074074074075
0 0.4343749999999999 0.4888888888888888 0.026041666666666664 0.09074074074074073
0 0.4151041666666666 0.4768518518518518 0.025 0.10185185185185183
0 0.4182291666666666 0.48657407407407405 0.025 0.11203703703703702
5 0.6911458333333333 0.48472222222222217 0.02395833333333333 0.06574074074074074
0 0.74375 0.4379629629629629 0.01875 0.07407407407407407
0 0.7528645833333333 0.4393518518518518 0.027604166666666662 0.08611111111111111
5 0.753125 0.5162037037037037 0.03020833333333333 0.08796296296296295
5 0.5411458333333333 0.461574074074074 0.02395833333333333 0.11018518518518519
