0 0.2859375 0.6805555555555556 0.053125 0.19814814814814813
0 0.34322916666666664 0.6824074074074074 0.04479166666666666 0.2074074074074074
0 0.4236979166666666 0.6726851851851852 0.03697916666666666 0.1824074074074074
0 0.20755208333333336 0.9416666666666668 0.07760416666666667 0.11851851851851851
0 0.30338541666666663 0.9453703703703702 0.06302083333333333 0.11111111111111112
0 0.53046875 0.6185185185185185 0.04114583333333333 0.17962962962962964
0 0.5591145833333333 0.6185185185185185 0.033854166666666664 0.17407407407407408
5 0.6510416666666666 0.6277777777777778 0.028125 0.1685185185185185
0 0.7934895833333333 0.5185185185185185 0.025520833333333333 0.09259259259259259
5 0.7078125 0.4736111111111111 0.026041666666666664 0.07685185185185185
0 0.6231770833333333 0.6430555555555555 0.03697916666666666 0.1787037037037037
0 0.7338541666666667 0.8601851851851852 0.05208333333333333 0.25370370370370365
0 0.6791666666666666 0.8527777777777776 0.06041666666666666 0.24814814814814815
0 0.4591145833333333 0.562037037037037 0.0234375 0.11296296296296296
0 0.4890625 0.5453703703703704 0.03125 0.14629629629629629
0 0.4502604166666666 0.5939814814814814 0.0296875 0.14351851851851852
0 0.5382812499999999 0.5768518518518517 0.033854166666666664 0.14629629629629629
0 0.51328125 0.5499999999999999 0.025520833333333333 0.13518518518518519
0 0.5346354166666666 0.549074074074074 0.0296875 0.14259259259259258
0 0.5692708333333333 0.5736111111111111 0.03333333333333333 0.14166666666666666
0 0.6828125 0.6967592592592593 0.04583333333333333 0.2064814814814815
5 0.6294270833333333 0.5967592592592592 0.0296875 0.14351851851851852
0 0.7052083333333333 0.6916666666666667 0.041666666666666664 0.1907407407407407
0 0.7268229166666667 0.6888888888888889 0.0421875 0.1759259259259259
0 0.6190104166666666 0.6662037037037036 0.03697916666666666 0.175
0 0.7622395833333333 0.6532407407407407 0.03802083333333333 0.17314814814814813
0 0.7765625 0.6472222222222223 0.03125 0.16296296296296295
0 0.7942708333333333 0.7148148148148147 0.05208333333333333 0.18518518518518517
0 0.8239583333333332 0.725925925925926 0.034375 0.14074074074074075
0 0.9247395833333332 0.7152777777777778 0.0609375 0.19907407407407407
0 0.6088541666666666 0.8527777777777776 0.05625 0.26296296296296295
0 0.8096354166666666 0.6449074074074075 0.04010416666666666 0.17129629629629628
0 0.8893229166666666 0.6981481481481481 0.04635416666666666 0.19814814814814813
0 0.07395833333333332 0.8893518518518517 0.05833333333333333 0.21944444444444441
0 0.128125 0.9037037037037037 0.055208333333333325 0.19444444444444445
0 0.0703125 0.9513888888888887 0.05416666666666666 0.09722222222222222
0 0.2450520833333333 0.812962962962963 0.0484375 0.20370370370370366
0 0.38203125 0.8282407407407408 0.0671875 0.225
0 0.7143229166666666 0.7513888888888889 0.04010416666666666 0.20462962962962963
0 0.8963541666666666 0.7541666666666667 0.055208333333333325 0.2064814814814815
0 0.803125 0.7435185185185185 0.05416666666666666 0.21296296296296294
0 0.7997395833333333 0.7388888888888889 0.04427083333333333 0.19629629629629627
0 0.8348958333333332 0.7393518518518518 0.04583333333333333 0.17314814814814813
0 0.9270833333333333 0.7782407407407408 0.042708333333333334 0.1324074074074074
0 0.5174479166666666 0.5023148148148148 0.0328125 0.10648148148148147
0 0.4921874999999999 0.49490740740740735 0.03229166666666666 0.12314814814814815
0 0.4158854166666666 0.49537037037037035 0.0296875 0.1259259259259259
0 0.8213541666666666 0.5638888888888889 0.03125 0.14074074074074075
0 0.4447916666666667 0.4879629629629629 0.02395833333333333 0.09074074074074073
0 0.4296874999999999 0.4768518518518518 0.026041666666666664 0.10185185185185183
0 0.3848958333333333 0.46805555555555556 0.029166666666666664 0.10648148148148147
0 0.4317708333333333 0.4810185185185185 0.025 0.11203703703703702
5 0.6927083333333333 0.48379629629629617 0.02395833333333333 0.06574074074074074
0 0.7463541666666667 0.43425925925925923 0.01875 0.07407407407407407
0 0.7552083333333333 0.43194444444444446 0.02708333333333333 0.08425925925925926
5 0.7557291666666667 0.5134259259259258 0.03020833333333333 0.08796296296296295
5 0.5440104166666666 0.45879629629629626 0.0234375 0.11018518518518519
