0 0.21822916666666667 0.8648148148148148 0.065625 0.2518518518518518
0 0.27447916666666666 0.8671296296296297 0.059375000000000004 0.2601851851851852
0 0.3010416666666667 0.8277777777777777 0.051041666666666666 0.2185185185185185
0 0.36875 0.8430555555555554 0.05520833333333334 0.23055555555555554
0 0.409375 0.8476851851851851 0.05416666666666667 0.21018518518518517
0 0.7463541666666667 0.7291666666666666 0.05 0.20092592592592592
0 0.7562500000000001 0.7231481481481481 0.042708333333333334 0.19629629629629627
0 0.6638020833333335 0.6777777777777777 0.029687500000000002 0.1685185185185185
0 0.8065104166666666 0.5657407407407408 0.02760416666666667 0.09259259259259259
0 0.7223958333333335 0.5180555555555555 0.027083333333333334 0.07685185185185185
0 0.6911458333333333 0.7092592592592591 0.041666666666666664 0.18148148148148147
0 0.8294270833333334 0.7157407407407407 0.04114583333333334 0.18703703703703703
0 0.721875 0.7449074074074074 0.04895833333333334 0.19537037037037036
0 0.6481770833333333 0.7425925925925926 0.043229166666666666 0.19444444444444445
0 0.8049479166666667 0.6912037037037037 0.04010416666666666 0.1675925925925926
0 0.4427083333333334 0.5472222222222222 0.02395833333333333 0.10370370370370369
0 0.46979166666666666 0.5310185185185186 0.028125 0.11388888888888889
0 0.4317708333333333 0.575 0.026041666666666668 0.12407407407407406
0 0.4703125 0.5625 0.03229166666666667 0.12314814814814815
0 0.48932291666666666 0.537037037037037 0.025520833333333333 0.11296296296296296
0 0.5304687499999999 0.5430555555555555 0.029687500000000002 0.12314814814814815
0 0.4994791666666667 0.5592592592592591 0.030208333333333334 0.12962962962962962
0 0.46536458333333336 0.6481481481481481 0.04739583333333334 0.1722222222222222
0 0.6473958333333334 0.6430555555555556 0.028125 0.14351851851851852
0 0.4877604166666667 0.6467592592592591 0.03177083333333333 0.16574074074074074
0 0.5223958333333333 0.6425925925925926 0.03333333333333333 0.15
0 0.5479166666666667 0.624537037037037 0.03125 0.1398148148148148
0 0.58203125 0.6189814814814815 0.035937500000000004 0.13425925925925924
0 0.56875 0.6078703703703704 0.027083333333333334 0.12685185185185185
0 0.5257812500000001 0.6768518518518518 0.0421875 0.16296296296296295
0 0.55625 0.6916666666666665 0.027083333333333334 0.12962962962962962
0 0.58359375 0.701388888888889 0.03802083333333334 0.1935185185185185
0 0.61171875 0.7449074074074074 0.04010416666666666 0.19907407407407407
0 0.6 0.6157407407407407 0.030208333333333334 0.14074074074074075
0 0.6567708333333334 0.6583333333333333 0.034374999999999996 0.1685185185185185
0 0.6294270833333334 0.7129629629629629 0.03697916666666667 0.16296296296296295
0 0.7994791666666666 0.8657407407407407 0.046875 0.2037037037037037
0 0.94765625 0.8407407407407407 0.06510416666666667 0.20555555555555555
0 0.4 0.5083333333333333 0.025 0.10555555555555556
0 0.7088541666666667 0.5328703703703703 0.02395833333333333 0.06574074074074074
0 0.6869791666666667 0.48981481481481476 0.026041666666666668 0.09074074074074073
0 0.7148437500000001 0.48749999999999993 0.029687500000000002 0.0898148148148148
0 0.7692708333333333 0.5597222222222221 0.03125 0.08796296296296297
0 0.5632812500000001 0.5069444444444444 0.0234375 0.11018518518518518
