0 0.2359375 0.8148148148148149 0.06354166666666666 0.24259259259259255
0 0.2927083333333333 0.8231481481481481 0.055208333333333325 0.2462962962962963
0 0.3341145833333333 0.7851851851851851 0.04427083333333333 0.20925925925925926
0 0.34531249999999997 0.8564814814814813 0.055208333333333325 0.23703703703703702
0 0.40390625 0.8601851851851852 0.0578125 0.22222222222222224
0 0.7018229166666666 0.6953703703703703 0.04635416666666666 0.19444444444444445
0 0.7015625 0.6916666666666667 0.03645833333333333 0.1907407407407407
5 0.6645833333333333 0.6546296296296296 0.03020833333333333 0.1685185185185185
0 0.80703125 0.5527777777777778 0.027604166666666662 0.09259259259259259
5 0.7218749999999999 0.5027777777777778 0.026041666666666664 0.07592592592592592
0 0.6567708333333333 0.6787037037037036 0.03333333333333333 0.18148148148148147
0 0.8359374999999998 0.7101851851851851 0.03958333333333333 0.18518518518518517
0 0.7557291666666666 0.7462962962962962 0.04375 0.20185185185185187
0 0.6919270833333333 0.7472222222222221 0.056770833333333326 0.19814814814814813
0 0.8268229166666666 0.6912037037037038 0.04010416666666666 0.1824074074074074
0 0.4455729166666666 0.5393518518518519 0.0234375 0.10648148148148147
0 0.475 0.5277777777777778 0.03020833333333333 0.1259259259259259
0 0.4338541666666667 0.5662037037037038 0.02708333333333333 0.12685185185185183
0 0.48671875 0.5537037037037036 0.0296875 0.12407407407407407
0 0.4989583333333333 0.5314814814814814 0.026041666666666664 0.11666666666666665
0 0.5411458333333333 0.5333333333333333 0.03125 0.1259259259259259
0 0.515625 0.5574074074074074 0.03020833333333333 0.12962962962962962
0 0.47578125 0.6453703703703704 0.0515625 0.18148148148148147
5 0.6453125 0.6273148148148148 0.029166666666666664 0.14351851851851852
0 0.5033854166666666 0.6412037037037036 0.04010416666666666 0.17129629629629628
0 0.5372395833333333 0.637962962962963 0.033854166666666664 0.15185185185185185
0 0.5651041666666666 0.6226851851851851 0.03229166666666666 0.14907407407407408
0 0.5916666666666666 0.6185185185185185 0.03125 0.15555555555555553
0 0.5817708333333333 0.6027777777777777 0.029166666666666664 0.1259259259259259
0 0.5393229166666667 0.6787037037037036 0.04427083333333333 0.1685185185185185
0 0.5703124999999999 0.699537037037037 0.03229166666666666 0.1287037037037037
0 0.6229166666666666 0.7027777777777777 0.040625 0.1925925925925926
0 0.6432291666666666 0.7476851851851851 0.04791666666666666 0.2064814814814815
0 0.6369791666666667 0.6087962962962963 0.029166666666666664 0.14351851851851852
0 0.70546875 0.6583333333333333 0.0359375 0.1685185185185185
0 0.6679687499999999 0.7129629629629629 0.03697916666666666 0.17222222222222222
0 0.010677083333333334 0.9578703703703703 0.0203125 0.08425925925925926
0 0.04296875 0.9828703703703703 0.0328125 0.03611111111111111
0 0.6877604166666667 0.8481481481481481 0.06302083333333333 0.20370370370370366
0 0.8466145833333334 0.8268518518518517 0.06822916666666666 0.21296296296296294
0 0.4317708333333333 0.49675925925925923 0.026041666666666664 0.10462962962962963
0 0.39791666666666664 0.48611111111111105 0.026041666666666664 0.1222222222222222
5 0.7088541666666667 0.5171296296296296 0.02395833333333333 0.06574074074074074
0 0.7062499999999999 0.4749999999999999 0.026041666666666664 0.09074074074074073
0 0.7299479166666666 0.47453703703703703 0.0296875 0.08981481481481482
5 0.7677083333333333 0.5439814814814815 0.03125 0.08796296296296295
5 0.5606770833333333 0.4893518518518518 0.0234375 0.11018518518518519
