0 0.24661458333333336 0.6194444444444444 0.04635416666666666 0.17962962962962964
0 0.30624999999999997 0.6180555555555555 0.03958333333333333 0.1787037037037037
0 0.32708333333333334 0.6425925925925926 0.04479166666666666 0.1685185185185185
0 0.5393229166666667 0.6259259259259259 0.034895833333333334 0.18703703703703703
0 0.5739583333333333 0.6310185185185185 0.034375 0.18055555555555552
5 0.6453125 0.6319444444444444 0.029166666666666664 0.17314814814814813
0 0.7354166666666667 0.5194444444444445 0.02395833333333333 0.0962962962962963
5 0.72265625 0.4763888888888889 0.025520833333333333 0.07685185185185185
0 0.6085937499999999 0.6365740740740741 0.033854166666666664 0.1787037037037037
0 0.6921875 0.9412037037037037 0.06354166666666666 0.11944444444444444
0 0.621875 0.9425925925925925 0.06979166666666667 0.11666666666666665
0 0.4614583333333333 0.6129629629629629 0.026041666666666664 0.12037037037037038
0 0.4963541666666666 0.5962962962962963 0.034375 0.1611111111111111
0 0.4932291666666667 0.648611111111111 0.03645833333333333 0.16203703703703703
0 0.696875 0.6203703703703705 0.034375 0.14629629629629629
0 0.5846354166666667 0.6013888888888889 0.028645833333333332 0.13796296296296295
0 0.6338541666666667 0.6074074074074074 0.042708333333333334 0.16296296296296295
0 0.72734375 0.6189814814814814 0.03177083333333333 0.14907407407407408
5 0.640625 0.6023148148148147 0.03020833333333333 0.14351851851851852
0 0.8755208333333332 0.7347222222222222 0.05 0.20277777777777778
0 0.89765625 0.725462962962963 0.0546875 0.19537037037037036
0 0.8791666666666667 0.7152777777777778 0.034375 0.18796296296296294
0 0.5440104166666666 0.9361111111111111 0.0609375 0.12962962962962962
0 0.9187499999999998 0.7189814814814814 0.042708333333333334 0.18796296296296294
0 0.18749999999999997 0.8175925925925925 0.05416666666666666 0.24074074074074076
0 0.23385416666666664 0.8305555555555555 0.05 0.22592592592592592
0 0.19375 0.8912037037037036 0.0625 0.21944444444444441
0 0.10260416666666665 0.8078703703703705 0.0375 0.21018518518518517
0 0.10911458333333332 0.8328703703703703 0.04739583333333333 0.23796296296296293
0 0.5161458333333333 0.6824074074074074 0.042708333333333334 0.18703703703703703
0 0.7502604166666667 0.6967592592592593 0.04010416666666666 0.18981481481481483
0 0.6088541666666667 0.7194444444444443 0.03958333333333333 0.20370370370370366
0 0.63125 0.7222222222222221 0.034375 0.17962962962962964
0 0.6015625 0.6939814814814814 0.03645833333333333 0.16203703703703703
0 0.7807291666666666 0.7393518518518518 0.034375 0.1287037037037037
0 0.734375 0.7467592592592592 0.03958333333333333 0.16203703703703703
0 0.953125 0.7722222222222221 0.06666666666666667 0.2185185185185185
0 0.97265625 0.7657407407407406 0.05260416666666666 0.20925925925925926
0 0.7619791666666667 0.7273148148148147 0.040625 0.19537037037037036
0 0.575 0.5467592592592592 0.029166666666666664 0.11574074074074074
0 0.5473958333333333 0.5388888888888889 0.0375 0.13148148148148148
0 0.4473958333333333 0.5393518518518519 0.03229166666666666 0.13425925925925924
0 0.6375 0.5944444444444444 0.040625 0.16296296296296295
0 0.5239583333333333 0.5175925925925926 0.020833333333333332 0.1037037037037037
0 0.496875 0.5074074074074074 0.03020833333333333 0.1074074074074074
0 0.4638020833333333 0.5023148148148147 0.0296875 0.12129629629629628
0 0.4276041666666667 0.5 0.03020833333333333 0.11296296296296296
0 0.40703125 0.5 0.025520833333333333 0.11296296296296296
0 0.4765624999999999 0.48240740740740745 0.026041666666666664 0.10925925925925925
0 0.4494791666666667 0.47777777777777775 0.02395833333333333 0.11296296296296296
0 0.4325520833333333 0.47546296296296287 0.021354166666666667 0.12314814814814815
0 0.4177083333333333 0.4814814814814815 0.022916666666666665 0.11481481481481481
0 0.5052083333333333 0.5 0.025 0.10555555555555556
5 0.7049479166666666 0.48749999999999993 0.0234375 0.06574074074074074
0 0.7515624999999999 0.437037037037037 0.019791666666666666 0.07407407407407407
0 0.7578125 0.43287037037037035 0.02708333333333333 0.0824074074074074
5 0.7703125 0.5180555555555555 0.03020833333333333 0.08796296296296295
5 0.5645833333333333 0.46296296296296297 0.025 0.10925925925925925
