0 0.2869791666666667 0.6634259259259259 0.053125 0.19722222222222222
0 0.34322916666666664 0.6685185185185185 0.04479166666666666 0.2074074074074074
0 0.4296875 0.6625 0.03645833333333333 0.1824074074074074
0 0.19583333333333333 0.9523148148148147 0.06666666666666667 0.09537037037037036
0 0.2841145833333333 0.9583333333333333 0.0796875 0.08518518518518518
0 0.5309895833333333 0.6138888888888888 0.03802083333333333 0.17962962962962964
0 0.559375 0.6129629629629629 0.034375 0.17222222222222222
5 0.6536458333333333 0.6231481481481481 0.028125 0.1685185185185185
0 0.7953125 0.5120370370370371 0.02395833333333333 0.09259259259259259
5 0.7104166666666666 0.4708333333333333 0.026041666666666664 0.07685185185185185
0 0.621875 0.6356481481481482 0.03645833333333333 0.17685185185185184
0 0.7325520833333333 0.8699074074074075 0.05260416666666666 0.25462962962962965
0 0.6760416666666667 0.8703703703703705 0.057291666666666664 0.24814814814814815
0 0.4611979166666666 0.5648148148148148 0.0234375 0.11296296296296296
0 0.4942708333333333 0.5509259259259259 0.028125 0.14629629629629629
0 0.4541666666666667 0.5967592592592592 0.03020833333333333 0.14351851851851852
0 0.5541666666666666 0.5800925925925926 0.034375 0.14537037037037037
0 0.5161458333333333 0.5546296296296296 0.026041666666666664 0.13518518518518519
0 0.5348958333333333 0.55 0.03125 0.14444444444444443
0 0.584375 0.5787037037037037 0.03125 0.14444444444444443
0 0.7341145833333333 0.7013888888888888 0.05260416666666666 0.20462962962962963
5 0.6325520833333333 0.5930555555555556 0.0296875 0.14351851851851852
0 0.75 0.6953703703703703 0.042708333333333334 0.1907407407407407
0 0.7757812499999999 0.6930555555555555 0.04635416666666666 0.1824074074074074
0 0.6606770833333333 0.673148148148148 0.0515625 0.17962962962962964
0 0.7802083333333333 0.6550925925925926 0.041666666666666664 0.16759259259259257
0 0.79609375 0.6523148148148148 0.03177083333333333 0.16759259259259257
0 0.8401041666666667 0.7157407407407407 0.055208333333333325 0.18518518518518517
0 0.8674479166666667 0.7282407407407407 0.03802083333333333 0.1398148148148148
0 0.6015625 0.8652777777777777 0.05625 0.2601851851851852
0 0.8278645833333333 0.648611111111111 0.04010416666666666 0.17129629629629628
0 0.9307291666666666 0.7018518518518517 0.04583333333333333 0.19629629629629627
0 0.09244791666666666 0.8824074074074074 0.06197916666666666 0.23518518518518516
0 0.1515625 0.8967592592592591 0.055208333333333325 0.20833333333333331
0 0.08697916666666666 0.9407407407407407 0.055208333333333325 0.12037037037037038
0 0.2140625 0.8078703703703705 0.051041666666666666 0.20462962962962963
0 0.3247395833333333 0.8226851851851851 0.0703125 0.22314814814814815
0 0.6723958333333333 0.7310185185185185 0.040625 0.1935185185185185
0 0.85625 0.7449074074074074 0.059375 0.2064814814814815
0 0.7643229166666666 0.737037037037037 0.0421875 0.20925925925925926
0 0.7630208333333333 0.7351851851851852 0.03645833333333333 0.1925925925925926
0 0.7997395833333333 0.737037037037037 0.04635416666666666 0.17407407407407408
0 0.8874999999999998 0.7699074074074074 0.042708333333333334 0.1324074074074074
0 0.9760416666666666 0.7731481481481481 0.04791666666666666 0.1648148148148148
0 0.5309895833333333 0.500462962962963 0.028645833333333332 0.10648148148148147
0 0.5026041666666666 0.4958333333333333 0.03229166666666666 0.125
0 0.4221354166666666 0.4981481481481481 0.0296875 0.1259259259259259
0 0.8010416666666667 0.5708333333333333 0.03125 0.1398148148148148
0 0.4645833333333333 0.48425925925925917 0.022916666666666665 0.09074074074074073
0 0.4458333333333333 0.47870370370370374 0.026041666666666664 0.10185185185185183
0 0.4005208333333333 0.4703703703703703 0.029166666666666664 0.11296296296296296
0 0.4505208333333333 0.47407407407407404 0.025 0.1074074074074074
5 0.6947916666666667 0.48287037037037034 0.02395833333333333 0.06574074074074074
0 0.7494791666666666 0.4296296296296296 0.01875 0.07407407407407407
0 0.7557291666666667 0.42824074074074076 0.02708333333333333 0.0824074074074074
5 0.759375 0.5106481481481481 0.03020833333333333 0.08796296296296295
5 0.5489583333333333 0.45509259259259255 0.02395833333333333 0.11018518518518519
