0 0.2546875 0.7319444444444445 0.05416666666666666 0.20833333333333331
0 0.3203125 0.7310185185185185 0.05 0.22129629629629627
0 0.3786458333333333 0.7143518518518518 0.03958333333333333 0.1935185185185185
0 0.2833333333333333 0.9 0.06458333333333333 0.2
0 0.34895833333333337 0.9055555555555556 0.06354166666666666 0.18703703703703703
0 0.5890624999999999 0.6495370370370369 0.041666666666666664 0.19166666666666665
0 0.5979166666666667 0.6462962962962961 0.035416666666666666 0.17777777777777776
5 0.6463541666666666 0.6305555555555555 0.028125 0.1685185185185185
0 0.78984375 0.5296296296296296 0.025520833333333333 0.09259259259259259
5 0.7072916666666667 0.4828703703703704 0.026041666666666664 0.07685185185185185
0 0.6216145833333333 0.6523148148148148 0.0328125 0.1824074074074074
0 0.9192708333333333 0.7157407407407407 0.04895833333333333 0.1925925925925926
0 0.7416666666666666 0.7851851851851851 0.041666666666666664 0.22592592592592592
0 0.6979166666666666 0.7925925925925925 0.04791666666666666 0.22592592592592592
0 0.8942708333333333 0.7027777777777777 0.04791666666666666 0.19629629629629627
0 0.4513020833333333 0.5421296296296296 0.0234375 0.11203703703703702
0 0.4729166666666667 0.5337962962962963 0.03020833333333333 0.1398148148148148
0 0.4307291666666667 0.5712962962962962 0.03020833333333333 0.13518518518518519
0 0.5041666666666667 0.5601851851851851 0.03333333333333333 0.137037037037037
0 0.5028645833333333 0.5328703703703704 0.025520833333333333 0.12129629629629628
0 0.5346354166666667 0.5379629629629629 0.03177083333333333 0.13518518518518519
0 0.534375 0.5555555555555556 0.03020833333333333 0.12962962962962962
0 0.54765625 0.6708333333333333 0.0421875 0.1935185185185185
5 0.62578125 0.6050925925925925 0.0296875 0.14351851851851852
0 0.5575520833333333 0.6694444444444445 0.0453125 0.18333333333333332
0 0.58046875 0.6662037037037036 0.03802083333333333 0.17314814814814813
0 0.5382812499999999 0.6361111111111111 0.033854166666666664 0.1648148148148148
0 0.6697916666666667 0.624074074074074 0.03645833333333333 0.15740740740740738
0 0.6671875 0.6203703703703703 0.03125 0.15185185185185185
0 0.6398437499999999 0.699537037037037 0.04635416666666666 0.17314814814814813
0 0.6622395833333333 0.711574074074074 0.033854166666666664 0.13425925925925924
0 0.7609375 0.7074074074074074 0.05625 0.19814814814814813
0 0.6445312499999999 0.7907407407407406 0.04635416666666666 0.2333333333333333
0 0.7388020833333333 0.6203703703703705 0.0359375 0.15925925925925927
0 0.79140625 0.6629629629629629 0.0421875 0.17962962962962964
0 0.8106770833333334 0.7175925925925926 0.04635416666666666 0.1759259259259259
0 0.02682291666666666 0.9217592592592592 0.05260416666666666 0.15833333333333333
0 0.0609375 0.938425925925926 0.053125 0.125
0 0.41015625 0.8231481481481481 0.05364583333333332 0.20370370370370366
0 0.5942708333333333 0.8208333333333332 0.07291666666666666 0.21574074074074073
0 0.8830729166666667 0.7884259259259259 0.06302083333333333 0.21018518518518517
0 0.96328125 0.7648148148148148 0.04635416666666666 0.21666666666666665
0 0.9572916666666667 0.7606481481481481 0.03854166666666666 0.2009259259259259
0 0.4789062499999999 0.4888888888888888 0.03697916666666666 0.10555555555555556
0 0.4510416666666666 0.4819444444444444 0.03229166666666666 0.12314814814814815
0 0.38151041666666663 0.47777777777777775 0.028645833333333332 0.12407407407407407
0 0.3833333333333333 0.48240740740740734 0.02708333333333333 0.09074074074074073
5 0.690625 0.4902777777777777 0.02395833333333333 0.06574074074074074
0 0.7255208333333333 0.449537037037037 0.02395833333333333 0.08425925925925926
0 0.7479166666666666 0.4421296296296296 0.028125 0.08981481481481482
5 0.75 0.5199074074074074 0.03020833333333333 0.08796296296296295
5 0.5375 0.46342592592592585 0.02395833333333333 0.11018518518518519
