0 0.26276041666666666 0.6129629629629629 0.0421875 0.17407407407407408
0 0.2645833333333333 0.6379629629629628 0.05 0.17407407407407408
0 0.5614583333333333 0.6412037037037037 0.034375 0.18796296296296294
0 0.5893229166666666 0.6430555555555555 0.033854166666666664 0.1787037037037037
5 0.6567708333333333 0.6462962962962963 0.03020833333333333 0.1759259259259259
0 0.7348958333333333 0.5203703703703704 0.02395833333333333 0.0962962962962963
5 0.7330729166666667 0.4837962962962963 0.025520833333333333 0.07685185185185185
0 0.61953125 0.6430555555555555 0.03177083333333333 0.1787037037037037
0 0.46744791666666663 0.6425925925925926 0.027604166666666662 0.137037037037037
0 0.5039062499999999 0.6273148148148147 0.03697916666666666 0.16574074074074072
0 0.5776041666666667 0.6722222222222223 0.03958333333333333 0.1648148148148148
0 0.7716145833333333 0.6449074074074074 0.033854166666666664 0.1472222222222222
0 0.6828124999999999 0.6282407407407408 0.029166666666666664 0.1509259259259259
0 0.7221354166666667 0.624537037037037 0.04114583333333333 0.1638888888888889
0 0.8098958333333334 0.6472222222222221 0.035416666666666666 0.1611111111111111
5 0.6546875 0.6018518518518519 0.02708333333333333 0.14259259259259258
0 0.9760416666666666 0.7402777777777777 0.03958333333333333 0.19722222222222222
0 0.23333333333333334 0.7898148148148147 0.04791666666666666 0.23148148148148148
0 0.27291666666666664 0.7958333333333332 0.04895833333333333 0.20833333333333331
0 0.2557291666666667 0.8546296296296296 0.05625 0.22592592592592592
0 0.12083333333333332 0.8064814814814815 0.03958333333333333 0.20925925925925926
0 0.1359375 0.8796296296296295 0.05625 0.24074074074074076
0 0.4703125 0.662037037037037 0.03020833333333333 0.17407407407407408
0 0.7739583333333333 0.6777777777777778 0.040625 0.18333333333333332
0 0.6130208333333333 0.7231481481481481 0.03958333333333333 0.20370370370370366
0 0.65390625 0.7310185185185185 0.03802083333333333 0.1824074074074074
0 0.5174479166666666 0.6796296296296296 0.04010416666666666 0.1537037037037037
0 0.7989583333333333 0.7171296296296296 0.03333333333333333 0.11759259259259258
0 0.7596354166666666 0.7143518518518518 0.04010416666666666 0.15462962962962962
0 0.8518229166666667 0.7486111111111111 0.0484375 0.21759259259259256
0 0.8859374999999998 0.7504629629629629 0.042708333333333334 0.21018518518518517
0 0.7895833333333333 0.7009259259259258 0.040625 0.17962962962962964
0 0.6046875 0.575462962962963 0.03020833333333333 0.1324074074074074
0 0.5744791666666667 0.5625 0.03645833333333333 0.1398148148148148
0 0.4578125 0.5689814814814814 0.03333333333333333 0.14907407407407408
0 0.5531249999999999 0.5925925925925926 0.04479166666666666 0.15740740740740738
0 0.5424479166666666 0.5310185185185186 0.0234375 0.10462962962962963
0 0.5216145833333333 0.5277777777777778 0.0296875 0.12037037037037038
0 0.49531249999999993 0.5180555555555555 0.03229166666666666 0.12129629629629628
0 0.4447916666666666 0.5189814814814815 0.03229166666666666 0.11388888888888889
0 0.4140625 0.5180555555555555 0.025 0.11574074074074074
0 0.51875 0.500462962962963 0.02708333333333333 0.11388888888888889
0 0.4921875 0.4925925925925926 0.02395833333333333 0.11296296296296296
0 0.4739583333333333 0.4925925925925926 0.026041666666666664 0.1259259259259259
0 0.4533854166666667 0.4976851851851851 0.025520833333333333 0.11574074074074074
0 0.4171875 0.4842592592592593 0.02708333333333333 0.11296296296296296
0 0.45572916666666663 0.475925925925926 0.026041666666666664 0.1074074074074074
0 0.5265625 0.5203703703703704 0.021875 0.1074074074074074
5 0.7161458333333333 0.49305555555555547 0.02395833333333333 0.06574074074074074
0 0.4388020833333333 0.47453703703703703 0.025520833333333333 0.12314814814814815
0 0.76015625 0.44074074074074077 0.01927083333333333 0.07407407407407407
0 0.76875 0.4356481481481481 0.02708333333333333 0.0824074074074074
5 0.7802083333333333 0.5217592592592593 0.03020833333333333 0.08796296296296295
5 0.5731770833333333 0.4652777777777777 0.025520833333333333 0.11018518518518519
