0 0.25416666666666665 0.7342592592592593 0.05416666666666666 0.2074074074074074
0 0.31979166666666664 0.7324074074074074 0.05 0.22222222222222224
0 0.37812499999999993 0.7152777777777778 0.03958333333333333 0.1935185185185185
0 0.2848958333333333 0.899537037037037 0.06458333333333333 0.2009259259259259
0 0.35 0.9050925925925926 0.06354166666666666 0.18796296296296294
0 0.5901041666666667 0.6495370370370369 0.041666666666666664 0.19166666666666665
0 0.5989583333333333 0.6462962962962961 0.035416666666666666 0.17777777777777776
5 0.6463541666666666 0.6305555555555555 0.028125 0.1685185185185185
0 0.78984375 0.5296296296296296 0.025520833333333333 0.09259259259259259
5 0.7078125 0.4828703703703704 0.026041666666666664 0.07685185185185185
0 0.621875 0.6523148148148148 0.03229166666666666 0.1824074074074074
0 0.9182291666666667 0.7157407407407407 0.05 0.1925925925925926
0 0.7421874999999999 0.7847222222222221 0.041666666666666664 0.225
0 0.6984374999999999 0.7916666666666666 0.04791666666666666 0.22592592592592592
0 0.8927083333333334 0.7027777777777777 0.04791666666666666 0.19629629629629627
0 0.4513020833333333 0.5421296296296296 0.0234375 0.11203703703703702
0 0.47265625 0.5337962962962963 0.0296875 0.1398148148148148
0 0.4307291666666667 0.5712962962962962 0.03020833333333333 0.13518518518518519
0 0.5041666666666667 0.5601851851851851 0.03333333333333333 0.137037037037037
0 0.5026041666666666 0.5328703703703704 0.026041666666666664 0.12129629629629628
0 0.5348958333333333 0.5379629629629629 0.03229166666666666 0.13518518518518519
0 0.5338541666666667 0.5555555555555556 0.03020833333333333 0.12962962962962962
0 0.54609375 0.6703703703703703 0.04114583333333333 0.19444444444444445
5 0.6260416666666666 0.6050925925925925 0.029166666666666664 0.14351851851851852
0 0.5557291666666667 0.6699074074074074 0.04583333333333333 0.1824074074074074
0 0.57890625 0.6657407407407406 0.03802083333333333 0.17407407407407408
0 0.5388020833333333 0.6347222222222222 0.0328125 0.1638888888888889
0 0.6682291666666667 0.6231481481481481 0.03645833333333333 0.15740740740740738
0 0.66484375 0.6194444444444445 0.03177083333333333 0.15185185185185185
0 0.6372395833333333 0.699537037037037 0.04635416666666666 0.17314814814814813
0 0.6601562499999999 0.711574074074074 0.033854166666666664 0.13425925925925924
0 0.7588541666666666 0.7074074074074074 0.05625 0.19814814814814813
0 0.6450520833333333 0.7902777777777777 0.04635416666666666 0.2324074074074074
0 0.7374999999999999 0.6194444444444445 0.035416666666666666 0.15740740740740738
0 0.7903645833333333 0.662037037037037 0.0421875 0.17962962962962964
0 0.8080729166666666 0.7171296296296296 0.04427083333333333 0.17685185185185184
0 0.02682291666666666 0.9222222222222222 0.05260416666666666 0.15740740740740738
0 0.06015625 0.9393518518518518 0.05364583333333332 0.12314814814814815
0 0.415625 0.8240740740740741 0.05416666666666666 0.20370370370370366
0 0.5971354166666666 0.8199074074074073 0.06822916666666666 0.21759259259259256
0 0.8848958333333334 0.7884259259259259 0.06666666666666667 0.21018518518518517
0 0.965625 0.7648148148148147 0.046875 0.2148148148148148
0 0.9604166666666666 0.7606481481481481 0.03854166666666666 0.2009259259259259
0 0.4778645833333333 0.4884259259259259 0.034895833333333334 0.10462962962962963
0 0.4505208333333333 0.4819444444444444 0.03229166666666666 0.12314814814814815
0 0.3807291666666667 0.4773148148148148 0.029166666666666664 0.12314814814814815
0 0.38203125 0.48240740740740734 0.027604166666666662 0.09074074074074073
5 0.6911458333333333 0.49120370370370364 0.02395833333333333 0.06574074074074074
0 0.7255208333333333 0.4499999999999999 0.02395833333333333 0.08518518518518518
0 0.7473958333333333 0.4421296296296296 0.028125 0.08981481481481482
5 0.75 0.5199074074074074 0.03020833333333333 0.08796296296296295
5 0.5375 0.46342592592592585 0.02395833333333333 0.11018518518518519
