0 0.14218749999999997 0.875925925925926 0.07291666666666666 0.24814814814814815
0 0.2153645833333333 0.8768518518518519 0.0640625 0.24814814814814815
0 0.23697916666666666 0.8486111111111111 0.053125 0.2398148148148148
0 0.8890625 0.8856481481481481 0.05416666666666666 0.23055555555555554
0 0.3723958333333333 0.7388888888888888 0.05 0.20555555555555555
0 0.4190104166666666 0.7379629629629629 0.0484375 0.1907407407407407
0 0.84921875 0.7347222222222222 0.058854166666666666 0.22314814814814815
0 0.8848958333333332 0.7217592592592592 0.03958333333333333 0.20462962962962963
5 0.6567708333333333 0.6314814814814815 0.03020833333333333 0.1685185185185185
0 0.796875 0.5203703703703704 0.02708333333333333 0.09259259259259259
5 0.7130208333333333 0.475925925925926 0.03020833333333333 0.07592592592592592
0 0.7825520833333333 0.6888888888888889 0.04114583333333333 0.19444444444444445
0 0.76640625 0.6324074074074074 0.0421875 0.1648148148148148
0 0.6270833333333333 0.6555555555555556 0.035416666666666666 0.17962962962962964
0 0.5575520833333333 0.6546296296296296 0.043229166666666666 0.17777777777777776
0 0.7356770833333333 0.6148148148148148 0.034895833333333334 0.1648148148148148
0 0.3981770833333333 0.48425925925925917 0.0234375 0.09814814814814814
0 0.4135416666666666 0.46944444444444444 0.026041666666666664 0.10925925925925925
0 0.4236979166666667 0.5092592592592593 0.025520833333333333 0.12407407407407407
0 0.43515625 0.4962962962962963 0.0265625 0.12407407407407407
0 0.4411458333333333 0.4731481481481481 0.028125 0.11296296296296296
0 0.47421875 0.4773148148148148 0.0296875 0.125
0 0.4697916666666666 0.4921296296296296 0.028125 0.11574074074074074
0 0.4388020833333333 0.5662037037037038 0.034895833333333334 0.15833333333333333
5 0.6312499999999999 0.6037037037037036 0.029166666666666664 0.15555555555555553
0 0.4666666666666666 0.5685185185185185 0.03229166666666666 0.15
0 0.4927083333333333 0.5694444444444444 0.03229166666666666 0.14074074074074075
0 0.5083333333333333 0.548611111111111 0.03333333333333333 0.13425925925925924
0 0.54140625 0.5425925925925925 0.03177083333333333 0.1259259259259259
0 0.5356770833333333 0.5328703703703703 0.028645833333333332 0.11944444444444444
0 0.5083333333333333 0.5939814814814814 0.04375 0.1509259259259259
0 0.5296875 0.6060185185185185 0.028125 0.10833333333333332
0 0.53984375 0.6129629629629629 0.03802083333333333 0.1759259259259259
0 0.5161458333333333 0.6532407407407408 0.03854166666666666 0.18796296296296294
0 0.5700520833333333 0.5449074074074074 0.028645833333333332 0.13796296296296295
0 0.5869791666666666 0.587037037037037 0.03854166666666666 0.17037037037037037
0 0.5783854166666667 0.6273148148148148 0.03802083333333333 0.1509259259259259
5 0.6966145833333333 0.4902777777777777 0.0234375 0.06574074074074074
0 0.6442708333333333 0.45879629629629626 0.028125 0.08981481481481482
0 0.6591145833333333 0.4569444444444444 0.033854166666666664 0.09907407407407406
5 0.7614583333333333 0.5199074074074074 0.03125 0.08796296296296295
5 0.5583333333333333 0.4624999999999999 0.02395833333333333 0.11018518518518519
