0 0.23385416666666664 0.6092592592592592 0.04583333333333333 0.17962962962962964
0 0.29557291666666663 0.6152777777777778 0.04114583333333333 0.17685185185185184
0 0.30807291666666664 0.6393518518518518 0.04427083333333333 0.17314814814814813
0 0.5421875 0.6333333333333333 0.034375 0.18703703703703703
0 0.5768229166666666 0.6337962962962963 0.033854166666666664 0.18055555555555552
5 0.6497395833333333 0.6351851851851852 0.0296875 0.1759259259259259
0 0.7328125 0.5203703703703704 0.02395833333333333 0.0962962962962963
5 0.7252604166666667 0.47824074074074074 0.025520833333333333 0.07685185185185185
0 0.6106770833333333 0.6365740740740741 0.03177083333333333 0.1787037037037037
0 0.6901041666666666 0.9564814814814815 0.06041666666666666 0.08703703703703704
0 0.6174479166666667 0.9513888888888887 0.0671875 0.09907407407407406
0 0.4619791666666666 0.6212962962962962 0.025 0.137037037037037
0 0.4934895833333333 0.6046296296296296 0.033854166666666664 0.1611111111111111
0 0.5098958333333333 0.6564814814814814 0.03645833333333333 0.1611111111111111
0 0.71875 0.6277777777777777 0.034375 0.14629629629629629
0 0.6106770833333333 0.6087962962962963 0.0296875 0.13796296296296295
0 0.6583333333333333 0.611111111111111 0.042708333333333334 0.16296296296296295
0 0.7515625 0.6254629629629629 0.03125 0.14907407407407408
5 0.64375 0.6023148148148147 0.03020833333333333 0.14351851851851852
0 0.90546875 0.7379629629629629 0.0546875 0.19814814814814813
0 0.9359375 0.736111111111111 0.057291666666666664 0.19629629629629627
0 0.9015625 0.7217592592592592 0.035416666666666666 0.18796296296296294
0 0.5296875 0.9467592592592592 0.06145833333333332 0.10833333333333332
0 0.9497395833333332 0.724537037037037 0.0421875 0.18981481481481483
0 0.1981770833333333 0.8069444444444442 0.05364583333333332 0.23796296296296293
0 0.2450520833333333 0.8208333333333332 0.0484375 0.22685185185185186
0 0.21197916666666666 0.8856481481481481 0.0625 0.23055555555555554
0 0.1046875 0.8087962962962962 0.0375 0.21018518518518517
0 0.115625 0.8398148148148147 0.051041666666666666 0.23888888888888887
0 0.49609375 0.675 0.04114583333333333 0.18148148148148147
0 0.7640625 0.6907407407407407 0.040625 0.1907407407407407
0 0.60625 0.7212962962962962 0.03854166666666666 0.20370370370370366
0 0.63203125 0.7236111111111111 0.03177083333333333 0.1787037037037037
0 0.5783854166666667 0.6921296296296295 0.04114583333333333 0.16018518518518518
0 0.7864583333333333 0.7296296296296296 0.034375 0.1222222222222222
0 0.7299479166666666 0.737037037037037 0.0390625 0.15740740740740738
0 0.9203125 0.7675925925925926 0.0625 0.22222222222222224
0 0.9447916666666666 0.762962962962963 0.05625 0.20925925925925926
0 0.7635416666666667 0.7212962962962963 0.03958333333333333 0.18703703703703703
0 0.5830729166666666 0.5583333333333333 0.0296875 0.1259259259259259
0 0.5549479166666667 0.5467592592592593 0.03802083333333333 0.1398148148148148
0 0.4507812499999999 0.548148148148148 0.033854166666666664 0.14074074074074075
0 0.6138020833333333 0.5949074074074073 0.04114583333333333 0.16203703703703703
0 0.5283854166666666 0.524074074074074 0.0234375 0.1037037037037037
0 0.5041666666666667 0.5111111111111111 0.03020833333333333 0.1074074074074074
0 0.471875 0.5060185185185185 0.03020833333333333 0.12129629629629628
0 0.4330729166666666 0.5055555555555555 0.0296875 0.11296296296296296
0 0.40859375 0.5050925925925925 0.025520833333333333 0.11388888888888889
0 0.4919270833333333 0.48611111111111105 0.025520833333333333 0.10925925925925925
0 0.4651041666666667 0.4833333333333333 0.02395833333333333 0.11296296296296296
0 0.4458333333333333 0.47916666666666663 0.02395833333333333 0.12314814814814815
0 0.4291666666666666 0.4875 0.022916666666666665 0.11574074074074074
0 0.4104166666666666 0.46759259259259256 0.026041666666666664 0.1074074074074074
0 0.5125 0.5074074074074074 0.025 0.1074074074074074
5 0.7072916666666667 0.4921296296296296 0.02395833333333333 0.06574074074074074
0 0.7531249999999999 0.43888888888888883 0.019791666666666666 0.07407407407407407
0 0.7609375 0.4337962962962963 0.02708333333333333 0.0824074074074074
5 0.7723958333333333 0.5199074074074074 0.03020833333333333 0.08796296296296295
5 0.5666666666666667 0.46296296296296297 0.025 0.10925925925925925
