0 0.22421875 0.8541666666666666 0.06302083333333333 0.24907407407407406
0 0.2809895833333333 0.8569444444444445 0.0578125 0.25462962962962965
0 0.3104166666666667 0.825462962962963 0.051041666666666666 0.21759259259259256
0 0.36822916666666666 0.850462962962963 0.05416666666666666 0.23425925925925925
0 0.40703125 0.8513888888888888 0.05572916666666666 0.21388888888888888
0 0.7343749999999999 0.7236111111111111 0.04791666666666666 0.2009259259259259
0 0.7455729166666666 0.7175925925925926 0.0421875 0.19629629629629627
5 0.6653645833333333 0.675 0.0296875 0.1685185185185185
0 0.80703125 0.5629629629629629 0.027604166666666662 0.09259259259259259
5 0.7223958333333333 0.5143518518518518 0.02708333333333333 0.07685185185185185
0 0.6820312499999999 0.7055555555555555 0.04010416666666666 0.18148148148148147
0 0.8307291666666666 0.7162037037037037 0.040625 0.1861111111111111
0 0.7330729166666666 0.7472222222222221 0.0515625 0.19629629629629627
0 0.659375 0.7467592592592592 0.04375 0.19537037037037036
0 0.8096354166666666 0.6962962962962962 0.04010416666666666 0.17222222222222222
0 0.4442708333333333 0.548611111111111 0.02395833333333333 0.10648148148148147
0 0.4723958333333333 0.5333333333333333 0.029166666666666664 0.11481481481481481
0 0.4341145833333333 0.5745370370370371 0.0265625 0.12314814814814815
0 0.4755208333333333 0.5643518518518518 0.03229166666666666 0.12314814814814815
0 0.4924479166666667 0.5361111111111111 0.025520833333333333 0.11296296296296296
0 0.53515625 0.5439814814814814 0.0296875 0.12314814814814815
0 0.5046875 0.5601851851851851 0.03020833333333333 0.12962962962962962
0 0.4682291666666667 0.6504629629629629 0.04583333333333333 0.17314814814814813
5 0.6481770833333333 0.6412037037037036 0.028645833333333332 0.14351851851851852
0 0.4890624999999999 0.6504629629629629 0.03229166666666666 0.16574074074074072
0 0.525 0.6430555555555555 0.034375 0.1509259259259259
0 0.55234375 0.625 0.03177083333333333 0.1388888888888889
0 0.5833333333333333 0.6208333333333333 0.034375 0.14166666666666666
0 0.5713541666666667 0.6097222222222223 0.02708333333333333 0.12685185185185183
0 0.528125 0.6805555555555556 0.042708333333333334 0.16296296296296295
0 0.5611979166666666 0.6962962962962963 0.027604166666666662 0.12962962962962962
0 0.59140625 0.7050925925925926 0.03802083333333333 0.1935185185185185
0 0.6200520833333333 0.7476851851851851 0.04010416666666666 0.2009259259259259
0 0.6072916666666667 0.6157407407407407 0.03020833333333333 0.14074074074074075
0 0.6708333333333333 0.6601851851851851 0.034375 0.1685185185185185
0 0.6372395833333333 0.7175925925925926 0.03697916666666666 0.1648148148148148
0 0.7776041666666667 0.8648148148148147 0.059375 0.20370370370370366
0 0.9242187499999999 0.8384259259259259 0.05364583333333332 0.21018518518518517
0 0.4057291666666666 0.5074074074074073 0.026041666666666664 0.1037037037037037
5 0.7098958333333333 0.5319444444444443 0.02395833333333333 0.06574074074074074
0 0.6916666666666667 0.4879629629629629 0.026041666666666664 0.09074074074074073
0 0.7184895833333333 0.4847222222222222 0.0296875 0.08981481481481482
5 0.7692708333333333 0.5569444444444445 0.03125 0.08796296296296295
5 0.5627604166666667 0.5060185185185184 0.0234375 0.11018518518518519
