0 0.24921875 0.7379629629629629 0.05572916666666666 0.20925925925925926
0 0.31666666666666665 0.7421296296296296 0.051041666666666666 0.2287037037037037
0 0.37135416666666665 0.7199074074074073 0.03958333333333333 0.1935185185185185
0 0.2947916666666667 0.8958333333333333 0.06354166666666666 0.20833333333333331
0 0.35703124999999997 0.9004629629629628 0.06302083333333333 0.19722222222222222
0 0.5986979166666666 0.6527777777777778 0.0421875 0.1925925925925926
0 0.6085937499999999 0.649074074074074 0.03697916666666666 0.1759259259259259
5 0.646875 0.6296296296296295 0.028125 0.1685185185185185
0 0.7908854166666667 0.5296296296296296 0.025520833333333333 0.09259259259259259
5 0.7083333333333333 0.4837962962962963 0.026041666666666664 0.07685185185185185
0 0.6252604166666667 0.6532407407407408 0.03072916666666666 0.1824074074074074
0 0.9059895833333332 0.7148148148148147 0.05364583333333332 0.1907407407407407
0 0.7440104166666666 0.7791666666666666 0.0421875 0.22314814814814815
0 0.7005208333333333 0.7847222222222221 0.04791666666666666 0.22129629629629627
0 0.8815104166666666 0.7009259259259258 0.0484375 0.19444444444444445
0 0.45078125 0.5412037037037036 0.0234375 0.11018518518518519
0 0.4731770833333333 0.5319444444444444 0.03072916666666666 0.13796296296296295
0 0.4294270833333333 0.5689814814814815 0.0296875 0.13425925925925924
0 0.50234375 0.5592592592592591 0.0328125 0.13518518518518519
0 0.5015624999999999 0.5328703703703704 0.026041666666666664 0.12129629629629628
0 0.53671875 0.5347222222222222 0.03177083333333333 0.1324074074074074
0 0.5328125 0.5555555555555556 0.03020833333333333 0.12962962962962962
0 0.5328124999999999 0.6671296296296296 0.051041666666666666 0.19537037037037036
5 0.6270833333333333 0.6050925925925925 0.029166666666666664 0.14351851851851852
0 0.5466145833333333 0.6666666666666666 0.04739583333333333 0.18703703703703703
0 0.5721354166666666 0.6629629629629629 0.03697916666666666 0.17407407407407408
0 0.5424479166666667 0.6333333333333333 0.03177083333333333 0.1611111111111111
0 0.6567708333333333 0.6212962962962962 0.03645833333333333 0.15740740740740738
0 0.65234375 0.6175925925925926 0.03177083333333333 0.15185185185185185
0 0.6182291666666666 0.6967592592592592 0.046875 0.17314814814814813
0 0.6481770833333333 0.7060185185185185 0.033854166666666664 0.13425925925925924
0 0.740625 0.7069444444444445 0.053125 0.2009259259259259
0 0.6489583333333333 0.7824074074074073 0.046875 0.22407407407407404
0 0.7289062499999999 0.6125 0.03072916666666666 0.14537037037037037
0 0.7809895833333333 0.6578703703703703 0.04427083333333333 0.175
0 0.7885416666666667 0.7166666666666666 0.05208333333333333 0.1759259259259259
0 0.025781249999999995 0.9254629629629629 0.05052083333333333 0.1509259259259259
0 0.055208333333333325 0.9439814814814815 0.05625 0.11388888888888889
0 0.4434895833333333 0.826851851851852 0.0546875 0.20370370370370366
0 0.625 0.8180555555555555 0.05833333333333333 0.21574074074074073
0 0.91171875 0.7907407407407406 0.0453125 0.20925925925925926
0 0.4734374999999999 0.4879629629629629 0.029166666666666664 0.1037037037037037
0 0.4468749999999999 0.4810185185185185 0.03229166666666666 0.12314814814814815
0 0.3768229166666667 0.4726851851851851 0.03177083333333333 0.12129629629629628
5 0.6921875 0.49120370370370364 0.02395833333333333 0.06574074074074074
0 0.7244791666666667 0.4504629629629629 0.02395833333333333 0.08611111111111111
0 0.7466145833333333 0.4439814814814815 0.0296875 0.08981481481481482
5 0.7510416666666667 0.5199074074074074 0.03020833333333333 0.08796296296296295
5 0.5385416666666667 0.4652777777777777 0.02395833333333333 0.11018518518518519
