0 0.21484375 0.8685185185185185 0.06822916666666666 0.25370370370370365
0 0.2708333333333333 0.8712962962962962 0.059375 0.2574074074074074
0 0.29791666666666666 0.8356481481481481 0.051041666666666666 0.22314814814814815
0 0.3690104166666667 0.8393518518518519 0.05572916666666666 0.2287037037037037
0 0.4098958333333333 0.8430555555555556 0.05416666666666666 0.20833333333333331
0 0.7526041666666666 0.7319444444444445 0.051041666666666666 0.2009259259259259
0 0.7614583333333333 0.725925925925926 0.042708333333333334 0.19629629629629627
5 0.6627604166666666 0.6796296296296296 0.0296875 0.1685185185185185
0 0.8065104166666666 0.5666666666666667 0.027604166666666662 0.09259259259259259
5 0.7226562499999999 0.5199074074074075 0.027604166666666662 0.07685185185185185
0 0.6958333333333333 0.7097222222222223 0.041666666666666664 0.1824074074074074
0 0.828125 0.7148148148148147 0.041666666666666664 0.18518518518518517
0 0.71640625 0.7435185185185185 0.04739583333333333 0.19444444444444445
0 0.6419270833333333 0.7402777777777778 0.04114583333333333 0.1935185185185185
0 0.8028645833333334 0.6893518518518518 0.04010416666666666 0.16574074074074072
0 0.4416666666666667 0.5458333333333332 0.02395833333333333 0.10277777777777777
0 0.4684895833333333 0.5296296296296296 0.027604166666666662 0.11296296296296296
0 0.4317708333333333 0.5740740740740741 0.026041666666666664 0.12407407407407407
0 0.4677083333333333 0.561574074074074 0.03229166666666666 0.12314814814814815
0 0.4877604166666667 0.537037037037037 0.025520833333333333 0.11296296296296296
0 0.528125 0.5430555555555555 0.029166666666666664 0.12314814814814815
0 0.496875 0.5587962962962962 0.03020833333333333 0.1287037037037037
0 0.4640625 0.6458333333333333 0.04375 0.17129629629629628
5 0.6471354166666666 0.6430555555555555 0.027604166666666662 0.14351851851851852
0 0.4856770833333333 0.6444444444444445 0.03177083333333333 0.1648148148148148
0 0.52109375 0.6425925925925926 0.0328125 0.14814814814814814
0 0.5463541666666666 0.6222222222222222 0.03125 0.1388888888888889
0 0.5791666666666666 0.6166666666666666 0.035416666666666666 0.13518518518518519
0 0.5671875 0.6069444444444445 0.02708333333333333 0.12685185185185183
0 0.5244791666666666 0.674074074074074 0.041666666666666664 0.16296296296296295
0 0.553125 0.6888888888888889 0.02708333333333333 0.12962962962962962
0 0.5796875 0.6995370370370371 0.0375 0.1935185185185185
0 0.6078125 0.7435185185185185 0.040625 0.19814814814814813
0 0.5984375 0.6148148148148147 0.03020833333333333 0.14074074074074075
0 0.6489583333333333 0.6578703703703703 0.034375 0.16759259259259257
0 0.6252604166666667 0.7106481481481481 0.03697916666666666 0.16203703703703703
0 0.8119791666666666 0.8666666666666666 0.05 0.20370370370370366
0 0.95546875 0.8393518518518519 0.0671875 0.2064814814814815
5 0.70859375 0.5328703703703703 0.0234375 0.06574074074074074
0 0.684375 0.49074074074074064 0.026041666666666664 0.09074074074074073
0 0.71328125 0.48842592592592593 0.0296875 0.08981481481481482
5 0.7692708333333333 0.561574074074074 0.03125 0.08796296296296295
5 0.5638020833333333 0.5069444444444444 0.0234375 0.11018518518518519
