0 0.24479166666666666 0.6300925925925925 0.05 0.16574074074074072
0 0.5671875 0.6458333333333333 0.034375 0.18796296296296294
0 0.6 0.6504629629629629 0.034375 0.18055555555555552
5 0.6619791666666667 0.6481481481481481 0.03020833333333333 0.1759259259259259
0 0.7388020833333333 0.5203703703703704 0.0234375 0.0962962962962963
5 0.7375 0.4837962962962963 0.025 0.07685185185185185
0 0.6239583333333333 0.6453703703703704 0.03229166666666666 0.17962962962962964
0 0.4851562499999999 0.6523148148148148 0.027604166666666662 0.13796296296296295
0 0.51875 0.637962962962963 0.03645833333333333 0.17037037037037037
0 0.6091145833333333 0.6837962962962962 0.04114583333333333 0.16574074074074072
0 0.8049479166666667 0.6625 0.033854166666666664 0.16203703703703703
0 0.7278645833333333 0.6375 0.0296875 0.1509259259259259
0 0.7604166666666666 0.6351851851851851 0.040625 0.16666666666666666
0 0.8390625 0.6615740740740741 0.0375 0.16759259259259257
5 0.6580729166666666 0.6023148148148147 0.027604166666666662 0.14351851851851852
0 0.24895833333333334 0.7791666666666666 0.04791666666666666 0.225
0 0.2911458333333333 0.7856481481481481 0.042708333333333334 0.20462962962962963
0 0.27682291666666664 0.8384259259259259 0.056770833333333326 0.22129629629629627
0 0.14635416666666667 0.8060185185185185 0.03958333333333333 0.21018518518518517
0 0.1421875 0.8898148148148147 0.05833333333333333 0.22222222222222224
0 0.45703125 0.6560185185185186 0.0328125 0.16759259259259257
0 0.7731770833333333 0.673148148148148 0.0359375 0.18518518518518517
0 0.6171875 0.724074074074074 0.03958333333333333 0.20370370370370366
0 0.6557291666666666 0.736111111111111 0.0375 0.18518518518518517
0 0.48828125 0.673148148148148 0.04114583333333333 0.15555555555555553
0 0.7927083333333333 0.7124999999999999 0.03020833333333333 0.11759259259259258
0 0.775 0.7027777777777777 0.0375 0.1537037037037037
0 0.8299479166666666 0.736111111111111 0.0484375 0.21296296296296294
0 0.8677083333333334 0.737037037037037 0.041666666666666664 0.20185185185185187
0 0.9703125 0.7712962962962963 0.053125 0.21296296296296294
0 0.8018229166666666 0.6958333333333333 0.03802083333333333 0.1787037037037037
0 0.9895833333333334 0.7726851851851851 0.019791666666666666 0.19166666666666665
0 0.6145833333333333 0.5842592592592593 0.03229166666666666 0.13148148148148148
0 0.5869791666666666 0.5745370370370371 0.0375 0.14537037037037037
0 0.4598958333333333 0.5782407407407406 0.03333333333333333 0.14907407407407408
0 0.5265624999999999 0.5944444444444444 0.04479166666666666 0.15740740740740738
0 0.5541666666666666 0.5421296296296296 0.022916666666666665 0.10462962962962963
0 0.5322916666666667 0.5439814814814815 0.03020833333333333 0.12685185185185183
0 0.5028645833333333 0.5259259259259259 0.03177083333333333 0.12037037037037038
0 0.4502604166666667 0.5277777777777778 0.03177083333333333 0.11851851851851851
0 0.4143229166666667 0.524537037037037 0.025520833333333333 0.11759259259259258
0 0.53203125 0.5097222222222222 0.027604166666666662 0.11574074074074074
0 0.5067708333333333 0.500925925925926 0.02395833333333333 0.11296296296296296
0 0.4864583333333333 0.5009259259259259 0.026041666666666664 0.12962962962962962
0 0.4677083333333333 0.5050925925925925 0.026041666666666664 0.11759259259259258
0 0.425 0.4935185185185185 0.02708333333333333 0.12037037037037038
0 0.4812499999999999 0.4805555555555555 0.026041666666666664 0.1074074074074074
0 0.5315104166666667 0.525 0.021354166666666667 0.1074074074074074
5 0.7223958333333333 0.49120370370370364 0.02395833333333333 0.06574074074074074
0 0.4606770833333333 0.48240740740740734 0.025520833333333333 0.12407407407407407
0 0.7645833333333333 0.4416666666666666 0.019791666666666666 0.07407407407407407
0 0.7729166666666667 0.43657407407407406 0.02708333333333333 0.0824074074074074
5 0.7848958333333333 0.524537037037037 0.03020833333333333 0.08796296296296295
5 0.5791666666666666 0.46712962962962956 0.026041666666666664 0.11018518518518519
