0 0.28385416666666663 0.6893518518518518 0.055208333333333325 0.20277777777777778
0 0.34270833333333334 0.6902777777777778 0.04791666666666666 0.21203703703703702
0 0.4145833333333333 0.6842592592592591 0.03645833333333333 0.18518518518518517
0 0.2234375 0.9328703703703702 0.07708333333333332 0.1361111111111111
0 0.3109375 0.9393518518518518 0.057291666666666664 0.12314814814814815
0 0.5369791666666666 0.624074074074074 0.041666666666666664 0.18148148148148147
0 0.5622395833333333 0.6236111111111111 0.033854166666666664 0.1787037037037037
5 0.6489583333333333 0.6296296296296295 0.028125 0.1685185185185185
0 0.7921874999999999 0.5226851851851851 0.026041666666666664 0.09351851851851851
5 0.7067708333333333 0.475462962962963 0.026041666666666664 0.07685185185185185
0 0.6239583333333333 0.6472222222222221 0.0375 0.17962962962962964
0 0.7341145833333333 0.8462962962962962 0.0484375 0.2462962962962963
0 0.6841145833333333 0.8416666666666666 0.0546875 0.24814814814814815
0 0.4580729166666666 0.5611111111111111 0.0234375 0.11296296296296296
0 0.4875 0.5439814814814815 0.03125 0.14537037037037037
0 0.4466145833333333 0.5912037037037037 0.0296875 0.14166666666666666
0 0.5333333333333333 0.575 0.03125 0.14444444444444443
0 0.51171875 0.548148148148148 0.025520833333333333 0.13518518518518519
0 0.5346354166666667 0.548611111111111 0.028645833333333332 0.14166666666666666
0 0.5611979166666666 0.5708333333333333 0.033854166666666664 0.1361111111111111
0 0.6497395833333333 0.7 0.04635416666666666 0.20185185185185187
5 0.6278645833333333 0.599537037037037 0.0296875 0.14351851851851852
0 0.67578125 0.6907407407407407 0.0421875 0.1907407407407407
0 0.6986979166666666 0.6884259259259259 0.0421875 0.17314814814814813
0 0.5921875 0.6671296296296296 0.05625 0.17685185185185184
0 0.746875 0.6476851851851853 0.03645833333333333 0.16944444444444445
0 0.7645833333333333 0.6421296296296296 0.03020833333333333 0.15462962962962962
0 0.7747395833333333 0.7129629629629629 0.058854166666666666 0.18518518518518517
0 0.7979166666666667 0.7231481481481481 0.03333333333333333 0.14074074074074075
0 0.8911458333333332 0.7143518518518518 0.06145833333333332 0.19907407407407407
0 0.6161458333333333 0.8444444444444444 0.05416666666666666 0.25925925925925924
0 0.796875 0.6449074074074075 0.040625 0.17129629629629628
0 0.8690104166666666 0.6939814814814814 0.04635416666666666 0.19722222222222222
0 0.9609375 0.725 0.05 0.1759259259259259
0 0.06432291666666666 0.8944444444444445 0.0578125 0.20925925925925926
0 0.11432291666666665 0.9097222222222221 0.0546875 0.1824074074074074
0 0.058854166666666666 0.9592592592592591 0.05416666666666666 0.08148148148148147
0 0.2669270833333333 0.8148148148148147 0.0546875 0.20370370370370366
0 0.4169270833333333 0.8268518518518517 0.06197916666666666 0.22592592592592592
0 0.7364583333333333 0.7601851851851851 0.04583333333333333 0.20925925925925926
0 0.9247395833333334 0.7546296296296295 0.04635416666666666 0.2074074074074074
0 0.8216145833333333 0.7518518518518518 0.04739583333333333 0.21296296296296294
0 0.8203125 0.749074074074074 0.04375 0.19629629629629627
0 0.85859375 0.7430555555555556 0.049479166666666664 0.17314814814814813
0 0.9513020833333332 0.7814814814814814 0.0421875 0.13333333333333333
0 0.5109375 0.5032407407407408 0.03333333333333333 0.10648148148148147
0 0.4848958333333333 0.4967592592592592 0.03229166666666666 0.12314814814814815
0 0.4114583333333333 0.4935185185185185 0.03020833333333333 0.1259259259259259
0 0.8286458333333332 0.5601851851851851 0.03125 0.14074074074074075
0 0.4359375 0.4879629629629629 0.025 0.09074074074074073
0 0.41875 0.4768518518518518 0.025 0.10185185185185183
0 0.4213541666666666 0.4847222222222222 0.025 0.11203703703703702
5 0.6911458333333333 0.48472222222222217 0.02395833333333333 0.06574074074074074
0 0.7442708333333333 0.437037037037037 0.01875 0.07407407407407407
0 0.7533854166666666 0.4375 0.027604166666666662 0.08611111111111111
5 0.7536458333333333 0.5152777777777777 0.03020833333333333 0.08796296296296295
5 0.5419270833333333 0.4606481481481481 0.0234375 0.11018518518518519
