0 0.27604166666666663 0.6351851851851851 0.046875 0.1907407407407407
0 0.3359375 0.6402777777777777 0.04375 0.18981481481481483
0 0.4 0.6532407407407407 0.034375 0.1787037037037037
0 0.5317708333333333 0.6194444444444444 0.035416666666666666 0.18148148148148147
0 0.5604166666666666 0.6148148148148148 0.03229166666666666 0.1759259259259259
5 0.6476562499999999 0.624074074074074 0.027604166666666662 0.1685185185185185
0 0.7682291666666667 0.5055555555555555 0.02395833333333333 0.09444444444444444
5 0.7177083333333333 0.46805555555555556 0.026041666666666664 0.07685185185185185
0 0.6088541666666666 0.6282407407407408 0.03854166666666666 0.16944444444444445
0 0.7190104166666667 0.9060185185185186 0.0609375 0.18981481481481483
0 0.6575520833333333 0.9018518518518517 0.0703125 0.19814814814814813
0 0.46640625 0.5814814814814815 0.0234375 0.11296296296296296
0 0.4927083333333333 0.5722222222222222 0.03333333333333333 0.15555555555555553
0 0.471875 0.6208333333333333 0.03020833333333333 0.15462962962962962
0 0.6182291666666667 0.600925925925926 0.03333333333333333 0.14629629629629629
0 0.53046875 0.5694444444444444 0.025520833333333333 0.13518518518518519
0 0.57578125 0.5773148148148148 0.034895833333333334 0.16203703703703703
0 0.64140625 0.599537037037037 0.03177083333333333 0.14907407407407408
0 0.8817708333333334 0.7175925925925926 0.06979166666666667 0.2185185185185185
5 0.63828125 0.5930555555555556 0.0296875 0.14351851851851852
0 0.8838541666666666 0.7092592592592591 0.04583333333333333 0.19814814814814813
0 0.909375 0.7125 0.051041666666666666 0.19537037037037036
0 0.7848958333333333 0.6953703703703703 0.041666666666666664 0.18703703703703703
0 0.8169270833333332 0.6912037037037037 0.05989583333333333 0.1935185185185185
0 0.82890625 0.6800925925925926 0.033854166666666664 0.18796296296296294
0 0.5851562499999999 0.8953703703703703 0.06197916666666666 0.2074074074074074
0 0.8692708333333334 0.6810185185185185 0.041666666666666664 0.18055555555555552
0 0.1434895833333333 0.850925925925926 0.056770833333333326 0.24074074074074076
0 0.19895833333333332 0.8671296296296296 0.05416666666666666 0.23796296296296293
0 0.14166666666666666 0.9115740740740741 0.055208333333333325 0.1787037037037037
0 0.12578125 0.8064814814814815 0.0484375 0.20370370370370366
0 0.16822916666666665 0.825 0.06354166666666666 0.22037037037037038
0 0.59453125 0.7087962962962963 0.04010416666666666 0.18796296296296294
0 0.7598958333333333 0.7222222222222221 0.04791666666666666 0.20370370370370366
0 0.6635416666666666 0.7203703703703703 0.04375 0.20555555555555555
0 0.6700520833333333 0.7189814814814814 0.03802083333333333 0.1787037037037037
0 0.7041666666666666 0.7143518518518517 0.040625 0.17129629629629628
0 0.78984375 0.7555555555555555 0.0390625 0.12962962962962962
0 0.8416666666666666 0.762962962962963 0.04791666666666666 0.17037037037037037
0 0.8481770833333332 0.7370370370370369 0.05052083333333333 0.19814814814814813
0 0.5572916666666666 0.5189814814814815 0.028125 0.10648148148148147
0 0.5270833333333333 0.5125 0.035416666666666666 0.12685185185185183
0 0.43359375 0.5148148148148148 0.0296875 0.13518518518518519
0 0.7223958333333333 0.5833333333333333 0.040625 0.1611111111111111
0 0.50234375 0.49907407407407406 0.0234375 0.09814814814814814
0 0.475 0.4851851851851852 0.03020833333333333 0.1074074074074074
0 0.4453124999999999 0.48240740740740734 0.029166666666666664 0.11296296296296296
0 0.4197916666666667 0.4810185185185185 0.03020833333333333 0.10462962962962963
0 0.40390625 0.4810185185185185 0.025520833333333333 0.11203703703703702
0 0.4247395833333333 0.4689814814814814 0.0234375 0.11018518518518519
0 0.3921875 0.46296296296296297 0.022916666666666665 0.11296296296296296
0 0.48697916666666663 0.4856481481481481 0.025 0.10462962962962963
5 0.7018229166666666 0.4810185185185184 0.0234375 0.06574074074074074
0 0.74921875 0.4305555555555555 0.01927083333333333 0.07407407407407407
0 0.7520833333333333 0.4300925925925926 0.02708333333333333 0.0824074074074074
5 0.7651041666666667 0.5115740740740741 0.03020833333333333 0.08796296296296295
5 0.5604166666666666 0.44907407407407407 0.028125 0.10925925925925925
