0 0.24765625 0.7435185185185185 0.058854166666666666 0.22037037037037038
0 0.3138020833333333 0.7513888888888889 0.05052083333333333 0.2324074074074074
0 0.36718749999999994 0.725462962962963 0.03958333333333333 0.2009259259259259
0 0.3020833333333333 0.8916666666666666 0.0625 0.21666666666666665
0 0.36354166666666665 0.8962962962962961 0.06145833333333332 0.2074074074074074
0 0.6078125 0.6564814814814814 0.04375 0.1925925925925926
0 0.6197916666666667 0.6527777777777778 0.03958333333333333 0.18148148148148147
5 0.6494791666666666 0.6324074074074073 0.028125 0.1685185185185185
0 0.7919270833333333 0.5296296296296296 0.025520833333333333 0.09259259259259259
5 0.7093749999999999 0.4837962962962963 0.026041666666666664 0.07685185185185185
0 0.6294270833333333 0.6532407407407408 0.0328125 0.1824074074074074
0 0.8877604166666666 0.7134259259259259 0.05572916666666666 0.18796296296296294
0 0.746875 0.773611111111111 0.042708333333333334 0.22129629629629627
0 0.7020833333333333 0.7796296296296296 0.04791666666666666 0.2185185185185185
0 0.8703124999999998 0.6990740740740741 0.04895833333333333 0.1925925925925926
0 0.45 0.5402777777777776 0.02395833333333333 0.11018518518518519
0 0.47421875 0.5300925925925926 0.03177083333333333 0.1361111111111111
0 0.4294270833333333 0.5671296296296295 0.028645833333333332 0.1324074074074074
0 0.49921875 0.5555555555555556 0.03177083333333333 0.13518518518518519
0 0.5005208333333333 0.5328703703703704 0.026041666666666664 0.12129629629629628
0 0.5403645833333333 0.5324074074074073 0.03177083333333333 0.13148148148148148
0 0.53125 0.5546296296296296 0.03020833333333333 0.12962962962962962
0 0.5252604166666667 0.6624999999999999 0.05052083333333333 0.19166666666666665
5 0.6286458333333333 0.6060185185185185 0.029166666666666664 0.14351851851851852
0 0.5359375 0.6638888888888889 0.03645833333333333 0.18518518518518517
0 0.5653645833333333 0.6597222222222221 0.0359375 0.17314814814814813
0 0.5479166666666666 0.6300925925925925 0.03125 0.16203703703703703
0 0.6419270833333333 0.6231481481481481 0.0359375 0.15740740740740738
0 0.6484375 0.6175925925925926 0.03125 0.15185185185185185
0 0.6028645833333333 0.6944444444444444 0.04635416666666666 0.17407407407407408
0 0.6354166666666666 0.7050925925925926 0.035416666666666666 0.13425925925925924
0 0.72265625 0.7069444444444445 0.05052083333333333 0.20277777777777778
0 0.6520833333333333 0.7759259259259259 0.046875 0.22407407407407404
0 0.7184895833333333 0.6097222222222223 0.0296875 0.14351851851851852
0 0.7729166666666666 0.6546296296296296 0.04479166666666666 0.17037037037037037
0 0.7789062499999999 0.7148148148148148 0.05260416666666666 0.1759259259259259
0 0.023697916666666666 0.9305555555555556 0.04635416666666666 0.14074074074074075
0 0.05052083333333333 0.9490740740740741 0.05833333333333333 0.1037037037037037
0 0.47421875 0.825925925925926 0.0609375 0.20370370370370366
0 0.65 0.8203703703703702 0.07083333333333333 0.2148148148148148
0 0.9359374999999999 0.798611111111111 0.06458333333333333 0.21018518518518517
0 0.47109375 0.4884259259259259 0.03177083333333333 0.10462962962962963
0 0.4427083333333333 0.4810185185185185 0.03229166666666666 0.12314814814814815
5 0.69375 0.49120370370370364 0.02395833333333333 0.06574074074074074
0 0.7234375 0.45138888888888884 0.025 0.08796296296296295
0 0.7447916666666667 0.44675925925925924 0.03020833333333333 0.08981481481481482
5 0.753125 0.5226851851851853 0.03020833333333333 0.08796296296296295
5 0.540625 0.46712962962962956 0.02395833333333333 0.11018518518518519
