0 0.2848958333333333 0.6523148148148148 0.05 0.19166666666666665
0 0.34322916666666664 0.6532407407407407 0.04375 0.19907407407407407
0 0.4291666666666666 0.6564814814814814 0.046875 0.1685185185185185
0 0.17578125 0.9708333333333332 0.05052083333333333 0.05833333333333333
0 0.5317708333333333 0.6092592592592592 0.035416666666666666 0.17962962962962964
0 0.5622395833333333 0.612037037037037 0.033854166666666664 0.1759259259259259
5 0.6544270833333333 0.6222222222222222 0.027604166666666662 0.1685185185185185
0 0.7875 0.5069444444444444 0.02395833333333333 0.09351851851851851
5 0.7135416666666666 0.4689814814814815 0.026041666666666664 0.07685185185185185
0 0.6208333333333333 0.6296296296296295 0.0375 0.17037037037037037
0 0.72578125 0.8824074074074073 0.0546875 0.2333333333333333
0 0.6755208333333333 0.8842592592592592 0.06458333333333333 0.2333333333333333
0 0.4643229166666666 0.5712962962962963 0.0234375 0.11296296296296296
0 0.4940104166666667 0.5574074074074074 0.03177083333333333 0.14814814814814814
0 0.4619791666666667 0.6037037037037036 0.03020833333333333 0.14629629629629629
0 0.5770833333333333 0.586111111111111 0.0375 0.14259259259259258
0 0.5239583333333333 0.5574074074074074 0.026041666666666664 0.13518518518518519
0 0.5473958333333333 0.5606481481481482 0.03333333333333333 0.14537037037037037
0 0.603125 0.5851851851851851 0.03125 0.14814814814814814
0 0.8052083333333332 0.7064814814814814 0.053125 0.20555555555555555
5 0.6372395833333333 0.5912037037037037 0.0296875 0.14351851851851852
0 0.8049479166666667 0.6990740740740741 0.04010416666666666 0.19444444444444445
0 0.8304687499999999 0.6981481481481481 0.04114583333333333 0.18518518518518517
0 0.7119791666666666 0.6796296296296296 0.0375 0.18518518518518517
0 0.7916666666666666 0.6675925925925925 0.04375 0.18148148148148147
0 0.8169270833333332 0.6597222222222221 0.0328125 0.16759259259259257
0 0.8989583333333334 0.7268518518518519 0.06041666666666666 0.18703703703703703
0 0.9231770833333333 0.7379629629629629 0.03802083333333333 0.14629629629629629
0 0.59921875 0.8787037037037037 0.0578125 0.24259259259259255
0 0.8458333333333334 0.6578703703703703 0.041666666666666664 0.17314814814814813
0 0.11484375 0.8717592592592591 0.06302083333333333 0.24537037037037038
0 0.1755208333333333 0.8856481481481481 0.055208333333333325 0.23055555555555554
0 0.11067708333333333 0.9268518518518517 0.0546875 0.14814814814814814
0 0.18697916666666664 0.8032407407407407 0.04375 0.20462962962962963
0 0.25911458333333337 0.8236111111111111 0.049479166666666664 0.22314814814814815
0 0.6429687499999999 0.7189814814814814 0.04010416666666666 0.1935185185185185
0 0.80625 0.7347222222222222 0.05833333333333333 0.20462962962962963
0 0.7203124999999999 0.7314814814814814 0.04479166666666666 0.2111111111111111
0 0.7213541666666667 0.7305555555555554 0.03645833333333333 0.18518518518518517
0 0.7606770833333333 0.7287037037037037 0.04427083333333333 0.1759259259259259
0 0.8380208333333332 0.7662037037037037 0.042708333333333334 0.1324074074074074
0 0.9249999999999998 0.7675925925925926 0.04895833333333333 0.1685185185185185
0 0.9359375 0.7435185185185185 0.05 0.19814814814814813
0 0.5458333333333333 0.5078703703703703 0.028125 0.10648148148148147
0 0.5138020833333333 0.5023148148148148 0.03177083333333333 0.12685185185185183
0 0.4299479166666666 0.500925925925926 0.0296875 0.1259259259259259
0 0.7703125 0.5759259259259258 0.03333333333333333 0.14444444444444443
0 0.4838541666666666 0.4879629629629629 0.022916666666666665 0.09074074074074073
0 0.46015625 0.48472222222222217 0.0265625 0.10277777777777777
0 0.42057291666666663 0.475925925925926 0.0296875 0.11296296296296296
0 0.39791666666666664 0.475462962962963 0.029166666666666664 0.11203703703703702
0 0.3859375 0.4722222222222222 0.021875 0.1074074074074074
0 0.4763020833333333 0.4736111111111111 0.025520833333333333 0.10462962962962963
5 0.6989583333333333 0.4810185185185184 0.02395833333333333 0.06574074074074074
0 0.7484375 0.42777777777777776 0.01875 0.07407407407407407
0 0.7541666666666667 0.4291666666666666 0.02708333333333333 0.0824074074074074
5 0.7625 0.5097222222222222 0.03020833333333333 0.08796296296296295
5 0.55625 0.4527777777777778 0.028125 0.10925925925925925
