0 0.2825520833333333 0.6990740740740741 0.0546875 0.2074074074074074
0 0.3419270833333333 0.6962962962962962 0.05052083333333333 0.21666666666666665
0 0.4080729166666666 0.687037037037037 0.0359375 0.18703703703703703
0 0.2296875 0.9291666666666668 0.07395833333333332 0.14351851851851852
0 0.315625 0.9351851851851851 0.05416666666666666 0.13148148148148148
0 0.5432291666666667 0.6287037037037038 0.041666666666666664 0.18333333333333332
0 0.5651041666666666 0.6287037037037038 0.034375 0.18333333333333332
5 0.6484375 0.6296296296296295 0.028125 0.1685185185185185
0 0.7919270833333333 0.523611111111111 0.025520833333333333 0.09351851851851851
5 0.7057291666666666 0.4773148148148148 0.026041666666666664 0.07685185185185185
0 0.62421875 0.65 0.03802083333333333 0.18148148148148147
0 0.7348958333333333 0.837962962962963 0.04583333333333333 0.24074074074074076
0 0.6846354166666666 0.8356481481481481 0.05572916666666666 0.24351851851851852
0 0.45703125 0.5601851851851851 0.0234375 0.11296296296296296
0 0.4846354166666666 0.5444444444444445 0.03072916666666666 0.14444444444444443
0 0.44453125 0.5898148148148148 0.0296875 0.1388888888888889
0 0.5302083333333333 0.5736111111111111 0.03020833333333333 0.14351851851851852
0 0.5088541666666666 0.549074074074074 0.026041666666666664 0.13518518518518519
0 0.5341145833333333 0.548148148148148 0.028645833333333332 0.14074074074074075
0 0.5567708333333333 0.5685185185185185 0.03333333333333333 0.13148148148148148
0 0.6309895833333333 0.6990740740740741 0.049479166666666664 0.20370370370370366
5 0.6268229166666666 0.6004629629629629 0.0296875 0.14351851851851852
0 0.6552083333333333 0.6907407407407407 0.04375 0.1907407407407407
0 0.68046875 0.6856481481481481 0.04010416666666666 0.17314814814814813
0 0.57265625 0.662962962962963 0.03177083333333333 0.1759259259259259
0 0.7364583333333333 0.6412037037037037 0.03645833333333333 0.1638888888888889
0 0.7552083333333333 0.638888888888889 0.03020833333333333 0.15185185185185185
0 0.7619791666666667 0.7120370370370369 0.0625 0.18518518518518517
0 0.7783854166666666 0.7240740740740741 0.033854166666666664 0.14074074074074075
0 0.8700520833333332 0.7143518518518518 0.0609375 0.19907407407407407
0 0.6216145833333333 0.8388888888888888 0.0515625 0.2574074074074074
0 0.7875 0.6425925925925926 0.040625 0.17037037037037037
0 0.8536458333333332 0.6902777777777778 0.04583333333333333 0.1935185185185185
0 0.94375 0.724537037037037 0.057291666666666664 0.17685185185185184
0 0.0578125 0.8981481481481481 0.057291666666666664 0.20185185185185187
0 0.10546875 0.9143518518518517 0.0546875 0.17314814814814813
0 0.04895833333333333 0.9657407407407408 0.05416666666666666 0.0685185185185185
0 0.28098958333333335 0.8175925925925925 0.058854166666666666 0.20370370370370366
0 0.4421875 0.8282407407407406 0.06770833333333333 0.22314814814814815
0 0.7520833333333333 0.7625 0.05625 0.21018518518518517
0 0.9447916666666666 0.7560185185185185 0.05833333333333333 0.2009259259259259
0 0.8408854166666666 0.7518518518518518 0.0546875 0.2074074074074074
0 0.8390625 0.749074074074074 0.04375 0.19629629629629627
0 0.8755208333333334 0.7453703703703703 0.04479166666666666 0.1759259259259259
0 0.9700520833333334 0.7861111111111111 0.03697916666666666 0.14074074074074075
0 0.5083333333333333 0.5032407407407408 0.03125 0.10648148148148147
0 0.4807291666666666 0.4958333333333333 0.03229166666666666 0.12314814814814815
0 0.40885416666666663 0.4921296296296296 0.03125 0.125
0 0.8317708333333332 0.5592592592592591 0.03125 0.14074074074074075
0 0.4281249999999999 0.48703703703703694 0.026041666666666664 0.09074074074074073
0 0.4114583333333333 0.4768518518518518 0.025 0.10185185185185183
0 0.4145833333333333 0.4856481481481481 0.025 0.11203703703703702
5 0.6911458333333333 0.4856481481481481 0.02395833333333333 0.06574074074074074
0 0.7432291666666666 0.43888888888888883 0.01875 0.07407407407407407
0 0.7523437499999999 0.44074074074074077 0.027604166666666662 0.08703703703703704
5 0.7526041666666667 0.5162037037037037 0.03020833333333333 0.08796296296296295
5 0.5401041666666667 0.4624999999999999 0.02395833333333333 0.11018518518518519
