0 0.2716145833333333 0.7064814814814814 0.0546875 0.20740740740740737
0 0.3369791666666667 0.7143518518518518 0.05 0.2175925925925926
0 0.3955729166666667 0.6981481481481481 0.0390625 0.18703703703703703
0 0.25494791666666666 0.9143518518518517 0.07135416666666666 0.17129629629629628
0 0.3291666666666667 0.9199074074074074 0.05625 0.15833333333333333
0 0.5630208333333333 0.6402777777777777 0.041666666666666664 0.18796296296296294
0 0.5755208333333334 0.6402777777777777 0.03333333333333333 0.1861111111111111
0 0.6463541666666667 0.6314814814814814 0.028125 0.1685185185185185
0 0.7903645833333334 0.5263888888888888 0.025520833333333333 0.09351851851851851
0 0.7052083333333334 0.4800925925925926 0.026041666666666668 0.07685185185185185
0 0.62109375 0.6518518518518518 0.03802083333333334 0.18148148148148147
0 0.7361979166666667 0.8124999999999999 0.044270833333333336 0.23055555555555554
0 0.68671875 0.8166666666666667 0.051562500000000004 0.2351851851851852
0 0.9552083333333333 0.7101851851851851 0.06145833333333334 0.1925925925925926
0 0.4533854166666667 0.5564814814814815 0.0234375 0.11296296296296296
0 0.4786458333333333 0.537962962962963 0.03125 0.14259259259259258
0 0.43463541666666666 0.5814814814814814 0.029687500000000002 0.137037037037037
0 0.5166666666666666 0.5666666666666667 0.03333333333333333 0.13888888888888887
0 0.5041666666666667 0.5449074074074074 0.026041666666666668 0.13055555555555556
0 0.53125 0.5462962962962963 0.03125 0.14074074074074075
0 0.5416666666666666 0.562037037037037 0.030208333333333334 0.12962962962962962
0 0.5846354166666666 0.6907407407407408 0.049479166666666664 0.2037037037037037
0 0.6247395833333335 0.6032407407407407 0.029687500000000002 0.14351851851851852
0 0.6062500000000001 0.6828703703703703 0.043750000000000004 0.1898148148148148
0 0.6283854166666666 0.6787037037037037 0.035937500000000004 0.17407407407407408
0 0.5411458333333333 0.6564814814814814 0.036458333333333336 0.17407407407407408
0 0.70625 0.6305555555555554 0.036458333333333336 0.1574074074074074
0 0.7166666666666666 0.6324074074074074 0.030208333333333334 0.15185185185185185
0 0.7020833333333334 0.7092592592592593 0.043750000000000004 0.17777777777777776
0 0.7203125 0.7212962962962963 0.03333333333333333 0.13518518518518519
0 0.8151041666666666 0.7138888888888888 0.059375000000000004 0.19814814814814813
0 0.6341145833333334 0.8180555555555554 0.04739583333333334 0.2472222222222222
0 0.7630208333333334 0.6379629629629628 0.03958333333333334 0.17037037037037037
0 0.821875 0.6824074074074074 0.04479166666666667 0.18703703703703703
0 0.88046875 0.7217592592592593 0.05364583333333334 0.1787037037037037
0 0.03828125 0.9097222222222221 0.05677083333333334 0.18055555555555552
0 0.07890625000000001 0.923611111111111 0.0546875 0.15277777777777776
0 0.02578125 0.9814814814814814 0.0328125 0.03888888888888888
0 0.3369791666666667 0.8189814814814814 0.05 0.2046296296296296
0 0.50703125 0.8254629629629628 0.058854166666666666 0.22314814814814812
0 0.8075520833333334 0.774537037037037 0.049479166666666664 0.21018518518518517
0 0.8921875 0.7611111111111111 0.0625 0.21296296296296294
0 0.8908854166666667 0.7583333333333332 0.04739583333333334 0.19629629629629627
0 0.9244791666666669 0.7476851851851851 0.0375 0.18425925925925926
0 0.4940104166666667 0.5013888888888889 0.049479166666666664 0.10833333333333334
0 0.46875 0.48935185185185176 0.03229166666666667 0.12314814814814815
0 0.39765625000000004 0.4842592592592592 0.02760416666666667 0.12407407407407406
0 0.40703125 0.4833333333333333 0.025520833333333333 0.09074074074074073
0 0.3921875 0.4754629629629629 0.025 0.10277777777777777
0 0.3953125 0.47916666666666663 0.025 0.11203703703703702
0 0.6895833333333334 0.48749999999999993 0.02395833333333333 0.06574074074074074
0 0.73671875 0.4444444444444445 0.0203125 0.07592592592592592
0 0.7494791666666666 0.44861111111111107 0.028125 0.0898148148148148
0 0.7489583333333334 0.5199074074074074 0.030208333333333334 0.08796296296296297
0 0.5369791666666667 0.4662037037037037 0.02395833333333333 0.11018518518518518
