0 0.2489583333333333 0.7388888888888888 0.05625 0.2111111111111111
0 0.31614583333333335 0.7435185185185185 0.051041666666666666 0.22962962962962963
0 0.37031249999999993 0.7208333333333333 0.03958333333333333 0.1935185185185185
0 0.29635416666666664 0.8953703703703703 0.06354166666666666 0.20925925925925926
0 0.3578125 0.899537037037037 0.0625 0.19907407407407407
0 0.6002604166666666 0.6537037037037037 0.0421875 0.1925925925925926
0 0.6098958333333333 0.649537037037037 0.0375 0.17685185185185184
5 0.6473958333333333 0.6296296296296295 0.028125 0.1685185185185185
0 0.7908854166666667 0.5296296296296296 0.025520833333333333 0.09259259259259259
5 0.7083333333333333 0.4837962962962963 0.026041666666666664 0.07685185185185185
0 0.62578125 0.6532407407407408 0.03072916666666666 0.1824074074074074
0 0.9033854166666666 0.7148148148148147 0.05364583333333332 0.1907407407407407
0 0.7442708333333333 0.7782407407407407 0.041666666666666664 0.22314814814814815
0 0.7005208333333333 0.7837962962962962 0.04791666666666666 0.22129629629629627
0 0.8799479166666666 0.7004629629629628 0.0484375 0.1935185185185185
0 0.45078125 0.5412037037037036 0.0234375 0.11018518518518519
0 0.4736979166666666 0.5319444444444444 0.03072916666666666 0.13796296296296295
0 0.4294270833333333 0.5685185185185185 0.0296875 0.13333333333333333
0 0.5018229166666666 0.5583333333333333 0.0328125 0.13518518518518519
0 0.5015624999999999 0.5328703703703704 0.026041666666666664 0.12129629629629628
0 0.53671875 0.5342592592592592 0.03177083333333333 0.13148148148148148
0 0.5322916666666667 0.5555555555555556 0.03020833333333333 0.12962962962962962
0 0.5307291666666666 0.6671296296296296 0.05416666666666666 0.19537037037037036
5 0.6276041666666666 0.6050925925925925 0.029166666666666664 0.14351851851851852
0 0.5450520833333333 0.6666666666666666 0.0453125 0.18703703703703703
0 0.57109375 0.662037037037037 0.03697916666666666 0.17407407407407408
0 0.5434895833333333 0.6328703703703703 0.03177083333333333 0.16203703703703703
0 0.6552083333333333 0.6212962962962962 0.03645833333333333 0.15740740740740738
0 0.6518229166666667 0.6175925925925926 0.03177083333333333 0.15185185185185185
0 0.615625 0.6967592592592592 0.046875 0.17314814814814813
0 0.6466145833333333 0.7060185185185185 0.033854166666666664 0.13425925925925924
0 0.7380208333333333 0.7069444444444445 0.053125 0.2009259259259259
0 0.6494791666666666 0.7814814814814814 0.046875 0.22407407407407404
0 0.7278645833333333 0.611574074074074 0.0296875 0.14351851851851852
0 0.7796874999999999 0.6574074074074073 0.04479166666666666 0.17407407407407408
0 0.7856770833333333 0.7166666666666666 0.0546875 0.1759259259259259
0 0.025260416666666664 0.9259259259259259 0.049479166666666664 0.15
0 0.0546875 0.9449074074074074 0.05625 0.11203703703703702
0 0.4466145833333333 0.826851851851852 0.0546875 0.20370370370370366
0 0.6296875 0.8180555555555555 0.059375 0.21388888888888888
0 0.9156249999999998 0.7916666666666666 0.04895833333333333 0.20925925925925926
0 0.4731770833333333 0.4879629629629629 0.0296875 0.1037037037037037
0 0.4463541666666666 0.4810185185185185 0.03229166666666666 0.12314814814814815
0 0.3765625 0.4726851851851851 0.03229166666666666 0.12129629629629628
5 0.6921875 0.49120370370370364 0.02395833333333333 0.06574074074074074
0 0.7242187499999999 0.4504629629629629 0.024479166666666666 0.08611111111111111
0 0.7463541666666667 0.4439814814814815 0.03020833333333333 0.08981481481481482
5 0.7515625 0.5208333333333333 0.03020833333333333 0.08796296296296295
5 0.5390625 0.4662037037037036 0.02395833333333333 0.11018518518518519
