0 0.2755208333333333 0.6351851851851851 0.046875 0.1907407407407407
0 0.334375 0.6384259259259258 0.04375 0.18796296296296294
0 0.39557291666666666 0.6546296296296296 0.0296875 0.18148148148148147
0 0.5317708333333333 0.6208333333333333 0.035416666666666666 0.1824074074074074
0 0.5606770833333333 0.6148148148148148 0.03177083333333333 0.1759259259259259
5 0.646875 0.625 0.028125 0.1685185185185185
0 0.7651041666666667 0.5074074074074073 0.02395833333333333 0.09444444444444444
5 0.7182291666666666 0.4689814814814815 0.026041666666666664 0.07685185185185185
0 0.6067708333333333 0.6287037037037038 0.03854166666666666 0.17037037037037037
0 0.7174479166666667 0.9083333333333332 0.05989583333333333 0.18518518518518517
0 0.6541666666666667 0.9046296296296296 0.07395833333333332 0.1925925925925926
0 0.46640625 0.5824074074074074 0.0234375 0.11296296296296296
0 0.4919270833333333 0.5736111111111111 0.033854166666666664 0.15648148148148147
0 0.4723958333333333 0.6226851851851851 0.03020833333333333 0.15648148148148147
0 0.6236979166666666 0.6018518518518517 0.033854166666666664 0.14629629629629629
0 0.53203125 0.5722222222222222 0.025520833333333333 0.13518518518518519
0 0.5783854166666667 0.5800925925925926 0.034895833333333334 0.16203703703703703
0 0.6466145833333333 0.6004629629629629 0.03177083333333333 0.14907407407407408
0 0.8906249999999998 0.7194444444444444 0.06770833333333333 0.22037037037037038
5 0.63828125 0.5930555555555556 0.0296875 0.14351851851851852
0 0.8927083333333334 0.7106481481481481 0.04791666666666666 0.19722222222222222
0 0.9192708333333334 0.7143518518518518 0.05416666666666666 0.19537037037037036
0 0.7874999999999999 0.6990740740740741 0.04479166666666666 0.18888888888888888
0 0.81875 0.6944444444444444 0.05625 0.19629629629629627
0 0.8315104166666666 0.6828703703703703 0.033854166666666664 0.18796296296296294
0 0.5828125 0.898611111111111 0.06145833333333332 0.20277777777777778
0 0.8708333333333333 0.6833333333333333 0.041666666666666664 0.18148148148148147
0 0.1466145833333333 0.8481481481481481 0.056770833333333326 0.23888888888888887
0 0.20208333333333334 0.8643518518518517 0.05416666666666666 0.23796296296296293
0 0.14453125 0.9106481481481481 0.0546875 0.18055555555555552
0 0.11953125 0.8064814814814815 0.0453125 0.20370370370370366
0 0.15729166666666666 0.8245370370370371 0.06145833333333332 0.22129629629629627
0 0.58828125 0.7069444444444444 0.04114583333333333 0.18796296296296294
0 0.7565104166666666 0.7199074074074074 0.04635416666666666 0.20277777777777778
0 0.6567708333333333 0.7194444444444443 0.04583333333333333 0.20370370370370366
0 0.66484375 0.7189814814814814 0.03802083333333333 0.1787037037037037
0 0.696875 0.7125 0.040625 0.17129629629629628
0 0.7859375 0.7546296296296295 0.0375 0.12962962962962962
0 0.8317708333333333 0.7625 0.04479166666666666 0.17314814814814813
0 0.8390624999999998 0.736574074074074 0.04895833333333333 0.19907407407407407
0 0.5583333333333333 0.5208333333333333 0.028125 0.10648148148148147
0 0.5286458333333333 0.5143518518518518 0.03645833333333333 0.12685185185185183
0 0.4341145833333333 0.5157407407407406 0.0296875 0.13518518518518519
0 0.7166666666666666 0.5842592592592591 0.040625 0.1611111111111111
0 0.50390625 0.5009259259259259 0.0234375 0.09814814814814814
0 0.4765625 0.48703703703703705 0.03020833333333333 0.1074074074074074
0 0.4458333333333333 0.48379629629629617 0.029166666666666664 0.11574074074074074
0 0.4208333333333333 0.4819444444444444 0.03020833333333333 0.10462962962962963
0 0.40390625 0.4819444444444444 0.025520833333333333 0.11203703703703702
0 0.428125 0.46990740740740733 0.02395833333333333 0.11018518518518519
0 0.39583333333333337 0.46388888888888885 0.022916666666666665 0.11296296296296296
0 0.4875 0.48657407407407405 0.025 0.10462962962962963
5 0.7018229166666666 0.4810185185185184 0.0234375 0.06574074074074074
0 0.7494791666666666 0.43148148148148147 0.01875 0.07407407407407407
0 0.7520833333333333 0.4300925925925926 0.02708333333333333 0.0824074074074074
5 0.7651041666666667 0.5125 0.03020833333333333 0.08796296296296295
5 0.5609375 0.44907407407407407 0.028125 0.10925925925925925
