0 0.24921875 0.6194444444444444 0.04635416666666666 0.17962962962962964
0 0.30885416666666665 0.6199074074074074 0.03958333333333333 0.1787037037037037
0 0.33177083333333335 0.6439814814814814 0.04479166666666666 0.16759259259259257
0 0.5388020833333333 0.6259259259259259 0.034895833333333334 0.18703703703703703
0 0.5726562499999999 0.6291666666666667 0.033854166666666664 0.18055555555555552
5 0.6442708333333333 0.6314814814814814 0.029166666666666664 0.17222222222222222
0 0.7369791666666667 0.5185185185185185 0.02395833333333333 0.0962962962962963
5 0.72265625 0.475462962962963 0.025520833333333333 0.07685185185185185
0 0.6083333333333333 0.6365740740740741 0.034375 0.1787037037037037
0 0.6942708333333333 0.9388888888888888 0.06354166666666666 0.12407407407407407
0 0.6236979166666666 0.9388888888888888 0.0703125 0.1222222222222222
0 0.4609374999999999 0.612037037037037 0.026041666666666664 0.11851851851851851
0 0.49479166666666663 0.5939814814814814 0.034375 0.16018518518518518
0 0.490625 0.6458333333333333 0.03645833333333333 0.16203703703703703
0 0.6916666666666667 0.6185185185185185 0.034375 0.14629629629629629
0 0.5786458333333333 0.599537037037037 0.028125 0.13796296296296295
0 0.6276041666666667 0.6074074074074074 0.042708333333333334 0.16296296296296295
0 0.72109375 0.6171296296296296 0.03177083333333333 0.14907407407407408
5 0.6401041666666667 0.6023148148148147 0.03020833333333333 0.14351851851851852
0 0.86796875 0.7333333333333333 0.0453125 0.20370370370370366
0 0.890625 0.7236111111111111 0.05416666666666666 0.19537037037037036
0 0.8739583333333332 0.7134259259259259 0.034375 0.18796296296296294
0 0.54765625 0.9333333333333332 0.0609375 0.13518518518518519
0 0.9135416666666666 0.7175925925925926 0.042708333333333334 0.18703703703703703
0 0.18489583333333331 0.8208333333333334 0.05416666666666666 0.24166666666666664
0 0.23203124999999997 0.8314814814814813 0.05052083333333333 0.22407407407407404
0 0.18958333333333333 0.8921296296296296 0.0625 0.21759259259259256
0 0.10260416666666665 0.8078703703703705 0.0375 0.21018518518518517
0 0.10911458333333332 0.8319444444444443 0.0453125 0.23796296296296293
0 0.52109375 0.6837962962962962 0.0421875 0.18796296296296294
0 0.7494791666666666 0.6976851851851852 0.041666666666666664 0.18981481481481483
0 0.6106770833333333 0.7185185185185186 0.04010416666666666 0.20185185185185187
0 0.63203125 0.7222222222222221 0.0359375 0.17962962962962964
0 0.6088541666666667 0.6958333333333333 0.03645833333333333 0.16203703703703703
0 0.7786458333333333 0.7402777777777777 0.034375 0.1287037037037037
0 0.7367187499999999 0.7476851851851851 0.04010416666666666 0.16574074074074072
0 0.9625 0.7726851851851851 0.0625 0.21944444444444441
0 0.7630208333333333 0.7287037037037036 0.040625 0.19629629629629627
0 0.5734374999999999 0.5439814814814815 0.029166666666666664 0.11388888888888889
0 0.5453125 0.5374999999999999 0.0375 0.1287037037037037
0 0.4458333333333333 0.5379629629629629 0.03125 0.13518518518518519
0 0.6432291666666666 0.5935185185185186 0.040625 0.16296296296296295
0 0.52265625 0.5162037037037036 0.0203125 0.10277777777777777
0 0.4947916666666667 0.5064814814814815 0.03020833333333333 0.1074074074074074
0 0.4622395833333333 0.5013888888888889 0.0296875 0.12129629629629628
0 0.4270833333333333 0.4981481481481481 0.03020833333333333 0.11296296296296296
0 0.4067708333333333 0.49907407407407406 0.026041666666666664 0.11296296296296296
0 0.4723958333333333 0.4814814814814815 0.026041666666666664 0.10925925925925925
0 0.4450520833333333 0.4768518518518518 0.0234375 0.11296296296296296
0 0.4302083333333333 0.4736111111111111 0.021875 0.12314814814814815
0 0.41484375 0.48009259259259257 0.0234375 0.11388888888888889
0 0.503125 0.4981481481481481 0.025 0.10555555555555556
5 0.7044270833333333 0.4856481481481481 0.0234375 0.06574074074074074
0 0.7513020833333333 0.437037037037037 0.01927083333333333 0.07407407407407407
0 0.7567708333333333 0.43194444444444435 0.02708333333333333 0.0824074074074074
5 0.7697916666666667 0.5171296296296296 0.03020833333333333 0.08796296296296295
5 0.5640625 0.4611111111111111 0.025 0.10925925925925925
