0 0.56875 0.6685185185185184 0.03645833333333333 0.19814814814814813
0 0.5921875 0.6810185185185185 0.03958333333333333 0.19537037037037036
5 0.6591145833333333 0.6458333333333333 0.0328125 0.17685185185185184
0 0.74375 0.5148148148148148 0.02395833333333333 0.0962962962962963
5 0.7494791666666666 0.4791666666666667 0.025 0.07685185185185185
0 0.6005208333333333 0.6462962962962963 0.034375 0.17407407407407408
0 0.5125 0.6810185185185185 0.02708333333333333 0.1509259259259259
0 0.57109375 0.6583333333333333 0.0546875 0.17962962962962964
0 0.703125 0.7074074074074074 0.03958333333333333 0.1759259259259259
0 0.8606770833333333 0.686574074074074 0.03802083333333333 0.175
0 0.8531249999999998 0.6564814814814814 0.03020833333333333 0.15185185185185185
0 0.8505208333333334 0.6504629629629629 0.03854166666666666 0.16759259259259257
0 0.8932291666666666 0.6851851851851851 0.0375 0.18148148148148147
5 0.6677083333333333 0.6041666666666666 0.02708333333333333 0.14351851851851852
0 0.28125 0.7435185185185185 0.04479166666666666 0.20925925925925926
0 0.32057291666666665 0.7504629629629629 0.0421875 0.19722222222222222
0 0.31718749999999996 0.7898148148148147 0.05208333333333333 0.20370370370370366
0 0.20807291666666666 0.7666666666666666 0.04427083333333333 0.1925925925925926
0 0.1078125 0.9194444444444445 0.06770833333333333 0.1611111111111111
0 0.4471354166666666 0.6226851851851851 0.033854166666666664 0.16018518518518518
0 0.7611979166666666 0.648611111111111 0.033854166666666664 0.1824074074074074
0 0.6486979166666667 0.7254629629629629 0.043229166666666666 0.20462962962962963
0 0.6739583333333333 0.7398148148148148 0.04479166666666666 0.18703703703703703
0 0.41171875 0.6449074074074074 0.0421875 0.1472222222222222
0 0.79140625 0.686574074074074 0.0296875 0.11759259259259258
0 0.77890625 0.6759259259259259 0.0359375 0.14629629629629629
0 0.8309895833333334 0.7060185185185185 0.04635416666666666 0.2009259259259259
0 0.8388020833333332 0.7037037037037037 0.04114583333333333 0.20185185185185187
0 0.8416666666666666 0.7314814814814814 0.055208333333333325 0.20555555555555555
0 0.8088541666666667 0.6708333333333333 0.03645833333333333 0.1787037037037037
0 0.8869791666666667 0.7347222222222223 0.040625 0.18981481481481483
0 0.6455729166666667 0.5958333333333333 0.03177083333333333 0.1324074074074074
0 0.6252604166666667 0.5949074074074073 0.03802083333333333 0.16018518518518518
0 0.4721354166666667 0.6023148148148147 0.034895833333333334 0.16018518518518518
0 0.4536458333333333 0.575462962962963 0.04375 0.15648148148148147
0 0.58125 0.5592592592592591 0.028125 0.1037037037037037
0 0.5447916666666667 0.5541666666666667 0.03020833333333333 0.12685185185185183
0 0.5143229166666667 0.5328703703703703 0.03177083333333333 0.1287037037037037
0 0.4593749999999999 0.5393518518518519 0.03229166666666666 0.11944444444444444
0 0.4205729166666667 0.538425925925926 0.025520833333333333 0.12685185185185183
0 0.5557291666666666 0.5199074074074075 0.028125 0.11574074074074074
0 0.5309895833333333 0.5171296296296296 0.027604166666666662 0.12129629629629628
0 0.5093749999999999 0.5106481481481481 0.026041666666666664 0.13055555555555556
0 0.4908854166666667 0.5171296296296296 0.025520833333333333 0.12129629629629628
0 0.4270833333333333 0.5069444444444444 0.028125 0.11574074074074074
0 0.5299479166666666 0.4898148148148148 0.027604166666666662 0.1074074074074074
0 0.4588541666666667 0.4898148148148148 0.03020833333333333 0.12037037037037038
0 0.4403645833333333 0.47175925925925927 0.021354166666666667 0.09907407407407406
0 0.43203125 0.47592592592592586 0.0265625 0.1037037037037037
0 0.5416666666666666 0.537037037037037 0.021875 0.1074074074074074
5 0.7276041666666667 0.4884259259259259 0.02395833333333333 0.06574074074074074
0 0.5114583333333333 0.4925925925925926 0.026041666666666664 0.12407407407407407
0 0.7734374999999999 0.44259259259259254 0.019791666666666666 0.07407407407407407
0 0.7854166666666667 0.44027777777777777 0.02708333333333333 0.0824074074074074
5 0.7872395833333333 0.5180555555555555 0.0296875 0.08796296296296295
5 0.5833333333333333 0.4643518518518518 0.026041666666666664 0.11018518518518519
