0 0.5692708333333333 0.6476851851851851 0.034375 0.18796296296296294
0 0.603125 0.6527777777777778 0.034375 0.18148148148148147
5 0.6635416666666667 0.6481481481481481 0.03020833333333333 0.1759259259259259
0 0.73984375 0.5203703703703704 0.0234375 0.0962962962962963
5 0.7390625 0.4828703703703704 0.025 0.07685185185185185
0 0.6249999999999999 0.6458333333333333 0.03229166666666666 0.1787037037037037
0 0.49088541666666663 0.6555555555555556 0.027604166666666662 0.1388888888888889
0 0.5234375 0.6407407407407406 0.03645833333333333 0.17222222222222222
0 0.6187499999999999 0.686574074074074 0.041666666666666664 0.16574074074074072
0 0.8125 0.6648148148148147 0.035416666666666666 0.16296296296296295
0 0.7424479166666667 0.6402777777777777 0.0296875 0.1509259259259259
0 0.7726562499999999 0.6384259259259258 0.04010416666666666 0.16574074074074072
0 0.8458333333333332 0.6638888888888889 0.0375 0.1685185185185185
5 0.6591145833333333 0.6023148148148147 0.027604166666666662 0.14351851851851852
0 0.25390624999999994 0.774074074074074 0.04739583333333333 0.22222222222222224
0 0.2953125 0.7837962962962963 0.042708333333333334 0.20462962962962963
0 0.28151041666666665 0.8319444444444445 0.056770833333333326 0.22129629629629627
0 0.15989583333333332 0.8004629629629629 0.040625 0.21018518518518517
0 0.1434895833333333 0.8930555555555555 0.06302083333333333 0.21574074074074073
0 0.4544270833333333 0.6541666666666666 0.033854166666666664 0.16759259259259257
0 0.7744791666666666 0.6712962962962962 0.035416666666666666 0.18518518518518517
0 0.6182291666666667 0.724074074074074 0.03958333333333333 0.20370370370370366
0 0.6557291666666666 0.7379629629629629 0.0375 0.18518518518518517
0 0.48046875 0.6708333333333333 0.04114583333333333 0.15648148148148147
0 0.7924479166666666 0.7097222222222221 0.0296875 0.11759259259259258
0 0.77890625 0.699074074074074 0.0359375 0.1537037037037037
0 0.8265625 0.7351851851851852 0.046875 0.21296296296296294
0 0.8651041666666666 0.7351851851851852 0.041666666666666664 0.20185185185185187
0 0.9536458333333332 0.7703703703703704 0.06458333333333333 0.21296296296296294
0 0.8036458333333332 0.6930555555555554 0.0375 0.1787037037037037
0 0.9822916666666666 0.7717592592592591 0.03125 0.19722222222222222
0 0.6182291666666666 0.586111111111111 0.03229166666666666 0.13148148148148148
0 0.590625 0.5768518518518517 0.0375 0.14629629629629629
0 0.4598958333333333 0.5810185185185185 0.03333333333333333 0.14907407407407408
0 0.5218749999999999 0.5912037037037037 0.04479166666666666 0.15648148148148147
0 0.5580729166666666 0.5449074074074074 0.0234375 0.10462962962962963
0 0.5348958333333333 0.5449074074074074 0.03020833333333333 0.12685185185185183
0 0.5049479166666667 0.5268518518518518 0.03177083333333333 0.12037037037037038
0 0.45234375 0.5305555555555556 0.03177083333333333 0.11851851851851851
0 0.4145833333333333 0.5259259259259259 0.026041666666666664 0.12037037037037038
0 0.5361979166666666 0.5115740740740741 0.027604166666666662 0.11574074074074074
0 0.5109375 0.5027777777777778 0.02395833333333333 0.11296296296296296
0 0.4906249999999999 0.5027777777777778 0.026041666666666664 0.12962962962962962
0 0.4723958333333333 0.5069444444444444 0.026041666666666664 0.11944444444444444
0 0.4265625 0.49490740740740735 0.02708333333333333 0.11759259259259258
0 0.4877604166666667 0.4814814814814815 0.025520833333333333 0.1074074074074074
0 0.4213541666666667 0.46620370370370373 0.02395833333333333 0.09351851851851851
0 0.5333333333333333 0.5268518518518518 0.021875 0.1074074074074074
5 0.7223958333333333 0.49120370370370364 0.02395833333333333 0.06574074074074074
0 0.4669270833333333 0.4842592592592593 0.025520833333333333 0.12407407407407407
0 0.7661458333333333 0.44259259259259254 0.019791666666666666 0.07407407407407407
0 0.7744791666666667 0.4375 0.02708333333333333 0.0824074074074074
5 0.7864583333333333 0.524537037037037 0.03020833333333333 0.08796296296296295
5 0.5812499999999999 0.46712962962962956 0.026041666666666664 0.11018518518518519
