0 0.28151041666666665 0.7 0.0546875 0.2074074074074074
0 0.3416666666666667 0.6986111111111111 0.051041666666666666 0.21759259259259256
0 0.4059895833333333 0.6893518518518518 0.0359375 0.18981481481481483
0 0.23203125 0.9282407407407407 0.0734375 0.14537037037037037
0 0.3171875 0.9333333333333332 0.05416666666666666 0.13518518518518519
0 0.5458333333333333 0.6296296296296297 0.041666666666666664 0.18333333333333332
0 0.5658854166666666 0.6300925925925925 0.033854166666666664 0.18425925925925926
5 0.6479166666666666 0.6305555555555555 0.028125 0.1685185185185185
0 0.7916666666666666 0.523611111111111 0.026041666666666664 0.09351851851851851
5 0.7057291666666666 0.4773148148148148 0.026041666666666664 0.07685185185185185
0 0.62421875 0.6509259259259259 0.03802083333333333 0.18148148148148147
0 0.7354166666666667 0.836111111111111 0.04583333333333333 0.24074074074074076
0 0.6846354166666666 0.8337962962962961 0.05572916666666666 0.24166666666666664
0 0.4565104166666666 0.5592592592592592 0.0234375 0.11296296296296296
0 0.48359374999999993 0.5444444444444445 0.03072916666666666 0.14444444444444443
0 0.44401041666666663 0.5893518518518518 0.0296875 0.13796296296296295
0 0.5286458333333333 0.5736111111111111 0.03020833333333333 0.14351851851851852
0 0.5080729166666667 0.549074074074074 0.025520833333333333 0.13518518518518519
0 0.5338541666666666 0.548148148148148 0.029166666666666664 0.14074074074074075
0 0.5557291666666667 0.5685185185185184 0.03333333333333333 0.12962962962962962
0 0.625 0.6986111111111111 0.05208333333333333 0.20277777777777778
5 0.6268229166666666 0.6013888888888889 0.0296875 0.14351851851851852
0 0.6486979166666667 0.6907407407407407 0.04427083333333333 0.1907407407407407
0 0.6739583333333333 0.6847222222222221 0.03958333333333333 0.17314814814814813
0 0.5684895833333333 0.6638888888888889 0.0359375 0.1759259259259259
0 0.7328125 0.6393518518518518 0.03645833333333333 0.16203703703703703
0 0.7510416666666667 0.637962962962963 0.03020833333333333 0.15185185185185185
0 0.7546875 0.711574074074074 0.059375 0.18425925925925926
0 0.7716145833333333 0.7240740740740741 0.033854166666666664 0.14074074074074075
0 0.8638020833333332 0.7143518518518518 0.0609375 0.19907407407407407
0 0.6234374999999999 0.837037037037037 0.051041666666666666 0.25555555555555554
0 0.7838541666666666 0.6416666666666667 0.040625 0.17037037037037037
0 0.8494791666666666 0.6888888888888889 0.04583333333333333 0.1925925925925926
0 0.9364583333333332 0.7240740740740741 0.055208333333333325 0.17777777777777776
0 0.05572916666666666 0.899537037037037 0.057291666666666664 0.19907407407407407
0 0.10260416666666665 0.9152777777777776 0.055208333333333325 0.17129629629629628
0 0.04583333333333333 0.9680555555555556 0.05416666666666666 0.06388888888888888
0 0.28984375 0.8185185185185185 0.0546875 0.20370370370370366
0 0.4463541666666667 0.8273148148148148 0.06770833333333333 0.22314814814814815
0 0.75703125 0.7634259259259258 0.05989583333333333 0.21018518518518517
0 0.9505208333333333 0.7564814814814815 0.055208333333333325 0.20185185185185187
0 0.84765625 0.7527777777777778 0.058854166666666666 0.20555555555555555
0 0.8453125 0.749074074074074 0.04375 0.19629629629629627
0 0.8812499999999999 0.7458333333333333 0.042708333333333334 0.17685185185185184
0 0.9763020833333332 0.7879629629629629 0.034895833333333334 0.14259259259259258
0 0.5075520833333333 0.5032407407407408 0.03072916666666666 0.10648148148148147
0 0.47916666666666663 0.49490740740740735 0.03229166666666666 0.12314814814814815
0 0.4080729166666667 0.4912037037037037 0.03177083333333333 0.125
0 0.8328125 0.5592592592592591 0.03125 0.14074074074074075
0 0.4239583333333333 0.48611111111111105 0.026041666666666664 0.09074074074074073
0 0.40885416666666663 0.4768518518518518 0.025 0.10185185185185183
0 0.4125 0.4847222222222222 0.025 0.11203703703703702
5 0.690625 0.4856481481481481 0.02395833333333333 0.06574074074074074
0 0.7427083333333333 0.43981481481481477 0.01875 0.07407407407407407
0 0.7520833333333333 0.4421296296296296 0.028125 0.08796296296296295
5 0.7520833333333333 0.5171296296296296 0.03020833333333333 0.08796296296296295
5 0.5395833333333333 0.46342592592592585 0.02395833333333333 0.11018518518518519
