0 0.5627604166666667 0.6851851851851851 0.0390625 0.2
0 0.58984375 0.6972222222222222 0.0453125 0.2
0 0.6541666666666666 0.6439814814814814 0.035416666666666666 0.18055555555555552
0 0.7510416666666666 0.5180555555555555 0.026041666666666668 0.09722222222222222
0 0.7520833333333333 0.4763888888888888 0.025 0.07685185185185185
0 0.5901041666666667 0.6583333333333333 0.03854166666666667 0.17407407407407408
0 0.5411458333333333 0.6921296296296295 0.027083333333333334 0.1472222222222222
0 0.6138020833333334 0.673148148148148 0.04635416666666667 0.18518518518518517
0 0.7317708333333334 0.7143518518518518 0.034374999999999996 0.1824074074074074
0 0.8763020833333334 0.6925925925925925 0.03802083333333334 0.1722222222222222
0 0.8864583333333333 0.662037037037037 0.030208333333333334 0.15185185185185185
0 0.86640625 0.6569444444444444 0.0390625 0.1675925925925926
0 0.9096354166666666 0.6916666666666667 0.03802083333333334 0.18518518518518517
0 0.6703125000000001 0.6041666666666666 0.027083333333333334 0.14351851851851852
0 0.2955729166666667 0.7467592592592592 0.044270833333333336 0.21203703703703702
0 0.32682291666666674 0.7518518518518519 0.0421875 0.18703703703703703
0 0.3356770833333333 0.7912037037037037 0.051562500000000004 0.19907407407407407
0 0.21223958333333334 0.7699074074074074 0.044270833333333336 0.18055555555555552
0 0.08046875 0.9388888888888888 0.0609375 0.12222222222222222
0 0.45286458333333335 0.6226851851851851 0.033854166666666664 0.15648148148148147
0 0.7638020833333334 0.6435185185185185 0.033854166666666664 0.18148148148148147
0 0.6776041666666667 0.7240740740740741 0.043750000000000004 0.2037037037037037
0 0.703125 0.7425925925925926 0.036458333333333336 0.18703703703703703
0 0.4067708333333333 0.6518518518518518 0.042708333333333334 0.14814814814814817
0 0.7994791666666666 0.6796296296296297 0.030208333333333334 0.11851851851851851
0 0.7986979166666667 0.6689814814814814 0.033854166666666664 0.14351851851851852
0 0.8559895833333334 0.7018518518518518 0.04114583333333334 0.20185185185185184
0 0.8388020833333334 0.6981481481481481 0.04114583333333334 0.20185185185185184
0 0.8182291666666667 0.7189814814814814 0.057291666666666664 0.2046296296296296
0 0.8197916666666667 0.6629629629629629 0.036458333333333336 0.1796296296296296
0 0.8622395833333334 0.725462962962963 0.05260416666666667 0.18425925925925926
0 0.6703125000000001 0.6032407407407407 0.03229166666666667 0.13425925925925924
0 0.6494791666666666 0.600462962962963 0.03854166666666667 0.16018518518518518
0 0.48541666666666666 0.6208333333333333 0.0375 0.16574074074074074
0 0.42942708333333335 0.5847222222222221 0.043229166666666666 0.15648148148148147
0 0.5911458333333334 0.5703703703703703 0.025 0.10370370370370369
0 0.5552083333333334 0.5699074074074074 0.030208333333333334 0.12685185185185185
0 0.52109375 0.5439814814814814 0.03177083333333333 0.12870370370370368
0 0.4666666666666667 0.5527777777777777 0.03333333333333333 0.12037037037037036
0 0.42864583333333334 0.5541666666666667 0.025 0.12685185185185185
0 0.5713541666666666 0.5273148148148148 0.028125 0.11574074074074073
0 0.5447916666666667 0.5263888888888889 0.028125 0.12129629629629629
0 0.5236979166666667 0.5203703703703704 0.025520833333333333 0.12962962962962962
0 0.5002604166666667 0.5300925925925926 0.025520833333333333 0.12129629629629629
0 0.4333333333333333 0.5254629629629629 0.028125 0.11574074074074073
0 0.5494791666666666 0.5055555555555555 0.028125 0.1074074074074074
0 0.46406250000000004 0.5004629629629629 0.030208333333333334 0.12129629629629629
0 0.4671875 0.47916666666666663 0.02291666666666667 0.09907407407407406
0 0.45625 0.4884259259259259 0.02291666666666667 0.10462962962962963
0 0.4231770833333333 0.48564814814814816 0.0234375 0.1175925925925926
0 0.5481770833333334 0.55 0.021354166666666667 0.1074074074074074
0 0.7328125000000001 0.4884259259259259 0.02395833333333333 0.06574074074074074
0 0.5276041666666667 0.5009259259259259 0.026041666666666668 0.12407407407407406
0 0.7752604166666667 0.4416666666666666 0.019270833333333334 0.07407407407407408
0 0.7890625000000001 0.4412037037037037 0.027083333333333334 0.0824074074074074
0 0.79609375 0.5180555555555555 0.029687500000000002 0.08796296296296297
0 0.5903645833333333 0.4680555555555555 0.025520833333333333 0.11018518518518518
