0 0.2466145833333333 0.762962962962963 0.0609375 0.22037037037037038
0 0.3065104166666667 0.7666666666666666 0.05052083333333333 0.23148148148148148
0 0.36041666666666666 0.7430555555555556 0.041666666666666664 0.20462962962962963
0 0.31484375 0.8851851851851851 0.0609375 0.23148148148148148
0 0.37499999999999994 0.8898148148148147 0.06145833333333332 0.22037037037037038
0 0.6296875 0.6638888888888889 0.04479166666666666 0.19444444444444445
0 0.6403645833333333 0.6615740740740741 0.04114583333333333 0.18981481481481483
5 0.6541666666666666 0.6370370370370371 0.028125 0.1685185185185185
0 0.7958333333333333 0.5314814814814814 0.026041666666666664 0.09259259259259259
5 0.7104166666666666 0.48564814814814816 0.026041666666666664 0.07685185185185185
0 0.6375 0.6546296296296296 0.035416666666666666 0.18148148148148147
0 0.8661458333333332 0.711574074074074 0.05 0.1935185185185185
0 0.7541666666666667 0.7611111111111111 0.04583333333333333 0.21666666666666665
0 0.70390625 0.7643518518518518 0.0484375 0.21018518518518517
0 0.8466145833333332 0.6907407407407407 0.0421875 0.18518518518518517
0 0.4484375 0.5393518518518519 0.02395833333333333 0.11018518518518519
0 0.4747395833333333 0.5282407407407408 0.03177083333333333 0.1324074074074074
0 0.4302083333333333 0.5643518518518518 0.02708333333333333 0.13055555555555556
0 0.4963541666666666 0.5518518518518518 0.03125 0.12962962962962962
0 0.4989583333333333 0.5319444444444444 0.026041666666666664 0.12129629629629628
0 0.54453125 0.5305555555555556 0.03177083333333333 0.12962962962962962
0 0.5255208333333333 0.548148148148148 0.03020833333333333 0.12962962962962962
0 0.5114583333333333 0.6564814814814814 0.05 0.18518518518518517
5 0.6328124999999999 0.6087962962962963 0.029166666666666664 0.14351851851851852
0 0.5203125 0.6574074074074073 0.03645833333333333 0.1759259259259259
0 0.5565104166666667 0.65 0.034895833333333334 0.1685185185185185
0 0.559375 0.6217592592592592 0.03229166666666666 0.15833333333333333
0 0.6190104166666667 0.6212962962962962 0.034895833333333334 0.15740740740740738
0 0.6255208333333333 0.6166666666666667 0.03125 0.15185185185185185
0 0.5783854166666667 0.6902777777777777 0.04427083333333333 0.17314814814814813
0 0.6075520833333333 0.7037037037037037 0.034895833333333334 0.13333333333333333
0 0.6859375 0.7050925925925926 0.04375 0.1935185185185185
0 0.653125 0.7638888888888888 0.046875 0.22407407407407404
0 0.69765625 0.6078703703703703 0.0296875 0.14351851851851852
0 0.7609374999999999 0.649537037037037 0.03854166666666666 0.16759259259259257
0 0.7494791666666666 0.7106481481481481 0.04791666666666666 0.16759259259259257
0 0.020052083333333335 0.9416666666666668 0.0390625 0.11851851851851851
0 0.04791666666666666 0.9564814814814815 0.057291666666666664 0.08888888888888888
0 0.5307291666666667 0.826851851851852 0.055208333333333325 0.20370370370370366
0 0.7046875 0.8194444444444444 0.059375 0.21666666666666665
0 0.97734375 0.8041666666666666 0.0390625 0.21574074074074073
0 0.46354166666666663 0.4893518518518518 0.03229166666666666 0.10462962962962963
0 0.4309895833333333 0.4810185185185185 0.0328125 0.12314814814814815
5 0.6973958333333333 0.4939814814814814 0.02395833333333333 0.06574074074074074
0 0.7213541666666666 0.45277777777777767 0.026041666666666664 0.09074074074074073
0 0.740625 0.4532407407407407 0.03020833333333333 0.08981481481481482
5 0.7578125 0.525462962962963 0.03020833333333333 0.08796296296296295
5 0.5463541666666667 0.47175925925925916 0.02395833333333333 0.11018518518518519
