0 0.15468749999999998 0.8763888888888889 0.07291666666666666 0.24907407407407406
0 0.22578125 0.875 0.06302083333333333 0.2518518518518518
0 0.24739583333333331 0.8421296296296296 0.04895833333333333 0.2398148148148148
0 0.9041666666666666 0.8865740740740741 0.057291666666666664 0.2287037037037037
0 0.3723958333333333 0.7481481481481481 0.05 0.2074074074074074
0 0.4184895833333333 0.7518518518518518 0.049479166666666664 0.1925925925925926
0 0.8283854166666667 0.7342592592592593 0.05260416666666666 0.22037037037037038
0 0.8651041666666666 0.7226851851851851 0.03958333333333333 0.20462962962962963
5 0.6580729166666666 0.6398148148148148 0.0296875 0.1685185185185185
0 0.7994791666666667 0.5314814814814814 0.02708333333333333 0.09259259259259259
5 0.7145833333333333 0.4842592592592593 0.029166666666666664 0.07592592592592592
0 0.7661458333333333 0.687962962962963 0.041666666666666664 0.18888888888888888
0 0.7749999999999999 0.6444444444444445 0.041666666666666664 0.1648148148148148
0 0.6403645833333333 0.6675925925925925 0.03802083333333333 0.18518518518518517
0 0.5682291666666667 0.6712962962962963 0.04583333333333333 0.18148148148148147
0 0.7473958333333333 0.6254629629629629 0.0375 0.16574074074074072
0 0.4044270833333333 0.4935185185185185 0.0234375 0.09814814814814814
0 0.42447916666666663 0.47592592592592586 0.026041666666666664 0.11111111111111112
0 0.4239583333333333 0.5175925925925926 0.025 0.12407407407407407
0 0.4416666666666666 0.5078703703703703 0.028125 0.12314814814814815
0 0.45 0.4814814814814815 0.028125 0.11296296296296296
0 0.4859375 0.4814814814814814 0.028125 0.1222222222222222
0 0.4723958333333333 0.5004629629629629 0.03125 0.11759259259259258
0 0.4364583333333333 0.576851851851852 0.035416666666666666 0.15925925925925927
5 0.6333333333333333 0.6078703703703703 0.029166666666666664 0.1509259259259259
0 0.4723958333333333 0.5814814814814814 0.03333333333333333 0.1537037037037037
0 0.49479166666666663 0.5805555555555555 0.03229166666666666 0.14074074074074075
0 0.5145833333333333 0.5587962962962962 0.03229166666666666 0.13425925925925924
0 0.546875 0.5518518518518518 0.03125 0.12407407407407407
0 0.540625 0.5416666666666666 0.028125 0.11851851851851851
0 0.5072916666666666 0.6041666666666666 0.04375 0.1509259259259259
0 0.5317708333333333 0.6189814814814815 0.028125 0.11203703703703702
0 0.5427083333333333 0.624074074074074 0.03854166666666666 0.1759259259259259
0 0.5270833333333333 0.6662037037037036 0.03854166666666666 0.19166666666666665
0 0.5765624999999999 0.5532407407407407 0.029166666666666664 0.1398148148148148
0 0.5921874999999999 0.5944444444444444 0.035416666666666666 0.17037037037037037
0 0.5848958333333333 0.637962962962963 0.03854166666666666 0.15185185185185185
5 0.6986979166666666 0.49861111111111106 0.0234375 0.06574074074074074
0 0.65 0.4625 0.028125 0.08981481481481482
0 0.6682291666666667 0.4601851851851852 0.03333333333333333 0.0962962962962963
5 0.7635416666666666 0.524537037037037 0.03125 0.08796296296296295
5 0.559375 0.46805555555555556 0.02395833333333333 0.11018518518518519
