0 0.2169270833333333 0.8662037037037036 0.06614583333333332 0.25277777777777777
0 0.2734375 0.8699074074074072 0.059375 0.262037037037037
0 0.3 0.8305555555555555 0.051041666666666666 0.22037037037037038
0 0.36874999999999997 0.8416666666666666 0.055208333333333325 0.22962962962962963
0 0.4098958333333333 0.8472222222222221 0.05416666666666666 0.20925925925925926
0 0.7484375 0.7300925925925925 0.05 0.2009259259259259
0 0.7578125 0.7240740740740741 0.042708333333333334 0.19629629629629627
5 0.66328125 0.6787037037037036 0.0296875 0.1685185185185185
0 0.8065104166666666 0.5657407407407407 0.027604166666666662 0.09259259259259259
5 0.7223958333333333 0.5180555555555555 0.02708333333333333 0.07685185185185185
0 0.6927083333333333 0.7092592592592593 0.041666666666666664 0.18148148148148147
0 0.8289062499999998 0.7152777777777777 0.04114583333333333 0.1861111111111111
0 0.7200520833333333 0.7449074074074074 0.0484375 0.19537037037037036
0 0.64609375 0.7421296296296296 0.0421875 0.1935185185185185
0 0.8044270833333333 0.6907407407407407 0.04010416666666666 0.16666666666666666
0 0.4421875 0.5467592592592592 0.02395833333333333 0.10277777777777777
0 0.4692708333333333 0.5310185185185186 0.028125 0.11388888888888889
0 0.4317708333333333 0.5759259259259258 0.026041666666666664 0.12407407407407407
0 0.4692708333333333 0.5624999999999999 0.03229166666666666 0.12314814814814815
0 0.4888020833333333 0.537037037037037 0.025520833333333333 0.11296296296296296
0 0.5296874999999999 0.5430555555555555 0.029166666666666664 0.12314814814814815
0 0.49869791666666663 0.5592592592592591 0.0296875 0.12962962962962962
0 0.4648437499999999 0.6472222222222221 0.04635416666666666 0.17222222222222222
5 0.6471354166666666 0.6430555555555555 0.027604166666666662 0.14351851851851852
0 0.4872395833333333 0.6462962962962963 0.03177083333333333 0.1648148148148148
0 0.521875 0.6430555555555555 0.03333333333333333 0.14907407407407408
0 0.5473958333333333 0.6236111111111111 0.03125 0.1398148148148148
0 0.5809895833333333 0.6180555555555556 0.0359375 0.13425925925925924
0 0.5682291666666667 0.6078703703703703 0.02708333333333333 0.12685185185185183
0 0.5255208333333333 0.6759259259259258 0.041666666666666664 0.16296296296296295
0 0.5552083333333333 0.6907407407407407 0.02708333333333333 0.12962962962962962
0 0.5822916666666667 0.7013888888888888 0.0375 0.1935185185185185
0 0.6104166666666666 0.7439814814814814 0.040625 0.19907407407407407
0 0.5989583333333333 0.6166666666666666 0.03020833333333333 0.14074074074074075
0 0.6541666666666666 0.6583333333333333 0.034375 0.1685185185185185
0 0.6283854166666666 0.7125 0.03697916666666666 0.16203703703703703
0 0.803125 0.8657407407407407 0.042708333333333334 0.20370370370370366
0 0.9510416666666666 0.8416666666666666 0.06770833333333333 0.20555555555555555
0 0.39947916666666666 0.5087962962962963 0.025 0.10648148148148147
5 0.7088541666666667 0.5328703703703703 0.02395833333333333 0.06574074074074074
0 0.6859374999999999 0.49074074074074064 0.026041666666666664 0.09074074074074073
0 0.7143229166666666 0.4875 0.0296875 0.08981481481481482
5 0.7692708333333333 0.5606481481481481 0.03125 0.08796296296296295
5 0.56328125 0.5069444444444444 0.0234375 0.11018518518518519
