0 0.271875 0.7064814814814815 0.05416666666666666 0.2074074074074074
0 0.33697916666666666 0.7124999999999999 0.05 0.21759259259259256
0 0.3966145833333333 0.6976851851851851 0.0390625 0.18796296296296294
0 0.25338541666666664 0.9148148148148147 0.07135416666666666 0.17037037037037037
0 0.3286458333333333 0.9208333333333332 0.055208333333333325 0.15648148148148147
0 0.5619791666666666 0.6398148148148148 0.041666666666666664 0.18888888888888888
0 0.5744791666666667 0.6398148148148148 0.03333333333333333 0.18703703703703703
5 0.6463541666666666 0.6314814814814815 0.028125 0.1685185185185185
0 0.7906249999999999 0.5259259259259259 0.026041666666666664 0.09259259259259259
5 0.7052083333333333 0.48009259259259257 0.026041666666666664 0.07685185185185185
0 0.6216145833333333 0.6518518518518518 0.03802083333333333 0.18148148148148147
0 0.7364583333333333 0.8152777777777777 0.04479166666666666 0.2324074074074074
0 0.6861979166666666 0.8175925925925925 0.05260416666666666 0.23518518518518516
0 0.9580729166666666 0.7101851851851851 0.0609375 0.1925925925925926
0 0.45390625 0.5574074074074074 0.0234375 0.11296296296296296
0 0.4789062499999999 0.5388888888888889 0.03072916666666666 0.14259259259259258
0 0.4346354166666666 0.5819444444444445 0.0296875 0.13796296296296295
0 0.5174479166666666 0.5675925925925925 0.0328125 0.1388888888888889
0 0.5041666666666667 0.5453703703703703 0.026041666666666664 0.13148148148148148
0 0.53125 0.5462962962962962 0.03125 0.14074074074074075
0 0.5421875 0.5629629629629629 0.03020833333333333 0.12962962962962962
0 0.5869791666666666 0.6907407407407407 0.04791666666666666 0.20370370370370366
5 0.6247395833333333 0.6032407407407407 0.0296875 0.14351851851851852
0 0.6088541666666666 0.6833333333333332 0.04375 0.1907407407407407
0 0.6309895833333333 0.6787037037037036 0.0359375 0.17407407407407408
0 0.5424479166666666 0.6564814814814814 0.03697916666666666 0.17407407407407408
0 0.7078125 0.6305555555555555 0.03645833333333333 0.15740740740740738
0 0.71875 0.6324074074074074 0.03020833333333333 0.15185185185185185
0 0.7052083333333333 0.7097222222222221 0.04375 0.1787037037037037
0 0.7234375 0.7212962962962962 0.03333333333333333 0.13518518518518519
0 0.81796875 0.7143518518518518 0.058854166666666666 0.19907407407407407
0 0.63359375 0.8194444444444444 0.04739583333333333 0.24814814814814815
0 0.7640625 0.637962962962963 0.03958333333333333 0.17037037037037037
0 0.8236979166666666 0.6824074074074074 0.0453125 0.18703703703703703
0 0.8838541666666666 0.7226851851851851 0.055208333333333325 0.1787037037037037
0 0.03958333333333333 0.9087962962962962 0.057291666666666664 0.1824074074074074
0 0.07994791666666666 0.923148148148148 0.0546875 0.1537037037037037
0 0.02682291666666666 0.9805555555555555 0.034895833333333334 0.04074074074074074
0 0.3333333333333333 0.8189814814814815 0.04895833333333333 0.20462962962962963
0 0.5026041666666666 0.8273148148148148 0.06041666666666666 0.22314814814814815
0 0.8049479166666667 0.7745370370370369 0.05260416666666666 0.21018518518518517
0 0.8901041666666666 0.7611111111111111 0.06041666666666666 0.21296296296296294
0 0.8880208333333334 0.7587962962962963 0.04791666666666666 0.19537037037037036
0 0.9205729166666666 0.7472222222222222 0.03697916666666666 0.18333333333333332
0 0.4950520833333333 0.5027777777777778 0.04739583333333333 0.1074074074074074
0 0.4692708333333333 0.4893518518518518 0.03229166666666666 0.12314814814814815
0 0.39869791666666665 0.4851851851851851 0.027604166666666662 0.12407407407407407
0 0.4080729166666667 0.4833333333333333 0.025520833333333333 0.09074074074074073
0 0.39296875 0.475462962962963 0.025520833333333333 0.10277777777777777
0 0.3963541666666667 0.48009259259259257 0.025 0.11203703703703702
5 0.6895833333333333 0.48749999999999993 0.02395833333333333 0.06574074074074074
0 0.7374999999999999 0.4444444444444445 0.019791666666666666 0.07592592592592592
0 0.7494791666666666 0.4486111111111112 0.028125 0.08981481481481482
5 0.7489583333333333 0.5199074074074074 0.03020833333333333 0.08796296296296295
5 0.5369791666666667 0.4662037037037036 0.02395833333333333 0.11018518518518519
