0 0.26796875 0.6300925925925925 0.04635416666666666 0.18055555555555552
0 0.3286458333333333 0.6328703703703704 0.042708333333333334 0.18981481481481483
0 0.37838541666666664 0.6472222222222223 0.04114583333333333 0.1685185185185185
0 0.5333333333333333 0.6226851851851851 0.035416666666666666 0.18425925925925926
0 0.559375 0.6189814814814815 0.03125 0.17685185185185184
5 0.64375 0.6259259259259259 0.028125 0.1685185185185185
0 0.7546875 0.5120370370370371 0.02395833333333333 0.0962962962962963
5 0.7192708333333333 0.4708333333333333 0.026041666666666664 0.07685185185185185
0 0.6033854166666666 0.6328703703703703 0.03697916666666666 0.175
0 0.7106770833333333 0.9157407407407406 0.0578125 0.17037037037037037
0 0.6432291666666667 0.9097222222222221 0.07083333333333333 0.1787037037037037
0 0.4658854166666666 0.587037037037037 0.0234375 0.11296296296296296
0 0.4901041666666666 0.5796296296296296 0.034375 0.15925925925925927
0 0.47578124999999993 0.6296296296296295 0.03072916666666666 0.15925925925925927
0 0.6401041666666666 0.6074074074074074 0.034375 0.14629629629629629
0 0.5377604166666667 0.5814814814814814 0.025520833333333333 0.13518518518518519
0 0.5872395833333333 0.5875 0.034895833333333334 0.16203703703703703
0 0.6643229166666667 0.6032407407407406 0.03177083333333333 0.14907407407407408
0 0.9278645833333334 0.7282407407407406 0.06510416666666666 0.22129629629629627
5 0.63828125 0.5939814814814814 0.0296875 0.14351851851851852
0 0.9223958333333332 0.7226851851851851 0.053125 0.19722222222222222
0 0.946875 0.7212962962962962 0.0625 0.1907407407407407
0 0.8111979166666666 0.7092592592592591 0.049479166666666664 0.1907407407407407
0 0.8315104166666666 0.7004629629629628 0.0515625 0.1861111111111111
0 0.840625 0.6921296296296295 0.034375 0.18796296296296294
0 0.5721354166666666 0.9078703703703702 0.0609375 0.1861111111111111
0 0.8752604166666667 0.6925925925925925 0.0421875 0.18148148148148147
0 0.15729166666666666 0.8388888888888889 0.05625 0.23148148148148148
0 0.21223958333333331 0.8550925925925925 0.0546875 0.23796296296296293
0 0.1546875 0.9060185185185186 0.05625 0.18981481481481483
0 0.10859375 0.8055555555555556 0.0390625 0.20370370370370366
0 0.128125 0.8268518518518517 0.06354166666666666 0.22592592592592592
0 0.5684895833333333 0.6986111111111111 0.04427083333333333 0.18796296296296294
0 0.7453125 0.7134259259259259 0.04583333333333333 0.19907407407407407
0 0.6364583333333333 0.7194444444444443 0.05208333333333333 0.19814814814814813
0 0.6510416666666666 0.7171296296296296 0.0375 0.1787037037037037
0 0.6723958333333333 0.7092592592592593 0.04479166666666666 0.1648148148148148
0 0.77421875 0.7504629629629629 0.033854166666666664 0.1287037037037037
0 0.7984375 0.7638888888888888 0.04583333333333333 0.1759259259259259
0 0.8130208333333332 0.735648148148148 0.046875 0.19722222222222222
0 0.5617187499999999 0.525462962962963 0.027604166666666662 0.10648148148148147
0 0.53046875 0.5189814814814815 0.034895833333333334 0.12685185185185183
0 0.4359375 0.5231481481481481 0.03020833333333333 0.13518518518518519
0 0.696875 0.587037037037037 0.040625 0.1611111111111111
0 0.50859375 0.5046296296296295 0.0234375 0.09814814814814814
0 0.4807291666666667 0.49444444444444446 0.03020833333333333 0.1074074074074074
0 0.4468749999999999 0.48842592592592593 0.029166666666666664 0.12129629629629628
0 0.4229166666666667 0.4851851851851851 0.03020833333333333 0.10555555555555556
0 0.40390625 0.4837962962962963 0.025520833333333333 0.11203703703703702
0 0.4395833333333333 0.47175925925925916 0.02395833333333333 0.11018518518518519
0 0.4072916666666666 0.4666666666666666 0.022916666666666665 0.11296296296296296
0 0.39739583333333334 0.46388888888888885 0.022916666666666665 0.12407407407407407
0 0.4895833333333333 0.4884259259259259 0.025 0.10462962962962963
5 0.7020833333333333 0.4810185185185184 0.02395833333333333 0.06574074074074074
0 0.7497395833333333 0.43240740740740735 0.01927083333333333 0.07407407407407407
0 0.7510416666666667 0.4300925925925926 0.02708333333333333 0.0824074074074074
5 0.7651041666666667 0.5143518518518518 0.03020833333333333 0.08796296296296295
5 0.5614583333333333 0.45092592592592595 0.028125 0.10925925925925925
