0 0.20833333333333331 0.875 0.06770833333333333 0.2518518518518518
0 0.2635416666666667 0.874074074074074 0.059375 0.25
0 0.290625 0.8435185185185183 0.051041666666666666 0.22407407407407404
0 0.37213541666666666 0.8273148148148148 0.058854166666666666 0.225
0 0.41328125 0.8291666666666666 0.0515625 0.20277777777777778
0 0.7697916666666667 0.737037037037037 0.04895833333333333 0.2074074074074074
0 0.7822916666666667 0.7296296296296296 0.042708333333333334 0.20185185185185187
5 0.6635416666666667 0.6759259259259258 0.03020833333333333 0.1685185185185185
0 0.8059895833333334 0.5703703703703703 0.027604166666666662 0.09259259259259259
5 0.7210937499999999 0.5143518518518518 0.027604166666666662 0.07685185185185185
0 0.7098958333333333 0.712037037037037 0.041666666666666664 0.18148148148148147
0 0.8236979166666666 0.7101851851851851 0.0421875 0.17962962962962964
0 0.6994791666666667 0.7393518518518518 0.041666666666666664 0.1935185185185185
0 0.6247395833333333 0.7314814814814814 0.0390625 0.1907407407407407
0 0.7955729166666666 0.6828703703703703 0.04010416666666666 0.16574074074074072
0 0.4390625 0.5439814814814814 0.02395833333333333 0.09907407407407406
0 0.4643229166666667 0.5254629629629629 0.025520833333333333 0.11203703703703702
0 0.4317708333333333 0.5675925925925925 0.026041666666666664 0.12407407407407407
0 0.4614583333333333 0.5550925925925926 0.03125 0.12314814814814815
0 0.4838541666666666 0.5305555555555556 0.026041666666666664 0.11296296296296296
0 0.5218749999999999 0.537037037037037 0.029166666666666664 0.1222222222222222
0 0.48984375 0.5560185185185185 0.0296875 0.1287037037037037
0 0.4567708333333333 0.637962962962963 0.035416666666666666 0.1759259259259259
5 0.6463541666666666 0.6412037037037036 0.029166666666666664 0.14351851851851852
0 0.4830729166666667 0.6370370370370371 0.03177083333333333 0.16296296296296295
0 0.5158854166666667 0.638888888888889 0.03177083333333333 0.14629629629629629
0 0.540625 0.6152777777777778 0.03125 0.1361111111111111
0 0.5713541666666666 0.611111111111111 0.03229166666666666 0.13518518518518519
0 0.5625 0.6032407407407407 0.02708333333333333 0.12685185185185183
0 0.5218749999999999 0.6643518518518519 0.041666666666666664 0.15833333333333333
0 0.5489583333333333 0.6814814814814814 0.02708333333333333 0.12962962962962962
0 0.57265625 0.6902777777777778 0.03802083333333333 0.1824074074074074
0 0.5903645833333333 0.7370370370370369 0.04010416666666666 0.19814814814814813
0 0.596875 0.6074074074074074 0.03020833333333333 0.14074074074074075
0 0.6377604166666666 0.65 0.0328125 0.1685185185185185
0 0.6153645833333333 0.7018518518518517 0.03802083333333333 0.15925925925925927
0 0.8468749999999998 0.8685185185185185 0.06145833333333332 0.20370370370370366
0 0.9799479166666666 0.8384259259259259 0.03802083333333333 0.20833333333333331
5 0.70703125 0.5337962962962962 0.0234375 0.06574074074074074
0 0.67734375 0.4916666666666666 0.0265625 0.09074074074074073
0 0.7067708333333333 0.4898148148148148 0.03020833333333333 0.09074074074074073
5 0.7700520833333333 0.5625 0.03177083333333333 0.08796296296296295
5 0.5640625 0.5050925925925925 0.02395833333333333 0.11018518518518519
