0 0.2591145833333333 0.6356481481481481 0.05052083333333333 0.17129629629629628
0 0.5635416666666666 0.6421296296296296 0.034375 0.18796296296296294
0 0.5927083333333333 0.6453703703703704 0.034375 0.17962962962962964
5 0.6583333333333333 0.6481481481481481 0.03020833333333333 0.1759259259259259
0 0.7361979166666666 0.5203703703703704 0.0234375 0.0962962962962963
5 0.7341145833333333 0.4837962962962963 0.025520833333333333 0.07685185185185185
0 0.62109375 0.6439814814814814 0.03177083333333333 0.1787037037037037
0 0.4700520833333333 0.6458333333333333 0.027604166666666662 0.13796296296296295
0 0.5065104166666666 0.6319444444444444 0.03697916666666666 0.16759259259259257
0 0.5901041666666667 0.6773148148148147 0.03958333333333333 0.16574074074074072
0 0.78203125 0.6509259259259259 0.033854166666666664 0.15185185185185185
0 0.6958333333333333 0.6319444444444444 0.029166666666666664 0.1509259259259259
0 0.7341145833333333 0.6277777777777778 0.04114583333333333 0.1648148148148148
0 0.8203125 0.6532407407407407 0.0375 0.16759259259259257
5 0.6557291666666667 0.6018518518518519 0.02708333333333333 0.14259259259259258
0 0.23828125 0.787037037037037 0.0484375 0.22962962962962963
0 0.2778645833333333 0.7912037037037036 0.04739583333333333 0.20462962962962963
0 0.2630208333333333 0.849537037037037 0.05625 0.225
0 0.12864583333333332 0.8064814814814815 0.03958333333333333 0.20925925925925926
0 0.14062499999999997 0.8805555555555555 0.057291666666666664 0.23888888888888887
0 0.465625 0.6606481481481481 0.03125 0.17129629629629628
0 0.7736979166666667 0.6768518518518518 0.0390625 0.18518518518518517
0 0.6145833333333333 0.7231481481481481 0.03958333333333333 0.20370370370370366
0 0.6544270833333333 0.7324074074074074 0.03802083333333333 0.18333333333333332
0 0.5088541666666667 0.6796296296296296 0.042708333333333334 0.1537037037037037
0 0.7953125 0.7171296296296296 0.03125 0.11759259259259258
0 0.7658854166666667 0.711574074074074 0.04010416666666666 0.15462962962962962
0 0.8437499999999998 0.7439814814814815 0.04895833333333333 0.21574074074074073
0 0.8799479166666666 0.7462962962962962 0.0421875 0.2074074074074074
0 0.98828125 0.7847222222222222 0.0234375 0.19537037037037036
0 0.79375 0.699537037037037 0.03958333333333333 0.1787037037037037
0 0.6075520833333333 0.5777777777777777 0.03072916666666666 0.13148148148148148
0 0.578125 0.5657407407407407 0.0375 0.14074074074074075
0 0.4588541666666667 0.5726851851851851 0.03333333333333333 0.14907407407407408
0 0.5442708333333333 0.5935185185185186 0.04479166666666666 0.15740740740740738
0 0.54609375 0.5347222222222221 0.0234375 0.10462962962962963
0 0.52421875 0.5337962962962963 0.0296875 0.12685185185185183
0 0.4984375 0.5212962962962963 0.03125 0.12037037037037038
0 0.44609375 0.5222222222222221 0.03177083333333333 0.11666666666666665
0 0.4140625 0.5208333333333334 0.025 0.11574074074074074
0 0.5226562499999999 0.5046296296296297 0.027604166666666662 0.11481481481481481
0 0.4973958333333333 0.49444444444444446 0.02395833333333333 0.11296296296296296
0 0.4776041666666666 0.4962962962962962 0.025 0.12777777777777777
0 0.4575520833333333 0.499537037037037 0.025520833333333333 0.11574074074074074
0 0.4197916666666667 0.4875 0.02708333333333333 0.11759259259259258
0 0.4645833333333333 0.4768518518518518 0.026041666666666664 0.1074074074074074
0 0.5283854166666666 0.5222222222222223 0.021354166666666667 0.1074074074074074
5 0.7182291666666667 0.49305555555555547 0.02395833333333333 0.06574074074074074
0 0.44609375 0.4773148148148148 0.025520833333333333 0.12314814814814815
0 0.76171875 0.44074074074074077 0.01927083333333333 0.07407407407407407
0 0.7697916666666667 0.4356481481481481 0.02708333333333333 0.0824074074074074
5 0.7817708333333333 0.523611111111111 0.03020833333333333 0.08796296296296295
5 0.575 0.4662037037037036 0.026041666666666664 0.11018518518518519
