0 0.2841145833333333 0.6819444444444444 0.0546875 0.19907407407407407
0 0.34322916666666664 0.686574074074074 0.04583333333333333 0.20833333333333331
0 0.4190104166666666 0.6787037037037037 0.0359375 0.18333333333333332
0 0.21692708333333335 0.936574074074074 0.07760416666666667 0.1287037037037037
0 0.3075520833333333 0.9421296296296295 0.05989583333333333 0.11759259259259258
0 0.5328124999999999 0.6212962962962962 0.041666666666666664 0.17962962962962964
0 0.5601562499999999 0.6208333333333333 0.033854166666666664 0.17685185185185184
5 0.6494791666666666 0.6296296296296295 0.028125 0.1685185185185185
0 0.7927083333333333 0.5208333333333333 0.026041666666666664 0.09351851851851851
5 0.7072916666666667 0.47453703703703703 0.026041666666666664 0.07685185185185185
0 0.6234375 0.6453703703703704 0.0375 0.17962962962962964
0 0.7338541666666666 0.8523148148148149 0.05 0.24907407407407406
0 0.6817708333333333 0.8462962962962962 0.057291666666666664 0.24814814814814815
0 0.45859375 0.5611111111111111 0.0234375 0.11296296296296296
0 0.4885416666666666 0.5444444444444445 0.03125 0.14629629629629629
0 0.44765625 0.5921296296296296 0.0296875 0.14351851851851852
0 0.53515625 0.575462962962963 0.0328125 0.14537037037037037
0 0.5122395833333333 0.549074074074074 0.025520833333333333 0.13518518518518519
0 0.5346354166666667 0.548611111111111 0.028645833333333332 0.14166666666666666
0 0.5640625 0.5726851851851852 0.034375 0.1398148148148148
0 0.6690104166666667 0.6981481481481481 0.04739583333333333 0.2
5 0.62890625 0.5986111111111111 0.0296875 0.14351851851851852
0 0.6895833333333333 0.6907407407407407 0.041666666666666664 0.1907407407407407
0 0.7111979166666667 0.6888888888888889 0.0421875 0.17407407407407408
0 0.60390625 0.6666666666666666 0.04739583333333333 0.1759259259259259
0 0.7541666666666667 0.6513888888888888 0.03645833333333333 0.17314814814814813
0 0.7700520833333333 0.6449074074074075 0.03072916666666666 0.15833333333333333
0 0.7835937499999999 0.7138888888888888 0.05572916666666666 0.18518518518518517
0 0.809375 0.725 0.03333333333333333 0.14074074074074075
0 0.9057291666666666 0.7152777777777778 0.06145833333333332 0.19907407407407407
0 0.6125 0.8481481481481481 0.055208333333333325 0.2611111111111111
0 0.8026041666666666 0.6449074074074075 0.040625 0.17129629629629628
0 0.8791666666666667 0.6967592592592593 0.046875 0.19907407407407407
0 0.9744791666666666 0.7259259259259259 0.04375 0.17407407407407408
0 0.06875 0.8921296296296296 0.05833333333333333 0.21388888888888888
0 0.1203125 0.9069444444444444 0.055208333333333325 0.18796296296296294
0 0.06510416666666666 0.9550925925925926 0.05416666666666666 0.08981481481481482
0 0.26015625 0.812962962962963 0.0484375 0.20370370370370366
0 0.40078125 0.826851851851852 0.0609375 0.22962962962962963
0 0.7260416666666666 0.7578703703703702 0.040625 0.20833333333333331
0 0.91171875 0.7550925925925925 0.04635416666666666 0.20833333333333331
0 0.8111979166666666 0.7518518518518518 0.058854166666666666 0.21296296296296294
0 0.8104166666666666 0.7444444444444445 0.04375 0.19629629629629627
0 0.8479166666666667 0.7412037037037036 0.04791666666666666 0.17314814814814813
0 0.9401041666666666 0.7800925925925926 0.042708333333333334 0.1324074074074074
0 0.5130208333333333 0.5032407407407408 0.034375 0.10648148148148147
0 0.4880208333333333 0.4958333333333333 0.03229166666666666 0.12314814814814815
0 0.4135416666666667 0.49444444444444446 0.03020833333333333 0.1259259259259259
0 0.8265625 0.5611111111111111 0.03125 0.14074074074074075
0 0.4382812499999999 0.4879629629629629 0.024479166666666666 0.09074074074074073
0 0.4236979166666667 0.4768518518518518 0.025520833333333333 0.10185185185185183
0 0.3796875 0.4666666666666667 0.029166666666666664 0.10185185185185183
0 0.4260416666666666 0.48287037037037034 0.025 0.11203703703703702
5 0.6916666666666667 0.48379629629629617 0.02395833333333333 0.06574074074074074
0 0.7453125 0.43611111111111106 0.01875 0.07407407407407407
0 0.7544270833333333 0.4351851851851851 0.027604166666666662 0.08518518518518518
5 0.7541666666666667 0.5143518518518518 0.03020833333333333 0.08796296296296295
5 0.54296875 0.45972222222222214 0.0234375 0.11018518518518519
