0 0.17916666666666664 0.874537037037037 0.06770833333333333 0.2509259259259259
0 0.24609375 0.874074074074074 0.06197916666666666 0.25370370370370365
0 0.2630208333333333 0.8421296296296296 0.05 0.2324074074074074
0 0.9559895833333334 0.8925925925925926 0.05260416666666666 0.2148148148148148
0 0.37057291666666664 0.7898148148148147 0.05260416666666666 0.2148148148148148
0 0.415625 0.7912037037037037 0.051041666666666666 0.2009259259259259
0 0.7989583333333333 0.7347222222222222 0.05 0.21574074074074073
0 0.81484375 0.7277777777777776 0.04739583333333333 0.20370370370370366
5 0.6609375 0.6601851851851851 0.03020833333333333 0.1685185185185185
0 0.8018229166666666 0.5574074074074074 0.027604166666666662 0.09259259259259259
5 0.7179687499999999 0.5027777777777778 0.027604166666666662 0.07592592592592592
0 0.7380208333333333 0.7032407407407406 0.041666666666666664 0.1861111111111111
0 0.79921875 0.6773148148148147 0.0421875 0.16574074074074072
0 0.6661458333333333 0.7037037037037036 0.041666666666666664 0.1907407407407407
0 0.5966145833333333 0.7018518518518518 0.0390625 0.18703703703703703
0 0.7734375 0.6532407407407408 0.03958333333333333 0.16944444444444445
0 0.4213541666666667 0.5203703703703704 0.02395833333333333 0.09814814814814814
0 0.44791666666666663 0.49861111111111106 0.026041666666666664 0.11203703703703702
0 0.425 0.5435185185185185 0.025 0.12407407407407407
0 0.4515625 0.5324074074074073 0.03125 0.12407407407407407
0 0.4721354166666667 0.5083333333333333 0.025520833333333333 0.11296296296296296
0 0.50625 0.5097222222222222 0.025 0.12129629629629628
0 0.4794270833333333 0.5296296296296296 0.03177083333333333 0.1259259259259259
0 0.44140625 0.6078703703703703 0.0421875 0.16574074074074072
5 0.6395833333333333 0.624537037037037 0.029166666666666664 0.14351851851851852
0 0.47890625 0.6092592592592592 0.03177083333333333 0.15925925925925927
0 0.5041666666666667 0.612037037037037 0.03125 0.14629629629629629
0 0.5265625 0.5847222222222221 0.03333333333333333 0.13425925925925924
0 0.559375 0.5856481481481481 0.03229166666666666 0.13055555555555556
0 0.5536458333333333 0.5740740740740741 0.028125 0.11851851851851851
0 0.5101562499999999 0.6351851851851851 0.03697916666666666 0.15555555555555553
0 0.5385416666666667 0.6513888888888889 0.02708333333333333 0.12129629629629628
0 0.5546875 0.6597222222222221 0.0375 0.1787037037037037
0 0.5536458333333333 0.7032407407407407 0.041666666666666664 0.1935185185185185
0 0.5875 0.5814814814814815 0.03020833333333333 0.14074074074074075
0 0.6070312499999999 0.6180555555555556 0.033854166666666664 0.15462962962962962
0 0.6010416666666666 0.6694444444444444 0.041666666666666664 0.1537037037037037
0 0.9265624999999998 0.8532407407407406 0.05833333333333333 0.2009259259259259
5 0.7036458333333333 0.5189814814814814 0.02395833333333333 0.06574074074074074
0 0.6645833333333333 0.47870370370370363 0.028125 0.09074074074074073
0 0.68671875 0.4768518518518519 0.0328125 0.0962962962962963
5 0.765625 0.5439814814814815 0.03125 0.08796296296296295
5 0.5625 0.4893518518518518 0.02395833333333333 0.11018518518518519
