0 0.2869791666666667 0.6615740740740741 0.053125 0.19537037037037036
0 0.3432291666666667 0.6671296296296295 0.04479166666666667 0.20648148148148146
0 0.43046875 0.6615740740740741 0.035937500000000004 0.1824074074074074
0 0.19401041666666666 0.9546296296296295 0.06614583333333333 0.09074074074074073
0 0.2846354166666667 0.9601851851851851 0.07552083333333333 0.08148148148148147
0 0.5309895833333333 0.6129629629629628 0.03802083333333334 0.1796296296296296
0 0.5598958333333334 0.6125 0.034374999999999996 0.17314814814814813
0 0.6536458333333334 0.6231481481481481 0.028125 0.1685185185185185
0 0.7942708333333334 0.5111111111111111 0.02395833333333333 0.09259259259259259
0 0.7109375 0.4708333333333333 0.026041666666666668 0.07685185185185185
0 0.6218750000000001 0.6351851851851851 0.036458333333333336 0.17592592592592593
0 0.7312500000000001 0.8717592592592591 0.053125 0.2546296296296296
0 0.6763020833333334 0.8722222222222221 0.059895833333333336 0.24814814814814812
0 0.46171875 0.5648148148148148 0.0234375 0.11296296296296296
0 0.4940104166666667 0.5509259259259258 0.028645833333333332 0.14629629629629629
0 0.4541666666666667 0.5967592592592593 0.030208333333333334 0.14351851851851852
0 0.5567708333333333 0.5805555555555556 0.034374999999999996 0.14444444444444443
0 0.5171875 0.5546296296296297 0.026041666666666668 0.13518518518518519
0 0.5356770833333334 0.5504629629629628 0.03177083333333333 0.14537037037037034
0 0.5859375 0.5796296296296295 0.03125 0.14629629629629629
0 0.7385416666666667 0.7023148148148147 0.05416666666666667 0.2046296296296296
0 0.6330729166666667 0.5930555555555554 0.029687500000000002 0.14351851851851852
0 0.7552083333333335 0.6958333333333332 0.042708333333333334 0.1898148148148148
0 0.7825520833333334 0.6939814814814814 0.04739583333333334 0.18425925925925926
0 0.6669270833333334 0.673611111111111 0.051562500000000004 0.18055555555555552
0 0.78125 0.6550925925925927 0.041666666666666664 0.1675925925925926
0 0.7984375 0.6541666666666667 0.03125 0.1675925925925926
0 0.8466145833333334 0.7171296296296297 0.05572916666666666 0.1861111111111111
0 0.8734375000000001 0.7282407407407407 0.0375 0.1398148148148148
0 0.6005208333333334 0.8675925925925926 0.05625 0.25925925925925924
0 0.8291666666666666 0.649074074074074 0.040625 0.1722222222222222
0 0.9369791666666666 0.7027777777777777 0.04583333333333334 0.19629629629629627
0 0.09505208333333333 0.8814814814814814 0.06302083333333333 0.23703703703703702
0 0.15494791666666666 0.8958333333333334 0.0546875 0.21018518518518517
0 0.08958333333333333 0.9388888888888888 0.05520833333333334 0.12407407407407406
0 0.20911458333333335 0.8060185185185185 0.0546875 0.2046296296296296
0 0.3166666666666667 0.8185185185185185 0.06145833333333334 0.22037037037037036
0 0.6703125 0.7291666666666666 0.040625 0.1935185185185185
0 0.8489583333333334 0.7449074074074074 0.05520833333333334 0.20648148148148146
0 0.7575520833333333 0.736574074074074 0.044270833333333336 0.21018518518518517
0 0.7583333333333334 0.7347222222222222 0.036458333333333336 0.1898148148148148
0 0.7950520833333333 0.736111111111111 0.04635416666666667 0.17407407407407408
0 0.8822916666666667 0.7699074074074074 0.042708333333333334 0.1324074074074074
0 0.9703125 0.7717592592592591 0.04791666666666666 0.16574074074074074
0 0.5328124999999999 0.5004629629629629 0.028125 0.10648148148148147
0 0.5036458333333333 0.49675925925925923 0.03229166666666667 0.125
0 0.4231770833333333 0.49907407407407406 0.029687500000000002 0.1259259259259259
0 0.7984375 0.5717592592592593 0.03125 0.1398148148148148
0 0.4671875 0.4842592592592592 0.02291666666666667 0.09074074074074073
0 0.4473958333333333 0.47962962962962963 0.026041666666666668 0.10185185185185185
0 0.4026041666666667 0.4703703703703704 0.029166666666666667 0.11296296296296296
0 0.453125 0.4731481481481481 0.025 0.1074074074074074
0 0.6947916666666667 0.48287037037037034 0.02395833333333333 0.06574074074074074
0 0.75 0.4287037037037037 0.01875 0.07407407407407408
0 0.7557291666666667 0.4282407407407407 0.027083333333333334 0.0824074074074074
0 0.759375 0.5106481481481482 0.030208333333333334 0.08796296296296297
0 0.5497395833333334 0.4546296296296296 0.02447916666666667 0.1111111111111111
