0 0.2828125 0.6518518518518518 0.05 0.1907407407407407
0 0.3421875 0.648611111111111 0.04375 0.19907407407407407
0 0.4197916666666666 0.6537037037037037 0.035416666666666666 0.17222222222222222
0 0.5317708333333333 0.6134259259259258 0.035416666666666666 0.18055555555555552
0 0.56328125 0.6138888888888888 0.033854166666666664 0.17407407407407408
5 0.6523437499999999 0.6222222222222222 0.027604166666666662 0.1685185185185185
0 0.78125 0.5050925925925925 0.02395833333333333 0.09351851851851851
5 0.7151041666666667 0.4689814814814815 0.026041666666666664 0.07685185185185185
0 0.6182291666666666 0.6273148148148148 0.03854166666666666 0.16759259259259257
0 0.7221354166666666 0.8893518518518517 0.0546875 0.21944444444444441
0 0.6713541666666667 0.8902777777777777 0.06458333333333333 0.22129629629629627
0 0.4658854166666666 0.5759259259259258 0.0234375 0.11296296296296296
0 0.4950520833333333 0.563425925925926 0.03177083333333333 0.1509259259259259
0 0.4661458333333333 0.6097222222222222 0.03020833333333333 0.15277777777777776
0 0.5924479166666667 0.5944444444444444 0.034895833333333334 0.14444444444444443
0 0.5265624999999999 0.5620370370370369 0.026041666666666664 0.13518518518518519
0 0.5570312499999999 0.5666666666666667 0.033854166666666664 0.15
0 0.6177083333333333 0.5912037037037037 0.03125 0.14907407407407408
0 0.8375 0.7106481481481481 0.065625 0.20833333333333331
5 0.63828125 0.5912037037037037 0.0296875 0.14351851851851852
0 0.83828125 0.7018518518518518 0.03697916666666666 0.19814814814814813
0 0.8625 0.700462962962963 0.05 0.18981481481481483
0 0.7416666666666666 0.686574074074074 0.05 0.1861111111111111
0 0.8015625 0.6782407407407407 0.05208333333333333 0.18981481481481483
0 0.8247395833333334 0.6643518518518517 0.033854166666666664 0.17129629629629628
0 0.9341145833333332 0.7324074074074074 0.0640625 0.18703703703703703
0 0.5963541666666666 0.8847222222222222 0.06041666666666666 0.2287037037037037
0 0.8552083333333333 0.6689814814814814 0.041666666666666664 0.17314814814814813
0 0.12630208333333331 0.8634259259259258 0.05989583333333333 0.24537037037037038
0 0.1856770833333333 0.8805555555555555 0.05364583333333332 0.24074074074074076
0 0.12369791666666666 0.9203703703703703 0.0546875 0.1611111111111111
0 0.16354166666666664 0.8074074074074075 0.04479166666666666 0.20370370370370366
0 0.23072916666666665 0.825925925925926 0.075 0.22407407407407404
0 0.625 0.7097222222222221 0.040625 0.1935185185185185
0 0.7822916666666666 0.7305555555555554 0.053125 0.20370370370370366
0 0.7005208333333333 0.7268518518518519 0.04791666666666666 0.20555555555555555
0 0.6992187499999999 0.725462962962963 0.03697916666666666 0.1824074074074074
0 0.73984375 0.7231481481481481 0.0421875 0.17407407407407408
0 0.815625 0.7638888888888888 0.042708333333333334 0.13148148148148148
0 0.8942708333333332 0.7657407407407407 0.053125 0.1685185185185185
0 0.9049479166666666 0.7481481481481481 0.05052083333333333 0.19814814814814813
0 0.5520833333333333 0.5125 0.028125 0.10648148148148147
0 0.5208333333333333 0.5060185185185185 0.03229166666666666 0.12685185185185183
0 0.4315104166666666 0.5069444444444444 0.0296875 0.1324074074074074
0 0.7541666666666667 0.5856481481481481 0.03958333333333333 0.16018518518518518
0 0.4932291666666666 0.4888888888888888 0.022916666666666665 0.09074074074074073
0 0.4682291666666667 0.4847222222222222 0.03020833333333333 0.10648148148148147
0 0.4315104166666666 0.47777777777777775 0.0296875 0.11296296296296296
0 0.40703125 0.47916666666666663 0.0296875 0.11203703703703702
0 0.396875 0.475925925925926 0.021875 0.1074074074074074
0 0.4036458333333333 0.4643518518518518 0.02395833333333333 0.11018518518518519
0 0.4802083333333333 0.47916666666666663 0.025 0.10462962962962963
5 0.7015625 0.48009259259259257 0.02395833333333333 0.06574074074074074
0 0.7484375 0.4287037037037037 0.01875 0.07407407407407407
0 0.7536458333333333 0.4291666666666666 0.02708333333333333 0.0824074074074074
5 0.7651041666666667 0.5097222222222222 0.03020833333333333 0.08796296296296295
5 0.5583333333333333 0.45 0.028125 0.10925925925925925
