0 0.24869791666666666 0.7402777777777778 0.056770833333333326 0.21388888888888888
0 0.31510416666666663 0.7462962962962962 0.051041666666666666 0.23148148148148148
0 0.36874999999999997 0.7222222222222222 0.03958333333333333 0.19444444444444445
0 0.2981770833333333 0.8939814814814813 0.06302083333333333 0.21203703703703702
0 0.35963541666666665 0.898611111111111 0.06197916666666666 0.20277777777777778
0 0.6026041666666667 0.6546296296296296 0.042708333333333334 0.1925925925925926
0 0.61328125 0.6504629629629629 0.03802083333333333 0.1787037037037037
5 0.6479166666666666 0.6305555555555555 0.028125 0.1685185185185185
0 0.79140625 0.5296296296296296 0.025520833333333333 0.09259259259259259
5 0.7088541666666666 0.4837962962962963 0.026041666666666664 0.07685185185185185
0 0.6270833333333333 0.6532407407407408 0.03125 0.1824074074074074
0 0.8981770833333332 0.7143518518518518 0.0546875 0.18981481481481483
0 0.7447916666666666 0.7768518518518519 0.041666666666666664 0.22222222222222224
0 0.7010416666666666 0.7824074074074073 0.04791666666666666 0.22037037037037038
0 0.8765624999999998 0.7 0.04895833333333333 0.19444444444444445
0 0.45078125 0.5412037037037036 0.0234375 0.11018518518518519
0 0.4736979166666666 0.5310185185185186 0.03072916666666666 0.13796296296296295
0 0.4294270833333333 0.5680555555555555 0.0296875 0.13425925925925924
0 0.5010416666666666 0.5574074074074074 0.03229166666666666 0.13518518518518519
0 0.5013020833333333 0.5328703703703704 0.025520833333333333 0.12129629629629628
0 0.5377604166666667 0.5333333333333333 0.03177083333333333 0.13148148148148148
0 0.5322916666666667 0.5555555555555556 0.03020833333333333 0.12962962962962962
0 0.5294270833333333 0.6657407407407407 0.05364583333333332 0.19444444444444445
5 0.6281249999999999 0.6050925925925925 0.029166666666666664 0.14351851851851852
0 0.5419270833333333 0.6657407407407407 0.0421875 0.18703703703703703
0 0.5692708333333333 0.662037037037037 0.03645833333333333 0.17407407407407408
0 0.5447916666666666 0.6319444444444444 0.03125 0.16203703703703703
0 0.6510416666666667 0.6212962962962962 0.03645833333333333 0.15740740740740738
0 0.6505208333333333 0.6175925925925926 0.03125 0.15185185185185185
0 0.6109375 0.6958333333333333 0.046875 0.17314814814814813
0 0.6427083333333333 0.7050925925925926 0.034375 0.13425925925925924
0 0.7328125 0.7074074074074075 0.05208333333333333 0.20185185185185187
0 0.6505208333333333 0.7796296296296296 0.046875 0.22407407407407404
0 0.7247395833333333 0.610648148148148 0.0296875 0.14351851851851852
0 0.7768229166666666 0.6564814814814814 0.0453125 0.17222222222222222
0 0.7825520833333333 0.7157407407407408 0.05572916666666666 0.1759259259259259
0 0.024739583333333336 0.9277777777777777 0.0484375 0.14629629629629629
0 0.053125 0.9462962962962962 0.057291666666666664 0.10925925925925925
0 0.4544270833333333 0.825925925925926 0.05572916666666666 0.20370370370370366
0 0.6372395833333333 0.8189814814814815 0.06302083333333333 0.21388888888888888
0 0.9236979166666666 0.7935185185185185 0.056770833333333326 0.20925925925925926
0 0.4723958333333333 0.4884259259259259 0.03020833333333333 0.10462962962962963
0 0.4453124999999999 0.4810185185185185 0.03229166666666666 0.12314814814814815
5 0.6927083333333333 0.49120370370370364 0.02395833333333333 0.06574074074074074
0 0.7239583333333333 0.45092592592592584 0.025 0.08703703703703704
0 0.7463541666666667 0.4449074074074074 0.03020833333333333 0.08981481481481482
5 0.7520833333333333 0.5208333333333333 0.03020833333333333 0.08796296296296295
5 0.5390625 0.4662037037037036 0.02395833333333333 0.11018518518518519
