0 0.24713541666666666 0.6194444444444444 0.04635416666666666 0.17962962962962964
0 0.30729166666666663 0.6189814814814814 0.03958333333333333 0.1787037037037037
0 0.32864583333333336 0.6435185185185185 0.04479166666666666 0.1685185185185185
0 0.5390625 0.6259259259259259 0.034375 0.18703703703703703
0 0.5734375 0.6300925925925925 0.034375 0.18055555555555552
5 0.6450520833333333 0.6319444444444444 0.028645833333333332 0.17314814814814813
0 0.7359375 0.5185185185185185 0.02395833333333333 0.0962962962962963
5 0.72265625 0.475462962962963 0.025520833333333333 0.07685185185185185
0 0.6085937499999999 0.6365740740740741 0.033854166666666664 0.1787037037037037
0 0.6927083333333333 0.9402777777777777 0.06354166666666666 0.12129629629629628
0 0.6223958333333333 0.9421296296296295 0.06979166666666667 0.11759259259259258
0 0.4614583333333333 0.6129629629629629 0.026041666666666664 0.11851851851851851
0 0.4958333333333333 0.5953703703703703 0.034375 0.1611111111111111
0 0.4927083333333333 0.6476851851851851 0.03645833333333333 0.16203703703703703
0 0.6953125 0.6203703703703705 0.034375 0.14629629629629629
0 0.5825520833333333 0.600462962962963 0.028645833333333332 0.13796296296296295
0 0.6317708333333333 0.6074074074074074 0.042708333333333334 0.16296296296296295
0 0.7252604166666667 0.6180555555555556 0.03177083333333333 0.14907407407407408
5 0.640625 0.6023148148148147 0.03020833333333333 0.14351851851851852
0 0.8731770833333332 0.7342592592592592 0.0484375 0.20370370370370366
0 0.89453125 0.724537037037037 0.0546875 0.19537037037037036
0 0.8776041666666666 0.7152777777777778 0.034375 0.18796296296296294
0 0.5450520833333333 0.9351851851851851 0.0609375 0.13148148148148148
0 0.9171874999999998 0.7185185185185186 0.042708333333333334 0.18703703703703703
0 0.18697916666666664 0.8189814814814815 0.05416666666666666 0.24166666666666664
0 0.2333333333333333 0.8305555555555555 0.05 0.22592592592592592
0 0.1921875 0.8916666666666666 0.0625 0.2185185185185185
0 0.10260416666666665 0.8078703703703705 0.0375 0.21018518518518517
0 0.10911458333333332 0.8328703703703703 0.04635416666666666 0.23796296296296293
0 0.5177083333333333 0.6828703703703703 0.042708333333333334 0.18796296296296294
0 0.75 0.6967592592592593 0.040625 0.18981481481481483
0 0.609375 0.7189814814814814 0.03958333333333333 0.20277777777777778
0 0.6315104166666667 0.7222222222222221 0.034895833333333334 0.17962962962962964
0 0.6041666666666667 0.6949074074074073 0.03645833333333333 0.16203703703703703
0 0.7799479166666666 0.7393518518518518 0.033854166666666664 0.1287037037037037
0 0.73515625 0.7472222222222222 0.04010416666666666 0.16296296296296295
0 0.9559895833333332 0.7722222222222221 0.0671875 0.2185185185185185
0 0.7619791666666667 0.7277777777777776 0.040625 0.19629629629629627
0 0.5744791666666667 0.5453703703703704 0.029166666666666664 0.11481481481481481
0 0.5466145833333333 0.5384259259259259 0.03802083333333333 0.13055555555555556
0 0.4468749999999999 0.5388888888888889 0.03229166666666666 0.13518518518518519
0 0.6395833333333333 0.5935185185185186 0.040625 0.16296296296296295
0 0.5234375 0.5171296296296296 0.020833333333333332 0.10277777777777777
0 0.4963541666666667 0.5074074074074074 0.03020833333333333 0.1074074074074074
0 0.46328125 0.5023148148148147 0.0296875 0.12129629629629628
0 0.4270833333333333 0.49907407407407406 0.03020833333333333 0.11296296296296296
0 0.40703125 0.5 0.025520833333333333 0.11296296296296296
0 0.4752604166666667 0.4814814814814815 0.025520833333333333 0.10925925925925925
0 0.4481770833333333 0.47777777777777775 0.0234375 0.11296296296296296
0 0.4317708333333333 0.47453703703703703 0.021875 0.12314814814814815
0 0.41666666666666663 0.4810185185185185 0.022916666666666665 0.11388888888888889
0 0.5046875 0.49907407407407406 0.025 0.10555555555555556
5 0.7046875 0.48657407407407405 0.02395833333333333 0.06574074074074074
0 0.7515624999999999 0.437037037037037 0.019791666666666666 0.07407407407407407
0 0.7572916666666667 0.43287037037037035 0.02708333333333333 0.0824074074074074
5 0.7700520833333333 0.5171296296296296 0.0296875 0.08796296296296295
5 0.5645833333333333 0.46296296296296297 0.025 0.10925925925925925
