0 0.5682291666666666 0.6467592592592593 0.034375 0.18796296296296294
0 0.6010416666666666 0.6513888888888888 0.034375 0.18055555555555552
5 0.6625 0.6481481481481481 0.03020833333333333 0.1759259259259259
0 0.7393229166666666 0.5203703703703704 0.0234375 0.0962962962962963
5 0.73828125 0.4837962962962963 0.025520833333333333 0.07685185185185185
0 0.6249999999999999 0.6462962962962963 0.03229166666666666 0.17962962962962964
0 0.4880208333333333 0.6532407407407408 0.028125 0.13796296296296295
0 0.5208333333333333 0.6393518518518517 0.03645833333333333 0.17129629629629628
0 0.6124999999999999 0.6847222222222221 0.041666666666666664 0.16574074074074072
0 0.8083333333333332 0.6638888888888889 0.034375 0.16296296296296295
0 0.73359375 0.6393518518518518 0.0296875 0.1509259259259259
0 0.7653645833333333 0.636574074074074 0.04010416666666666 0.16574074074074072
0 0.8416666666666666 0.6624999999999999 0.0375 0.16759259259259257
5 0.6585937499999999 0.6023148148148147 0.027604166666666662 0.14351851851851852
0 0.25104166666666666 0.7768518518518518 0.04791666666666666 0.22407407407407404
0 0.29322916666666665 0.7856481481481481 0.042708333333333334 0.20462962962962963
0 0.27890624999999997 0.8356481481481481 0.056770833333333326 0.22129629629629627
0 0.1515625 0.8032407407407407 0.03958333333333333 0.21018518518518517
0 0.14270833333333333 0.8912037037037036 0.06041666666666666 0.21944444444444441
0 0.45625 0.6560185185185186 0.03333333333333333 0.16759259259259257
0 0.7736979166666667 0.6722222222222222 0.0359375 0.18518518518518517
0 0.6177083333333333 0.724074074074074 0.03958333333333333 0.20370370370370366
0 0.6557291666666666 0.7370370370370369 0.0375 0.18518518518518517
0 0.4848958333333333 0.6726851851851852 0.040625 0.15648148148148147
0 0.7927083333333333 0.711574074074074 0.03020833333333333 0.11759259259259258
0 0.7763020833333333 0.7009259259259258 0.03697916666666666 0.1537037037037037
0 0.8286458333333334 0.736111111111111 0.04791666666666666 0.21296296296296294
0 0.8666666666666666 0.736111111111111 0.041666666666666664 0.20185185185185187
0 0.9598958333333334 0.7712962962962963 0.057291666666666664 0.21296296296296294
0 0.80234375 0.6949074074074073 0.03802083333333333 0.1787037037037037
0 0.98671875 0.7722222222222223 0.024479166666666666 0.19444444444444445
0 0.6161458333333333 0.5851851851851851 0.03229166666666666 0.13148148148148148
0 0.5890625 0.5768518518518517 0.0375 0.14629629629629629
0 0.4598958333333333 0.5791666666666666 0.03333333333333333 0.14907407407407408
0 0.5244791666666666 0.5935185185185186 0.04479166666666666 0.15740740740740738
0 0.5557291666666666 0.5439814814814814 0.022916666666666665 0.10462962962962963
0 0.5333333333333333 0.5439814814814815 0.03020833333333333 0.12685185185185183
0 0.50390625 0.5268518518518518 0.03177083333333333 0.12037037037037038
0 0.45078125 0.5287037037037037 0.03177083333333333 0.11851851851851851
0 0.4143229166666667 0.525 0.025520833333333333 0.11851851851851851
0 0.5335937499999999 0.5097222222222222 0.027604166666666662 0.11574074074074074
0 0.5088541666666667 0.5018518518518518 0.02395833333333333 0.11296296296296296
0 0.4880208333333333 0.5018518518518518 0.026041666666666664 0.12962962962962962
0 0.46953125 0.5055555555555555 0.025520833333333333 0.11851851851851851
0 0.4255208333333333 0.49398148148148147 0.02708333333333333 0.11944444444444444
0 0.4838541666666666 0.4805555555555555 0.026041666666666664 0.1074074074074074
0 0.4171875 0.46342592592592596 0.02395833333333333 0.08796296296296295
0 0.5322916666666666 0.5259259259259259 0.021875 0.1074074074074074
5 0.7223958333333333 0.49120370370370364 0.02395833333333333 0.06574074074074074
0 0.46328125 0.4833333333333333 0.025520833333333333 0.12407407407407407
0 0.7651041666666666 0.4416666666666666 0.019791666666666666 0.07407407407407407
0 0.7734375 0.4375 0.02708333333333333 0.0824074074074074
5 0.7854166666666667 0.524537037037037 0.03020833333333333 0.08796296296296295
5 0.5802083333333333 0.46712962962962956 0.026041666666666664 0.11018518518518519
