0 0.5786458333333333 0.662962962962963 0.03333333333333333 0.19629629629629627
0 0.60390625 0.6726851851851852 0.03802083333333333 0.18981481481481483
5 0.6656249999999999 0.6467592592592593 0.03229166666666666 0.17685185185185184
0 0.7453125 0.5185185185185185 0.02395833333333333 0.0962962962962963
5 0.7473958333333333 0.4810185185185185 0.025 0.07685185185185185
0 0.6124999999999999 0.6462962962962963 0.03229166666666666 0.17407407407407408
0 0.5109375 0.673148148148148 0.02708333333333333 0.1537037037037037
0 0.5541666666666666 0.6564814814814814 0.035416666666666666 0.17962962962962964
0 0.6807291666666667 0.700925925925926 0.03958333333333333 0.17037037037037037
0 0.8513020833333332 0.6791666666666666 0.03802083333333333 0.16574074074074072
0 0.8281249999999998 0.6587962962962963 0.03020833333333333 0.1509259259259259
0 0.8364583333333332 0.6476851851851851 0.03958333333333333 0.16759259259259257
0 0.8833333333333332 0.6805555555555556 0.0375 0.1759259259259259
5 0.6651041666666667 0.6050925925925925 0.02708333333333333 0.14351851851851852
0 0.2747395833333333 0.7495370370370369 0.0453125 0.21018518518518517
0 0.31328125 0.7606481481481481 0.0421875 0.20462962962962963
0 0.30859375 0.7999999999999999 0.05260416666666666 0.20370370370370366
0 0.19739583333333333 0.7703703703703704 0.04375 0.1925925925925926
0 0.1296875 0.912962962962963 0.06354166666666666 0.17407407407407408
0 0.45 0.6291666666666667 0.03333333333333333 0.16203703703703703
0 0.7713541666666666 0.6601851851851851 0.034375 0.18518518518518517
0 0.6341145833333333 0.7263888888888889 0.04010416666666666 0.20462962962962963
0 0.6716145833333333 0.736574074074074 0.04427083333333333 0.18425925925925926
0 0.4328125 0.6518518518518518 0.03958333333333333 0.14814814814814814
0 0.79140625 0.6921296296296295 0.0296875 0.11759259259259258
0 0.7838541666666666 0.6851851851851851 0.035416666666666666 0.15
0 0.821875 0.7125 0.04583333333333333 0.2009259259259259
0 0.8429687499999998 0.712962962962963 0.04427083333333333 0.20185185185185187
0 0.8716145833333332 0.7453703703703703 0.0578125 0.2074074074074074
0 0.8057291666666666 0.6782407407407407 0.0375 0.1787037037037037
0 0.9190104166666666 0.7476851851851852 0.0453125 0.18981481481481483
0 0.6372395833333333 0.5921296296296296 0.03177083333333333 0.1324074074074074
0 0.6135416666666667 0.586574074074074 0.03854166666666666 0.14907407407407408
0 0.4697916666666666 0.5967592592592592 0.034375 0.16018518518518518
0 0.48359375 0.5773148148148148 0.04427083333333333 0.15648148148148147
0 0.5783854166666667 0.5537037037037036 0.0265625 0.1037037037037037
0 0.5434895833333333 0.5513888888888889 0.0296875 0.12685185185185183
0 0.5166666666666666 0.5300925925925926 0.03229166666666666 0.12685185185185183
0 0.46015625 0.5351851851851851 0.03177083333333333 0.11851851851851851
0 0.4169270833333333 0.5337962962962963 0.025520833333333333 0.12685185185185183
0 0.5552083333333333 0.5152777777777777 0.028125 0.11574074074074074
0 0.528125 0.5111111111111112 0.02395833333333333 0.11481481481481481
0 0.5091145833333333 0.5101851851851851 0.025520833333333333 0.12962962962962962
0 0.4890624999999999 0.5125 0.026041666666666664 0.12129629629629628
0 0.4307291666666666 0.5050925925925925 0.028125 0.11574074074074074
0 0.5210937499999999 0.4888888888888888 0.027604166666666662 0.1074074074074074
0 0.4518229166666667 0.4851851851851852 0.025520833333333333 0.12037037037037038
0 0.4276041666666667 0.4643518518518518 0.020833333333333332 0.09907407407407406
0 0.5416666666666666 0.5333333333333333 0.021875 0.1074074074074074
5 0.7291666666666667 0.49120370370370364 0.02395833333333333 0.06574074074074074
0 0.49765625 0.48703703703703705 0.025520833333333333 0.12407407407407407
0 0.7721354166666667 0.44351851851851853 0.01927083333333333 0.07407407407407407
0 0.7817708333333333 0.4393518518518518 0.02708333333333333 0.0824074074074074
5 0.7916666666666667 0.5217592592592593 0.03020833333333333 0.08796296296296295
5 0.5872395833333333 0.4652777777777777 0.025520833333333333 0.11018518518518519
