0 0.5609375 0.6893518518518518 0.03958333333333333 0.2009259259259259
0 0.5885416666666666 0.7023148148148148 0.04791666666666666 0.2009259259259259
5 0.65390625 0.6435185185185185 0.0359375 0.18148148148148147
0 0.75078125 0.5143518518518518 0.027604166666666662 0.09722222222222222
5 0.7528645833333333 0.4763888888888889 0.025520833333333333 0.07685185185185185
0 0.58828125 0.662037037037037 0.03802083333333333 0.17407407407407408
0 0.5484375 0.6953703703703702 0.02708333333333333 0.14629629629629629
0 0.6234375 0.6768518518518518 0.04375 0.18703703703703703
0 0.7393229166666666 0.7171296296296296 0.033854166666666664 0.18425925925925926
0 0.8820312499999998 0.6953703703703703 0.03802083333333333 0.18518518518518517
0 0.8942708333333332 0.6638888888888889 0.03020833333333333 0.15185185185185185
0 0.8713541666666667 0.6587962962962963 0.03958333333333333 0.16759259259259257
0 0.9143229166666667 0.6944444444444444 0.03802083333333333 0.18518518518518517
5 0.6713541666666667 0.6041666666666666 0.02708333333333333 0.14351851851851852
0 0.2986979166666667 0.7476851851851851 0.04427083333333333 0.21203703703703702
0 0.33072916666666663 0.7550925925925925 0.041666666666666664 0.1935185185185185
0 0.34244791666666663 0.787037037037037 0.05052083333333333 0.19814814814814813
0 0.21223958333333331 0.7722222222222221 0.04427083333333333 0.17407407407407408
0 0.07552083333333333 0.9435185185185185 0.06770833333333333 0.11481481481481481
0 0.4549479166666666 0.6236111111111111 0.033854166666666664 0.15462962962962962
0 0.7653645833333333 0.6435185185185185 0.033854166666666664 0.18148148148148147
0 0.68515625 0.724074074074074 0.03802083333333333 0.20370370370370366
0 0.7078125 0.7453703703703703 0.03645833333333333 0.18703703703703703
0 0.4059895833333333 0.6532407407407407 0.0421875 0.14907407407407408
0 0.8026041666666666 0.6796296296296296 0.03020833333333333 0.11851851851851851
0 0.8015625 0.6699074074074074 0.03333333333333333 0.14351851851851852
0 0.8651041666666666 0.7018518518518518 0.03854166666666666 0.20185185185185187
0 0.8390625 0.6953703703703703 0.040625 0.20185185185185187
0 0.8140625 0.7143518518518518 0.05833333333333333 0.2009259259259259
0 0.8223958333333332 0.6629629629629629 0.03645833333333333 0.17962962962962964
0 0.8559895833333332 0.7236111111111111 0.056770833333333326 0.1824074074074074
0 0.6765625 0.6055555555555555 0.03229166666666666 0.13518518518518519
0 0.6552083333333333 0.6013888888888889 0.03854166666666666 0.16018518518518518
0 0.48828125 0.624537037037037 0.03802083333333333 0.16759259259259257
0 0.42265625 0.5837962962962963 0.0421875 0.15648148148148147
0 0.5953125 0.5703703703703703 0.025 0.1037037037037037
0 0.5552083333333333 0.5699074074074074 0.03020833333333333 0.12685185185185183
0 0.5236979166666667 0.5476851851851852 0.03177083333333333 0.1287037037037037
0 0.4703125 0.5564814814814815 0.03333333333333333 0.12037037037037038
0 0.4307291666666666 0.5597222222222222 0.025 0.12685185185185183
0 0.5736979166666666 0.5319444444444444 0.027604166666666662 0.11574074074074074
0 0.5479166666666666 0.5282407407407407 0.028125 0.12129629629629628
0 0.5276041666666667 0.5231481481481481 0.026041666666666664 0.12962962962962962
0 0.5026041666666666 0.5337962962962963 0.026041666666666664 0.12314814814814815
0 0.4333333333333333 0.525462962962963 0.028125 0.11574074074074074
0 0.5520833333333333 0.5055555555555555 0.028125 0.1074074074074074
0 0.4671875 0.5032407407407407 0.03020833333333333 0.12129629629629628
0 0.4723958333333333 0.48009259259259257 0.02395833333333333 0.09907407407407406
0 0.46015624999999993 0.4893518518518518 0.021354166666666667 0.10462962962962963
0 0.4265625 0.4921296296296296 0.02395833333333333 0.11759259259259258
0 0.5497395833333333 0.5537037037037037 0.021354166666666667 0.1074074074074074
5 0.7346354166666667 0.4893518518518518 0.024479166666666666 0.06574074074074074
0 0.5309895833333333 0.5037037037037037 0.025520833333333333 0.12407407407407407
0 0.77578125 0.4416666666666666 0.01927083333333333 0.07407407407407407
0 0.7901041666666667 0.4421296296296296 0.02708333333333333 0.0824074074074074
5 0.79765625 0.5152777777777777 0.0296875 0.08796296296296295
5 0.59140625 0.4689814814814814 0.025520833333333333 0.11018518518518519
