0 0.5656249999999999 0.6791666666666667 0.03854166666666667 0.19907407407407407
0 0.5924479166666666 0.6888888888888888 0.04114583333333334 0.19814814814814813
0 0.6546875000000001 0.6453703703703704 0.034374999999999996 0.17777777777777776
0 0.75 0.5222222222222223 0.02395833333333333 0.0962962962962963
0 0.7513020833333334 0.47731481481481475 0.025520833333333333 0.07685185185185185
0 0.5932291666666666 0.6527777777777778 0.03958333333333334 0.17407407407407408
0 0.5296875 0.687037037037037 0.027083333333333334 0.14814814814814817
0 0.5979166666666667 0.6675925925925926 0.051041666666666666 0.18333333333333332
0 0.71953125 0.7106481481481481 0.035937500000000004 0.1787037037037037
0 0.8692708333333334 0.6902777777777778 0.0375 0.16944444444444443
0 0.8744791666666666 0.6601851851851852 0.030208333333333334 0.15185185185185185
0 0.8591145833333333 0.6541666666666667 0.03802083333333334 0.1675925925925926
0 0.9018229166666666 0.6888888888888889 0.03802083333333334 0.18518518518518517
0 0.6697916666666667 0.6041666666666666 0.027083333333333334 0.14351851851851852
0 0.2903645833333333 0.7453703703703703 0.044270833333333336 0.2111111111111111
0 0.3244791666666667 0.749074074074074 0.042708333333333334 0.18888888888888886
0 0.3286458333333333 0.7916666666666666 0.052083333333333336 0.2
0 0.21223958333333334 0.7657407407407407 0.044270833333333336 0.19074074074074074
0 0.09010416666666667 0.9314814814814815 0.06041666666666667 0.137037037037037
0 0.4497395833333333 0.6217592592592592 0.033854166666666664 0.15833333333333333
0 0.76171875 0.6444444444444444 0.033854166666666664 0.18148148148148147
0 0.665625 0.7245370370370369 0.053125 0.2046296296296296
0 0.6950520833333335 0.7407407407407407 0.03697916666666667 0.18703703703703703
0 0.4067708333333333 0.6472222222222221 0.042708333333333334 0.14814814814814817
0 0.7953125 0.6805555555555556 0.030208333333333334 0.11851851851851851
0 0.7942708333333334 0.6689814814814814 0.035416666666666666 0.14351851851851852
0 0.840625 0.7018518518518518 0.04583333333333334 0.20185185185185184
0 0.8388020833333334 0.701388888888889 0.04114583333333334 0.20277777777777778
0 0.8236979166666667 0.7185185185185184 0.05260416666666667 0.20925925925925926
0 0.815625 0.663425925925926 0.036458333333333336 0.1787037037037037
0 0.87265625 0.7287037037037035 0.04635416666666667 0.18703703703703703
0 0.6598958333333335 0.6 0.03229166666666667 0.13333333333333333
0 0.640625 0.5986111111111111 0.03854166666666667 0.16018518518518518
0 0.4809895833333333 0.6148148148148148 0.035937500000000004 0.16296296296296295
0 0.4369791666666667 0.5800925925925926 0.043750000000000004 0.15648148148148147
0 0.5859375 0.5666666666666667 0.026041666666666668 0.10370370370370369
0 0.55 0.5625 0.030208333333333334 0.12685185185185185
0 0.5174479166666667 0.5393518518518519 0.03177083333333333 0.12870370370370368
0 0.4609375 0.5472222222222222 0.03333333333333333 0.12037037037037036
0 0.42500000000000004 0.5467592592592593 0.025 0.12685185185185185
0 0.5682291666666667 0.5217592592592593 0.028125 0.11574074074074073
0 0.5385416666666667 0.5226851851851851 0.028125 0.12129629629629629
0 0.5190104166666667 0.5157407407407407 0.025520833333333333 0.12962962962962962
0 0.4973958333333333 0.524074074074074 0.026041666666666668 0.12037037037037036
0 0.4302083333333333 0.5189814814814814 0.028125 0.11574074074074073
0 0.5424479166666667 0.49999999999999994 0.02760416666666667 0.1074074074074074
0 0.4604166666666667 0.49583333333333335 0.030208333333333334 0.12129629629629629
0 0.45859375 0.47731481481481475 0.021354166666666667 0.09907407407407406
0 0.4497395833333333 0.4875 0.025520833333333333 0.10462962962962963
0 0.41796875 0.47453703703703703 0.0234375 0.1175925925925926
0 0.5455729166666667 0.5453703703703704 0.021354166666666667 0.1074074074074074
0 0.7302083333333335 0.48749999999999993 0.02395833333333333 0.06574074074074074
0 0.5223958333333334 0.4972222222222222 0.026041666666666668 0.12407407407407406
0 0.7747395833333335 0.4416666666666666 0.019270833333333334 0.07407407407407408
0 0.7875000000000001 0.4412037037037037 0.027083333333333334 0.0824074074074074
0 0.7934895833333334 0.5180555555555555 0.029687500000000002 0.08796296296296297
0 0.5885416666666666 0.4662037037037037 0.026041666666666668 0.11018518518518518
