0 0.27057291666666666 0.7078703703703703 0.0546875 0.20833333333333331
0 0.3359375 0.7143518518518518 0.05 0.21759259259259256
0 0.39479166666666665 0.6986111111111111 0.03958333333333333 0.18796296296296294
0 0.25651041666666663 0.9134259259259258 0.07135416666666666 0.17314814814814813
0 0.3299479166666667 0.9194444444444443 0.056770833333333326 0.15925925925925927
0 0.5645833333333333 0.6407407407407407 0.041666666666666664 0.18888888888888888
0 0.5760416666666667 0.6402777777777777 0.03333333333333333 0.1861111111111111
5 0.6458333333333333 0.6314814814814815 0.028125 0.1685185185185185
0 0.7903645833333333 0.5263888888888888 0.025520833333333333 0.09351851851851851
5 0.7052083333333333 0.48009259259259257 0.026041666666666664 0.07685185185185185
0 0.62109375 0.6518518518518518 0.03802083333333333 0.18148148148148147
0 0.7359375 0.8101851851851851 0.04375 0.22962962962962963
0 0.6869791666666666 0.8152777777777777 0.051041666666666666 0.23425925925925925
0 0.95234375 0.7101851851851851 0.0609375 0.1925925925925926
0 0.4533854166666666 0.5555555555555556 0.0234375 0.11296296296296296
0 0.4783854166666666 0.5379629629629629 0.03072916666666666 0.14259259259259258
0 0.434375 0.5810185185185185 0.03020833333333333 0.13796296296296295
0 0.5158854166666667 0.5662037037037038 0.033854166666666664 0.13796296296296295
0 0.5041666666666667 0.5435185185185185 0.026041666666666664 0.12962962962962962
0 0.5309895833333333 0.5462962962962962 0.03177083333333333 0.14074074074074075
0 0.5411458333333333 0.562037037037037 0.03020833333333333 0.12962962962962962
0 0.58203125 0.6902777777777777 0.05052083333333333 0.20462962962962963
5 0.62421875 0.6032407407407407 0.0296875 0.14351851851851852
0 0.6036458333333333 0.6824074074074074 0.04375 0.1907407407407407
0 0.62578125 0.6787037037037036 0.0359375 0.17407407407407408
0 0.5403645833333333 0.6546296296296296 0.0359375 0.17407407407407408
0 0.7046875 0.6305555555555555 0.03645833333333333 0.15740740740740738
0 0.7143229166666666 0.6314814814814815 0.03072916666666666 0.15185185185185185
0 0.6994791666666667 0.7092592592592591 0.04375 0.17777777777777776
0 0.7171875 0.7212962962962962 0.03333333333333333 0.13518518518518519
0 0.8122395833333333 0.7138888888888888 0.058854166666666666 0.19814814814814813
0 0.6348958333333333 0.8171296296296295 0.046875 0.24722222222222218
0 0.7619791666666667 0.6370370370370371 0.03958333333333333 0.17037037037037037
0 0.8203125 0.6814814814814814 0.04479166666666666 0.18703703703703703
0 0.8770833333333332 0.7212962962962963 0.05208333333333333 0.17962962962962964
0 0.037239583333333326 0.9101851851851851 0.056770833333333326 0.17962962962962964
0 0.078125 0.924537037037037 0.05416666666666666 0.1509259259259259
0 0.024479166666666666 0.9819444444444445 0.03125 0.03796296296296296
0 0.34088541666666666 0.8199074074074074 0.05052083333333333 0.20462962962962963
0 0.5114583333333333 0.8240740740740741 0.057291666666666664 0.22407407407407404
0 0.8104166666666666 0.7745370370370369 0.04583333333333333 0.21018518518518517
0 0.8942708333333332 0.7611111111111111 0.06458333333333333 0.21296296296296294
0 0.89375 0.7583333333333332 0.046875 0.19629629629629627
0 0.9283854166666666 0.7486111111111111 0.03697916666666666 0.18425925925925926
0 0.4929687499999999 0.5 0.05260416666666666 0.1074074074074074
0 0.4682291666666666 0.4893518518518518 0.03229166666666666 0.12314814814814815
0 0.3966145833333333 0.4842592592592593 0.027604166666666662 0.12407407407407407
0 0.40625 0.4833333333333333 0.025 0.09074074074074073
0 0.39140624999999996 0.4749999999999999 0.025520833333333333 0.1037037037037037
0 0.3942708333333333 0.47870370370370374 0.025 0.11296296296296296
5 0.6895833333333333 0.4879629629629629 0.02395833333333333 0.06666666666666667
0 0.7356770833333333 0.4449074074074074 0.0203125 0.07685185185185185
0 0.7489583333333333 0.4476851851851852 0.028125 0.08981481481481482
5 0.7486979166666666 0.5199074074074074 0.0296875 0.08796296296296295
5 0.5369791666666667 0.4662037037037036 0.02395833333333333 0.11018518518518519
