0 0.24791666666666665 0.6300925925925925 0.05 0.16574074074074072
0 0.5666666666666667 0.6449074074074074 0.034375 0.18796296296296294
0 0.5984375 0.649537037037037 0.034375 0.18055555555555552
5 0.6614583333333333 0.6481481481481481 0.03020833333333333 0.1759259259259259
0 0.73828125 0.5203703703703704 0.0234375 0.0962962962962963
5 0.7369791666666666 0.4837962962962963 0.025 0.07685185185185185
0 0.6234374999999999 0.6453703703703704 0.03229166666666666 0.17962962962962964
0 0.4822916666666666 0.650462962962963 0.028125 0.13796296296296295
0 0.5166666666666667 0.6370370370370371 0.03645833333333333 0.17037037037037037
0 0.60546875 0.6828703703703703 0.04114583333333333 0.16574074074074072
0 0.80078125 0.6606481481481481 0.033854166666666664 0.16018518518518518
0 0.7218749999999999 0.6365740740740741 0.029166666666666664 0.1509259259259259
0 0.7557291666666666 0.6337962962962962 0.040625 0.16574074074074072
0 0.8354166666666666 0.6597222222222221 0.0375 0.16759259259259257
5 0.6575520833333333 0.6023148148148147 0.027604166666666662 0.14351851851851852
0 0.24713541666666666 0.7805555555555556 0.0484375 0.22592592592592592
0 0.28906249999999994 0.7851851851851851 0.042708333333333334 0.20370370370370366
0 0.275 0.8402777777777777 0.05625 0.22129629629629627
0 0.14322916666666669 0.8060185185185185 0.03958333333333333 0.21018518518518517
0 0.14192708333333331 0.888888888888889 0.056770833333333326 0.22407407407407404
0 0.4580729166666666 0.6569444444444443 0.0328125 0.16759259259259257
0 0.7729166666666667 0.6749999999999999 0.03645833333333333 0.18518518518518517
0 0.6166666666666667 0.7231481481481481 0.03958333333333333 0.20370370370370366
0 0.6557291666666666 0.7351851851851852 0.0375 0.18518518518518517
0 0.4919270833333333 0.674074074074074 0.04114583333333333 0.15555555555555553
0 0.79296875 0.7134259259259259 0.0296875 0.11759259259259258
0 0.7731770833333333 0.7046296296296296 0.03802083333333333 0.1537037037037037
0 0.8312499999999998 0.737037037037037 0.04895833333333333 0.21296296296296294
0 0.8692708333333334 0.7384259259259259 0.041666666666666664 0.20277777777777778
0 0.9729166666666667 0.7726851851851851 0.04791666666666666 0.21018518518518517
0 0.80078125 0.6967592592592592 0.03802083333333333 0.1787037037037037
0 0.6130208333333333 0.5833333333333333 0.03229166666666666 0.13148148148148148
0 0.5854166666666666 0.5731481481481481 0.0375 0.14444444444444443
0 0.4598958333333333 0.5773148148148148 0.03333333333333333 0.14907407407407408
0 0.5286458333333333 0.5962962962962963 0.04479166666666666 0.15740740740740738
0 0.5526041666666666 0.5412037037037036 0.022916666666666665 0.10462962962962963
0 0.5307291666666667 0.5421296296296296 0.03020833333333333 0.12685185185185183
0 0.5018229166666667 0.525 0.03177083333333333 0.12037037037037038
0 0.44921875 0.5268518518518518 0.03177083333333333 0.11851851851851851
0 0.4140625 0.524074074074074 0.025 0.11666666666666665
0 0.5299479166666666 0.5087962962962962 0.027604166666666662 0.11574074074074074
0 0.5052083333333333 0.49907407407407406 0.02395833333333333 0.11296296296296296
0 0.4846354166666667 0.4999999999999999 0.025520833333333333 0.12962962962962962
0 0.4658854166666667 0.5037037037037037 0.025520833333333333 0.11666666666666665
0 0.4239583333333333 0.4930555555555555 0.02708333333333333 0.12129629629629628
0 0.4786458333333333 0.4796296296296296 0.026041666666666664 0.1074074074074074
0 0.5309895833333333 0.525 0.021354166666666667 0.1074074074074074
5 0.7223958333333333 0.4921296296296296 0.02395833333333333 0.06574074074074074
0 0.4580729166666667 0.4819444444444444 0.025520833333333333 0.12314814814814815
0 0.7638020833333333 0.4416666666666666 0.01927083333333333 0.07407407407407407
0 0.7723958333333333 0.43657407407407406 0.02708333333333333 0.0824074074074074
5 0.784375 0.524537037037037 0.03020833333333333 0.08796296296296295
5 0.5781249999999999 0.46712962962962956 0.026041666666666664 0.11018518518518519
