0 0.2518229166666667 0.6194444444444444 0.04635416666666666 0.17962962962962964
0 0.3109375 0.6199074074074074 0.03958333333333333 0.1824074074074074
0 0.33645833333333336 0.6439814814814814 0.041666666666666664 0.16759259259259257
0 0.53828125 0.625462962962963 0.034895833333333334 0.18796296296296294
0 0.5713541666666667 0.6277777777777778 0.03333333333333333 0.17962962962962964
5 0.64296875 0.6300925925925925 0.028645833333333332 0.17129629629629628
0 0.7385416666666667 0.5166666666666667 0.02395833333333333 0.0962962962962963
5 0.7221354166666667 0.47453703703703703 0.025520833333333333 0.07685185185185185
0 0.6075520833333333 0.6365740740740741 0.034895833333333334 0.1787037037037037
0 0.6968749999999999 0.937037037037037 0.06354166666666666 0.12777777777777777
0 0.62578125 0.9347222222222223 0.0703125 0.13055555555555556
0 0.4609374999999999 0.611574074074074 0.026041666666666664 0.11759259259259258
0 0.4934895833333333 0.5912037037037037 0.033854166666666664 0.16018518518518518
0 0.4880208333333333 0.6439814814814815 0.03645833333333333 0.16203703703703703
0 0.6859375 0.6175925925925926 0.034375 0.14629629629629629
0 0.5731770833333333 0.5976851851851851 0.027604166666666662 0.13796296296296295
0 0.621875 0.6046296296296296 0.042708333333333334 0.16296296296296295
0 0.7151041666666667 0.6152777777777778 0.03125 0.14907407407407408
5 0.6395833333333333 0.6004629629629629 0.03020833333333333 0.14351851851851852
0 0.8604166666666666 0.7314814814814814 0.040625 0.20555555555555555
0 0.8888020833333332 0.7208333333333333 0.05364583333333332 0.19537037037037036
0 0.86875 0.7106481481481481 0.034375 0.18796296296296294
0 0.5513020833333333 0.9305555555555556 0.0609375 0.14074074074074075
0 0.9083333333333332 0.7162037037037037 0.042708333333333334 0.18796296296296294
0 0.1828125 0.8240740740740741 0.05416666666666666 0.24259259259259255
0 0.22994791666666664 0.8319444444444445 0.05052083333333333 0.22314814814814815
0 0.18489583333333331 0.8935185185185185 0.0625 0.2148148148148148
0 0.10208333333333333 0.8078703703703705 0.0375 0.21018518518518517
0 0.10911458333333332 0.8300925925925926 0.043229166666666666 0.23796296296296293
0 0.5260416666666666 0.6847222222222222 0.041666666666666664 0.18796296296296294
0 0.7489583333333333 0.6986111111111111 0.042708333333333334 0.18981481481481483
0 0.6127604166666667 0.7175925925925926 0.04114583333333333 0.20185185185185187
0 0.6328125 0.7212962962962963 0.03645833333333333 0.17962962962962964
0 0.6161458333333333 0.6967592592592593 0.03645833333333333 0.16203703703703703
0 0.7770833333333333 0.7412037037037036 0.034375 0.1287037037037037
0 0.7395833333333333 0.749074074074074 0.040625 0.17037037037037037
0 0.9739583333333333 0.7712962962962961 0.04583333333333333 0.22222222222222224
0 0.7677083333333333 0.7305555555555555 0.040625 0.19629629629629627
0 0.5721354166666666 0.5421296296296296 0.0296875 0.11203703703703702
0 0.54375 0.5356481481481482 0.0375 0.12685185185185183
0 0.4442708333333333 0.537037037037037 0.03020833333333333 0.13518518518518519
0 0.6494791666666666 0.5935185185185186 0.040625 0.16296296296296295
0 0.5216145833333333 0.5152777777777777 0.0203125 0.10092592592592593
0 0.4932291666666667 0.5055555555555555 0.03020833333333333 0.1074074074074074
0 0.4604166666666666 0.500462962962963 0.029166666666666664 0.12129629629629628
0 0.4265625 0.49722222222222223 0.03020833333333333 0.11296296296296296
0 0.40625 0.4981481481481481 0.026041666666666664 0.11296296296296296
0 0.4690104166666667 0.4796296296296296 0.025520833333333333 0.10925925925925925
0 0.4408854166666666 0.475 0.0234375 0.11296296296296296
0 0.4276041666666666 0.4726851851851851 0.021875 0.12314814814814815
0 0.41171875 0.47824074074074074 0.0234375 0.11388888888888889
0 0.5015625 0.49675925925925923 0.025 0.10462962962962963
5 0.7036458333333333 0.48472222222222217 0.02395833333333333 0.06574074074074074
0 0.7510416666666666 0.43611111111111106 0.019791666666666666 0.07407407407407407
0 0.7557291666666667 0.43194444444444435 0.02708333333333333 0.0824074074074074
5 0.7690104166666666 0.5162037037037037 0.0296875 0.08796296296296295
5 0.5638020833333333 0.46018518518518514 0.025520833333333333 0.10925925925925925
