0 0.24947916666666664 0.737037037037037 0.055208333333333325 0.2074074074074074
0 0.3171875 0.7407407407407407 0.051041666666666666 0.22777777777777777
0 0.3723958333333333 0.7189814814814814 0.03958333333333333 0.1935185185185185
0 0.29322916666666665 0.8962962962962961 0.06354166666666666 0.2074074074074074
0 0.3559895833333333 0.9009259259259258 0.06302083333333333 0.19629629629629627
0 0.59765625 0.6527777777777778 0.0421875 0.1925925925925926
0 0.6070312499999999 0.6481481481481481 0.03697916666666666 0.1759259259259259
5 0.646875 0.6296296296296295 0.028125 0.1685185185185185
0 0.7908854166666667 0.5296296296296296 0.025520833333333333 0.09259259259259259
5 0.7083333333333333 0.4837962962962963 0.026041666666666664 0.07685185185185185
0 0.6244791666666667 0.6532407407407408 0.03020833333333333 0.1824074074074074
0 0.9085937499999999 0.7152777777777777 0.05364583333333332 0.19166666666666665
0 0.7437499999999999 0.7800925925925926 0.041666666666666664 0.22314814814814815
0 0.7005208333333333 0.7856481481481481 0.04791666666666666 0.22129629629629627
0 0.8830729166666667 0.7009259259259258 0.0484375 0.19444444444444445
0 0.45078125 0.5416666666666666 0.0234375 0.11111111111111112
0 0.4731770833333333 0.5319444444444444 0.03072916666666666 0.13796296296296295
0 0.4294270833333333 0.5689814814814815 0.0296875 0.13425925925925924
0 0.5026041666666667 0.5592592592592591 0.03333333333333333 0.13518518518518519
0 0.5018229166666667 0.5328703703703704 0.025520833333333333 0.12129629629629628
0 0.5361979166666667 0.5351851851851852 0.03177083333333333 0.13333333333333333
0 0.5328125 0.5555555555555556 0.03020833333333333 0.12962962962962962
0 0.53515625 0.6675925925925925 0.04739583333333333 0.19629629629629627
5 0.6270833333333333 0.6050925925925925 0.029166666666666664 0.14351851851851852
0 0.5481770833333333 0.6675925925925925 0.049479166666666664 0.18703703703703703
0 0.5729166666666666 0.6629629629629629 0.0375 0.17407407407407408
0 0.5419270833333333 0.6337962962962963 0.03177083333333333 0.16203703703703703
0 0.6583333333333333 0.6212962962962962 0.03645833333333333 0.15740740740740738
0 0.6528645833333333 0.6175925925925926 0.03177083333333333 0.15185185185185185
0 0.6208333333333333 0.6976851851851851 0.046875 0.17314814814814813
0 0.6497395833333333 0.7069444444444445 0.033854166666666664 0.13425925925925924
0 0.7432291666666666 0.7069444444444445 0.05416666666666666 0.2009259259259259
0 0.6489583333333333 0.7833333333333333 0.046875 0.22407407407407404
0 0.7302083333333333 0.6134259259259258 0.03125 0.1472222222222222
0 0.7822916666666666 0.6587962962962963 0.04375 0.175
0 0.7914062499999999 0.7166666666666666 0.049479166666666664 0.1759259259259259
0 0.025781249999999995 0.925 0.05052083333333333 0.15185185185185185
0 0.05598958333333333 0.9435185185185185 0.05572916666666666 0.11481481481481481
0 0.440625 0.826851851851852 0.055208333333333325 0.20370370370370366
0 0.6205729166666666 0.8185185185185185 0.0578125 0.21666666666666665
0 0.9078125 0.7898148148148147 0.041666666666666664 0.20925925925925926
0 0.4736979166666667 0.4879629629629629 0.028645833333333332 0.1037037037037037
0 0.4473958333333333 0.4810185185185185 0.03229166666666666 0.12314814814814815
0 0.37734375 0.4736111111111111 0.03177083333333333 0.12129629629629628
5 0.6921875 0.49120370370370364 0.02395833333333333 0.06574074074074074
0 0.7247395833333333 0.4504629629629629 0.024479166666666666 0.08611111111111111
0 0.7466145833333333 0.44305555555555554 0.0296875 0.08981481481481482
5 0.7510416666666667 0.5199074074074074 0.03020833333333333 0.08796296296296295
5 0.5385416666666667 0.4652777777777777 0.02395833333333333 0.11018518518518519
