0 0.24635416666666665 0.762962962962963 0.06041666666666666 0.22037037037037038
0 0.3075520833333333 0.7662037037037037 0.05052083333333333 0.2324074074074074
0 0.36197916666666663 0.7421296296296296 0.041666666666666664 0.20462962962962963
0 0.31406249999999997 0.8856481481481481 0.06145833333333332 0.23055555555555554
0 0.37447916666666664 0.8907407407407406 0.06145833333333332 0.2185185185185185
0 0.6276041666666666 0.6634259259259259 0.04479166666666666 0.1935185185185185
0 0.6390624999999999 0.6611111111111111 0.041666666666666664 0.18888888888888888
5 0.6539062499999999 0.6365740740740741 0.027604166666666662 0.16759259259259257
0 0.7953124999999999 0.5305555555555556 0.026041666666666664 0.09259259259259259
5 0.7104166666666666 0.48564814814814816 0.026041666666666664 0.07685185185185185
0 0.6369791666666667 0.6537037037037037 0.035416666666666666 0.18148148148148147
0 0.8674479166666667 0.711574074074074 0.05052083333333333 0.1935185185185185
0 0.7541666666666667 0.7620370370370371 0.04583333333333333 0.2185185185185185
0 0.70390625 0.7652777777777777 0.0484375 0.21203703703703702
0 0.8479166666666667 0.6912037037037037 0.042708333333333334 0.1861111111111111
0 0.4484375 0.5393518518518519 0.02395833333333333 0.11018518518518519
0 0.4747395833333333 0.5282407407407408 0.03177083333333333 0.1324074074074074
0 0.4296875 0.5643518518518518 0.02708333333333333 0.13055555555555556
0 0.4963541666666666 0.5523148148148148 0.03125 0.13055555555555556
0 0.4989583333333333 0.5328703703703704 0.026041666666666664 0.12129629629629628
0 0.54453125 0.5305555555555556 0.03177083333333333 0.12962962962962962
0 0.5260416666666667 0.548148148148148 0.03020833333333333 0.12962962962962962
0 0.5132812499999999 0.6564814814814814 0.049479166666666664 0.18518518518518517
5 0.6322916666666666 0.6078703703703703 0.029166666666666664 0.14351851851851852
0 0.52109375 0.6578703703703703 0.0359375 0.175
0 0.5572916666666666 0.6509259259259259 0.035416666666666666 0.1685185185185185
0 0.5583333333333333 0.6226851851851852 0.03229166666666666 0.15833333333333333
0 0.62109375 0.6212962962962962 0.034895833333333334 0.15740740740740738
0 0.6276041666666666 0.6175925925925926 0.03125 0.15185185185185185
0 0.5796874999999999 0.6907407407407407 0.04479166666666666 0.17222222222222222
0 0.6096354166666667 0.7037037037037037 0.034895833333333334 0.13333333333333333
0 0.68828125 0.7046296296296296 0.04427083333333333 0.19444444444444445
0 0.6536458333333333 0.7648148148148148 0.046875 0.22407407407407404
0 0.69921875 0.6078703703703703 0.0296875 0.14351851851851852
0 0.7619791666666667 0.649537037037037 0.03854166666666666 0.16759259259259257
0 0.7520833333333333 0.712037037037037 0.05 0.1685185185185185
0 0.0203125 0.9407407407407407 0.03958333333333333 0.12037037037037038
0 0.04765625 0.9560185185185185 0.0578125 0.08981481481481482
0 0.5268229166666666 0.826851851851852 0.05260416666666666 0.20370370370370366
0 0.7010416666666666 0.8203703703703704 0.0625 0.21666666666666665
0 0.9739583333333333 0.8055555555555556 0.042708333333333334 0.21666666666666665
0 0.46406249999999993 0.4893518518518518 0.03229166666666666 0.10462962962962963
0 0.43203125 0.4810185185185185 0.0328125 0.12314814814814815
5 0.696875 0.4939814814814814 0.02395833333333333 0.06574074074074074
0 0.7216145833333333 0.45277777777777767 0.025520833333333333 0.09074074074074073
0 0.7411458333333333 0.4523148148148148 0.03020833333333333 0.08981481481481482
5 0.7572916666666667 0.524537037037037 0.03020833333333333 0.08796296296296295
5 0.5463541666666667 0.4708333333333333 0.02395833333333333 0.11018518518518519
