0 0.22734375 0.8486111111111111 0.06302083333333333 0.24907407407407406
0 0.28411458333333334 0.8537037037037035 0.05572916666666666 0.25555555555555554
0 0.3197916666666667 0.8171296296296297 0.046875 0.2175925925925926
0 0.3638020833333333 0.850462962962963 0.0546875 0.23425925925925925
0 0.40546875 0.8541666666666666 0.05677083333333334 0.2157407407407407
0 0.7265625 0.7199074074074073 0.04583333333333334 0.20092592592592592
0 0.7388020833333334 0.7138888888888888 0.0421875 0.19629629629629627
0 0.6658854166666667 0.6722222222222223 0.029687500000000002 0.1685185185185185
0 0.80703125 0.562037037037037 0.02760416666666667 0.09259259259259259
0 0.7221354166666667 0.5125 0.0265625 0.07685185185185185
0 0.6768229166666666 0.6999999999999998 0.03802083333333334 0.18148148148148147
0 0.8309895833333334 0.7152777777777778 0.04010416666666666 0.18425925925925926
0 0.73828125 0.7467592592592591 0.049479166666666664 0.19722222222222222
0 0.66640625 0.748611111111111 0.044270833333333336 0.19537037037037036
0 0.8127604166666667 0.6967592592592592 0.04010416666666666 0.175
0 0.44531250000000006 0.5476851851851852 0.02395833333333333 0.10648148148148147
0 0.4729166666666667 0.5324074074074073 0.029166666666666667 0.11666666666666667
0 0.4359375 0.5745370370370371 0.027083333333333334 0.12314814814814815
0 0.47890625000000003 0.5648148148148148 0.03177083333333333 0.12407407407407406
0 0.4942708333333333 0.5361111111111111 0.026041666666666668 0.11296296296296296
0 0.53671875 0.5425925925925926 0.029687500000000002 0.12407407407407406
0 0.5067708333333334 0.5592592592592591 0.030208333333333334 0.12962962962962962
0 0.4705729166666667 0.6504629629629629 0.04114583333333334 0.17314814814814813
0 0.6489583333333334 0.6402777777777777 0.029166666666666667 0.14351851851851852
0 0.4916666666666667 0.6467592592592591 0.035416666666666666 0.16574074074074074
0 0.5276041666666667 0.6425925925925926 0.034374999999999996 0.15185185185185185
0 0.5544270833333333 0.6249999999999999 0.03177083333333333 0.13888888888888887
0 0.5848958333333333 0.6203703703703702 0.03333333333333333 0.14629629629629629
0 0.5726562500000001 0.6083333333333333 0.02760416666666667 0.1259259259259259
0 0.5296875 0.6824074074074072 0.042708333333333334 0.16296296296296295
0 0.5635416666666667 0.6967592592592593 0.030208333333333334 0.12870370370370368
0 0.5963541666666666 0.7060185185185185 0.03958333333333334 0.1935185185185185
0 0.6255208333333333 0.749537037037037 0.040625 0.20277777777777778
0 0.6119791666666666 0.6148148148148148 0.030208333333333334 0.14074074074074075
0 0.6781250000000001 0.662037037037037 0.034374999999999996 0.1685185185185185
0 0.6429687500000001 0.7166666666666666 0.03697916666666667 0.1648148148148148
0 0.7580729166666667 0.8629629629629628 0.035937500000000004 0.2037037037037037
0 0.9078125 0.8388888888888889 0.05625 0.2111111111111111
0 0.40989583333333335 0.5064814814814814 0.026041666666666668 0.10370370370370369
0 0.7104166666666667 0.5291666666666666 0.02395833333333333 0.06574074074074074
0 0.6953125 0.48611111111111105 0.026041666666666668 0.09074074074074073
0 0.7205729166666667 0.4828703703703703 0.029687500000000002 0.0898148148148148
0 0.7692708333333333 0.5541666666666667 0.03125 0.08796296296296297
0 0.5627604166666667 0.5023148148148148 0.0234375 0.11018518518518518
