0 0.5713541666666666 0.6666666666666666 0.035416666666666666 0.19814814814814813
0 0.5950520833333333 0.6787037037037037 0.0390625 0.19444444444444445
5 0.6606770833333333 0.6467592592592593 0.0328125 0.17685185185185184
0 0.7471354166666666 0.5175925925925926 0.024479166666666666 0.0962962962962963
5 0.7489583333333333 0.4791666666666667 0.025 0.07685185185185185
0 0.6067708333333333 0.6462962962962963 0.03229166666666666 0.17407407407407408
0 0.5119791666666667 0.6796296296296296 0.02708333333333333 0.15185185185185185
0 0.5674479166666666 0.6601851851851851 0.043229166666666666 0.18148148148148147
0 0.6989583333333333 0.7074074074074074 0.040625 0.1759259259259259
0 0.8583333333333332 0.6847222222222221 0.0375 0.17314814814814813
0 0.8473958333333332 0.6574074074074074 0.03020833333333333 0.15185185185185185
0 0.84765625 0.649537037037037 0.0390625 0.16759259259259257
0 0.8911458333333332 0.6842592592592591 0.0375 0.17962962962962964
5 0.6671875 0.6041666666666666 0.02708333333333333 0.14351851851851852
0 0.2794270833333333 0.7444444444444445 0.0453125 0.20925925925925926
0 0.31875 0.7532407407407407 0.042708333333333334 0.19907407407407407
0 0.31484375 0.7916666666666666 0.05260416666666666 0.20370370370370366
0 0.20651041666666664 0.7666666666666666 0.04427083333333333 0.1925925925925926
0 0.12057291666666665 0.9194444444444445 0.0703125 0.1611111111111111
0 0.4479166666666667 0.6236111111111111 0.03333333333333333 0.16018518518518518
0 0.7638020833333333 0.6513888888888888 0.033854166666666664 0.1824074074074074
0 0.64375 0.7263888888888889 0.040625 0.20462962962962963
0 0.6734374999999999 0.7393518518518518 0.04479166666666666 0.1861111111111111
0 0.4169270833333333 0.6467592592592591 0.04114583333333333 0.1472222222222222
0 0.79140625 0.6874999999999999 0.0296875 0.11759259259259258
0 0.78046875 0.6782407407407407 0.0359375 0.1472222222222222
0 0.82890625 0.7069444444444445 0.04635416666666666 0.2009259259259259
0 0.8390625 0.7046296296296296 0.040625 0.20185185185185187
0 0.8484375 0.737037037037037 0.05625 0.20555555555555555
0 0.8072916666666666 0.6726851851851852 0.03645833333333333 0.1787037037037037
0 0.8986979166666667 0.7412037037037036 0.0453125 0.18796296296296294
0 0.6434895833333333 0.5949074074074073 0.03177083333333333 0.1324074074074074
0 0.6216145833333333 0.5930555555555556 0.03802083333333333 0.15833333333333333
0 0.4739583333333333 0.6023148148148147 0.034375 0.16018518518518518
0 0.4614583333333333 0.5773148148148148 0.04375 0.15648148148148147
0 0.5822916666666667 0.5592592592592591 0.028125 0.1037037037037037
0 0.5463541666666667 0.5550925925925926 0.03020833333333333 0.12685185185185183
0 0.5156249999999999 0.5319444444444443 0.03229166666666666 0.1287037037037037
0 0.4604166666666666 0.537962962962963 0.03125 0.11851851851851851
0 0.4197916666666666 0.5375 0.025 0.12685185185185183
0 0.5572916666666666 0.5166666666666667 0.028125 0.11481481481481481
0 0.5315104166666667 0.5166666666666667 0.0265625 0.12037037037037038
0 0.5093749999999999 0.5106481481481481 0.026041666666666664 0.13055555555555556
0 0.4937499999999999 0.5180555555555555 0.026041666666666664 0.12129629629629628
0 0.43125 0.5097222222222222 0.028125 0.11574074074074074
0 0.528125 0.4898148148148148 0.028125 0.1074074074074074
0 0.4588541666666667 0.487962962962963 0.03020833333333333 0.12037037037037038
0 0.4377604166666666 0.4689814814814815 0.021354166666666667 0.09907407407407406
0 0.42890625 0.4749999999999999 0.0265625 0.1037037037037037
0 0.5432291666666667 0.5361111111111111 0.021875 0.1074074074074074
5 0.7286458333333333 0.4893518518518518 0.02395833333333333 0.06574074074074074
0 0.5075520833333333 0.49074074074074076 0.025520833333333333 0.12407407407407407
0 0.7731770833333333 0.44259259259259254 0.01927083333333333 0.07407407407407407
0 0.784375 0.44027777777777777 0.02708333333333333 0.0824074074074074
5 0.7921875 0.5189814814814815 0.03020833333333333 0.08796296296296295
5 0.5859374999999999 0.4662037037037036 0.026041666666666664 0.11018518518518519
