0 0.28385416666666663 0.6912037037037037 0.055208333333333325 0.20462962962962963
0 0.34270833333333334 0.6916666666666667 0.04791666666666666 0.21296296296296294
0 0.4135416666666667 0.6842592592592591 0.03645833333333333 0.18518518518518517
0 0.22447916666666665 0.9324074074074075 0.07708333333333332 0.137037037037037
0 0.31171874999999993 0.9388888888888888 0.056770833333333326 0.12407407407407407
0 0.5380208333333333 0.625 0.041666666666666664 0.18148148148148147
0 0.5625 0.624537037037037 0.034375 0.18055555555555552
5 0.6489583333333333 0.6296296296296295 0.028125 0.1685185185185185
0 0.7921874999999999 0.5226851851851851 0.026041666666666664 0.09351851851851851
5 0.7067708333333333 0.475462962962963 0.026041666666666664 0.07685185185185185
0 0.6239583333333333 0.6476851851851851 0.0375 0.18055555555555552
0 0.7343749999999999 0.8449074074074072 0.04791666666666666 0.24537037037037038
0 0.6848958333333333 0.8407407407407407 0.05416666666666666 0.24814814814814815
0 0.4580729166666666 0.5611111111111111 0.0234375 0.11296296296296296
0 0.48697916666666663 0.5439814814814815 0.03125 0.14537037037037037
0 0.44609375 0.5912037037037037 0.0296875 0.14166666666666666
0 0.5328125 0.575 0.03125 0.14444444444444443
0 0.5111979166666667 0.548148148148148 0.025520833333333333 0.13518518518518519
0 0.5346354166666667 0.548611111111111 0.028645833333333332 0.14166666666666666
0 0.5606770833333333 0.5703703703703703 0.033854166666666664 0.13518518518518519
0 0.6463541666666667 0.700462962962963 0.04583333333333333 0.20277777777777778
5 0.6278645833333333 0.599537037037037 0.0296875 0.14351851851851852
0 0.6723958333333333 0.6907407407407407 0.042708333333333334 0.1907407407407407
0 0.6958333333333333 0.6874999999999999 0.041666666666666664 0.17314814814814813
0 0.5885416666666667 0.6662037037037037 0.05208333333333333 0.17685185185185184
0 0.7453125 0.6462962962962963 0.03645833333333333 0.1685185185185185
0 0.7632812499999999 0.6412037037037036 0.03072916666666666 0.15462962962962962
0 0.7726562499999999 0.7129629629629629 0.058854166666666666 0.18518518518518517
0 0.7950520833333333 0.7231481481481481 0.033854166666666664 0.14074074074074075
0 0.8874999999999998 0.7143518518518518 0.06145833333333332 0.19907407407407407
0 0.6169270833333333 0.8435185185185186 0.05364583333333332 0.25925925925925924
0 0.7958333333333333 0.6449074074074075 0.040625 0.17129629629629628
0 0.86640625 0.6935185185185185 0.04635416666666666 0.19629629629629627
0 0.9575520833333332 0.725 0.0515625 0.1759259259259259
0 0.06328125 0.8953703703703703 0.0578125 0.2074074074074074
0 0.11276041666666665 0.9106481481481481 0.0546875 0.18055555555555552
0 0.057291666666666664 0.9601851851851851 0.05416666666666666 0.07962962962962963
0 0.2684895833333333 0.8148148148148147 0.056770833333333326 0.20370370370370366
0 0.4216145833333333 0.8277777777777778 0.0640625 0.22407407407407404
0 0.7388020833333333 0.7606481481481481 0.04739583333333333 0.21018518518518517
0 0.9281249999999999 0.7546296296296295 0.04895833333333333 0.20555555555555555
0 0.8244791666666667 0.7518518518518518 0.04479166666666666 0.21296296296296294
0 0.8234375 0.749074074074074 0.04375 0.19629629629629627
0 0.8611979166666666 0.7430555555555556 0.049479166666666664 0.17314814814814813
0 0.9544270833333333 0.7824074074074073 0.04114583333333333 0.13518518518518519
0 0.5106770833333333 0.5032407407407408 0.0328125 0.10648148148148147
0 0.4838541666666666 0.4967592592592592 0.03229166666666666 0.12314814814814815
0 0.4109375 0.4935185185185185 0.03020833333333333 0.1259259259259259
0 0.8291666666666666 0.5601851851851851 0.03125 0.14074074074074075
0 0.43515625 0.4879629629629629 0.025520833333333333 0.09074074074074073
0 0.4174479166666667 0.4768518518518518 0.025520833333333333 0.10185185185185183
0 0.4203125 0.4856481481481481 0.025 0.11203703703703702
5 0.6911458333333333 0.48472222222222217 0.02395833333333333 0.06574074074074074
0 0.7442708333333333 0.437037037037037 0.01875 0.07407407407407407
0 0.7533854166666666 0.4375 0.027604166666666662 0.08611111111111111
5 0.7536458333333333 0.5152777777777777 0.03020833333333333 0.08796296296296295
5 0.5416666666666667 0.4606481481481481 0.02395833333333333 0.11018518518518519
