0 0.19947916666666665 0.875462962962963 0.06770833333333333 0.2509259259259259
0 0.2559895833333333 0.8736111111111111 0.05989583333333333 0.2509259259259259
0 0.2778645833333333 0.8462962962962962 0.05052083333333333 0.22407407407407404
0 0.9825520833333334 0.8949074074074073 0.033854166666666664 0.21203703703703702
0 0.37161458333333336 0.8125 0.05260416666666666 0.21944444444444441
0 0.41666666666666663 0.8152777777777777 0.051041666666666666 0.2009259259259259
0 0.7854166666666667 0.7393518518518519 0.046875 0.21574074074074073
0 0.7984375 0.7282407407407406 0.042708333333333334 0.20277777777777778
5 0.66328125 0.6694444444444444 0.0296875 0.1685185185185185
0 0.80390625 0.5657407407407407 0.027604166666666662 0.09259259259259259
5 0.71953125 0.5092592592592593 0.027604166666666662 0.07592592592592592
0 0.7236979166666666 0.7087962962962961 0.043229166666666666 0.18425925925925926
0 0.8125 0.6953703703703703 0.042708333333333334 0.17222222222222222
0 0.6817708333333333 0.725462962962963 0.041666666666666664 0.19537037037037036
0 0.6125 0.7180555555555556 0.03958333333333333 0.18981481481481483
0 0.7864583333333333 0.6708333333333332 0.03958333333333333 0.16574074074074072
0 0.4307291666666667 0.5356481481481481 0.02395833333333333 0.09907407407407406
0 0.4572916666666666 0.5134259259259258 0.026041666666666664 0.11203703703703702
0 0.42890625 0.5592592592592592 0.025520833333333333 0.12407407407407407
0 0.4559895833333333 0.5462962962962963 0.0296875 0.12407407407407407
0 0.4799479166666667 0.5212962962962963 0.025520833333333333 0.11296296296296296
0 0.5158854166666667 0.525 0.0296875 0.12037037037037038
0 0.484375 0.5449074074074074 0.03020833333333333 0.1287037037037037
0 0.4494791666666667 0.624074074074074 0.03958333333333333 0.1685185185185185
5 0.6442708333333333 0.6361111111111111 0.029166666666666664 0.137037037037037
0 0.48125 0.6263888888888889 0.03125 0.16203703703703703
0 0.50859375 0.6277777777777777 0.03177083333333333 0.14629629629629629
0 0.5343749999999999 0.6037037037037036 0.03229166666666666 0.13518518518518519
0 0.5661458333333333 0.5981481481481481 0.03645833333333333 0.13518518518518519
0 0.5580729166666666 0.5912037037037037 0.027604166666666662 0.12314814814814815
0 0.5171875 0.6523148148148148 0.03958333333333333 0.15648148148148147
0 0.5442708333333333 0.6703703703703704 0.02708333333333333 0.12777777777777777
0 0.5643229166666667 0.6763888888888888 0.03802083333333333 0.1787037037037037
0 0.5729166666666667 0.7212962962962962 0.03958333333333333 0.19814814814814813
0 0.5927083333333333 0.5962962962962962 0.03020833333333333 0.14074074074074075
0 0.6239583333333333 0.6356481481481481 0.03333333333333333 0.16018518518518518
0 0.6078125 0.6874999999999999 0.03958333333333333 0.15462962962962962
0 0.88515625 0.8648148148148147 0.0609375 0.20370370370370366
5 0.70546875 0.5282407407407407 0.0234375 0.06574074074074074
0 0.671875 0.4879629629629629 0.02708333333333333 0.09074074074074073
0 0.6973958333333333 0.4837962962962963 0.03125 0.09351851851851851
5 0.7671875 0.5541666666666666 0.03125 0.08796296296296295
5 0.56328125 0.5004629629629629 0.0234375 0.11018518518518519
