0 0.26614583333333336 0.7199074074074073 0.05416666666666666 0.21018518518518517
0 0.33125 0.7185185185185186 0.05 0.2185185185185185
0 0.3895833333333333 0.701388888888889 0.03958333333333333 0.18981481481481483
0 0.26432291666666663 0.9092592592592592 0.06927083333333332 0.18148148148148147
0 0.33359374999999997 0.9162037037037039 0.05989583333333333 0.16759259259259257
0 0.5713541666666666 0.6430555555555555 0.041666666666666664 0.18981481481481483
0 0.5796875 0.6421296296296296 0.03333333333333333 0.1824074074074074
5 0.6453125 0.6314814814814815 0.028125 0.1685185185185185
0 0.78984375 0.5273148148148148 0.025520833333333333 0.09351851851851851
5 0.7057291666666666 0.4810185185185185 0.026041666666666664 0.07685185185185185
0 0.61953125 0.6518518518518518 0.03802083333333333 0.18148148148148147
0 0.7359375 0.8069444444444445 0.04375 0.2287037037037037
0 0.6895833333333333 0.8083333333333332 0.04791666666666666 0.2333333333333333
0 0.93515625 0.7083333333333333 0.06197916666666666 0.1925925925925926
0 0.4528645833333333 0.5509259259259258 0.0234375 0.11296296296296296
0 0.4763020833333333 0.5356481481481482 0.03072916666666666 0.1398148148148148
0 0.4338541666666667 0.5768518518518518 0.03020833333333333 0.137037037037037
0 0.5117187499999999 0.5634259259259259 0.033854166666666664 0.13796296296296295
0 0.50390625 0.5393518518518519 0.025520833333333333 0.12685185185185183
0 0.5307291666666666 0.5449074074074074 0.03229166666666666 0.1398148148148148
0 0.5385416666666667 0.5592592592592591 0.03020833333333333 0.12962962962962962
0 0.5684895833333333 0.6870370370370369 0.0546875 0.20370370370370366
5 0.6236979166666666 0.6041666666666666 0.0296875 0.14351851851851852
0 0.5885416666666667 0.6791666666666667 0.042708333333333334 0.18981481481481483
0 0.61015625 0.6782407407407407 0.0359375 0.17314814814814813
0 0.5367187499999999 0.6458333333333333 0.033854166666666664 0.175
0 0.6947916666666667 0.6287037037037038 0.03645833333333333 0.15740740740740738
0 0.7007812499999999 0.6287037037037038 0.03072916666666666 0.15185185185185185
0 0.68125 0.7074074074074074 0.04375 0.1759259259259259
0 0.6989583333333333 0.7212962962962962 0.03333333333333333 0.13518518518518519
0 0.7950520833333333 0.7129629629629629 0.056770833333333326 0.19814814814814813
0 0.6380208333333333 0.8074074074074072 0.046875 0.24259259259259255
0 0.7557291666666667 0.6324074074074074 0.03958333333333333 0.17037037037037037
0 0.8109375 0.6796296296296296 0.042708333333333334 0.18703703703703703
0 0.8567708333333333 0.7199074074074074 0.059375 0.17685185185185184
0 0.03098958333333333 0.9138888888888888 0.056770833333333326 0.17222222222222222
0 0.07317708333333332 0.9282407407407408 0.05364583333333332 0.14351851851851852
0 0.36276041666666664 0.8212962962962962 0.049479166666666664 0.20370370370370366
0 0.5375 0.8236111111111111 0.06875 0.22129629629629627
0 0.8296875 0.7800925925925926 0.053125 0.21018518518518517
0 0.9158854166666666 0.7597222222222222 0.04635416666666666 0.21203703703703702
0 0.9119791666666666 0.7578703703703703 0.04375 0.19907407407407407
0 0.9510416666666666 0.7523148148148148 0.03645833333333333 0.1861111111111111
0 0.4890625 0.49444444444444446 0.05833333333333333 0.10925925925925925
0 0.46406249999999993 0.48749999999999993 0.03229166666666666 0.12314814814814815
0 0.39192708333333337 0.48240740740740734 0.027604166666666662 0.12407407407407407
0 0.4015625 0.48240740740740734 0.025 0.09074074074074073
0 0.3859375 0.4736111111111111 0.026041666666666664 0.10462962962962963
0 0.3890625 0.475 0.025 0.11296296296296296
5 0.6890625 0.4884259259259259 0.02395833333333333 0.06574074074074074
0 0.7302083333333333 0.44675925925925924 0.021875 0.08055555555555555
0 0.7484375 0.44675925925925924 0.028125 0.08981481481481482
5 0.7484375 0.5199074074074074 0.03020833333333333 0.08796296296296295
5 0.5369791666666667 0.4662037037037036 0.02395833333333333 0.11018518518518519
