0 0.24557291666666664 0.7759259259259259 0.06302083333333333 0.2333333333333333
0 0.2986979166666667 0.775462962962963 0.05364583333333332 0.2324074074074074
0 0.35 0.7541666666666667 0.041666666666666664 0.20462962962962963
0 0.32343749999999993 0.8800925925925925 0.06145833333333332 0.24166666666666664
0 0.38567708333333334 0.8828703703703702 0.058854166666666666 0.23055555555555554
0 0.6502604166666667 0.6708333333333333 0.04427083333333333 0.19537037037037036
0 0.6546875 0.6699074074074074 0.0375 0.1935185185185185
5 0.6578125 0.6402777777777777 0.028125 0.16759259259259257
0 0.8005208333333332 0.5351851851851851 0.02708333333333333 0.09259259259259259
5 0.7135416666666666 0.4893518518518518 0.026041666666666664 0.07685185185185185
0 0.6432291666666666 0.6564814814814814 0.035416666666666666 0.18148148148148147
0 0.8520833333333334 0.7074074074074074 0.04791666666666666 0.1907407407407407
0 0.7567708333333333 0.7518518518518518 0.04375 0.20925925925925926
0 0.7033854166666667 0.7592592592592593 0.0484375 0.2074074074074074
0 0.83671875 0.6912037037037037 0.0421875 0.18425925925925926
0 0.446875 0.538888888888889 0.02395833333333333 0.10925925925925925
0 0.475 0.5268518518518518 0.03125 0.12962962962962962
0 0.4317708333333333 0.5638888888888889 0.02708333333333333 0.12962962962962962
0 0.49453125 0.549537037037037 0.03177083333333333 0.125
0 0.4994791666666666 0.5300925925925926 0.026041666666666664 0.12129629629629628
0 0.5458333333333333 0.5291666666666667 0.03125 0.12685185185185183
0 0.5229166666666667 0.5472222222222222 0.03020833333333333 0.12962962962962962
0 0.4958333333333333 0.6527777777777778 0.05 0.18333333333333332
5 0.6369791666666667 0.6134259259259258 0.029166666666666664 0.14351851851851852
0 0.5119791666666667 0.6537037037037037 0.03645833333333333 0.17407407407407408
0 0.5486979166666666 0.6467592592592591 0.033854166666666664 0.16574074074074072
0 0.5624999999999999 0.6203703703703703 0.03229166666666666 0.1537037037037037
0 0.6057291666666667 0.6203703703703703 0.034375 0.15740740740740738
0 0.6070312499999999 0.6078703703703703 0.03072916666666666 0.14907407407407408
0 0.5627604166666667 0.6861111111111111 0.04427083333333333 0.17037037037037037
0 0.5903645833333333 0.7004629629629628 0.03072916666666666 0.13055555555555556
0 0.6653645833333333 0.7032407407407406 0.04010416666666666 0.19722222222222222
0 0.653125 0.7560185185185185 0.04583333333333333 0.22129629629629627
0 0.6812499999999999 0.6060185185185185 0.029166666666666664 0.14351851851851852
0 0.7450520833333333 0.6467592592592593 0.03802083333333333 0.16759259259259257
0 0.7229166666666667 0.711574074074074 0.04375 0.1638888888888889
0 0.016927083333333336 0.9444444444444444 0.0328125 0.11296296296296296
0 0.05026041666666666 0.961574074074074 0.05260416666666666 0.07870370370370369
0 0.5796875 0.8300925925925926 0.059375 0.20462962962962963
0 0.7473958333333333 0.8180555555555555 0.06770833333333333 0.21574074074074073
0 0.4598958333333333 0.4884259259259259 0.03229166666666666 0.10462962962962963
0 0.4203125 0.48240740740740745 0.03333333333333333 0.1259259259259259
5 0.7013020833333333 0.5013888888888889 0.0234375 0.06574074074074074
0 0.7182291666666666 0.4583333333333333 0.026041666666666664 0.09074074074074073
0 0.7375 0.4578703703703704 0.03020833333333333 0.08981481481481482
5 0.7622395833333333 0.5300925925925926 0.03072916666666666 0.08796296296296295
5 0.5515625 0.47453703703703703 0.02395833333333333 0.11018518518518519
