0 0.21041666666666664 0.8717592592592591 0.071875 0.25277777777777777
0 0.26588541666666665 0.8736111111111111 0.058854166666666666 0.2509259259259259
0 0.2947916666666667 0.8435185185185183 0.051041666666666666 0.22407407407407404
0 0.37109374999999994 0.8319444444444445 0.05989583333333333 0.22685185185185186
0 0.4106770833333333 0.8342592592592591 0.05260416666666666 0.20555555555555555
0 0.7622395833333333 0.7351851851851852 0.05052083333333333 0.20370370370370366
0 0.7723958333333333 0.7282407407407406 0.042708333333333334 0.19907407407407407
5 0.6627604166666666 0.6787037037037036 0.0296875 0.1685185185185185
0 0.8059895833333334 0.5685185185185185 0.027604166666666662 0.09259259259259259
5 0.7216145833333333 0.5166666666666667 0.027604166666666662 0.07592592592592592
0 0.7036458333333333 0.711111111111111 0.041666666666666664 0.18148148148148147
0 0.82578125 0.7125 0.0421875 0.1824074074074074
0 0.7067708333333333 0.7407407407407407 0.04375 0.19444444444444445
0 0.6315104166666666 0.736574074074074 0.0390625 0.19166666666666665
0 0.7986979166666666 0.6856481481481481 0.04010416666666666 0.16574074074074072
0 0.4401041666666667 0.5449074074074074 0.02395833333333333 0.10092592592592593
0 0.4658854166666666 0.5268518518518518 0.0265625 0.11296296296296296
0 0.4317708333333333 0.5703703703703703 0.026041666666666664 0.12407407407407407
0 0.4638020833333333 0.5587962962962962 0.03177083333333333 0.12314814814814815
0 0.4856770833333333 0.5342592592592592 0.025520833333333333 0.11296296296296296
0 0.5244791666666666 0.5421296296296296 0.029166666666666664 0.12314814814814815
0 0.49296875 0.5587962962962962 0.0296875 0.1287037037037037
0 0.4625 0.6416666666666666 0.0375 0.1685185185185185
5 0.6463541666666667 0.6449074074074074 0.02708333333333333 0.14351851851851852
0 0.4828124999999999 0.6402777777777777 0.03229166666666666 0.1638888888888889
0 0.5187499999999999 0.6421296296296296 0.03229166666666666 0.1472222222222222
0 0.5432291666666667 0.6185185185185185 0.03125 0.137037037037037
0 0.5747395833333333 0.6138888888888888 0.033854166666666664 0.13518518518518519
0 0.5645833333333333 0.6050925925925925 0.02708333333333333 0.12685185185185183
0 0.5229166666666666 0.6689814814814814 0.041666666666666664 0.16018518518518518
0 0.5505208333333333 0.6842592592592591 0.02708333333333333 0.12962962962962962
0 0.5755208333333333 0.6949074074074073 0.0375 0.18796296296296294
0 0.5979166666666667 0.7398148148148148 0.040625 0.19814814814814813
0 0.5973958333333333 0.611111111111111 0.03020833333333333 0.14074074074074075
0 0.6421875 0.6537037037037037 0.03333333333333333 0.1685185185185185
0 0.6190104166666666 0.7083333333333333 0.03697916666666666 0.1611111111111111
0 0.8325520833333332 0.8685185185185185 0.06302083333333333 0.20370370370370366
0 0.9690104166666667 0.837962962962963 0.05260416666666666 0.2074074074074074
5 0.7075520833333333 0.5337962962962962 0.0234375 0.06574074074074074
0 0.6802083333333333 0.4935185185185184 0.026041666666666664 0.09074074074074073
0 0.7106770833333333 0.4912037037037037 0.0296875 0.08981481481481482
5 0.7697916666666667 0.5634259259259259 0.03125 0.08796296296296295
5 0.5640625 0.5069444444444444 0.02395833333333333 0.11018518518518519
