0 0.2484375 0.7412037037037036 0.057291666666666664 0.21574074074074073
0 0.31510416666666663 0.7476851851851852 0.051041666666666666 0.2324074074074074
0 0.36822916666666666 0.7231481481481481 0.03958333333333333 0.19629629629629627
0 0.29921875 0.8935185185185185 0.06302083333333333 0.21296296296296294
0 0.36067708333333337 0.8981481481481481 0.06197916666666666 0.20370370370370366
0 0.6039062499999999 0.6546296296296296 0.043229166666666666 0.1925925925925926
0 0.61484375 0.6513888888888888 0.03802083333333333 0.1787037037037037
5 0.6484375 0.6305555555555555 0.028125 0.1685185185185185
0 0.79140625 0.5296296296296296 0.025520833333333333 0.09259259259259259
5 0.7088541666666666 0.4837962962962963 0.026041666666666664 0.07685185185185185
0 0.6276041666666666 0.6532407407407408 0.03229166666666666 0.1824074074074074
0 0.8955729166666666 0.7143518518518518 0.0546875 0.18981481481481483
0 0.7450520833333333 0.7759259259259259 0.0421875 0.22222222222222224
0 0.7015624999999999 0.7819444444444443 0.04791666666666666 0.21944444444444441
0 0.8749999999999998 0.6995370370370371 0.04895833333333333 0.1935185185185185
0 0.4502604166666666 0.5402777777777776 0.0234375 0.11018518518518519
0 0.4739583333333333 0.5305555555555556 0.03125 0.137037037037037
0 0.4294270833333333 0.5675925925925925 0.0296875 0.13333333333333333
0 0.5005208333333333 0.5564814814814814 0.03229166666666666 0.13518518518518519
0 0.5010416666666666 0.5328703703703704 0.026041666666666664 0.12129629629629628
0 0.53828125 0.5333333333333333 0.03177083333333333 0.13148148148148148
0 0.5317708333333333 0.5555555555555556 0.03020833333333333 0.12962962962962962
0 0.5291666666666666 0.6652777777777777 0.053125 0.1935185185185185
5 0.6281249999999999 0.6050925925925925 0.029166666666666664 0.14351851851851852
0 0.5403645833333333 0.6648148148148147 0.04010416666666666 0.18703703703703703
0 0.5682291666666667 0.6611111111111111 0.03645833333333333 0.17407407407407408
0 0.5455729166666667 0.6314814814814814 0.03177083333333333 0.1611111111111111
0 0.6489583333333333 0.6212962962962962 0.03645833333333333 0.15740740740740738
0 0.65 0.6175925925925926 0.03125 0.15185185185185185
0 0.6088541666666666 0.6958333333333333 0.046875 0.17314814814814813
0 0.6408854166666667 0.7050925925925926 0.034895833333333334 0.13425925925925924
0 0.73046875 0.7069444444444445 0.0515625 0.20277777777777778
0 0.6505208333333333 0.7787037037037037 0.046875 0.22407407407407404
0 0.7231770833333333 0.610648148148148 0.0296875 0.14351851851851852
0 0.7755208333333333 0.6560185185185186 0.04583333333333333 0.17129629629629628
0 0.78203125 0.7157407407407408 0.0546875 0.1759259259259259
0 0.024479166666666666 0.9282407407407407 0.04791666666666666 0.14537037037037037
0 0.05260416666666666 0.9467592592592592 0.057291666666666664 0.10833333333333332
0 0.4593749999999999 0.825925925925926 0.057291666666666664 0.20370370370370366
0 0.6401041666666666 0.8199074074074073 0.06666666666666667 0.21388888888888888
0 0.9276041666666666 0.7944444444444445 0.06041666666666666 0.20925925925925926
0 0.4721354166666666 0.4884259259259259 0.03072916666666666 0.10462962962962963
0 0.4453124999999999 0.4810185185185185 0.03229166666666666 0.12314814814814815
5 0.6932291666666667 0.49120370370370364 0.02395833333333333 0.06574074074074074
0 0.7236979166666666 0.45092592592592584 0.024479166666666666 0.08703703703703704
0 0.7458333333333333 0.4449074074074074 0.03020833333333333 0.08981481481481482
5 0.7520833333333333 0.5217592592592593 0.03020833333333333 0.08796296296296295
5 0.5395833333333333 0.46712962962962956 0.02395833333333333 0.11018518518518519
