0 0.28177083333333336 0.6435185185185184 0.04791666666666666 0.1907407407407407
0 0.340625 0.6453703703703704 0.04375 0.19629629629629627
0 0.4111979166666666 0.6546296296296296 0.0359375 0.17407407407407408
0 0.5317708333333333 0.6157407407407407 0.035416666666666666 0.18148148148148147
0 0.5609375 0.6138888888888888 0.03333333333333333 0.1759259259259259
5 0.6505208333333333 0.6231481481481481 0.028125 0.1685185185185185
0 0.7760416666666667 0.5041666666666667 0.02395833333333333 0.09351851851851851
5 0.7161458333333333 0.46805555555555556 0.026041666666666664 0.07685185185185185
0 0.6151041666666666 0.6268518518518518 0.03854166666666666 0.1685185185185185
0 0.71953125 0.8949074074074073 0.0578125 0.20833333333333331
0 0.6669270833333333 0.8939814814814815 0.0640625 0.21388888888888888
0 0.46640625 0.5777777777777777 0.0234375 0.11296296296296296
0 0.49479166666666663 0.5662037037037037 0.03229166666666666 0.15277777777777776
0 0.4682291666666667 0.6143518518518518 0.03020833333333333 0.15462962962962962
0 0.6026041666666667 0.5981481481481481 0.03333333333333333 0.14629629629629629
0 0.528125 0.5648148148148148 0.026041666666666664 0.13518518518518519
0 0.5651041666666666 0.5708333333333333 0.034375 0.15648148148148147
0 0.6270833333333333 0.5958333333333333 0.03125 0.14907407407407408
0 0.85390625 0.712962962962963 0.06822916666666666 0.20925925925925926
5 0.63828125 0.5921296296296296 0.0296875 0.14351851851851852
0 0.8572916666666666 0.7041666666666666 0.03854166666666666 0.19907407407407407
0 0.87890625 0.7046296296296296 0.0453125 0.19444444444444445
0 0.7562499999999999 0.6921296296296295 0.06041666666666666 0.18796296296296294
0 0.8088541666666667 0.6824074074074074 0.06041666666666666 0.18888888888888888
0 0.8255208333333333 0.6703703703703703 0.03333333333333333 0.17962962962962964
0 0.9541666666666666 0.7351851851851852 0.06041666666666666 0.18703703703703703
0 0.5921875 0.887962962962963 0.0625 0.22222222222222224
0 0.8604166666666666 0.674537037037037 0.041666666666666664 0.175
0 0.1333333333333333 0.8587962962962962 0.05833333333333333 0.24537037037037038
0 0.18984375 0.8763888888888889 0.0546875 0.24351851851851852
0 0.13203125 0.9162037037037036 0.0546875 0.16944444444444445
0 0.14739583333333334 0.8083333333333332 0.04479166666666666 0.20370370370370366
0 0.19817708333333334 0.8259259259259257 0.06197916666666666 0.22592592592592592
0 0.6135416666666667 0.7148148148148148 0.040625 0.18703703703703703
0 0.77109375 0.7277777777777776 0.05364583333333332 0.20370370370370366
0 0.6841145833333333 0.724537037037037 0.049479166666666664 0.20462962962962963
0 0.6861979166666667 0.7212962962962963 0.03802083333333333 0.17962962962962964
0 0.72578125 0.7199074074074074 0.0421875 0.17129629629629628
0 0.8041666666666666 0.7597222222222222 0.042708333333333334 0.13055555555555556
0 0.8755208333333332 0.7643518518518518 0.03125 0.16759259259259257
0 0.88046875 0.7425925925925926 0.0515625 0.19814814814814813
0 0.5541666666666666 0.5152777777777777 0.028125 0.10648148148148147
0 0.5234375 0.5087962962962963 0.03333333333333333 0.12685185185185183
0 0.43203125 0.5101851851851851 0.0296875 0.13518518518518519
0 0.7414062499999999 0.5837962962962961 0.04010416666666666 0.16018518518518518
0 0.4973958333333333 0.4935185185185185 0.022916666666666665 0.09444444444444444
0 0.4713541666666667 0.4851851851851852 0.03020833333333333 0.1074074074074074
0 0.4374999999999999 0.4796296296296296 0.029166666666666664 0.11296296296296296
0 0.4125 0.4805555555555555 0.03020833333333333 0.11111111111111112
0 0.4015625 0.4777777777777777 0.022916666666666665 0.10925925925925925
0 0.4130208333333333 0.4662037037037036 0.02395833333333333 0.11018518518518519
0 0.4833333333333333 0.4819444444444444 0.025 0.10462962962962963
5 0.7015625 0.48009259259259257 0.02395833333333333 0.06574074074074074
0 0.7489583333333333 0.4296296296296296 0.01875 0.07407407407407407
0 0.753125 0.4291666666666666 0.02708333333333333 0.0824074074074074
5 0.7651041666666667 0.5106481481481481 0.03020833333333333 0.08796296296296295
5 0.5598958333333333 0.4481481481481481 0.028125 0.10925925925925925
