0 0.2838541666666667 0.687037037037037 0.05520833333333334 0.20185185185185184
0 0.34296875000000004 0.6898148148148149 0.04739583333333334 0.2111111111111111
0 0.4161458333333333 0.6842592592592592 0.036458333333333336 0.18518518518518517
0 0.22265625 0.9337962962962963 0.07760416666666667 0.13425925925925924
0 0.3098958333333333 0.9402777777777777 0.058333333333333334 0.12129629629629629
0 0.5359375000000001 0.6231481481481481 0.041666666666666664 0.18148148148148147
0 0.5617187499999999 0.6226851851851852 0.033854166666666664 0.1787037037037037
0 0.6494791666666666 0.6296296296296297 0.028125 0.1685185185185185
0 0.7927083333333333 0.5226851851851851 0.026041666666666668 0.09351851851851851
0 0.7067708333333333 0.475462962962963 0.026041666666666668 0.07685185185185185
0 0.6239583333333334 0.6467592592592591 0.0375 0.18055555555555552
0 0.7341145833333333 0.8476851851851851 0.0484375 0.2472222222222222
0 0.6835937500000001 0.8425925925925924 0.05572916666666666 0.24814814814814812
0 0.4580729166666667 0.5611111111111111 0.0234375 0.11296296296296296
0 0.48802083333333335 0.5444444444444444 0.03125 0.14629629629629629
0 0.4466145833333333 0.5916666666666667 0.029687500000000002 0.14259259259259258
0 0.5335937500000001 0.575 0.03177083333333333 0.14444444444444443
0 0.5122395833333333 0.548148148148148 0.025520833333333333 0.13518518518518519
0 0.5346354166666667 0.548611111111111 0.028645833333333332 0.14166666666666666
0 0.5619791666666667 0.5712962962962962 0.034374999999999996 0.137037037037037
0 0.6531250000000001 0.6990740740740741 0.046875 0.2
0 0.6283854166666667 0.599537037037037 0.029687500000000002 0.14351851851851852
0 0.6791666666666667 0.6907407407407408 0.042708333333333334 0.19074074074074074
0 0.7018229166666666 0.6884259259259259 0.0421875 0.17314814814814813
0 0.5947916666666666 0.6666666666666666 0.05416666666666667 0.17592592592592593
0 0.7489583333333334 0.6481481481481481 0.036458333333333336 0.17037037037037037
0 0.7658854166666667 0.6425925925925925 0.03072916666666667 0.15555555555555553
0 0.7768229166666667 0.712962962962963 0.0578125 0.18518518518518517
0 0.80078125 0.7240740740740741 0.033854166666666664 0.14074074074074075
0 0.8947916666666667 0.7143518518518518 0.06145833333333334 0.19907407407407407
0 0.6153645833333333 0.8453703703703703 0.0546875 0.25925925925925924
0 0.7984375 0.6449074074074074 0.040625 0.17129629629629628
0 0.8716145833333334 0.6949074074074074 0.04635416666666667 0.19722222222222222
0 0.9643229166666666 0.725462962962963 0.0484375 0.175
0 0.06536458333333334 0.8939814814814814 0.0578125 0.21018518518518517
0 0.115625 0.9092592592592592 0.05520833333333334 0.18333333333333332
0 0.06041666666666667 0.9578703703703704 0.05416666666666667 0.08425925925925926
0 0.26588541666666665 0.8138888888888888 0.05260416666666667 0.2037037037037037
0 0.41250000000000003 0.826851851851852 0.06041666666666667 0.22777777777777777
0 0.73359375 0.7597222222222223 0.044270833333333336 0.21018518518518517
0 0.9213541666666666 0.7541666666666667 0.043750000000000004 0.20833333333333334
0 0.8190104166666669 0.7518518518518518 0.050520833333333334 0.21296296296296294
0 0.8171875 0.7490740740740739 0.043750000000000004 0.19629629629629627
0 0.8557291666666667 0.7421296296296295 0.04895833333333334 0.17314814814814813
0 0.9484375 0.7810185185185184 0.042708333333333334 0.1324074074074074
0 0.5114583333333333 0.5032407407407408 0.03333333333333333 0.10648148148148147
0 0.48541666666666666 0.49675925925925923 0.03229166666666667 0.12314814814814815
0 0.41197916666666673 0.4935185185185185 0.030208333333333334 0.1259259259259259
0 0.828125 0.5611111111111111 0.03125 0.14074074074074075
0 0.43645833333333334 0.48796296296296293 0.025 0.09074074074074073
0 0.4200520833333333 0.4768518518518518 0.025520833333333333 0.10185185185185185
0 0.42239583333333336 0.4847222222222222 0.025 0.11203703703703702
0 0.6911458333333335 0.4847222222222222 0.02395833333333333 0.06574074074074074
0 0.7447916666666666 0.437037037037037 0.01875 0.07407407407407408
0 0.75390625 0.43657407407407406 0.02760416666666667 0.0861111111111111
0 0.7536458333333333 0.5152777777777777 0.030208333333333334 0.08796296296296297
0 0.5421875 0.4606481481481481 0.02395833333333333 0.11018518518518518
