0 0.275 0.7055555555555555 0.05416666666666666 0.2074074074074074
0 0.3388020833333333 0.7069444444444444 0.05052083333333333 0.21759259259259256
0 0.40104166666666663 0.6958333333333333 0.0375 0.18796296296296294
0 0.24479166666666666 0.9194444444444445 0.071875 0.16296296296296295
0 0.32421874999999994 0.925 0.05364583333333332 0.14814814814814814
0 0.5552083333333333 0.6361111111111111 0.041666666666666664 0.18703703703703703
0 0.5708333333333333 0.6379629629629628 0.03333333333333333 0.1907407407407407
5 0.646875 0.6305555555555555 0.028125 0.1685185185185185
0 0.7911458333333333 0.525 0.026041666666666664 0.09259259259259259
5 0.7046874999999999 0.48009259259259257 0.026041666666666664 0.07685185185185185
0 0.62265625 0.6518518518518518 0.03802083333333333 0.18148148148148147
0 0.7377604166666666 0.8282407407407406 0.04635416666666666 0.2398148148148148
0 0.6848958333333333 0.825462962962963 0.05833333333333333 0.23425925925925925
0 0.9700520833333334 0.712037037037037 0.058854166666666666 0.1925925925925926
0 0.4549479166666666 0.5583333333333333 0.0234375 0.11296296296296296
0 0.4807291666666666 0.5407407407407407 0.03125 0.14444444444444443
0 0.4377604166666666 0.5856481481481481 0.0296875 0.13796296296296295
0 0.5221354166666666 0.5708333333333333 0.03072916666666666 0.14166666666666666
0 0.5041666666666667 0.549537037037037 0.026041666666666664 0.13425925925925924
0 0.5322916666666667 0.5472222222222222 0.03020833333333333 0.14074074074074075
0 0.5473958333333333 0.5648148148148148 0.03125 0.12962962962962962
0 0.6002604166666667 0.6935185185185185 0.04739583333333333 0.20185185185185187
5 0.62578125 0.6023148148148147 0.0296875 0.14351851851851852
0 0.6244791666666666 0.6861111111111111 0.04479166666666666 0.1907407407407407
0 0.6479166666666666 0.6810185185185185 0.0375 0.17314814814814813
0 0.5526041666666666 0.6606481481481481 0.03854166666666666 0.175
0 0.7177083333333333 0.6324074074074073 0.03645833333333333 0.15740740740740738
0 0.7322916666666667 0.6351851851851852 0.03020833333333333 0.15185185185185185
0 0.7234375 0.7120370370370369 0.04375 0.17962962962962964
0 0.7421875 0.7240740740740741 0.03333333333333333 0.1388888888888889
0 0.8356770833333332 0.7143518518518518 0.0609375 0.19907407407407407
0 0.6299479166666666 0.8268518518518517 0.0484375 0.2518518518518518
0 0.7708333333333333 0.6388888888888888 0.040625 0.17037037037037037
0 0.8333333333333333 0.6851851851851851 0.046875 0.18703703703703703
0 0.9028645833333332 0.724537037037037 0.0546875 0.1787037037037037
0 0.04583333333333333 0.9055555555555556 0.057291666666666664 0.18888888888888888
0 0.08880208333333332 0.9199074074074073 0.0546875 0.16018518518518518
0 0.033854166666666664 0.9763888888888888 0.04479166666666666 0.04907407407407407
0 0.3140625 0.8203703703703704 0.053125 0.20370370370370366
0 0.4838541666666667 0.8287037037037036 0.06770833333333333 0.22037037037037038
0 0.7872395833333333 0.7703703703703704 0.04739583333333333 0.20925925925925926
0 0.9765625 0.7592592592592593 0.03854166666666666 0.20555555555555555
0 0.87109375 0.7555555555555555 0.043229166666666666 0.21296296296296294
0 0.8713541666666667 0.7537037037037037 0.04583333333333333 0.19629629629629627
0 0.9015625 0.7453703703703703 0.0375 0.18148148148148147
0 0.5005208333333333 0.5041666666666667 0.0375 0.10648148148148147
0 0.4734374999999999 0.49120370370370364 0.03229166666666666 0.12314814814814815
0 0.403125 0.4879629629629629 0.03229166666666666 0.12407407407407407
0 0.4130208333333333 0.4851851851851851 0.026041666666666664 0.09074074074074073
0 0.3984375 0.4768518518518518 0.025 0.10185185185185183
0 0.4026041666666666 0.4819444444444444 0.025 0.11203703703703702
5 0.6901041666666667 0.48657407407407405 0.02395833333333333 0.06574074074074074
0 0.7411458333333333 0.44259259259259254 0.01875 0.07407407407407407
0 0.7505208333333333 0.44722222222222224 0.028125 0.08888888888888888
5 0.7497395833333333 0.5199074074074074 0.0296875 0.08796296296296295
5 0.5375 0.4662037037037036 0.02395833333333333 0.11018518518518519
