0 0.2731770833333333 0.6129629629629629 0.04427083333333333 0.17407407407407408
0 0.2796875 0.6398148148148148 0.04791666666666666 0.17407407407407408
0 0.5536458333333333 0.6407407407407407 0.034375 0.18703703703703703
0 0.5830729166666666 0.638425925925926 0.033854166666666664 0.17685185185185184
5 0.653125 0.6416666666666666 0.03020833333333333 0.1759259259259259
0 0.7325520833333333 0.5203703703703704 0.0234375 0.0962962962962963
5 0.73046875 0.48194444444444445 0.025520833333333333 0.07685185185185185
0 0.61640625 0.6412037037037036 0.03177083333333333 0.1787037037037037
0 0.68515625 0.975925925925926 0.0390625 0.05
0 0.6104166666666666 0.9722222222222221 0.059375 0.05740740740740741
0 0.46744791666666663 0.6365740740740741 0.027604166666666662 0.13796296296296295
0 0.5005208333333333 0.6189814814814815 0.03645833333333333 0.1638888888888889
0 0.5541666666666666 0.6648148148148147 0.03854166666666666 0.16296296296296295
0 0.753125 0.638888888888889 0.034375 0.14629629629629629
0 0.6572916666666666 0.6231481481481481 0.029166666666666664 0.14814814814814814
0 0.6981770833333333 0.6175925925925926 0.0421875 0.16296296296296295
0 0.7901041666666666 0.6365740740740741 0.03125 0.14907407407407408
5 0.65078125 0.6018518518518519 0.028645833333333332 0.14259259259259258
0 0.9591145833333332 0.7504629629629629 0.0578125 0.20462962962962963
0 0.9484375 0.7384259259259259 0.051041666666666666 0.18981481481481483
0 0.5130208333333333 0.9643518518518517 0.06145833333333332 0.07314814814814814
0 0.22057291666666665 0.7967592592592592 0.0484375 0.2361111111111111
0 0.26718749999999997 0.8050925925925926 0.04895833333333333 0.22314814814814815
0 0.24375 0.8652777777777778 0.05625 0.23055555555555554
0 0.11171875 0.8074074074074075 0.0390625 0.20925925925925926
0 0.12760416666666666 0.8694444444444442 0.051041666666666666 0.24259259259259255
0 0.478125 0.6648148148148147 0.034375 0.1759259259259259
0 0.7734375 0.6754629629629629 0.03958333333333333 0.1787037037037037
0 0.609375 0.7194444444444443 0.03958333333333333 0.20370370370370366
0 0.64140625 0.7268518518518519 0.033854166666666664 0.17962962962962964
0 0.5359375 0.6828703703703703 0.040625 0.15648148148148147
0 0.7958333333333333 0.7175925925925926 0.034375 0.11851851851851851
0 0.7473958333333333 0.7208333333333333 0.040625 0.15462962962962962
0 0.8705729166666666 0.7546296296296295 0.05572916666666666 0.2185185185185185
0 0.8966145833333334 0.7504629629629629 0.05260416666666666 0.21018518518518517
0 0.7796875 0.7087962962962961 0.040625 0.18425925925925926
0 0.5973958333333333 0.5689814814814815 0.029166666666666664 0.1324074074074074
0 0.5682291666666666 0.5569444444444445 0.034375 0.1398148148148148
0 0.4570312499999999 0.5592592592592592 0.033854166666666664 0.14444444444444443
0 0.5721354166666667 0.5888888888888888 0.04427083333333333 0.15740740740740738
0 0.5377604166666667 0.5259259259259259 0.02239583333333333 0.1037037037037037
0 0.5166666666666667 0.5199074074074074 0.03020833333333333 0.11018518518518519
0 0.4880208333333333 0.5125 0.03229166666666666 0.12129629629629628
0 0.4403645833333333 0.5134259259259258 0.03072916666666666 0.11203703703703702
0 0.4125 0.513425925925926 0.025 0.11574074074074074
0 0.51015625 0.4930555555555555 0.025520833333333333 0.11018518518518519
0 0.4828125 0.49074074074074076 0.02395833333333333 0.11296296296296296
0 0.46406249999999993 0.4879629629629629 0.026041666666666664 0.12407407407407407
0 0.4460937499999999 0.4930555555555555 0.024479166666666666 0.11574074074074074
0 0.409375 0.4805555555555555 0.026041666666666664 0.10925925925925925
0 0.4403645833333333 0.4722222222222222 0.025520833333333333 0.1074074074074074
0 0.5223958333333333 0.5175925925925926 0.021875 0.1074074074074074
5 0.7125 0.49120370370370364 0.02395833333333333 0.06574074074074074
0 0.4234375 0.4726851851851851 0.02395833333333333 0.12314814814814815
0 0.7578124999999999 0.43981481481481477 0.019791666666666666 0.07407407407407407
0 0.7661458333333333 0.43472222222222223 0.02708333333333333 0.0824074074074074
5 0.77890625 0.5208333333333333 0.0296875 0.08796296296296295
5 0.5703125 0.46342592592592585 0.025 0.11018518518518519
