0 0.28515624999999994 0.6810185185185185 0.05364583333333332 0.19907407407407407
0 0.34322916666666664 0.6842592592592592 0.04479166666666666 0.2074074074074074
0 0.4221354166666666 0.674537037037037 0.0359375 0.1824074074074074
0 0.21119791666666665 0.9398148148148147 0.07760416666666667 0.1222222222222222
0 0.30494791666666665 0.9439814814814815 0.06197916666666666 0.11388888888888889
0 0.53046875 0.6194444444444444 0.04114583333333333 0.17962962962962964
0 0.5596354166666666 0.6189814814814815 0.033854166666666664 0.175
5 0.6505208333333333 0.6287037037037037 0.028125 0.1685185185185185
0 0.79296875 0.5194444444444444 0.025520833333333333 0.09259259259259259
5 0.7078125 0.4736111111111111 0.026041666666666664 0.07685185185185185
0 0.6234375 0.6439814814814814 0.0375 0.1787037037037037
0 0.7338541666666666 0.8564814814814815 0.051041666666666666 0.2518518518518518
0 0.6802083333333333 0.85 0.059375 0.24814814814814815
0 0.4591145833333333 0.562037037037037 0.0234375 0.11296296296296296
0 0.4890625 0.5453703703703704 0.03125 0.14629629629629629
0 0.44921875 0.5930555555555556 0.0296875 0.14351851851851852
0 0.5364583333333333 0.575925925925926 0.03333333333333333 0.14629629629629629
0 0.5127604166666667 0.5499999999999999 0.025520833333333333 0.13518518518518519
0 0.5348958333333333 0.549074074074074 0.029166666666666664 0.14259259259259258
0 0.5669270833333333 0.5731481481481481 0.033854166666666664 0.14074074074074075
0 0.6817708333333333 0.6972222222222222 0.046875 0.20370370370370366
5 0.6294270833333333 0.5976851851851851 0.0296875 0.14351851851851852
0 0.6989583333333333 0.6912037037037038 0.041666666666666664 0.18981481481481483
0 0.7205729166666666 0.6888888888888889 0.0421875 0.1759259259259259
0 0.6127604166666667 0.6662037037037036 0.04114583333333333 0.175
0 0.7591145833333333 0.6537037037037037 0.03697916666666666 0.17407407407407408
0 0.7739583333333333 0.6462962962962963 0.03125 0.1611111111111111
0 0.78984375 0.7148148148148147 0.05364583333333332 0.18518518518518517
0 0.8182291666666666 0.725925925925926 0.03333333333333333 0.14074074074074075
0 0.9166666666666666 0.7152777777777778 0.06145833333333332 0.19907407407407407
0 0.6098958333333333 0.8509259259259258 0.05625 0.26296296296296295
0 0.8067708333333332 0.6449074074074075 0.040625 0.17129629629629628
0 0.8854166666666666 0.6976851851851851 0.046875 0.19907407407407407
0 0.9783854166666666 0.7268518518518519 0.0421875 0.1759259259259259
0 0.071875 0.8902777777777777 0.05833333333333333 0.21759259259259256
0 0.125 0.9046296296296296 0.055208333333333325 0.1925925925925926
0 0.06822916666666666 0.9527777777777777 0.05416666666666666 0.09444444444444444
0 0.2513020833333333 0.812962962962963 0.0484375 0.20370370370370366
0 0.3921875 0.8296296296296296 0.07291666666666666 0.22407407407407404
0 0.7190104166666667 0.7541666666666667 0.04010416666666666 0.2064814814814815
0 0.90234375 0.7555555555555555 0.05572916666666666 0.2074074074074074
0 0.8075520833333332 0.7462962962962962 0.056770833333333326 0.21296296296296294
0 0.80390625 0.7407407407407407 0.04427083333333333 0.19629629629629627
0 0.83984375 0.7393518518518518 0.04635416666666666 0.17314814814814813
0 0.9322916666666666 0.7791666666666666 0.042708333333333334 0.1324074074074074
0 0.515625 0.5023148148148148 0.03333333333333333 0.10648148148148147
0 0.4901041666666666 0.4958333333333333 0.03229166666666666 0.12314814814814815
0 0.41484375 0.49537037037037035 0.0296875 0.1259259259259259
0 0.8239583333333332 0.562037037037037 0.03125 0.14074074074074075
0 0.4416666666666667 0.4879629629629629 0.02395833333333333 0.09074074074074073
0 0.42734375 0.4768518518518518 0.025520833333333333 0.10185185185185183
0 0.3828125 0.46805555555555556 0.029166666666666664 0.10462962962962963
0 0.4296875 0.4819444444444444 0.025 0.11203703703703702
5 0.6921875 0.48379629629629617 0.02395833333333333 0.06574074074074074
0 0.7458333333333333 0.43518518518518523 0.01875 0.07407407407407407
0 0.7549479166666666 0.43287037037037035 0.027604166666666662 0.08425925925925926
5 0.7552083333333333 0.5143518518518518 0.03020833333333333 0.08796296296296295
5 0.5434895833333333 0.45879629629629626 0.0234375 0.11018518518518519
