0 0.2833333333333333 0.6518518518518518 0.05 0.1907407407407407
0 0.3427083333333333 0.6504629629629629 0.04375 0.19907407407407407
0 0.4236979166666666 0.6546296296296296 0.04010416666666666 0.17037037037037037
0 0.17447916666666666 0.9768518518518517 0.040625 0.046296296296296294
0 0.5317708333333333 0.612037037037037 0.035416666666666666 0.17962962962962964
0 0.56328125 0.6134259259259258 0.033854166666666664 0.175
5 0.6539062499999999 0.6222222222222222 0.027604166666666662 0.1685185185185185
0 0.784375 0.5050925925925925 0.02395833333333333 0.09351851851851851
5 0.7145833333333333 0.4689814814814815 0.026041666666666664 0.07685185185185185
0 0.6205729166666667 0.6282407407407407 0.03802083333333333 0.16759259259259257
0 0.725 0.8861111111111111 0.053125 0.22592592592592592
0 0.6744791666666666 0.887962962962963 0.065625 0.22592592592592592
0 0.4653645833333333 0.5740740740740741 0.0234375 0.11296296296296296
0 0.4942708333333333 0.562037037037037 0.03125 0.15
0 0.4645833333333333 0.6074074074074074 0.03020833333333333 0.15
0 0.5859375 0.5912037037037037 0.03645833333333333 0.14351851851851852
0 0.5255208333333333 0.5601851851851851 0.026041666666666664 0.13518518518518519
0 0.5518229166666666 0.5643518518518518 0.033854166666666664 0.14537037037037037
0 0.6114583333333333 0.5884259259259259 0.03125 0.14907407407407408
0 0.8315104166666666 0.7069444444444444 0.05572916666666666 0.2064814814814815
5 0.63828125 0.5912037037037037 0.0296875 0.14351851851851852
0 0.8252604166666666 0.700925925925926 0.03802083333333333 0.19629629629629627
0 0.8515625 0.700462962962963 0.040625 0.18981481481481483
0 0.7286458333333333 0.6851851851851851 0.04479166666666666 0.18518518518518517
0 0.7963541666666667 0.6749999999999999 0.04583333333333333 0.1907407407407407
0 0.8234374999999998 0.6606481481481481 0.03333333333333333 0.16759259259259257
0 0.9205729166666666 0.7305555555555555 0.0640625 0.18703703703703703
0 0.9466145833333333 0.7388888888888889 0.03802083333333333 0.14629629629629629
0 0.5989583333333333 0.8824074074074073 0.059375 0.2333333333333333
0 0.8515625 0.6643518518518519 0.041666666666666664 0.17314814814814813
0 0.121875 0.8671296296296296 0.06145833333333332 0.24537037037037038
0 0.1825520833333333 0.8824074074074073 0.05364583333333332 0.23703703703703702
0 0.11848958333333333 0.923148148148148 0.0546875 0.15555555555555553
0 0.17369791666666667 0.8050925925925926 0.04739583333333333 0.20462962962962963
0 0.2390625 0.826388888888889 0.075 0.22129629629629627
0 0.6325520833333333 0.7143518518518518 0.04010416666666666 0.1935185185185185
0 0.7901041666666666 0.7314814814814814 0.05625 0.20370370370370366
0 0.70703125 0.7282407407407406 0.04739583333333333 0.20833333333333331
0 0.7078125 0.7282407407407406 0.03645833333333333 0.18425925925925926
0 0.74921875 0.7259259259259259 0.0421875 0.1759259259259259
0 0.8239583333333332 0.7662037037037037 0.042708333333333334 0.1324074074074074
0 0.9015625 0.7662037037037036 0.05416666666666666 0.16759259259259257
0 0.9179687499999998 0.7472222222222221 0.05052083333333333 0.19814814814814813
0 0.5505208333333333 0.5106481481481481 0.028125 0.10648148148148147
0 0.51796875 0.5041666666666667 0.03177083333333333 0.12685185185185183
0 0.4309895833333333 0.5041666666666667 0.0296875 0.1287037037037037
0 0.76171875 0.5837962962962963 0.03802083333333333 0.15648148148148147
0 0.4895833333333333 0.4879629629629629 0.022916666666666665 0.09074074074074073
0 0.46484375 0.48472222222222217 0.028645833333333332 0.10462962962962963
0 0.42734375 0.4768518518518518 0.0296875 0.11296296296296296
0 0.4033854166666666 0.4773148148148148 0.0296875 0.11203703703703702
0 0.3927083333333333 0.47407407407407404 0.021875 0.1074074074074074
0 0.3973958333333333 0.46342592592592585 0.02395833333333333 0.11018518518518519
0 0.47916666666666663 0.4773148148148148 0.025 0.10462962962962963
5 0.7005208333333333 0.48009259259259257 0.02395833333333333 0.06574074074074074
0 0.7484375 0.42777777777777776 0.01875 0.07407407407407407
0 0.7536458333333333 0.4291666666666666 0.02708333333333333 0.0824074074074074
5 0.7640625 0.5097222222222222 0.03020833333333333 0.08796296296296295
5 0.5578125 0.45092592592592595 0.028125 0.10925925925925925
