0 0.24427083333333333 0.775462962962963 0.06354166666666666 0.23425925925925925
0 0.2973958333333333 0.7777777777777778 0.05416666666666667 0.23148148148148145
0 0.3484375 0.7541666666666665 0.041666666666666664 0.2046296296296296
0 0.3255208333333333 0.8782407407407408 0.06145833333333334 0.24537037037037035
0 0.39036458333333335 0.8773148148148148 0.058854166666666666 0.23055555555555554
0 0.6549479166666666 0.6726851851851853 0.044270833333333336 0.19537037037037036
0 0.659375 0.6731481481481482 0.0375 0.19444444444444445
0 0.65859375 0.6412037037037037 0.028645833333333332 0.1675925925925926
0 0.8018229166666666 0.5361111111111111 0.02760416666666667 0.09259259259259259
0 0.7145833333333333 0.4907407407407407 0.026041666666666668 0.07592592592592592
0 0.6442708333333333 0.6574074074074073 0.035416666666666666 0.18148148148148147
0 0.8479166666666667 0.7055555555555555 0.04791666666666666 0.18888888888888886
0 0.7591145833333334 0.7509259259259259 0.044270833333333336 0.20740740740740737
0 0.7028645833333333 0.7574074074074074 0.0484375 0.20740740740740737
0 0.8341145833333334 0.6921296296296297 0.0421875 0.18425925925925926
0 0.446875 0.5388888888888889 0.02395833333333333 0.10925925925925925
0 0.47500000000000003 0.5263888888888889 0.03125 0.12870370370370368
0 0.4322916666666667 0.5638888888888888 0.027083333333333334 0.12962962962962962
0 0.49401041666666673 0.55 0.03177083333333333 0.12407407407407406
0 0.4994791666666667 0.5291666666666667 0.026041666666666668 0.12129629629629629
0 0.5458333333333334 0.5296296296296297 0.03125 0.1259259259259259
0 0.5218750000000001 0.548148148148148 0.030208333333333334 0.12962962962962962
0 0.49270833333333336 0.65 0.04583333333333334 0.18333333333333332
0 0.6385416666666667 0.6143518518518519 0.029166666666666667 0.14351851851851852
0 0.5104166666666666 0.6509259259259258 0.036458333333333336 0.17407407407407408
0 0.5471354166666667 0.6449074074074074 0.033854166666666664 0.16388888888888886
0 0.5632812500000001 0.6185185185185186 0.03177083333333333 0.1537037037037037
0 0.6036458333333333 0.6194444444444444 0.034374999999999996 0.1574074074074074
0 0.6044270833333334 0.6060185185185186 0.03072916666666667 0.14351851851851852
0 0.5588541666666667 0.6847222222222222 0.043750000000000004 0.16944444444444443
0 0.5869791666666667 0.699537037037037 0.029166666666666667 0.13055555555555556
0 0.6609375 0.7009259259259258 0.040625 0.19629629629629627
0 0.65390625 0.7550925925925926 0.0453125 0.21944444444444444
0 0.6770833333333334 0.6060185185185186 0.029166666666666667 0.14351851851851852
0 0.7403645833333333 0.648611111111111 0.03802083333333334 0.1675925925925926
0 0.71640625 0.7101851851851851 0.044270833333333336 0.16296296296296295
0 0.01614583333333333 0.9449074074074074 0.03125 0.11203703703703702
0 0.05078125 0.962962962962963 0.051562500000000004 0.07592592592592592
0 0.5880208333333333 0.8337962962962961 0.06354166666666666 0.2046296296296296
0 0.7549479166666666 0.8194444444444444 0.06510416666666667 0.21666666666666667
0 0.4567708333333333 0.48703703703703705 0.03229166666666667 0.10370370370370369
0 0.4177083333333333 0.48287037037037034 0.03333333333333333 0.12685185185185185
0 0.7028645833333333 0.5032407407407408 0.0234375 0.06574074074074074
0 0.7171875 0.46018518518518514 0.026041666666666668 0.09074074074074073
0 0.7367187500000001 0.45972222222222214 0.029687500000000002 0.0898148148148148
0 0.76328125 0.5310185185185186 0.03072916666666667 0.08796296296296297
0 0.5531250000000001 0.47453703703703703 0.02395833333333333 0.11018518518518518
