0 0.2872395833333333 0.6680555555555555 0.05260416666666666 0.19907407407407407
0 0.34322916666666664 0.673148148148148 0.04479166666666666 0.2074074074074074
0 0.42734375 0.6662037037037037 0.0359375 0.1824074074074074
0 0.20052083333333331 0.9467592592592592 0.06875 0.10648148148148147
0 0.28828125 0.9537037037037036 0.08072916666666666 0.09444444444444444
0 0.5309895833333333 0.6157407407407407 0.0390625 0.17962962962962964
0 0.5578125 0.6143518518518517 0.034375 0.17129629629629628
5 0.6536458333333333 0.624074074074074 0.028125 0.1685185185185185
0 0.7945312499999999 0.5138888888888888 0.024479166666666666 0.09259259259259259
5 0.7093749999999999 0.4708333333333333 0.026041666666666664 0.07685185185185185
0 0.6223958333333333 0.637962962962963 0.03645833333333333 0.17777777777777776
0 0.7359375 0.8671296296296296 0.05208333333333333 0.25462962962962965
0 0.6760416666666667 0.8657407407407407 0.05416666666666666 0.24814814814814815
0 0.4606770833333333 0.5638888888888889 0.0234375 0.11296296296296296
0 0.4927083333333333 0.549074074074074 0.029166666666666664 0.14629629629629629
0 0.453125 0.5967592592592592 0.03020833333333333 0.14351851851851852
0 0.5486979166666666 0.5787037037037036 0.033854166666666664 0.14629629629629629
0 0.5145833333333333 0.5537037037037036 0.026041666666666664 0.13518518518518519
0 0.5348958333333333 0.55 0.03125 0.14444444444444443
0 0.58046875 0.5763888888888888 0.03177083333333333 0.14351851851851852
0 0.7161458333333333 0.6995370370370371 0.04583333333333333 0.2064814814814815
5 0.6315104166666666 0.5939814814814814 0.0296875 0.14351851851851852
0 0.7364583333333333 0.6949074074074074 0.042708333333333334 0.18981481481481483
0 0.7591145833333333 0.6912037037037037 0.04427083333333333 0.18055555555555552
0 0.6450520833333333 0.6712962962962962 0.0515625 0.17777777777777776
0 0.7770833333333333 0.6532407407407407 0.041666666666666664 0.16759259259259257
0 0.7901041666666666 0.6476851851851851 0.03125 0.16759259259259257
0 0.82421875 0.7157407407407407 0.05364583333333332 0.18518518518518517
0 0.8528645833333333 0.7282407407407407 0.03802083333333333 0.1398148148148148
0 0.965625 0.711574074074074 0.059375 0.19907407407407407
0 0.6036458333333333 0.861574074074074 0.05625 0.262037037037037
0 0.82265625 0.6467592592592591 0.04010416666666666 0.17129629629629628
0 0.9151041666666666 0.7 0.04583333333333333 0.19629629629629627
0 0.0859375 0.8842592592592592 0.06041666666666666 0.22962962962962963
0 0.14375 0.899074074074074 0.055208333333333325 0.20370370370370366
0 0.08124999999999999 0.9439814814814815 0.055208333333333325 0.11203703703703702
0 0.2265625 0.811574074074074 0.040625 0.20462962962962963
0 0.34036458333333336 0.825462962962963 0.07135416666666666 0.22129629629629627
0 0.6867187499999999 0.7375 0.04010416666666666 0.2009259259259259
0 0.8619791666666666 0.7449074074074074 0.06145833333333332 0.2064814814814815
0 0.7778645833333333 0.7393518518518518 0.05052083333333333 0.21203703703703702
0 0.7747395833333333 0.737037037037037 0.03697916666666666 0.19629629629629627
0 0.81171875 0.7384259259259258 0.04635416666666666 0.17314814814814813
0 0.9010416666666666 0.7717592592592593 0.042708333333333334 0.1324074074074074
0 0.5263020833333333 0.500462962962963 0.0296875 0.10648148148148147
0 0.4999999999999999 0.4939814814814814 0.03229166666666666 0.12314814814814815
0 0.41953125 0.49722222222222223 0.0296875 0.1259259259259259
0 0.8078125 0.5699074074074074 0.03020833333333333 0.1398148148148148
0 0.4583333333333333 0.48611111111111105 0.02395833333333333 0.09074074074074073
0 0.4421874999999999 0.4768518518518518 0.026041666666666664 0.10185185185185183
0 0.39583333333333337 0.4703703703703703 0.029166666666666664 0.11296296296296296
0 0.4442708333333333 0.47638888888888886 0.025 0.11018518518518519
5 0.69375 0.48287037037037034 0.02395833333333333 0.06574074074074074
0 0.7484375 0.43148148148148147 0.01875 0.07407407407407407
0 0.75625 0.42824074074074076 0.02708333333333333 0.0824074074074074
5 0.7583333333333333 0.5106481481481481 0.03020833333333333 0.08796296296296295
5 0.5473958333333333 0.45601851851851843 0.02395833333333333 0.11018518518518519
