0 0.2869791666666667 0.6574074074074073 0.05 0.1925925925925926
0 0.34375 0.6564814814814814 0.043750000000000004 0.2
0 0.43359375 0.6560185185185184 0.043229166666666666 0.1675925925925926
0 0.17942708333333335 0.9648148148148148 0.058854166666666666 0.07037037037037037
0 0.5315104166666667 0.6101851851851852 0.035937500000000004 0.1796296296296296
0 0.5625000000000001 0.610648148148148 0.034374999999999996 0.175
0 0.6541666666666667 0.6222222222222222 0.028125 0.1685185185185185
0 0.7901041666666667 0.5083333333333333 0.02395833333333333 0.09259259259259259
0 0.7125 0.4699074074074074 0.026041666666666668 0.07685185185185185
0 0.62109375 0.6314814814814814 0.03697916666666667 0.1722222222222222
0 0.7263020833333333 0.8787037037037037 0.05677083333333334 0.24074074074074073
0 0.6768229166666667 0.8810185185185184 0.06302083333333333 0.2398148148148148
0 0.46328125000000003 0.5685185185185184 0.0234375 0.11296296296296296
0 0.4934895833333334 0.5537037037037037 0.03177083333333333 0.14629629629629629
0 0.45885416666666673 0.6004629629629629 0.030208333333333334 0.14537037037037034
0 0.5687500000000001 0.5833333333333334 0.035416666666666666 0.14259259259259258
0 0.5218750000000001 0.5555555555555555 0.026041666666666668 0.13518518518518519
0 0.54296875 0.5569444444444444 0.0328125 0.14537037037037034
0 0.5958333333333333 0.5833333333333334 0.03125 0.14814814814814817
0 0.7794270833333333 0.7055555555555555 0.051562500000000004 0.20555555555555555
0 0.6356770833333334 0.5921296296296297 0.029687500000000002 0.14351851851851852
0 0.7848958333333333 0.6976851851851851 0.041666666666666664 0.19166666666666668
0 0.8119791666666666 0.6958333333333333 0.043750000000000004 0.18425925925925926
0 0.6958333333333334 0.674074074074074 0.0375 0.18333333333333332
0 0.7875 0.6597222222222222 0.041666666666666664 0.16944444444444443
0 0.8104166666666667 0.6587962962962963 0.03229166666666667 0.1675925925925926
0 0.8783854166666667 0.7226851851851851 0.0578125 0.18796296296296294
0 0.9020833333333335 0.7347222222222222 0.0375 0.14537037037037034
0 0.5986979166666666 0.874537037037037 0.05677083333333334 0.25092592592592594
0 0.8369791666666666 0.6532407407407407 0.041666666666666664 0.17314814814814813
0 0.9760416666666666 0.7013888888888888 0.040625 0.20092592592592592
0 0.1078125 0.8763888888888888 0.06458333333333334 0.24537037037037035
0 0.16770833333333335 0.8893518518518518 0.05520833333333334 0.22314814814814812
0 0.10286458333333333 0.9310185185185185 0.0546875 0.1398148148148148
0 0.19479166666666667 0.8041666666666666 0.04895833333333334 0.2046296296296296
0 0.28203125 0.8254629629629628 0.06718750000000001 0.22129629629629627
0 0.6507812500000001 0.7208333333333333 0.04010416666666666 0.1935185185185185
0 0.8236979166666667 0.7421296296296295 0.06302083333333333 0.20648148148148146
0 0.7330729166666666 0.7333333333333332 0.044270833333333336 0.21296296296296294
0 0.7354166666666666 0.7314814814814814 0.036458333333333336 0.18518518518518517
0 0.7716145833333333 0.7314814814814814 0.04635416666666667 0.17592592592592593
0 0.8546875 0.7671296296296295 0.042708333333333334 0.1324074074074074
0 0.9427083333333335 0.7675925925925926 0.04791666666666666 0.1685185185185185
0 0.9539062500000001 0.7518518518518518 0.0453125 0.20740740740740737
0 0.5406249999999999 0.5050925925925925 0.028125 0.10648148148148147
0 0.509375 0.500462962962963 0.03125 0.12685185185185185
0 0.4278645833333333 0.5009259259259259 0.029687500000000002 0.1259259259259259
0 0.7812500000000001 0.5731481481481481 0.03229166666666667 0.14074074074074075
0 0.47760416666666666 0.48796296296296293 0.02291666666666667 0.09074074074074073
0 0.45546875 0.48333333333333334 0.025520833333333333 0.10185185185185185
0 0.4135416666666667 0.475 0.029166666666666667 0.11296296296296296
0 0.39140625 0.4717592592592592 0.0265625 0.11203703703703702
0 0.3796875 0.47129629629629627 0.021875000000000002 0.1074074074074074
0 0.46718750000000003 0.47268518518518515 0.025 0.10462962962962963
0 0.6973958333333334 0.4819444444444444 0.02395833333333333 0.06574074074074074
0 0.7494791666666667 0.42777777777777776 0.01875 0.07407407407407408
0 0.7546875000000001 0.4282407407407407 0.027083333333333334 0.0824074074074074
0 0.7609374999999999 0.5106481481481482 0.030208333333333334 0.08796296296296297
0 0.5536458333333334 0.4527777777777777 0.027083333333333334 0.11666666666666667
