0 0.2713541666666667 0.6324074074074074 0.046875 0.18518518518518517
0 0.33098958333333334 0.6351851851851851 0.043229166666666666 0.18888888888888886
0 0.3828125 0.6476851851851851 0.04583333333333334 0.17314814814814813
0 0.5322916666666667 0.6222222222222221 0.035416666666666666 0.18333333333333332
0 0.5598958333333334 0.6166666666666667 0.03125 0.17592592592592593
0 0.6447916666666667 0.625 0.028125 0.1685185185185185
0 0.7588541666666667 0.5097222222222222 0.02395833333333333 0.09537037037037037
0 0.71875 0.4699074074074074 0.026041666666666668 0.07685185185185185
0 0.60390625 0.6305555555555554 0.03802083333333334 0.1722222222222222
0 0.7140625 0.9125 0.057291666666666664 0.17685185185185184
0 0.64765625 0.9074074074074073 0.07239583333333334 0.18333333333333332
0 0.46640625 0.5842592592592591 0.0234375 0.11296296296296296
0 0.49062500000000003 0.5773148148148147 0.034374999999999996 0.15833333333333333
0 0.47447916666666673 0.6273148148148148 0.030208333333333334 0.15833333333333333
0 0.6333333333333334 0.6046296296296295 0.034374999999999996 0.14629629629629629
0 0.53515625 0.5777777777777777 0.025520833333333333 0.13518518518518519
0 0.5833333333333334 0.5847222222222221 0.034374999999999996 0.16203703703703703
0 0.6565104166666667 0.6023148148148147 0.03177083333333333 0.14907407407407408
0 0.9096354166666667 0.7226851851851851 0.05572916666666666 0.2175925925925926
0 0.63828125 0.5939814814814814 0.029687500000000002 0.14351851851851852
0 0.90859375 0.7162037037037036 0.0546875 0.19722222222222222
0 0.9359375 0.7185185185185184 0.059375000000000004 0.1925925925925926
0 0.8018229166666666 0.7050925925925925 0.0484375 0.18796296296296294
0 0.8229166666666666 0.6962962962962962 0.05416666666666667 0.18888888888888886
0 0.8369791666666667 0.6893518518518518 0.034374999999999996 0.18796296296296294
0 0.5773437499999999 0.9046296296296297 0.0609375 0.1925925925925926
0 0.8734375 0.6888888888888888 0.041666666666666664 0.18148148148148147
0 0.153125 0.8430555555555554 0.05625 0.23425925925925925
0 0.20807291666666666 0.8587962962962962 0.0546875 0.23796296296296296
0 0.15052083333333335 0.9078703703703703 0.05520833333333334 0.1861111111111111
0 0.11197916666666667 0.8101851851851852 0.04479166666666667 0.2037037037037037
0 0.13776041666666666 0.8273148148148147 0.06927083333333334 0.22314814814814812
0 0.5763020833333333 0.7023148148148147 0.043229166666666666 0.18796296296296294
0 0.7484375 0.7162037037037037 0.04583333333333334 0.19907407407407407
0 0.6440104166666667 0.7189814814814814 0.0546875 0.19907407407407407
0 0.6554687499999999 0.7180555555555554 0.03802083333333334 0.1787037037037037
0 0.6822916666666669 0.7101851851851851 0.042708333333333334 0.1685185185185185
0 0.7786458333333334 0.7532407407407408 0.03333333333333333 0.12870370370370368
0 0.8114583333333334 0.762962962962963 0.04895833333333334 0.17592592592592593
0 0.8223958333333334 0.736111111111111 0.046875 0.19814814814814813
0 0.56015625 0.523611111111111 0.02760416666666667 0.10648148148148147
0 0.5296875000000001 0.5171296296296296 0.035416666666666666 0.12685185185185185
0 0.4348958333333333 0.5203703703703704 0.030208333333333334 0.13518518518518519
0 0.7046875 0.586111111111111 0.040625 0.1611111111111111
0 0.5065104166666666 0.5027777777777778 0.0234375 0.09814814814814814
0 0.47968750000000004 0.4925925925925926 0.030208333333333334 0.1074074074074074
0 0.4463541666666667 0.48703703703703705 0.029166666666666667 0.11851851851851851
0 0.42239583333333336 0.4837962962962962 0.030208333333333334 0.10462962962962963
0 0.40390624999999997 0.48287037037037034 0.025520833333333333 0.11203703703703702
0 0.434375 0.4708333333333333 0.02395833333333333 0.11018518518518518
0 0.40260416666666665 0.46574074074074073 0.02291666666666667 0.11296296296296296
0 0.3932291666666667 0.4629629629629629 0.02291666666666667 0.12407407407407406
0 0.4885416666666667 0.4875 0.025 0.10462962962962963
0 0.7020833333333334 0.48101851851851846 0.02395833333333333 0.06574074074074074
0 0.7497395833333335 0.4324074074074074 0.019270833333333334 0.07407407407407408
0 0.7515625 0.4300925925925926 0.027083333333333334 0.0824074074074074
0 0.7651041666666666 0.5134259259259258 0.030208333333333334 0.08796296296296297
0 0.5609375 0.45 0.028125 0.10925925925925925
