0 0.2869791666666667 0.6648148148148147 0.053125 0.19814814814814813
0 0.34322916666666664 0.6703703703703703 0.04479166666666666 0.2074074074074074
0 0.4291666666666667 0.663425925925926 0.03645833333333333 0.1824074074074074
0 0.1973958333333333 0.95 0.06770833333333333 0.1
0 0.28411458333333334 0.9564814814814815 0.08385416666666666 0.08888888888888888
0 0.5309895833333333 0.6148148148148148 0.0390625 0.17962962962962964
0 0.5588541666666667 0.6138888888888888 0.034375 0.17222222222222222
5 0.6536458333333333 0.6231481481481481 0.028125 0.1685185185185185
0 0.7947916666666667 0.5125 0.02395833333333333 0.09351851851851851
5 0.7098958333333333 0.4708333333333333 0.026041666666666664 0.07685185185185185
0 0.6223958333333333 0.6365740740740741 0.03645833333333333 0.17685185185185184
0 0.7335937499999999 0.8689814814814815 0.05260416666666666 0.25462962962962965
0 0.6755208333333333 0.8685185185185185 0.05416666666666666 0.24814814814814815
0 0.4611979166666666 0.5638888888888889 0.0234375 0.11296296296296296
0 0.49375 0.55 0.028125 0.14629629629629629
0 0.4536458333333333 0.5967592592592592 0.03020833333333333 0.14351851851851852
0 0.5520833333333333 0.5796296296296296 0.034375 0.14629629629629629
0 0.5151041666666666 0.5546296296296296 0.026041666666666664 0.13518518518518519
0 0.5348958333333333 0.55 0.03125 0.14444444444444443
0 0.5828125 0.5777777777777777 0.03125 0.14444444444444443
0 0.7333333333333333 0.7009259259259258 0.05 0.20555555555555555
5 0.63203125 0.5939814814814814 0.0296875 0.14351851851851852
0 0.7442708333333333 0.6949074074074074 0.042708333333333334 0.18981481481481483
0 0.7690104166666666 0.6921296296296295 0.0453125 0.1824074074074074
0 0.6544270833333333 0.6726851851851852 0.0515625 0.1787037037037037
0 0.7786458333333333 0.6541666666666666 0.041666666666666664 0.16759259259259257
0 0.79375 0.6504629629629629 0.03125 0.16759259259259257
0 0.8338541666666666 0.7157407407407407 0.05416666666666666 0.18518518518518517
0 0.8617187499999999 0.7282407407407407 0.03802083333333333 0.1398148148148148
0 0.6026041666666666 0.8638888888888889 0.05625 0.2611111111111111
0 0.8263020833333334 0.6476851851851851 0.04010416666666666 0.17129629629629628
0 0.9244791666666666 0.700925925925926 0.04583333333333333 0.19629629629629627
0 0.09010416666666667 0.8828703703703702 0.06145833333333332 0.2324074074074074
0 0.1484375 0.8976851851851851 0.055208333333333325 0.2064814814814815
0 0.08437499999999999 0.9416666666666667 0.055208333333333325 0.11666666666666665
0 0.21901041666666665 0.8087962962962962 0.04635416666666666 0.20462962962962963
0 0.3317708333333333 0.825 0.075 0.22222222222222224
0 0.678125 0.7333333333333332 0.040625 0.19629629629629627
0 0.8604166666666666 0.7449074074074074 0.06145833333333332 0.2064814814814815
0 0.7700520833333333 0.7379629629629629 0.04635416666666666 0.2111111111111111
0 0.7677083333333333 0.736111111111111 0.03645833333333333 0.19444444444444445
0 0.8049479166666667 0.7384259259259258 0.04635416666666666 0.17314814814814813
0 0.8927083333333332 0.7708333333333333 0.042708333333333334 0.1324074074074074
0 0.9822916666666666 0.7712962962962963 0.035416666666666666 0.1648148148148148
0 0.5291666666666666 0.500462962962963 0.029166666666666664 0.10648148148148147
0 0.5015624999999999 0.49537037037037035 0.03229166666666666 0.12407407407407407
0 0.42109375 0.4981481481481481 0.0296875 0.1259259259259259
0 0.80390625 0.5708333333333333 0.03072916666666666 0.1398148148148148
0 0.4619791666666666 0.4851851851851851 0.022916666666666665 0.09074074074074073
0 0.4442708333333333 0.47777777777777775 0.026041666666666664 0.10185185185185183
0 0.3984375 0.4703703703703703 0.029166666666666664 0.11296296296296296
0 0.44791666666666663 0.475 0.025 0.10925925925925925
5 0.6942708333333333 0.48287037037037034 0.02395833333333333 0.06574074074074074
0 0.7489583333333333 0.4305555555555555 0.01875 0.07407407407407407
0 0.75625 0.42824074074074076 0.02708333333333333 0.0824074074074074
5 0.759375 0.5106481481481481 0.03020833333333333 0.08796296296296295
5 0.5484375 0.45509259259259255 0.02395833333333333 0.11018518518518519
