0 0.2466145833333333 0.7763888888888888 0.06302083333333333 0.2324074074074074
0 0.3 0.773611111111111 0.053125 0.2324074074074074
0 0.35104166666666664 0.7541666666666667 0.041666666666666664 0.20462962962962963
0 0.3223958333333333 0.8810185185185185 0.06145833333333332 0.2398148148148148
0 0.38307291666666665 0.8856481481481481 0.058854166666666666 0.2287037037037037
0 0.6471354166666667 0.6699074074074074 0.04427083333333333 0.19537037037037036
0 0.6515625 0.6680555555555555 0.0375 0.1935185185185185
5 0.65703125 0.6393518518518518 0.027604166666666662 0.16759259259259257
0 0.7994791666666667 0.5342592592592592 0.02708333333333333 0.09259259259259259
5 0.7124999999999999 0.48842592592592593 0.026041666666666664 0.07685185185185185
0 0.6421874999999999 0.6564814814814814 0.035416666666666666 0.18148148148148147
0 0.8546875 0.7078703703703704 0.04791666666666666 0.19166666666666665
0 0.7559895833333333 0.7532407407407407 0.04427083333333333 0.21018518518518517
0 0.70390625 0.7601851851851852 0.0484375 0.2074074074074074
0 0.83828125 0.6912037037037037 0.0421875 0.18425925925925926
0 0.4473958333333333 0.5393518518518519 0.02395833333333333 0.11018518518518519
0 0.475 0.5268518518518518 0.03125 0.12962962962962962
0 0.43125 0.5638888888888889 0.02708333333333333 0.12962962962962962
0 0.4950520833333333 0.55 0.03177083333333333 0.1259259259259259
0 0.4994791666666666 0.5300925925925926 0.026041666666666664 0.12129629629629628
0 0.5458333333333333 0.5291666666666667 0.03125 0.12685185185185183
0 0.5234375 0.5472222222222222 0.03020833333333333 0.12962962962962962
0 0.4976562499999999 0.6537037037037037 0.05260416666666666 0.18333333333333332
5 0.6364583333333333 0.6125 0.029166666666666664 0.14351851851851852
0 0.5130208333333333 0.6546296296296296 0.03645833333333333 0.17407407407407408
0 0.5497395833333333 0.6476851851851851 0.033854166666666664 0.16759259259259257
0 0.5619791666666666 0.6212962962962962 0.03229166666666666 0.1537037037037037
0 0.6072916666666666 0.6203703703703703 0.034375 0.15740740740740738
0 0.6088541666666666 0.6092592592592593 0.03125 0.15185185185185185
0 0.5651041666666666 0.687037037037037 0.04375 0.17037037037037037
0 0.5927083333333333 0.7009259259259258 0.03125 0.13148148148148148
0 0.6684895833333333 0.7050925925925926 0.04010416666666666 0.19907407407407407
0 0.6528645833333333 0.7574074074074074 0.04635416666666666 0.22222222222222224
0 0.684375 0.6069444444444444 0.029166666666666664 0.14351851851851852
0 0.7484374999999999 0.6467592592592593 0.03854166666666666 0.16759259259259257
0 0.7270833333333333 0.7134259259259259 0.041666666666666664 0.1638888888888889
0 0.017447916666666667 0.9444444444444444 0.033854166666666664 0.11296296296296296
0 0.04973958333333332 0.9606481481481481 0.05364583333333332 0.08055555555555555
0 0.5716145833333333 0.8282407407407406 0.049479166666666664 0.20462962962962963
0 0.74375 0.8166666666666667 0.065625 0.2148148148148148
0 0.4624999999999999 0.4893518518518518 0.03229166666666666 0.10462962962962963
0 0.4223958333333333 0.48194444444444445 0.03333333333333333 0.125
5 0.70078125 0.49953703703703695 0.0234375 0.06574074074074074
0 0.7187499999999999 0.4574074074074074 0.026041666666666664 0.09074074074074073
0 0.7380208333333333 0.4569444444444445 0.03020833333333333 0.08981481481481482
5 0.7619791666666667 0.5291666666666666 0.03020833333333333 0.08796296296296295
5 0.5505208333333333 0.47453703703703703 0.02395833333333333 0.11018518518518519
