0 0.14791666666666664 0.875925925925926 0.07291666666666666 0.24814814814814815
0 0.22083333333333335 0.875925925925926 0.06354166666666666 0.25
0 0.2421875 0.8449074074074074 0.051041666666666666 0.2398148148148148
0 0.8953124999999998 0.8865740740740741 0.05833333333333333 0.2287037037037037
0 0.3723958333333333 0.7416666666666666 0.05 0.2074074074074074
0 0.41875 0.7449074074074074 0.04895833333333333 0.19166666666666665
0 0.8388020833333334 0.7342592592592592 0.05572916666666666 0.22222222222222224
0 0.8749999999999998 0.7217592592592592 0.03958333333333333 0.20462962962962963
5 0.6572916666666667 0.6351851851851851 0.03020833333333333 0.1685185185185185
0 0.7981770833333333 0.5259259259259259 0.027604166666666662 0.09259259259259259
5 0.7138020833333333 0.4796296296296296 0.0296875 0.07592592592592592
0 0.7744791666666666 0.6884259259259259 0.041666666666666664 0.19166666666666665
0 0.7705729166666666 0.6384259259259258 0.0421875 0.16574074074074072
0 0.63359375 0.6615740740740741 0.03697916666666666 0.1824074074074074
0 0.5619791666666667 0.6601851851851851 0.04583333333333333 0.18148148148148147
0 0.7416666666666667 0.6203703703703705 0.03645833333333333 0.1648148148148148
0 0.4013020833333333 0.4888888888888888 0.0234375 0.09814814814814814
0 0.4187499999999999 0.4726851851851851 0.026041666666666664 0.11018518518518519
0 0.4239583333333333 0.5138888888888888 0.025 0.12407407407407407
0 0.4382812499999999 0.5018518518518518 0.027604166666666662 0.12407407407407407
0 0.4453125 0.4768518518518518 0.028125 0.11296296296296296
0 0.4799479166666667 0.4796296296296296 0.028645833333333332 0.12407407407407407
0 0.47109375 0.4962962962962963 0.0296875 0.11666666666666665
0 0.4377604166666667 0.5717592592592593 0.034895833333333334 0.15833333333333333
5 0.6322916666666666 0.6060185185185185 0.029166666666666664 0.15277777777777776
0 0.46953125 0.575 0.0328125 0.15185185185185185
0 0.4937499999999999 0.575 0.03229166666666666 0.14074074074074075
0 0.5109375 0.5560185185185185 0.03125 0.13425925925925924
0 0.5442708333333333 0.5472222222222222 0.03125 0.12407407407407407
0 0.53828125 0.5375 0.028645833333333332 0.11944444444444444
0 0.5078125 0.599537037037037 0.04375 0.1509259259259259
0 0.5307291666666666 0.6124999999999999 0.028125 0.11018518518518519
0 0.5411458333333333 0.6185185185185185 0.03854166666666666 0.1759259259259259
0 0.5218749999999999 0.6597222222222222 0.03854166666666666 0.18981481481481483
0 0.5734374999999999 0.549074074074074 0.029166666666666664 0.1388888888888889
0 0.5895833333333333 0.5907407407407408 0.0375 0.17037037037037037
0 0.5815104166666667 0.6328703703703703 0.03802083333333333 0.1509259259259259
5 0.69765625 0.4939814814814814 0.0234375 0.06574074074074074
0 0.6473958333333333 0.4606481481481482 0.028125 0.08981481481481482
0 0.6635416666666667 0.4583333333333333 0.03333333333333333 0.09814814814814814
5 0.7625 0.5217592592592593 0.03125 0.08796296296296295
5 0.5588541666666667 0.4652777777777777 0.02395833333333333 0.11018518518518519
