0 0.2192708333333333 0.8634259259259258 0.06458333333333333 0.2509259259259259
0 0.2755208333333333 0.8648148148148147 0.059375 0.25925925925925924
0 0.3026041666666667 0.825462962962963 0.051041666666666666 0.21759259259259256
0 0.3684895833333333 0.8439814814814813 0.0546875 0.23055555555555554
0 0.40885416666666663 0.8481481481481481 0.05416666666666666 0.2111111111111111
0 0.7445312499999999 0.7282407407407407 0.049479166666666664 0.2009259259259259
0 0.7544270833333333 0.7222222222222221 0.0421875 0.19629629629629627
5 0.6638020833333333 0.6777777777777778 0.0296875 0.1685185185185185
0 0.8065104166666666 0.5648148148148148 0.027604166666666662 0.09259259259259259
5 0.7223958333333333 0.5171296296296297 0.02708333333333333 0.07685185185185185
0 0.6895833333333333 0.7087962962962963 0.041666666666666664 0.1824074074074074
0 0.8299479166666666 0.7162037037037037 0.04114583333333333 0.18796296296296294
0 0.7239583333333333 0.7458333333333333 0.05 0.19537037037037036
0 0.6502604166666666 0.7435185185185185 0.043229166666666666 0.19444444444444445
0 0.8059895833333334 0.6921296296296295 0.04010416666666666 0.16759259259259257
0 0.4427083333333333 0.5472222222222222 0.02395833333333333 0.1037037037037037
0 0.4703125 0.5319444444444444 0.028125 0.11388888888888889
0 0.43229166666666663 0.575 0.026041666666666664 0.12407407407407407
0 0.47135416666666663 0.5629629629629629 0.03229166666666666 0.12407407407407407
0 0.48984375 0.537037037037037 0.025520833333333333 0.11296296296296296
0 0.5312499999999999 0.5430555555555555 0.029166666666666664 0.12314814814814815
0 0.5002604166666667 0.5592592592592591 0.0296875 0.12962962962962962
0 0.465625 0.649074074074074 0.04895833333333333 0.17222222222222222
5 0.6473958333333333 0.6421296296296296 0.028125 0.14351851851851852
0 0.48828125 0.6476851851851851 0.03177083333333333 0.16574074074074072
0 0.5226562499999999 0.6425925925925926 0.033854166666666664 0.15
0 0.5489583333333333 0.625462962962963 0.03125 0.1398148148148148
0 0.58203125 0.6194444444444444 0.0359375 0.13518518518518519
0 0.5692708333333333 0.6087962962962963 0.02708333333333333 0.12685185185185183
0 0.5263020833333333 0.6768518518518518 0.0421875 0.16296296296296295
0 0.5567708333333333 0.6925925925925925 0.02708333333333333 0.12962962962962962
0 0.5848958333333333 0.7023148148148148 0.0375 0.1935185185185185
0 0.6130208333333333 0.7453703703703703 0.040625 0.2
0 0.6010416666666667 0.6157407407407407 0.03020833333333333 0.14074074074074075
0 0.6588541666666666 0.6587962962962963 0.034375 0.16759259259259257
0 0.6304687499999999 0.7138888888888888 0.03697916666666666 0.16296296296296295
0 0.79609375 0.8657407407407407 0.05052083333333333 0.20370370370370366
0 0.9445312499999998 0.8402777777777779 0.06302083333333333 0.2064814814814815
0 0.40104166666666663 0.5083333333333333 0.025 0.10555555555555556
5 0.7091145833333333 0.5319444444444443 0.0234375 0.06574074074074074
0 0.6874999999999999 0.4898148148148148 0.026041666666666664 0.09074074074074073
0 0.7153645833333333 0.48657407407407405 0.0296875 0.08981481481481482
5 0.7692708333333333 0.5597222222222222 0.03125 0.08796296296296295
5 0.5630208333333333 0.5069444444444444 0.022916666666666665 0.11018518518518519
