0 0.25703125 0.6203703703703703 0.04635416666666666 0.17962962962962964
0 0.31510416666666663 0.6203703703703703 0.03958333333333333 0.18888888888888888
0 0.34609375 0.6453703703703704 0.03802083333333333 0.1685185185185185
0 0.5369791666666666 0.624537037037037 0.035416666666666666 0.18796296296296294
0 0.5684895833333333 0.6249999999999999 0.03177083333333333 0.17962962962962964
5 0.6401041666666666 0.6282407407407408 0.028125 0.16944444444444445
0 0.7416666666666667 0.5148148148148148 0.02395833333333333 0.0962962962962963
5 0.7216145833333333 0.4736111111111111 0.025520833333333333 0.07685185185185185
0 0.6065104166666666 0.6365740740740741 0.0359375 0.1787037037037037
0 0.6968749999999999 0.9296296296296296 0.06354166666666666 0.14259259259259258
0 0.6291666666666667 0.9273148148148147 0.06979166666666667 0.14537037037037037
0 0.4614583333333333 0.6074074074074074 0.026041666666666664 0.11666666666666665
0 0.49140624999999993 0.587037037037037 0.033854166666666664 0.15925925925925927
0 0.4838541666666667 0.6398148148148148 0.03645833333333333 0.1611111111111111
0 0.675 0.6138888888888889 0.034375 0.14629629629629629
0 0.5625 0.5939814814814814 0.02708333333333333 0.1361111111111111
0 0.6114583333333333 0.5990740740740741 0.042708333333333334 0.16296296296296295
0 0.7028645833333333 0.611574074074074 0.03177083333333333 0.14907407407407408
5 0.6390625 0.5986111111111111 0.03020833333333333 0.14351851851851852
0 0.8484375 0.7259259259259259 0.0375 0.20370370370370366
0 0.8713541666666667 0.7143518518518518 0.04791666666666666 0.19537037037037036
0 0.8578125 0.7041666666666666 0.034375 0.18796296296296294
0 0.55546875 0.924537037037037 0.0609375 0.15277777777777776
0 0.89765625 0.7106481481481481 0.0421875 0.18796296296296294
0 0.17630208333333333 0.8273148148148147 0.0546875 0.23796296296296293
0 0.2247395833333333 0.8388888888888889 0.05364583333333332 0.22777777777777777
0 0.17552083333333332 0.8953703703703704 0.0625 0.2111111111111111
0 0.10104166666666665 0.8069444444444445 0.0375 0.21018518518518517
0 0.10729166666666665 0.8296296296296296 0.040625 0.23888888888888887
0 0.5359375 0.6875 0.03958333333333333 0.18796296296296294
0 0.74765625 0.7009259259259258 0.0453125 0.1907407407407407
0 0.6171875 0.7185185185185186 0.042708333333333334 0.2
0 0.6354166666666667 0.7203703703703703 0.03645833333333333 0.17962962962962964
0 0.6302083333333333 0.6995370370370371 0.03645833333333333 0.16203703703703703
0 0.7744791666666666 0.7439814814814814 0.034375 0.1287037037037037
0 0.7486979166666666 0.7509259259259259 0.04635416666666666 0.1685185185185185
0 0.7763020833333333 0.7333333333333332 0.04010416666666666 0.19629629629629627
0 0.5692708333333333 0.5375 0.03020833333333333 0.10833333333333332
0 0.5388020833333333 0.5305555555555556 0.0359375 0.1259259259259259
0 0.4411458333333333 0.5324074074074073 0.03020833333333333 0.13518518518518519
0 0.6609375 0.5916666666666666 0.040625 0.16296296296296295
0 0.5187499999999999 0.5120370370370371 0.019791666666666666 0.09814814814814814
0 0.4895833333333333 0.5027777777777778 0.03020833333333333 0.1074074074074074
0 0.4567708333333333 0.49583333333333324 0.029166666666666664 0.12129629629629628
0 0.4255208333333333 0.49444444444444446 0.03020833333333333 0.11296296296296296
0 0.4044270833333333 0.4925925925925926 0.025520833333333333 0.11296296296296296
0 0.4630208333333333 0.475 0.025 0.10925925925925925
0 0.4333333333333333 0.47407407407407404 0.02395833333333333 0.11296296296296296
0 0.4197916666666666 0.46990740740740733 0.021875 0.12314814814814815
0 0.40494791666666663 0.475462962962963 0.0234375 0.11203703703703702
0 0.4994791666666666 0.49490740740740735 0.025 0.10462962962962963
5 0.70234375 0.4819444444444444 0.0234375 0.06574074074074074
0 0.75078125 0.43518518518518523 0.01927083333333333 0.07407407407407407
0 0.7541666666666667 0.43194444444444435 0.02708333333333333 0.0824074074074074
5 0.76796875 0.5152777777777777 0.0296875 0.08796296296296295
5 0.56328125 0.45740740740740743 0.0265625 0.10925925925925925
