0 0.24557291666666664 0.7518518518518518 0.058854166666666666 0.22037037037037038
0 0.31197916666666664 0.7620370370370371 0.04895833333333333 0.23148148148148148
0 0.36432291666666666 0.7370370370370369 0.04114583333333333 0.20370370370370366
0 0.3091145833333333 0.888425925925926 0.0609375 0.225
0 0.3692708333333333 0.8930555555555555 0.06145833333333332 0.21388888888888888
0 0.6166666666666666 0.6597222222222222 0.04479166666666666 0.1935185185185185
0 0.6309895833333333 0.6569444444444443 0.0421875 0.1861111111111111
5 0.6520833333333333 0.6351851851851851 0.028125 0.1685185185185185
0 0.79296875 0.5296296296296296 0.025520833333333333 0.09259259259259259
5 0.7098958333333333 0.4847222222222222 0.026041666666666664 0.07685185185185185
0 0.6338541666666666 0.6532407407407408 0.035416666666666666 0.1824074074074074
0 0.8739583333333334 0.712037037037037 0.05416666666666666 0.18888888888888888
0 0.7513020833333333 0.7671296296296296 0.04427083333333333 0.22129629629629627
0 0.7026041666666666 0.7699074074074074 0.04791666666666666 0.21759259259259256
0 0.8583333333333332 0.6949074074074074 0.04583333333333333 0.18981481481481483
0 0.4494791666666667 0.5393518518518519 0.02395833333333333 0.11018518518518519
0 0.4747395833333333 0.5291666666666666 0.03177083333333333 0.13425925925925924
0 0.4294270833333333 0.5652777777777778 0.027604166666666662 0.1324074074074074
0 0.4973958333333333 0.5532407407407407 0.03125 0.1324074074074074
0 0.4994791666666666 0.5328703703703704 0.026041666666666664 0.12129629629629628
0 0.5434895833333333 0.5314814814814814 0.03177083333333333 0.13148148148148148
0 0.5276041666666667 0.5499999999999999 0.03020833333333333 0.12962962962962962
0 0.5161458333333333 0.6578703703703703 0.04479166666666666 0.18796296296296294
5 0.6302083333333333 0.6060185185185185 0.029166666666666664 0.14351851851851852
0 0.52734375 0.6606481481481481 0.0359375 0.1787037037037037
0 0.56171875 0.6537037037037037 0.0359375 0.17037037037037037
0 0.5533854166666667 0.6263888888888889 0.03177083333333333 0.16018518518518518
0 0.6291666666666667 0.6231481481481481 0.035416666666666666 0.15740740740740738
0 0.6369791666666667 0.6175925925925926 0.03125 0.15185185185185185
0 0.5890624999999999 0.6925925925925925 0.04479166666666666 0.17407407407407408
0 0.6221354166666666 0.7041666666666666 0.0359375 0.13425925925925924
0 0.7041666666666666 0.7060185185185185 0.046875 0.19907407407407407
0 0.6541666666666666 0.7694444444444444 0.046875 0.22407407407407404
0 0.7080729166666666 0.6087962962962963 0.0296875 0.14351851851851852
0 0.7677083333333333 0.6518518518518518 0.040625 0.1685185185185185
0 0.7653645833333333 0.7124999999999999 0.04739583333333333 0.17314814814814813
0 0.021875 0.9361111111111111 0.042708333333333334 0.12962962962962962
0 0.04635416666666666 0.9532407407407406 0.06041666666666666 0.09537037037037036
0 0.49921875 0.826851851851852 0.05989583333333333 0.20370370370370366
0 0.68125 0.8171296296296295 0.053125 0.21944444444444441
0 0.9596354166666666 0.8041666666666666 0.049479166666666664 0.21018518518518517
0 0.4666666666666666 0.4893518518518518 0.03229166666666666 0.10462962962962963
0 0.4374999999999999 0.4810185185185185 0.03229166666666666 0.12314814814814815
5 0.6947916666666667 0.49120370370370364 0.02395833333333333 0.06574074074074074
0 0.7223958333333333 0.45185185185185184 0.025 0.08888888888888888
0 0.7427083333333333 0.449537037037037 0.03020833333333333 0.08981481481481482
5 0.7546875 0.5226851851851853 0.03020833333333333 0.08796296296296295
5 0.5432291666666667 0.46805555555555556 0.02395833333333333 0.11018518518518519
