0 0.26901041666666664 0.6129629629629629 0.043229166666666666 0.17407407407407408
0 0.27291666666666664 0.6407407407407406 0.05 0.17777777777777776
0 0.5567708333333333 0.6412037037037037 0.034375 0.18796296296296294
0 0.5856770833333333 0.6402777777777777 0.033854166666666664 0.17685185185185184
5 0.6546875 0.6435185185185185 0.03020833333333333 0.1759259259259259
0 0.7333333333333333 0.5203703703703704 0.02395833333333333 0.0962962962962963
5 0.7315104166666667 0.4828703703703704 0.025520833333333333 0.07685185185185185
0 0.61796875 0.6421296296296296 0.03177083333333333 0.1787037037037037
0 0.6104166666666666 0.9773148148148147 0.046875 0.04722222222222222
0 0.46744791666666663 0.6388888888888888 0.027604166666666662 0.137037037037037
0 0.5018229166666666 0.6222222222222222 0.03697916666666666 0.1648148148148148
0 0.5630208333333333 0.6675925925925925 0.03958333333333333 0.16296296296296295
0 0.7604166666666666 0.6407407407407406 0.034375 0.14629629629629629
0 0.6671874999999999 0.625462962962963 0.029166666666666664 0.1509259259259259
0 0.7078125 0.6203703703703703 0.041666666666666664 0.16296296296296295
0 0.7979166666666666 0.6402777777777777 0.03229166666666666 0.15277777777777776
5 0.6526041666666667 0.6018518518518519 0.028125 0.14259259259259258
0 0.9588541666666666 0.7402777777777778 0.04895833333333333 0.1935185185185185
0 0.5114583333333333 0.9694444444444444 0.06145833333333332 0.06296296296296296
0 0.22604166666666664 0.7939814814814815 0.04791666666666666 0.23425925925925925
0 0.26979166666666665 0.8018518518518519 0.04895833333333333 0.2185185185185185
0 0.2484375 0.860648148148148 0.05625 0.2287037037037037
0 0.11432291666666665 0.8046296296296296 0.04010416666666666 0.20925925925925926
0 0.13072916666666665 0.875925925925926 0.05416666666666666 0.24259259259259255
0 0.4752604166666667 0.6638888888888889 0.03177083333333333 0.1759259259259259
0 0.7736979166666667 0.6763888888888888 0.04010416666666666 0.18055555555555552
0 0.6109375 0.7208333333333332 0.03958333333333333 0.20277777777777778
0 0.6463541666666666 0.7282407407407406 0.035416666666666666 0.18055555555555552
0 0.5283854166666667 0.6800925925925926 0.03802083333333333 0.15462962962962962
0 0.7979166666666666 0.7175925925925926 0.034375 0.11851851851851851
0 0.7518229166666666 0.7171296296296296 0.04010416666666666 0.15462962962962962
0 0.8627604166666666 0.7527777777777778 0.0515625 0.2185185185185185
0 0.8921874999999998 0.7504629629629629 0.04895833333333333 0.21018518518518517
0 0.7838541666666666 0.7050925925925926 0.040625 0.1824074074074074
0 0.6002604166666666 0.5708333333333333 0.0296875 0.1324074074074074
0 0.5708333333333333 0.5587962962962962 0.035416666666666666 0.1398148148148148
0 0.4572916666666667 0.5634259259259259 0.03333333333333333 0.1472222222222222
0 0.5645833333333333 0.5907407407407408 0.04479166666666666 0.15740740740740738
0 0.5388020833333333 0.5273148148148148 0.0234375 0.10462962962962963
0 0.51875 0.5212962962962963 0.03020833333333333 0.11296296296296296
0 0.4916666666666667 0.514351851851852 0.03333333333333333 0.12129629629629628
0 0.4424479166666667 0.5152777777777777 0.03177083333333333 0.11203703703703702
0 0.4135416666666666 0.514351851851852 0.025 0.11574074074074074
0 0.5140624999999999 0.49537037037037035 0.026041666666666664 0.11111111111111112
0 0.4864583333333333 0.4916666666666666 0.02395833333333333 0.11296296296296296
0 0.4687499999999999 0.4898148148148148 0.026041666666666664 0.12407407407407407
0 0.4489583333333333 0.49490740740740746 0.025 0.11574074074074074
0 0.4130208333333333 0.4814814814814815 0.02708333333333333 0.10925925925925925
0 0.4463541666666666 0.47407407407407404 0.026041666666666664 0.1074074074074074
0 0.5244791666666666 0.5185185185185185 0.021875 0.1074074074074074
5 0.7140625 0.4921296296296296 0.02395833333333333 0.06574074074074074
0 0.4299479166666666 0.4726851851851851 0.024479166666666666 0.12314814814814815
0 0.7588541666666666 0.43981481481481477 0.019791666666666666 0.07407407407407407
0 0.7671875 0.4356481481481481 0.02708333333333333 0.0824074074074074
5 0.7794270833333333 0.5208333333333333 0.0296875 0.08796296296296295
5 0.5713541666666666 0.4643518518518518 0.025 0.11018518518518519
