0 0.5703125000000001 0.648611111111111 0.034374999999999996 0.18796296296296294
0 0.6057291666666667 0.6560185185185184 0.034374999999999996 0.1824074074074074
0 0.6651041666666666 0.6481481481481481 0.030208333333333334 0.17592592592592593
0 0.7408854166666666 0.5203703703703704 0.0234375 0.0962962962962963
0 0.7403645833333333 0.48287037037037034 0.025520833333333333 0.07685185185185185
0 0.6250000000000001 0.6462962962962963 0.03229166666666667 0.17777777777777776
0 0.49401041666666673 0.6583333333333333 0.02760416666666667 0.14074074074074075
0 0.52734375 0.6430555555555555 0.035937500000000004 0.17314814814814813
0 0.6294270833333334 0.6875 0.0421875 0.16574074074074074
0 0.81796875 0.6657407407407407 0.03697916666666667 0.16296296296296295
0 0.7541666666666667 0.6421296296296296 0.030208333333333334 0.15092592592592594
0 0.7820312500000001 0.6412037037037037 0.04010416666666666 0.1675925925925926
0 0.8515625000000001 0.6666666666666666 0.0375 0.1685185185185185
0 0.66015625 0.6032407407407407 0.02760416666666667 0.14351851851851852
0 0.2578125 0.7703703703703703 0.046875 0.22037037037037036
0 0.296875 0.7796296296296297 0.042708333333333334 0.20185185185185184
0 0.28541666666666665 0.8282407407407406 0.057291666666666664 0.22129629629629627
0 0.16666666666666666 0.7939814814814814 0.040625 0.21018518518518517
0 0.14427083333333335 0.8958333333333334 0.06145833333333334 0.20833333333333334
0 0.4526041666666667 0.6532407407407407 0.034374999999999996 0.1675925925925926
0 0.7757812500000001 0.6685185185185186 0.034895833333333334 0.18518518518518517
0 0.6190104166666667 0.7245370370370369 0.04010416666666666 0.2046296296296296
0 0.6557291666666667 0.7388888888888889 0.0375 0.18518518518518517
0 0.4747395833333333 0.6689814814814814 0.0421875 0.15648148148148147
0 0.7921874999999999 0.7069444444444444 0.030208333333333334 0.1175925925925926
0 0.78046875 0.6972222222222222 0.035937500000000004 0.1537037037037037
0 0.8239583333333333 0.7333333333333333 0.046875 0.2111111111111111
0 0.8630208333333333 0.7333333333333333 0.041666666666666664 0.20185185185185184
0 0.9393229166666667 0.7685185185185185 0.06197916666666667 0.21296296296296294
0 0.8052083333333334 0.6912037037037035 0.0375 0.1787037037037037
0 0.9750000000000001 0.7708333333333334 0.042708333333333334 0.19907407407407407
0 0.6208333333333335 0.587962962962963 0.03229166666666667 0.13148148148148148
0 0.59296875 0.5787037037037037 0.03802083333333334 0.14629629629629629
0 0.4609375 0.5819444444444444 0.03333333333333333 0.14907407407407408
0 0.5182291666666667 0.5884259259259259 0.04479166666666667 0.15648148148148147
0 0.5609375000000001 0.5462962962962962 0.02395833333333333 0.10370370370370369
0 0.5369791666666667 0.5449074074074074 0.030208333333333334 0.12685185185185185
0 0.5065104166666667 0.5268518518518518 0.03177083333333333 0.12037037037037036
0 0.45390625 0.5324074074074073 0.03177083333333333 0.11851851851851851
0 0.4151041666666667 0.5268518518518518 0.026041666666666668 0.12037037037037036
0 0.53828125 0.5115740740740741 0.02760416666666667 0.11574074074074073
0 0.5135416666666667 0.5046296296296295 0.02395833333333333 0.11296296296296296
0 0.49375 0.5037037037037037 0.026041666666666668 0.12962962962962962
0 0.4760416666666667 0.5092592592592592 0.026041666666666668 0.12037037037037036
0 0.4276041666666667 0.49675925925925923 0.027083333333333334 0.11574074074074073
0 0.4934895833333333 0.4833333333333333 0.025520833333333333 0.1074074074074074
0 0.4265625 0.4699074074074074 0.02395833333333333 0.10092592592592592
0 0.5343749999999999 0.5277777777777778 0.021875000000000002 0.1074074074074074
0 0.7223958333333335 0.4912037037037037 0.02395833333333333 0.06574074074074074
0 0.4716145833333333 0.4851851851851851 0.025520833333333333 0.12407407407407406
0 0.7671875 0.44259259259259254 0.01979166666666667 0.07407407407407408
0 0.7755208333333334 0.43749999999999994 0.027083333333333334 0.0824074074074074
0 0.7869791666666666 0.524537037037037 0.030208333333333334 0.08796296296296297
0 0.5822916666666667 0.4662037037037037 0.026041666666666668 0.11018518518518518
