0 0.2869791666666667 0.6578703703703703 0.053125 0.1935185185185185
0 0.34348958333333335 0.6620370370370369 0.044270833333333336 0.2037037037037037
0 0.4330729166666667 0.6587962962962963 0.03802083333333334 0.17685185185185184
0 0.18697916666666667 0.9597222222222221 0.0625 0.08055555555555555
0 0.28541666666666665 0.9652777777777776 0.065625 0.07129629629629629
0 0.53125 0.612037037037037 0.0375 0.1796296296296296
0 0.5614583333333334 0.611111111111111 0.034374999999999996 0.17407407407407408
0 0.65390625 0.6231481481481481 0.02760416666666667 0.1685185185185185
0 0.7921875 0.5097222222222222 0.02395833333333333 0.09351851851851851
0 0.7114583333333334 0.4699074074074074 0.026041666666666668 0.07685185185185185
0 0.6216145833333334 0.6333333333333333 0.03697916666666667 0.17407407407407408
0 0.728125 0.8754629629629629 0.05520833333333334 0.24907407407407406
0 0.6768229166666667 0.8763888888888888 0.06302083333333333 0.24537037037037035
0 0.4622395833333333 0.5666666666666667 0.0234375 0.11296296296296296
0 0.49375 0.5527777777777777 0.030208333333333334 0.14629629629629629
0 0.45625000000000004 0.5981481481481481 0.030208333333333334 0.14444444444444443
0 0.5625000000000001 0.5814814814814814 0.034374999999999996 0.14259259259259258
0 0.5192708333333333 0.5555555555555555 0.026041666666666668 0.13518518518518519
0 0.5390625 0.5532407407407407 0.03229166666666667 0.14537037037037034
0 0.5901041666666667 0.5824074074074074 0.03125 0.14814814814814817
0 0.7583333333333334 0.7037037037037036 0.053125 0.20555555555555555
0 0.6341145833333335 0.5921296296296297 0.029687500000000002 0.14351851851851852
0 0.76875 0.6962962962962962 0.042708333333333334 0.19074074074074074
0 0.7973958333333333 0.6949074074074074 0.04583333333333334 0.18425925925925926
0 0.6838541666666667 0.6787037037037036 0.04791666666666666 0.1796296296296296
0 0.784375 0.6569444444444444 0.041666666666666664 0.1675925925925926
0 0.8049479166666667 0.6587962962962963 0.03177083333333333 0.1675925925925926
0 0.8622395833333334 0.7199074074074073 0.05677083333333334 0.1861111111111111
0 0.8875000000000001 0.7314814814814814 0.0375 0.14259259259259258
0 0.5984375 0.8712962962962962 0.05625 0.25740740740740736
0 0.8330729166666666 0.6509259259259258 0.04114583333333334 0.1722222222222222
0 0.9565104166666666 0.7018518518518518 0.043229166666666666 0.19814814814814813
0 0.1015625 0.8791666666666667 0.06458333333333334 0.24166666666666667
0 0.16119791666666666 0.8925925925925925 0.0546875 0.21666666666666667
0 0.09661458333333332 0.9347222222222221 0.0546875 0.1324074074074074
0 0.2015625 0.8050925925925925 0.053125 0.2046296296296296
0 0.29921875 0.8222222222222222 0.0703125 0.22037037037037036
0 0.6638020833333335 0.724537037037037 0.04010416666666666 0.1935185185185185
0 0.8328125 0.7449074074074074 0.05416666666666667 0.20648148148148146
0 0.74140625 0.735648148148148 0.050520833333333334 0.21203703703703702
0 0.7473958333333334 0.7333333333333333 0.036458333333333336 0.18518518518518517
0 0.7828125 0.7342592592592593 0.046875 0.17592592592592593
0 0.86875 0.7680555555555555 0.042708333333333334 0.1324074074074074
0 0.95625 0.7689814814814814 0.04791666666666666 0.1675925925925926
0 0.9674479166666666 0.7550925925925926 0.043229166666666666 0.21203703703703702
0 0.5364583333333334 0.5023148148148148 0.028125 0.10648148148148147
0 0.5065104166666667 0.4981481481481482 0.03177083333333333 0.1259259259259259
0 0.42578125 0.5 0.029687500000000002 0.1259259259259259
0 0.7911458333333334 0.5726851851851851 0.03229166666666667 0.1398148148148148
0 0.4723958333333333 0.48611111111111105 0.02291666666666667 0.09074074074074073
0 0.45156250000000003 0.48148148148148145 0.026041666666666668 0.10185185185185185
0 0.4078125 0.4722222222222222 0.029166666666666667 0.11296296296296296
0 0.45989583333333334 0.4717592592592592 0.025 0.10462962962962963
0 0.6958333333333334 0.4819444444444444 0.02395833333333333 0.06574074074074074
0 0.75 0.42777777777777776 0.01875 0.07407407407407408
0 0.7552083333333335 0.4282407407407407 0.027083333333333334 0.0824074074074074
0 0.7598958333333333 0.5106481481481482 0.030208333333333334 0.08796296296296297
0 0.5518229166666666 0.45370370370370366 0.025520833333333333 0.11296296296296296
