0 0.16458333333333333 0.874074074074074 0.06666666666666667 0.25370370370370365
0 0.23541666666666666 0.8726851851851851 0.0625 0.2564814814814815
0 0.25703124999999993 0.8398148148148149 0.05052083333333333 0.23703703703703702
0 0.9265625 0.8870370370370371 0.05416666666666666 0.22777777777777777
0 0.3716145833333333 0.7680555555555555 0.0515625 0.21203703703703702
0 0.4174479166666667 0.7703703703703703 0.05052083333333333 0.19629629629629627
0 0.81171875 0.7333333333333333 0.05052083333333333 0.21666666666666665
0 0.8424479166666666 0.7226851851851851 0.0421875 0.20462962962962963
5 0.659375 0.649074074074074 0.03020833333333333 0.1685185185185185
0 0.8026041666666666 0.5435185185185185 0.02708333333333333 0.09259259259259259
5 0.71640625 0.4925925925925926 0.028645833333333332 0.07592592592592592
0 0.7520833333333333 0.6939814814814814 0.041666666666666664 0.1861111111111111
0 0.7859375 0.6587962962962962 0.041666666666666664 0.16574074074074072
0 0.6520833333333333 0.6791666666666666 0.041666666666666664 0.18425925925925926
0 0.57734375 0.6805555555555556 0.03802083333333333 0.18148148148148147
0 0.7593749999999999 0.6282407407407407 0.03854166666666666 0.16574074074074072
0 0.4119791666666667 0.5055555555555555 0.02395833333333333 0.09814814814814814
0 0.4364583333333333 0.48287037037037034 0.026041666666666664 0.11203703703703702
0 0.42447916666666663 0.5296296296296296 0.025 0.12407407407407407
0 0.4463541666666667 0.5189814814814814 0.03020833333333333 0.12314814814814815
0 0.45963541666666663 0.4921296296296296 0.0265625 0.11203703703703702
0 0.4966145833333333 0.4930555555555555 0.025520833333333333 0.12129629629629628
0 0.4755208333333333 0.5101851851851852 0.034375 0.12037037037037038
0 0.4374999999999999 0.586574074074074 0.035416666666666666 0.1638888888888889
5 0.6354166666666666 0.612037037037037 0.029166666666666664 0.14629629629629629
0 0.47578125 0.5935185185185186 0.0328125 0.15555555555555553
0 0.49921875 0.5958333333333333 0.03177083333333333 0.14351851851851852
0 0.5205729166666666 0.5708333333333332 0.0328125 0.13425925925925924
0 0.5518229166666667 0.5652777777777778 0.03177083333333333 0.12685185185185183
0 0.546875 0.5564814814814815 0.028125 0.11851851851851851
0 0.5070312499999999 0.6162037037037036 0.043229166666666666 0.15277777777777776
0 0.534375 0.6337962962962962 0.02708333333333333 0.11574074074074074
0 0.5471354166666667 0.6407407407407406 0.03802083333333333 0.17777777777777776
0 0.5380208333333333 0.6805555555555556 0.03854166666666666 0.1925925925925926
0 0.5828125 0.5648148148148147 0.03020833333333333 0.14074074074074075
0 0.5981770833333333 0.6041666666666666 0.033854166666666664 0.16574074074074072
0 0.5919270833333333 0.650462962962963 0.0390625 0.15277777777777776
0 0.9669270833333334 0.8351851851851851 0.049479166666666664 0.19814814814814813
5 0.7010416666666667 0.5087962962962962 0.02395833333333333 0.06574074074074074
0 0.6567708333333333 0.46620370370370373 0.028125 0.08981481481481482
0 0.6765625 0.4685185185185185 0.03333333333333333 0.0962962962962963
5 0.765625 0.5300925925925926 0.03125 0.08796296296296295
5 0.5609375 0.4773148148148148 0.02395833333333333 0.11018518518518519
