0 0.5736979166666666 0.6518518518518518 0.033854166666666664 0.18888888888888888
0 0.6067708333333333 0.6569444444444444 0.034375 0.1824074074074074
5 0.6671875 0.6481481481481481 0.03020833333333333 0.1759259259259259
0 0.7424479166666667 0.5203703703703704 0.0234375 0.0962962962962963
5 0.7421875 0.4828703703703704 0.025 0.07685185185185185
0 0.6249999999999999 0.6467592592592593 0.03229166666666666 0.17685185185185184
0 0.49869791666666663 0.6629629629629629 0.027604166666666662 0.14259259259259258
0 0.5325520833333333 0.6462962962962963 0.0359375 0.17407407407407408
0 0.6440104166666666 0.6898148148148148 0.0421875 0.16666666666666666
0 0.8265625 0.6680555555555555 0.03854166666666666 0.16203703703703703
0 0.771875 0.6458333333333333 0.03020833333333333 0.1509259259259259
0 0.7963541666666667 0.6449074074074074 0.03958333333333333 0.16759259259259257
0 0.8598958333333332 0.6699074074074074 0.0375 0.16944444444444445
5 0.6611979166666666 0.6032407407407407 0.027604166666666662 0.14351851851851852
0 0.2630208333333333 0.7652777777777777 0.04583333333333333 0.21759259259259256
0 0.30182291666666666 0.774074074074074 0.0421875 0.20185185185185187
0 0.29218749999999993 0.8226851851851851 0.055208333333333325 0.22129629629629627
0 0.17421874999999998 0.7847222222222221 0.043229166666666666 0.20277777777777778
0 0.14375 0.898611111111111 0.06458333333333333 0.19907407407407407
0 0.4526041666666666 0.6467592592592593 0.034375 0.16759259259259257
0 0.7773437499999999 0.6657407407407406 0.033854166666666664 0.18518518518518517
0 0.6205729166666666 0.7254629629629629 0.04010416666666666 0.20462962962962963
0 0.6578124999999999 0.7398148148148147 0.03854166666666666 0.18518518518518517
0 0.4653645833333333 0.6652777777777777 0.0421875 0.15648148148148147
0 0.7916666666666667 0.7032407407407406 0.03020833333333333 0.11759259259259258
0 0.78359375 0.6953703703703703 0.0359375 0.1537037037037037
0 0.8200520833333333 0.7287037037037037 0.04635416666666666 0.2074074074074074
0 0.85859375 0.7300925925925925 0.043229166666666666 0.2009259259259259
0 0.9190104166666666 0.7625 0.0515625 0.21574074074074073
0 0.8052083333333332 0.6884259259259259 0.0375 0.1787037037037037
0 0.9601562499999998 0.7643518518518518 0.05052083333333333 0.1935185185185185
0 0.6249999999999999 0.5907407407407408 0.03229166666666666 0.13148148148148148
0 0.5963541666666666 0.5805555555555555 0.03854166666666666 0.14629629629629629
0 0.4625 0.5837962962962963 0.03333333333333333 0.14907407407407408
0 0.5114583333333333 0.5847222222222223 0.04479166666666666 0.15648148148148147
0 0.5653645833333333 0.548148148148148 0.025520833333333333 0.1037037037037037
0 0.5401041666666667 0.5458333333333333 0.03020833333333333 0.12685185185185183
0 0.5091145833333333 0.5268518518518518 0.03177083333333333 0.12037037037037038
0 0.4565104166666667 0.5342592592592592 0.03177083333333333 0.11851851851851851
0 0.4151041666666666 0.5273148148148147 0.026041666666666664 0.12129629629629628
0 0.5414062499999999 0.513425925925926 0.027604166666666662 0.11574074074074074
0 0.5171875 0.5064814814814815 0.02395833333333333 0.11296296296296296
0 0.4984374999999999 0.5064814814814814 0.026041666666666664 0.12962962962962962
0 0.47968749999999993 0.5101851851851852 0.026041666666666664 0.12037037037037038
0 0.4278645833333333 0.5013888888888889 0.027604166666666662 0.11574074074074074
0 0.5010416666666666 0.4851851851851852 0.026041666666666664 0.1074074074074074
0 0.434375 0.475 0.02395833333333333 0.11111111111111112
0 0.5364583333333333 0.5287037037037037 0.021875 0.1074074074074074
5 0.7229166666666667 0.49120370370370364 0.02395833333333333 0.06574074074074074
0 0.47890625 0.4851851851851851 0.025520833333333333 0.12407407407407407
0 0.7692708333333333 0.44351851851851853 0.019791666666666666 0.07407407407407407
0 0.7770833333333333 0.4384259259259259 0.02708333333333333 0.0824074074074074
5 0.7885416666666667 0.524537037037037 0.03020833333333333 0.08796296296296295
5 0.5838541666666666 0.4662037037037036 0.026041666666666664 0.11018518518518519
