0 0.2098958333333333 0.8726851851851851 0.07083333333333333 0.25277777777777777
0 0.26536458333333335 0.8736111111111111 0.058854166666666666 0.2509259259259259
0 0.29375 0.8435185185185183 0.051041666666666666 0.22407407407407404
0 0.3723958333333333 0.8310185185185185 0.06145833333333332 0.22685185185185186
0 0.4106770833333333 0.8324074074074073 0.05260416666666666 0.20555555555555555
0 0.7640625 0.735648148148148 0.05 0.20462962962962963
0 0.7744791666666667 0.7287037037037036 0.042708333333333334 0.2
5 0.6630208333333333 0.6777777777777778 0.03020833333333333 0.1685185185185185
0 0.8059895833333334 0.5685185185185185 0.027604166666666662 0.09259259259259259
5 0.7216145833333333 0.5162037037037037 0.027604166666666662 0.07685185185185185
0 0.7052083333333333 0.711111111111111 0.041666666666666664 0.18148148148148147
0 0.8252604166666666 0.711574074074074 0.0421875 0.1824074074074074
0 0.7049479166666666 0.7402777777777778 0.043229166666666666 0.1935185185185185
0 0.6294270833333333 0.735648148148148 0.0390625 0.19166666666666665
0 0.79765625 0.6847222222222221 0.04010416666666666 0.16574074074074072
0 0.4395833333333333 0.5444444444444444 0.02395833333333333 0.1
0 0.4656249999999999 0.5263888888888888 0.026041666666666664 0.11203703703703702
0 0.4317708333333333 0.5703703703703703 0.026041666666666664 0.12407407407407407
0 0.46328125 0.5578703703703703 0.03177083333333333 0.12314814814814815
0 0.48515625 0.5333333333333333 0.025520833333333333 0.11296296296296296
0 0.5234374999999999 0.5402777777777777 0.029166666666666664 0.12314814814814815
0 0.4919270833333333 0.5587962962962962 0.0296875 0.1287037037037037
0 0.4606770833333333 0.6407407407407407 0.03697916666666666 0.17037037037037037
5 0.6460937499999999 0.6439814814814815 0.027604166666666662 0.14351851851851852
0 0.4828124999999999 0.638888888888889 0.03229166666666666 0.1648148148148148
0 0.5184895833333333 0.6425925925925926 0.03177083333333333 0.14629629629629629
0 0.5421875 0.6175925925925926 0.03125 0.137037037037037
0 0.5739583333333333 0.6129629629629629 0.03333333333333333 0.13518518518518519
0 0.5640625 0.6041666666666667 0.02708333333333333 0.12685185185185183
0 0.52265625 0.6680555555555554 0.0421875 0.16018518518518518
0 0.55 0.6833333333333333 0.02708333333333333 0.12962962962962962
0 0.5747395833333333 0.6939814814814814 0.03802083333333333 0.1861111111111111
0 0.5960937499999999 0.7388888888888888 0.04010416666666666 0.19814814814814813
0 0.5973958333333333 0.6101851851851852 0.03020833333333333 0.14074074074074075
0 0.6411458333333333 0.6527777777777778 0.03333333333333333 0.1685185185185185
0 0.61796875 0.7064814814814814 0.03697916666666666 0.1611111111111111
0 0.83515625 0.8685185185185185 0.0609375 0.20370370370370366
0 0.9718749999999998 0.8384259259259259 0.04895833333333333 0.20833333333333331
5 0.7075520833333333 0.5337962962962962 0.0234375 0.06574074074074074
0 0.6791666666666666 0.4925925925925926 0.026041666666666664 0.09074074074074073
0 0.71015625 0.4921296296296297 0.0296875 0.08981481481481482
5 0.7697916666666667 0.5634259259259259 0.03125 0.08796296296296295
5 0.5645833333333333 0.5069444444444444 0.02395833333333333 0.11018518518518519
