0 0.19166666666666665 0.8768518518518519 0.06770833333333333 0.24814814814814815
0 0.2515625 0.8736111111111111 0.06041666666666666 0.25277777777777777
0 0.2716145833333333 0.8449074074074072 0.05052083333333333 0.22685185185185186
0 0.9757812499999998 0.8949074074074073 0.04114583333333333 0.21203703703703702
0 0.3708333333333333 0.8027777777777777 0.053125 0.21666666666666665
0 0.4171875 0.8078703703703702 0.051041666666666666 0.2009259259259259
0 0.7908854166666666 0.7375 0.0484375 0.21574074074074073
0 0.8041666666666666 0.7273148148148147 0.04375 0.20277777777777778
5 0.66171875 0.6657407407407407 0.0296875 0.1685185185185185
0 0.8033854166666666 0.562037037037037 0.027604166666666662 0.09259259259259259
5 0.7190104166666667 0.5069444444444444 0.027604166666666662 0.07685185185185185
0 0.7299479166666667 0.7074074074074074 0.04427083333333333 0.18518518518518517
0 0.8072916666666666 0.6879629629629629 0.042708333333333334 0.1685185185185185
0 0.6744791666666666 0.7199074074074073 0.041666666666666664 0.19537037037037036
0 0.6067708333333333 0.7125 0.03958333333333333 0.18796296296296294
0 0.7817708333333333 0.6624999999999999 0.03958333333333333 0.16574074074074072
0 0.4270833333333333 0.5300925925925926 0.02395833333333333 0.09907407407407406
0 0.4546874999999999 0.5087962962962963 0.026041666666666664 0.11203703703703702
0 0.4268229166666667 0.5527777777777778 0.025520833333333333 0.12407407407407407
0 0.4541666666666667 0.5407407407407407 0.03020833333333333 0.12407407407407407
0 0.4781249999999999 0.5175925925925926 0.026041666666666664 0.11296296296296296
0 0.5119791666666667 0.5189814814814815 0.028125 0.12129629629629628
0 0.4822916666666667 0.5402777777777776 0.03020833333333333 0.1287037037037037
0 0.4453125 0.6194444444444444 0.04375 0.16666666666666666
5 0.6421874999999999 0.6337962962962963 0.029166666666666664 0.14166666666666666
0 0.4802083333333333 0.6217592592592592 0.03125 0.16203703703703703
0 0.5065104166666667 0.6212962962962962 0.03177083333333333 0.14629629629629629
0 0.53125 0.5999999999999999 0.03333333333333333 0.13518518518518519
0 0.5627604166666667 0.5949074074074074 0.03177083333333333 0.13425925925925924
0 0.5559895833333333 0.5842592592592591 0.027604166666666662 0.1222222222222222
0 0.5140625 0.6458333333333333 0.0375 0.15648148148148147
0 0.5421875 0.662962962962963 0.02708333333333333 0.1259259259259259
0 0.5604166666666666 0.6699074074074074 0.0375 0.1787037037037037
0 0.5653645833333333 0.7124999999999999 0.04010416666666666 0.19722222222222222
0 0.590625 0.5898148148148147 0.03020833333333333 0.14074074074074075
0 0.6164062499999999 0.6282407407407407 0.033854166666666664 0.15462962962962962
0 0.6049479166666666 0.6805555555555555 0.04010416666666666 0.1537037037037037
0 0.8984375 0.8574074074074074 0.04375 0.20370370370370366
5 0.7046875 0.5245370370370369 0.02395833333333333 0.06574074074074074
0 0.6695312499999999 0.48703703703703694 0.027604166666666662 0.09074074074074073
0 0.6932291666666666 0.4810185185185185 0.03229166666666666 0.09351851851851851
5 0.7666666666666666 0.5504629629629629 0.03125 0.08796296296296295
5 0.5627604166666667 0.4967592592592592 0.0234375 0.11018518518518519
