0 0.25625 0.7273148148148147 0.05416666666666666 0.21018518518518517
0 0.321875 0.7268518518518519 0.05 0.2185185185185185
0 0.37968749999999996 0.711574074074074 0.03958333333333333 0.19166666666666665
0 0.2794270833333333 0.9013888888888888 0.06510416666666666 0.19722222222222222
0 0.3453125 0.9078703703703702 0.06354166666666666 0.1824074074074074
0 0.5854166666666666 0.6481481481481481 0.041666666666666664 0.1907407407407407
0 0.59375 0.6449074074074074 0.034375 0.1787037037037037
5 0.6458333333333333 0.6305555555555555 0.028125 0.1685185185185185
0 0.7893229166666667 0.5296296296296296 0.025520833333333333 0.09259259259259259
5 0.7072916666666667 0.48194444444444445 0.026041666666666664 0.07685185185185185
0 0.6200520833333333 0.6518518518518518 0.034895833333333334 0.18148148148148147
0 0.9268229166666666 0.7166666666666666 0.04635416666666666 0.1925925925925926
0 0.7411458333333333 0.788425925925926 0.041666666666666664 0.22685185185185186
0 0.6968749999999999 0.7958333333333333 0.04791666666666666 0.2287037037037037
0 0.9018229166666666 0.7041666666666667 0.05052083333333333 0.19537037037037036
0 0.4513020833333333 0.5425925925925925 0.0234375 0.11296296296296296
0 0.4734375 0.5337962962962963 0.03020833333333333 0.1398148148148148
0 0.43125 0.5726851851851851 0.03020833333333333 0.1361111111111111
0 0.5046875 0.5597222222222222 0.03333333333333333 0.13796296296296295
0 0.5033854166666667 0.5328703703703704 0.025520833333333333 0.12129629629629628
0 0.5338541666666666 0.5393518518518519 0.03229166666666666 0.1361111111111111
0 0.5348958333333333 0.5555555555555556 0.03020833333333333 0.12962962962962962
0 0.5513020833333333 0.6722222222222222 0.0453125 0.1907407407407407
5 0.6252604166666667 0.6050925925925925 0.0296875 0.14351851851851852
0 0.5643229166666667 0.6703703703703703 0.04427083333333333 0.18518518518518517
0 0.5859375 0.6689814814814814 0.0375 0.17314814814814813
0 0.5369791666666667 0.6393518518518518 0.03645833333333333 0.16759259259259257
0 0.675 0.625 0.03645833333333333 0.15740740740740738
0 0.6739583333333333 0.6222222222222222 0.03125 0.15185185185185185
0 0.6481770833333333 0.7004629629629628 0.04635416666666666 0.17314814814814813
0 0.6674479166666666 0.7143518518518517 0.033854166666666664 0.13425925925925924
0 0.7677083333333333 0.7083333333333333 0.05625 0.19814814814814813
0 0.6432291666666666 0.7930555555555555 0.046875 0.23425925925925925
0 0.7424479166666667 0.6231481481481482 0.03802083333333333 0.1648148148148148
0 0.7955729166666666 0.6666666666666666 0.0421875 0.18148148148148147
0 0.8184895833333332 0.7185185185185186 0.05364583333333332 0.1759259259259259
0 0.027343749999999993 0.9203703703703703 0.05364583333333332 0.1611111111111111
0 0.06302083333333333 0.936574074074074 0.05208333333333333 0.1287037037037037
0 0.39765625 0.8212962962962962 0.05260416666666666 0.20370370370370366
0 0.5820312499999999 0.8180555555555555 0.06197916666666666 0.21759259259259256
0 0.8752604166666667 0.787037037037037 0.056770833333333326 0.20925925925925926
0 0.9557291666666666 0.7648148148148148 0.04583333333333333 0.2185185185185185
0 0.9484374999999998 0.7592592592592593 0.03958333333333333 0.20185185185185187
0 0.4817708333333333 0.4893518518518518 0.04375 0.10648148148148147
0 0.4531249999999999 0.48287037037037034 0.03229166666666666 0.12314814814814815
0 0.3833333333333333 0.4796296296296296 0.028125 0.12407407407407407
0 0.38697916666666665 0.48240740740740734 0.02708333333333333 0.09074074074074073
5 0.6901041666666667 0.4902777777777777 0.02395833333333333 0.06574074074074074
0 0.7260416666666667 0.449537037037037 0.02395833333333333 0.08425925925925926
0 0.7473958333333333 0.4439814814814815 0.028125 0.08981481481481482
5 0.7494791666666667 0.5199074074074074 0.03020833333333333 0.08796296296296295
5 0.5369791666666667 0.46342592592592585 0.02395833333333333 0.11018518518518519
