0 0.24947916666666664 0.6310185185185184 0.05 0.16574074074074072
0 0.5666666666666667 0.6449074074074074 0.034375 0.18796296296296294
0 0.5979166666666667 0.649074074074074 0.034375 0.17962962962962964
5 0.6609375 0.6481481481481481 0.03020833333333333 0.1759259259259259
0 0.7380208333333333 0.5203703703703704 0.02395833333333333 0.0962962962962963
5 0.73671875 0.4837962962962963 0.025520833333333333 0.07685185185185185
0 0.6234374999999999 0.6453703703703704 0.03229166666666666 0.17962962962962964
0 0.4809895833333333 0.650462962962963 0.027604166666666662 0.13796296296296295
0 0.515625 0.6365740740740741 0.03645833333333333 0.16944444444444445
0 0.6036458333333333 0.6819444444444444 0.040625 0.16574074074074072
0 0.7986979166666666 0.6592592592592592 0.033854166666666664 0.15925925925925927
0 0.7190104166666667 0.6365740740740741 0.0296875 0.1509259259259259
0 0.753125 0.6328703703703703 0.040625 0.16574074074074072
0 0.8338541666666666 0.6587962962962963 0.0375 0.16759259259259257
5 0.6575520833333333 0.6023148148148147 0.027604166666666662 0.14351851851851852
0 0.24609375 0.7814814814814814 0.0484375 0.22592592592592592
0 0.2880208333333333 0.7851851851851851 0.042708333333333334 0.20370370370370366
0 0.2739583333333333 0.8412037037037037 0.05625 0.22129629629629627
0 0.14166666666666666 0.8060185185185185 0.03958333333333333 0.21018518518518517
0 0.14166666666666666 0.887962962962963 0.055208333333333325 0.22592592592592592
0 0.45859375 0.6578703703703703 0.0328125 0.16759259259259257
0 0.7726562499999999 0.6749999999999999 0.03697916666666666 0.18518518518518517
0 0.6166666666666667 0.7231481481481481 0.03958333333333333 0.20370370370370366
0 0.6557291666666666 0.7351851851851852 0.0375 0.18518518518518517
0 0.4937499999999999 0.675 0.041666666666666664 0.15555555555555553
0 0.79296875 0.7143518518518518 0.0296875 0.11759259259259258
0 0.77265625 0.7050925925925926 0.03802083333333333 0.15462962962962962
0 0.8317708333333332 0.737037037037037 0.04895833333333333 0.21296296296296294
0 0.8703125 0.7393518518518517 0.041666666666666664 0.20277777777777778
0 0.97421875 0.7731481481481481 0.0453125 0.20925925925925926
0 0.80078125 0.6976851851851851 0.03802083333333333 0.1787037037037037
0 0.6124999999999999 0.5824074074074074 0.03229166666666666 0.13148148148148148
0 0.5848958333333333 0.5722222222222222 0.0375 0.14444444444444443
0 0.4598958333333333 0.5773148148148148 0.03333333333333333 0.14907407407407408
0 0.5302083333333333 0.5953703703703703 0.04479166666666666 0.15740740740740738
0 0.5520833333333333 0.5402777777777777 0.022916666666666665 0.10462962962962963
0 0.5302083333333333 0.5412037037037037 0.03020833333333333 0.12685185185185183
0 0.5015625 0.524074074074074 0.03125 0.12037037037037038
0 0.4486979166666667 0.5268518518518518 0.03177083333333333 0.11851851851851851
0 0.4140625 0.524074074074074 0.025 0.11666666666666665
0 0.5294270833333333 0.5078703703703704 0.027604166666666662 0.11574074074074074
0 0.5041666666666667 0.49907407407407406 0.02395833333333333 0.11296296296296296
0 0.4838541666666666 0.4999999999999999 0.025 0.12962962962962962
0 0.46484375 0.5037037037037037 0.025520833333333333 0.11666666666666665
0 0.4239583333333333 0.4925925925925926 0.02708333333333333 0.1222222222222222
0 0.4770833333333333 0.4796296296296296 0.026041666666666664 0.1074074074074074
0 0.5309895833333333 0.525 0.021354166666666667 0.1074074074074074
5 0.721875 0.4921296296296296 0.02395833333333333 0.06574074074074074
0 0.4567708333333333 0.4814814814814815 0.026041666666666664 0.12407407407407407
0 0.7638020833333333 0.4416666666666666 0.01927083333333333 0.07407407407407407
0 0.7723958333333333 0.43657407407407406 0.02708333333333333 0.0824074074074074
5 0.7838541666666667 0.524537037037037 0.03020833333333333 0.08796296296296295
5 0.5781249999999999 0.46712962962962956 0.026041666666666664 0.11018518518518519
