0 0.26432291666666663 0.6259259259259259 0.04635416666666666 0.17962962962962964
0 0.3247395833333333 0.6296296296296295 0.0421875 0.1925925925925926
0 0.36458333333333337 0.6476851851851851 0.03229166666666666 0.16759259259259257
0 0.5348958333333333 0.6236111111111111 0.035416666666666666 0.1861111111111111
0 0.5614583333333333 0.6217592592592592 0.03125 0.17685185185185184
5 0.6411458333333333 0.6268518518518518 0.028125 0.1685185185185185
0 0.7479166666666667 0.5148148148148148 0.02395833333333333 0.0962962962962963
5 0.7200520833333333 0.47175925925925927 0.025520833333333333 0.07685185185185185
0 0.6028645833333333 0.6365740740740741 0.0359375 0.1787037037037037
0 0.7020833333333333 0.9217592592592592 0.0625 0.15833333333333333
0 0.6348958333333333 0.9157407407407409 0.06666666666666667 0.1685185185185185
0 0.4643229166666666 0.5949074074074074 0.024479166666666666 0.11388888888888889
0 0.4916666666666666 0.5819444444444444 0.034375 0.16018518518518518
0 0.4776041666666666 0.6333333333333332 0.034375 0.15925925925925927
0 0.6536458333333333 0.6092592592592592 0.034375 0.14629629629629629
0 0.54296875 0.5870370370370369 0.025520833333333333 0.13518518518518519
0 0.5955729166666666 0.5912037037037037 0.0390625 0.16203703703703703
0 0.6809895833333333 0.6060185185185185 0.03177083333333333 0.14907407407407408
5 0.63828125 0.5958333333333333 0.0296875 0.14351851851851852
0 0.9473958333333332 0.7324074074074074 0.04895833333333333 0.19814814814814813
0 0.8234375 0.7171296296296296 0.05208333333333333 0.19722222222222222
0 0.8442708333333334 0.7074074074074074 0.051041666666666666 0.1925925925925926
0 0.8463541666666666 0.6967592592592593 0.034375 0.18796296296296294
0 0.56328125 0.9138888888888888 0.0609375 0.17407407407407408
0 0.8822916666666666 0.6990740740740741 0.041666666666666664 0.18518518518518517
0 0.16484374999999998 0.8337962962962961 0.05572916666666666 0.23055555555555554
0 0.2169270833333333 0.8481481481481481 0.0546875 0.23148148148148148
0 0.16223958333333333 0.9018518518518517 0.058854166666666666 0.19814814814814813
0 0.10052083333333332 0.8064814814814815 0.0375 0.20925925925925926
0 0.11484375 0.8277777777777777 0.0484375 0.2333333333333333
0 0.55546875 0.6939814814814815 0.0421875 0.18796296296296294
0 0.7442708333333333 0.7087962962962961 0.04583333333333333 0.19722222222222222
0 0.6268229166666666 0.7194444444444443 0.04635416666666666 0.19814814814814813
0 0.6432291666666667 0.7157407407407407 0.03645833333333333 0.17962962962962964
0 0.6557291666666666 0.7060185185185185 0.04375 0.16203703703703703
0 0.771875 0.7476851851851851 0.034375 0.1287037037037037
0 0.7776041666666667 0.7601851851851852 0.03958333333333333 0.17037037037037037
0 0.7963541666666667 0.7351851851851852 0.04583333333333333 0.19629629629629627
0 0.56484375 0.5300925925925926 0.028645833333333332 0.10648148148148147
0 0.53203125 0.5222222222222223 0.033854166666666664 0.1259259259259259
0 0.4369791666666667 0.5259259259259259 0.03020833333333333 0.13518518518518519
0 0.6828125 0.5884259259259259 0.040625 0.16203703703703703
0 0.5125 0.5069444444444444 0.02395833333333333 0.09907407407407406
0 0.4833333333333333 0.4981481481481482 0.03020833333333333 0.1074074074074074
0 0.4505208333333333 0.4902777777777777 0.029166666666666664 0.12129629629629628
0 0.42265625 0.487962962962963 0.0296875 0.10925925925925925
0 0.40390625 0.48611111111111105 0.025520833333333333 0.11296296296296296
0 0.4494791666666667 0.47175925925925916 0.02395833333333333 0.11018518518518519
0 0.41796875 0.46944444444444444 0.0234375 0.11296296296296296
0 0.4044270833333333 0.4652777777777778 0.02239583333333333 0.12314814814814815
0 0.49375 0.49120370370370364 0.025 0.10462962962962963
5 0.70234375 0.4819444444444444 0.0234375 0.06574074074074074
0 0.7502604166666667 0.43425925925925923 0.01927083333333333 0.07407407407407407
0 0.7515625 0.4310185185185185 0.02708333333333333 0.0824074074074074
5 0.765625 0.5152777777777777 0.03020833333333333 0.08796296296296295
5 0.5619791666666666 0.45185185185185184 0.028125 0.10925925925925925
