0 0.24557291666666664 0.750462962962963 0.058854166666666666 0.22129629629629627
0 0.31197916666666664 0.7601851851851851 0.04895833333333333 0.23148148148148148
0 0.36484374999999997 0.7351851851851852 0.04114583333333333 0.20370370370370366
0 0.30781249999999993 0.888888888888889 0.06145833333333332 0.22407407407407404
0 0.36822916666666666 0.8935185185185185 0.06145833333333332 0.21296296296296294
0 0.6153645833333333 0.6592592592592592 0.04427083333333333 0.1925925925925926
0 0.6291666666666667 0.6564814814814814 0.041666666666666664 0.18518518518518517
5 0.6515625 0.6351851851851851 0.028125 0.1685185185185185
0 0.79296875 0.5296296296296296 0.025520833333333333 0.09259259259259259
5 0.7098958333333333 0.4847222222222222 0.026041666666666664 0.07685185185185185
0 0.6330729166666667 0.6532407407407408 0.034895833333333334 0.1824074074074074
0 0.8749999999999998 0.7125 0.055208333333333325 0.18796296296296294
0 0.75078125 0.7680555555555555 0.04427083333333333 0.22129629629629627
0 0.7026041666666666 0.7708333333333333 0.04791666666666666 0.21759259259259256
0 0.86015625 0.6958333333333333 0.04635416666666666 0.18981481481481483
0 0.4494791666666667 0.5393518518518519 0.02395833333333333 0.11018518518518519
0 0.4747395833333333 0.5291666666666666 0.03177083333333333 0.13425925925925924
0 0.4294270833333333 0.5652777777777778 0.027604166666666662 0.1324074074074074
0 0.4973958333333333 0.5537037037037037 0.03125 0.13333333333333333
0 0.4997395833333333 0.5328703703703704 0.025520833333333333 0.12129629629629628
0 0.5434895833333333 0.5314814814814814 0.03177083333333333 0.13148148148148148
0 0.528125 0.5499999999999999 0.03020833333333333 0.12962962962962962
0 0.5174479166666666 0.6583333333333333 0.0453125 0.18888888888888888
5 0.6296875 0.6060185185185185 0.029166666666666664 0.14351851851851852
0 0.5283854166666666 0.6611111111111111 0.0359375 0.17962962962962964
0 0.5622395833333333 0.6546296296296296 0.0359375 0.17037037037037037
0 0.5526041666666666 0.6268518518518518 0.03125 0.1611111111111111
0 0.63046875 0.624074074074074 0.0359375 0.15740740740740738
0 0.6385416666666666 0.6175925925925926 0.03125 0.15185185185185185
0 0.5908854166666666 0.6925925925925925 0.0453125 0.17407407407407408
0 0.6244791666666667 0.7046296296296296 0.03645833333333333 0.13518518518518519
0 0.7067708333333333 0.7060185185185185 0.04791666666666666 0.19907407407407407
0 0.6546875 0.7703703703703704 0.046875 0.22407407407407404
0 0.7096354166666666 0.6087962962962963 0.0296875 0.14351851851851852
0 0.7684895833333333 0.6523148148148148 0.04114583333333333 0.16944444444444445
0 0.7671874999999999 0.7124999999999999 0.04791666666666666 0.17314814814814813
0 0.022135416666666664 0.9356481481481481 0.043229166666666666 0.13055555555555556
0 0.04635416666666666 0.9532407407407406 0.06041666666666666 0.09537037037037036
0 0.49453125 0.826851851851852 0.06302083333333333 0.20370370370370366
0 0.6768229166666666 0.8175925925925925 0.05572916666666666 0.2185185185185185
0 0.9557291666666666 0.8032407407407407 0.05208333333333333 0.21018518518518517
0 0.4677083333333333 0.4893518518518518 0.03229166666666666 0.10462962962962963
0 0.4380208333333333 0.4810185185185185 0.03229166666666666 0.12314814814814815
5 0.6947916666666667 0.49120370370370364 0.02395833333333333 0.06574074074074074
0 0.72265625 0.45185185185185184 0.025520833333333333 0.08888888888888888
0 0.7432291666666667 0.449537037037037 0.03020833333333333 0.08981481481481482
5 0.7541666666666667 0.5226851851851853 0.03020833333333333 0.08796296296296295
5 0.5432291666666667 0.46805555555555556 0.02395833333333333 0.11018518518518519
