0 0.2591145833333333 0.7254629629629629 0.0546875 0.21018518518518517
0 0.3239583333333333 0.7240740740740741 0.05 0.2185185185185185
0 0.38125 0.7083333333333333 0.03958333333333333 0.1907407407407407
0 0.2755208333333333 0.9032407407407408 0.065625 0.1935185185185185
0 0.3416666666666667 0.9101851851851851 0.06354166666666666 0.17962962962962964
0 0.5822916666666667 0.6467592592592591 0.041666666666666664 0.19166666666666665
0 0.5901041666666667 0.6439814814814814 0.034375 0.1787037037037037
5 0.6458333333333333 0.6314814814814815 0.028125 0.1685185185185185
0 0.7893229166666667 0.5287037037037037 0.025520833333333333 0.09259259259259259
5 0.7067708333333333 0.48194444444444445 0.026041666666666664 0.07685185185185185
0 0.6190104166666666 0.6518518518518518 0.03697916666666666 0.18148148148148147
0 0.9369791666666666 0.7194444444444443 0.042708333333333334 0.1925925925925926
0 0.7393229166666666 0.7939814814814815 0.0421875 0.22685185185185186
0 0.6953124999999999 0.798611111111111 0.04791666666666666 0.23055555555555554
0 0.9098958333333333 0.7046296296296296 0.05416666666666666 0.19444444444444445
0 0.45182291666666663 0.5444444444444445 0.0234375 0.11296296296296296
0 0.4744791666666667 0.5347222222222222 0.03020833333333333 0.1398148148148148
0 0.4317708333333333 0.5736111111111111 0.03020833333333333 0.1361111111111111
0 0.5057291666666667 0.5597222222222222 0.03333333333333333 0.13796296296296295
0 0.50390625 0.5328703703703704 0.025520833333333333 0.12129629629629628
0 0.5330729166666667 0.5407407407407407 0.03177083333333333 0.137037037037037
0 0.5354166666666667 0.5555555555555556 0.03020833333333333 0.12962962962962962
0 0.5557291666666666 0.6754629629629629 0.04791666666666666 0.1935185185185185
5 0.6247395833333333 0.6050925925925925 0.0296875 0.14351851851851852
0 0.5708333333333333 0.6712962962962963 0.042708333333333334 0.18703703703703703
0 0.5919270833333333 0.6717592592592592 0.03697916666666666 0.17314814814814813
0 0.5354166666666667 0.6435185185185185 0.03958333333333333 0.17037037037037037
0 0.6796875 0.625925925925926 0.03645833333333333 0.15740740740740738
0 0.6807291666666666 0.6231481481481482 0.03125 0.15185185185185185
0 0.65625 0.7027777777777777 0.04583333333333333 0.17407407407407408
0 0.675 0.7162037037037037 0.03333333333333333 0.13425925925925924
0 0.77421875 0.7092592592592591 0.056770833333333326 0.19814814814814813
0 0.6421875 0.7958333333333333 0.046875 0.2361111111111111
0 0.7463541666666667 0.6268518518518518 0.03958333333333333 0.17037037037037037
0 0.79921875 0.6699074074074074 0.0421875 0.1824074074074074
0 0.8278645833333333 0.7185185185185186 0.05572916666666666 0.1759259259259259
0 0.02786458333333333 0.9189814814814815 0.0546875 0.1638888888888889
0 0.06536458333333332 0.9337962962962962 0.05260416666666666 0.1324074074074074
0 0.39296875 0.8217592592592592 0.05260416666666666 0.20462962962962963
0 0.5697916666666666 0.8162037037037037 0.051041666666666666 0.21944444444444441
0 0.86328125 0.7861111111111111 0.058854166666666666 0.20925925925925926
0 0.9442708333333332 0.7638888888888888 0.055208333333333325 0.2185185185185185
0 0.9393229166666666 0.7583333333333333 0.04010416666666666 0.20185185185185187
0 0.4848958333333333 0.49027777777777776 0.05 0.10833333333333332
0 0.45624999999999993 0.4837962962962963 0.03229166666666666 0.12314814814814815
0 0.38541666666666663 0.4805555555555555 0.028125 0.12407407407407407
0 0.390625 0.48240740740740734 0.026041666666666664 0.09074074074074073
5 0.6890625 0.4898148148148148 0.02395833333333333 0.06666666666666667
0 0.7263020833333333 0.44907407407407407 0.0234375 0.08333333333333333
0 0.7473958333333333 0.4449074074074074 0.028125 0.08981481481481482
5 0.7494791666666667 0.5199074074074074 0.03020833333333333 0.08796296296296295
5 0.5369791666666667 0.4643518518518518 0.02395833333333333 0.11018518518518519
