0 0.28255208333333337 0.6499999999999999 0.049479166666666664 0.1907407407407407
0 0.3421875 0.648611111111111 0.04375 0.19907407407407407
0 0.41875 0.6532407407407407 0.034375 0.17314814814814813
0 0.5317708333333333 0.6138888888888888 0.035416666666666666 0.18148148148148147
0 0.5627604166666667 0.6138888888888888 0.033854166666666664 0.17407407407407408
5 0.6523437499999999 0.6222222222222222 0.027604166666666662 0.1685185185185185
0 0.7802083333333333 0.5050925925925925 0.02395833333333333 0.09351851851851851
5 0.715625 0.46805555555555556 0.026041666666666664 0.07685185185185185
0 0.6177083333333333 0.6273148148148148 0.03854166666666666 0.16759259259259257
0 0.7213541666666667 0.8902777777777777 0.055208333333333325 0.21759259259259256
0 0.6705729166666666 0.8907407407407406 0.06510416666666666 0.22037037037037038
0 0.4658854166666666 0.5759259259259258 0.0234375 0.11296296296296296
0 0.4950520833333333 0.5638888888888889 0.03177083333333333 0.15185185185185185
0 0.4666666666666667 0.6101851851851852 0.03020833333333333 0.1537037037037037
0 0.5940104166666667 0.5953703703703703 0.033854166666666664 0.14444444444444443
0 0.5268229166666667 0.5629629629629629 0.025520833333333333 0.13518518518518519
0 0.5583333333333333 0.5671296296296295 0.034375 0.1509259259259259
0 0.6192708333333333 0.5921296296296296 0.03125 0.14907407407407408
0 0.8388020833333334 0.712037037037037 0.06822916666666666 0.20925925925925926
5 0.63828125 0.5912037037037037 0.0296875 0.14351851851851852
0 0.8416666666666666 0.7023148148148148 0.03645833333333333 0.19907407407407407
0 0.8653645833333334 0.700462962962963 0.05260416666666666 0.18981481481481483
0 0.7447916666666666 0.687037037037037 0.051041666666666666 0.18703703703703703
0 0.8026041666666666 0.6791666666666667 0.053125 0.18981481481481483
0 0.8249999999999998 0.6652777777777776 0.03333333333333333 0.17314814814814813
0 0.9375 0.7333333333333333 0.06354166666666666 0.18703703703703703
0 0.5955729166666666 0.8851851851851851 0.0609375 0.22777777777777777
0 0.8557291666666667 0.6699074074074074 0.041666666666666664 0.17314814814814813
0 0.12760416666666666 0.8625 0.059375 0.24537037037037038
0 0.18645833333333334 0.8800925925925925 0.05416666666666666 0.24166666666666664
0 0.12526041666666665 0.9199074074074074 0.0546875 0.16203703703703703
0 0.16067708333333333 0.8078703703703705 0.043229166666666666 0.20462962962962963
0 0.22369791666666666 0.825462962962963 0.06614583333333332 0.225
0 0.6229166666666666 0.7106481481481481 0.040625 0.19166666666666665
0 0.78046875 0.7296296296296296 0.0515625 0.20370370370370366
0 0.69765625 0.7259259259259259 0.0484375 0.20555555555555555
0 0.6971354166666666 0.725 0.03697916666666666 0.18148148148148147
0 0.7377604166666666 0.7231481481481481 0.0421875 0.17407407407407408
0 0.8135416666666666 0.7629629629629628 0.042708333333333334 0.13148148148148148
0 0.8924479166666666 0.7657407407407407 0.05364583333333332 0.1685185185185185
0 0.9007812499999999 0.7472222222222221 0.05052083333333333 0.19814814814814813
0 0.5526041666666666 0.5125 0.028125 0.10648148148148147
0 0.5213541666666666 0.5060185185185185 0.03229166666666666 0.12685185185185183
0 0.4315104166666666 0.5078703703703703 0.0296875 0.1324074074074074
0 0.7520833333333333 0.5856481481481481 0.03958333333333333 0.16018518518518518
0 0.4942708333333333 0.4898148148148148 0.022916666666666665 0.09074074074074073
0 0.4692708333333333 0.4851851851851852 0.03020833333333333 0.1074074074074074
0 0.4325520833333333 0.47777777777777775 0.0296875 0.11296296296296296
0 0.4080729166666666 0.47916666666666663 0.0296875 0.11203703703703702
0 0.39791666666666664 0.475925925925926 0.021875 0.1074074074074074
0 0.4052083333333333 0.4652777777777777 0.02395833333333333 0.11018518518518519
0 0.4807291666666666 0.48009259259259257 0.025 0.10462962962962963
5 0.7015625 0.48009259259259257 0.02395833333333333 0.06574074074074074
0 0.7484375 0.4287037037037037 0.01875 0.07407407407407407
0 0.7536458333333333 0.4291666666666666 0.02708333333333333 0.0824074074074074
5 0.7651041666666667 0.5097222222222222 0.03020833333333333 0.08796296296296295
5 0.5588541666666667 0.45 0.028125 0.10925925925925925
