0 0.2286458333333333 0.6064814814814814 0.04583333333333333 0.17962962962962964
0 0.28671874999999997 0.6138888888888888 0.04427083333333333 0.17407407407407408
0 0.3005208333333333 0.6356481481481481 0.04583333333333333 0.17314814814814813
0 0.5442708333333333 0.6398148148148148 0.034375 0.18703703703703703
0 0.5783854166666667 0.6351851851851851 0.033854166666666664 0.17777777777777776
5 0.6510416666666667 0.637962962962963 0.03020833333333333 0.1759259259259259
0 0.73125 0.5203703703703704 0.02395833333333333 0.0962962962962963
5 0.72734375 0.4791666666666667 0.025520833333333333 0.07685185185185185
0 0.6127604166666667 0.6375 0.03177083333333333 0.1787037037037037
0 0.6901041666666666 0.962962962962963 0.06041666666666666 0.07592592592592592
0 0.6153645833333333 0.9587962962962961 0.06510416666666666 0.08425925925925926
0 0.4643229166666666 0.6277777777777778 0.0265625 0.137037037037037
0 0.49609375 0.6101851851851852 0.034895833333333334 0.16296296296296295
0 0.528125 0.6578703703703703 0.03645833333333333 0.16018518518518518
0 0.73125 0.6314814814814815 0.034375 0.14629629629629629
0 0.6302083333333333 0.6125 0.03020833333333333 0.13796296296296295
0 0.6729166666666667 0.6129629629629629 0.042708333333333334 0.16296296296296295
0 0.765625 0.6291666666666667 0.03125 0.14907407407407408
5 0.6458333333333333 0.6023148148148147 0.03020833333333333 0.14351851851851852
0 0.9265624999999998 0.7393518518518518 0.05833333333333333 0.19537037037037036
0 0.9578125 0.7425925925925926 0.057291666666666664 0.19629629629629627
0 0.9179687499999998 0.7282407407407407 0.03802083333333333 0.18796296296296294
0 0.5223958333333333 0.9523148148148147 0.06145833333333332 0.09722222222222222
0 0.97265625 0.7226851851851851 0.04010416666666666 0.18796296296296294
0 0.20625 0.8041666666666666 0.051041666666666666 0.23796296296296293
0 0.2557291666666667 0.8134259259259258 0.04791666666666666 0.21944444444444441
0 0.22421875 0.8777777777777779 0.05989583333333333 0.23148148148148148
0 0.10598958333333333 0.8106481481481481 0.03802083333333333 0.21018518518518517
0 0.12265625 0.8541666666666666 0.0484375 0.24351851851851852
0 0.4888020833333333 0.6708333333333333 0.0390625 0.1787037037037037
0 0.7679687499999999 0.6828703703703705 0.04010416666666666 0.18425925925925926
0 0.6072916666666667 0.7226851851851851 0.03958333333333333 0.20277777777777778
0 0.6348958333333333 0.724537037037037 0.03229166666666666 0.1787037037037037
0 0.5606770833333333 0.6893518518518518 0.04427083333333333 0.16018518518518518
0 0.7895833333333333 0.7231481481481481 0.034375 0.11851851851851851
0 0.7338541666666666 0.7273148148148147 0.040625 0.15462962962962962
0 0.9 0.7620370370370371 0.0625 0.22037037037037038
0 0.9252604166666666 0.7569444444444444 0.0515625 0.21018518518518517
0 0.7690104166666666 0.7166666666666666 0.04010416666666666 0.18703703703703703
0 0.5874999999999999 0.5662037037037038 0.029166666666666664 0.1324074074074074
0 0.5598958333333333 0.5504629629629629 0.035416666666666666 0.1398148148148148
0 0.4526041666666667 0.5532407407407407 0.03333333333333333 0.14351851851851852
0 0.5979166666666667 0.5912037037037037 0.042708333333333334 0.16018518518518518
0 0.5325520833333333 0.524074074074074 0.02239583333333333 0.1037037037037037
0 0.509375 0.5148148148148148 0.03020833333333333 0.1074074074074074
0 0.4770833333333333 0.5078703703703704 0.03020833333333333 0.12129629629629628
0 0.4354166666666667 0.5083333333333333 0.03020833333333333 0.11296296296296296
0 0.409375 0.5087962962962962 0.025 0.11574074074074074
0 0.49765625 0.4884259259259259 0.025520833333333333 0.11018518518518519
0 0.4723958333333333 0.4851851851851852 0.02395833333333333 0.11296296296296296
0 0.4536458333333333 0.4819444444444444 0.026041666666666664 0.12314814814814815
0 0.43619791666666663 0.48888888888888893 0.0234375 0.11481481481481481
0 0.4216145833333333 0.4703703703703703 0.025520833333333333 0.1074074074074074
0 0.5158854166666667 0.5138888888888888 0.02239583333333333 0.1074074074074074
5 0.709375 0.4921296296296296 0.02395833333333333 0.06574074074074074
0 0.4018229166666666 0.4708333333333333 0.0234375 0.12314814814814815
0 0.7546875 0.43888888888888883 0.019791666666666666 0.07407407407407407
0 0.7625 0.4337962962962963 0.02708333333333333 0.0824074074074074
5 0.7739583333333333 0.5208333333333333 0.03020833333333333 0.08796296296296295
5 0.5682291666666666 0.46342592592592585 0.025 0.11018518518518519
