0 0.26536458333333335 0.6268518518518518 0.04635416666666666 0.17962962962962964
0 0.32578125 0.6310185185185184 0.0421875 0.19166666666666665
0 0.36875 0.6476851851851851 0.034375 0.16759259259259257
0 0.5343749999999999 0.6236111111111111 0.035416666666666666 0.1861111111111111
0 0.5598958333333333 0.6208333333333333 0.03125 0.17685185185185184
5 0.6421875 0.6259259259259259 0.028125 0.1685185185185185
0 0.7494791666666667 0.5148148148148148 0.02395833333333333 0.0962962962962963
5 0.7197916666666666 0.47175925925925927 0.026041666666666664 0.07685185185185185
0 0.6028645833333333 0.6356481481481481 0.0359375 0.1787037037037037
0 0.7046875 0.9199074074074074 0.06145833333333332 0.16203703703703703
0 0.6375 0.9138888888888888 0.06770833333333333 0.17222222222222222
0 0.4645833333333333 0.5925925925925926 0.02395833333333333 0.11481481481481481
0 0.4911458333333333 0.5814814814814815 0.034375 0.15925925925925927
0 0.4770833333333333 0.6324074074074074 0.03333333333333333 0.15925925925925927
0 0.65 0.6083333333333332 0.034375 0.14629629629629629
0 0.5403645833333333 0.586111111111111 0.025520833333333333 0.13518518518518519
0 0.59296875 0.5902777777777778 0.03802083333333333 0.16203703703703703
0 0.6763020833333333 0.6050925925925925 0.03177083333333333 0.14907407407407408
5 0.63828125 0.5949074074074073 0.0296875 0.14351851851851852
0 0.9414062499999998 0.7305555555555555 0.04739583333333333 0.19814814814814813
0 0.8197916666666666 0.7148148148148148 0.051041666666666666 0.19444444444444445
0 0.8411458333333334 0.7055555555555555 0.051041666666666666 0.1907407407407407
0 0.8447916666666666 0.6958333333333333 0.034375 0.18796296296296294
0 0.5658854166666666 0.912037037037037 0.0609375 0.17777777777777776
0 0.8799479166666666 0.6972222222222222 0.0421875 0.18333333333333332
0 0.16276041666666666 0.8351851851851851 0.05572916666666666 0.22962962962962963
0 0.2153645833333333 0.85 0.0546875 0.2333333333333333
0 0.16015625 0.9027777777777777 0.0578125 0.19629629629629627
0 0.10286458333333333 0.8055555555555556 0.03802083333333333 0.2074074074074074
0 0.11822916666666665 0.826851851851852 0.05208333333333333 0.23148148148148148
0 0.5591145833333333 0.6949074074074073 0.043229166666666666 0.18796296296296294
0 0.74375 0.7101851851851851 0.04583333333333333 0.19814814814814813
0 0.62890625 0.7194444444444443 0.04739583333333333 0.19814814814814813
0 0.6453125 0.7157407407407407 0.03645833333333333 0.17962962962962964
0 0.66015625 0.7069444444444444 0.0453125 0.16203703703703703
0 0.7713541666666666 0.7486111111111111 0.034375 0.1287037037037037
0 0.7830729166666667 0.7625 0.03802083333333333 0.17314814814814813
0 0.80078125 0.7351851851851852 0.04635416666666666 0.19629629629629627
0 0.5638020833333333 0.5287037037037037 0.028645833333333332 0.1074074074074074
0 0.5315104166666667 0.5212962962962963 0.033854166666666664 0.1259259259259259
0 0.4364583333333333 0.5249999999999999 0.03020833333333333 0.13518518518518519
0 0.6869791666666666 0.5879629629629629 0.040625 0.1611111111111111
0 0.5114583333333333 0.5064814814814814 0.02395833333333333 0.09814814814814814
0 0.4822916666666667 0.4981481481481482 0.03020833333333333 0.1074074074074074
0 0.4494791666666666 0.4902777777777777 0.029166666666666664 0.12129629629629628
0 0.42265625 0.4875 0.0296875 0.10833333333333332
0 0.40390625 0.4856481481481481 0.025520833333333333 0.11203703703703702
0 0.446875 0.47175925925925916 0.02395833333333333 0.11018518518518519
0 0.41484375 0.4685185185185185 0.0234375 0.11296296296296296
0 0.40234375 0.4648148148148148 0.02239583333333333 0.12407407407407407
0 0.4927083333333333 0.49027777777777776 0.025 0.10462962962962963
5 0.70234375 0.4819444444444444 0.0234375 0.06574074074074074
0 0.7502604166666667 0.4333333333333333 0.01927083333333333 0.07407407407407407
0 0.7510416666666667 0.4310185185185185 0.02708333333333333 0.0824074074074074
5 0.7651041666666667 0.5152777777777777 0.03020833333333333 0.08796296296296295
5 0.5614583333333333 0.45092592592592595 0.028125 0.10925925925925925
