0 0.26640625 0.6277777777777778 0.04635416666666666 0.17962962962962964
0 0.32682291666666663 0.6314814814814814 0.0421875 0.1907407407407407
0 0.3731770833333333 0.6476851851851851 0.03697916666666666 0.16759259259259257
0 0.5338541666666666 0.6231481481481481 0.035416666666666666 0.18518518518518517
0 0.5588541666666667 0.6208333333333333 0.03125 0.17685185185185184
5 0.6427083333333333 0.6259259259259259 0.028125 0.1685185185185185
0 0.7515625 0.513425925925926 0.02395833333333333 0.09537037037037036
5 0.7197916666666666 0.4708333333333333 0.026041666666666664 0.07685185185185185
0 0.603125 0.6347222222222222 0.03645833333333333 0.17685185185185184
0 0.70703125 0.9185185185185185 0.05989583333333333 0.1648148148148148
0 0.6395833333333333 0.912037037037037 0.06875 0.17407407407407408
0 0.4651041666666667 0.5902777777777778 0.02395833333333333 0.11388888888888889
0 0.490625 0.5805555555555555 0.034375 0.15925925925925927
0 0.4765624999999999 0.6314814814814815 0.03229166666666666 0.15925925925925927
0 0.6458333333333333 0.6083333333333332 0.034375 0.14629629629629629
0 0.5393229166666667 0.5842592592592591 0.025520833333333333 0.13518518518518519
0 0.5908854166666666 0.5893518518518518 0.03697916666666666 0.16203703703703703
0 0.6716145833333333 0.6041666666666666 0.03177083333333333 0.14907407407407408
5 0.63828125 0.5939814814814814 0.0296875 0.14351851851851852
0 0.9338541666666667 0.7273148148148147 0.05 0.19722222222222222
0 0.81640625 0.7125 0.05052083333333333 0.1935185185185185
0 0.8380208333333334 0.7037037037037037 0.051041666666666666 0.18888888888888888
0 0.8432291666666666 0.6939814814814815 0.034375 0.18796296296296294
0 0.5684895833333333 0.9106481481481481 0.0609375 0.18055555555555552
0 0.8778645833333332 0.6949074074074073 0.0421875 0.1824074074074074
0 0.1609375 0.836574074074074 0.05625 0.2287037037037037
0 0.2140625 0.8518518518518519 0.055208333333333325 0.23518518518518516
0 0.15781249999999997 0.9041666666666668 0.057291666666666664 0.1935185185185185
0 0.10546875 0.8046296296296296 0.03802083333333333 0.20555555555555555
0 0.121875 0.825925925925926 0.05625 0.22962962962962963
0 0.5627604166666667 0.6967592592592593 0.04427083333333333 0.18796296296296294
0 0.7432291666666667 0.7124999999999999 0.04583333333333333 0.19907407407407407
0 0.6309895833333333 0.7194444444444443 0.0484375 0.19814814814814813
0 0.6476562499999999 0.7166666666666666 0.03697916666666666 0.17962962962962964
0 0.6651041666666666 0.7087962962962963 0.046875 0.16203703703703703
0 0.7713541666666666 0.7495370370370369 0.034375 0.1287037037037037
0 0.7890625 0.7657407407407407 0.03645833333333333 0.1759259259259259
0 0.8057291666666666 0.7351851851851852 0.046875 0.19629629629629627
0 0.5630208333333333 0.5273148148148148 0.028125 0.10648148148148147
0 0.53125 0.5203703703703704 0.034375 0.1259259259259259
0 0.4364583333333333 0.524074074074074 0.03020833333333333 0.13518518518518519
0 0.690625 0.5875 0.040625 0.16203703703703703
0 0.51015625 0.5055555555555555 0.0234375 0.09814814814814814
0 0.48125 0.4962962962962963 0.03020833333333333 0.1074074074074074
0 0.44843749999999993 0.4893518518518519 0.029166666666666664 0.12129629629629628
0 0.4229166666666667 0.48611111111111105 0.03020833333333333 0.1074074074074074
0 0.40390625 0.4847222222222222 0.025520833333333333 0.11203703703703702
0 0.44375 0.47175925925925916 0.02395833333333333 0.11018518518518519
0 0.41171875 0.46759259259259256 0.0234375 0.11296296296296296
0 0.4002604166666667 0.4643518518518518 0.02239583333333333 0.12314814814814815
0 0.4911458333333333 0.4893518518518518 0.025 0.10462962962962963
5 0.70234375 0.4819444444444444 0.0234375 0.06574074074074074
0 0.7502604166666667 0.4333333333333333 0.01927083333333333 0.07407407407407407
0 0.7510416666666667 0.4300925925925926 0.02708333333333333 0.0824074074074074
5 0.7651041666666667 0.5143518518518518 0.03020833333333333 0.08796296296296295
5 0.5614583333333333 0.45092592592592595 0.028125 0.10925925925925925
