0 0.2411458333333333 0.7939814814814815 0.0625 0.23425925925925925
0 0.29687499999999994 0.8009259259259259 0.055208333333333325 0.2462962962962963
0 0.34635416666666663 0.7708333333333333 0.04479166666666666 0.21018518518518517
0 0.3377604166666667 0.8657407407407407 0.056770833333333326 0.24259259259259255
0 0.39817708333333335 0.8657407407407407 0.058854166666666666 0.22592592592592592
0 0.6794270833333333 0.6837962962962962 0.0453125 0.19537037037037036
0 0.6807291666666667 0.687962962962963 0.03645833333333333 0.19629629629629627
5 0.6625 0.6453703703703704 0.03020833333333333 0.1685185185185185
0 0.8052083333333332 0.5444444444444444 0.028125 0.09259259259259259
5 0.7192708333333333 0.49768518518518523 0.026041666666666664 0.07685185185185185
0 0.6481770833333333 0.6685185185185185 0.033854166666666664 0.18148148148148147
0 0.8395833333333332 0.7060185185185185 0.03958333333333333 0.18796296296296294
0 0.7588541666666666 0.749074074074074 0.04375 0.20370370370370366
0 0.6927083333333333 0.7532407407407408 0.040625 0.2064814814814815
0 0.83203125 0.6870370370370369 0.04010416666666666 0.18518518518518517
0 0.4466145833333333 0.537962962962963 0.0234375 0.1074074074074074
0 0.47526041666666663 0.5263888888888889 0.03072916666666666 0.12685185185185183
0 0.4338541666666667 0.5638888888888889 0.02708333333333333 0.12777777777777777
0 0.4901041666666667 0.5509259259259258 0.03020833333333333 0.12407407407407407
0 0.4999999999999999 0.5282407407407408 0.026041666666666664 0.11944444444444444
0 0.5434895833333333 0.5305555555555556 0.03177083333333333 0.1259259259259259
0 0.5182291666666667 0.5537037037037036 0.03020833333333333 0.12962962962962962
0 0.4820312499999999 0.6439814814814815 0.043229166666666666 0.1824074074074074
5 0.6421874999999999 0.6208333333333333 0.029166666666666664 0.14351851851851852
0 0.5054687499999999 0.6430555555555555 0.03697916666666666 0.17314814814814813
0 0.5403645833333333 0.6375 0.033854166666666664 0.15462962962962962
0 0.5682291666666666 0.6185185185185185 0.03229166666666666 0.1537037037037037
0 0.5950520833333333 0.6162037037037037 0.0359375 0.15648148148148147
0 0.5927083333333333 0.600462962962963 0.029166666666666664 0.12685185185185183
0 0.5471354166666667 0.6805555555555556 0.04427083333333333 0.1685185185185185
0 0.5755208333333333 0.6967592592592592 0.03229166666666666 0.1287037037037037
0 0.6416666666666666 0.6981481481481481 0.040625 0.1925925925925926
0 0.6497395833333333 0.7504629629629629 0.04635416666666666 0.21203703703703702
0 0.6578124999999999 0.6041666666666666 0.029166666666666664 0.14351851851851852
0 0.7208333333333333 0.6541666666666666 0.03645833333333333 0.16759259259259257
0 0.6846354166666666 0.7087962962962963 0.0390625 0.16944444444444445
0 0.012760416666666666 0.95 0.024479166666666666 0.1
0 0.047135416666666666 0.9736111111111111 0.04114583333333333 0.054629629629629625
0 0.6458333333333333 0.8393518518518519 0.05625 0.20462962962962963
0 0.8078125 0.8236111111111111 0.06458333333333333 0.21388888888888888
0 0.4442708333333333 0.4893518518518518 0.026041666666666664 0.10462962962962963
0 0.4052083333333333 0.4837962962962963 0.029166666666666664 0.1287037037037037
5 0.7057291666666667 0.5125 0.02395833333333333 0.06574074074074074
0 0.7119791666666666 0.46759259259259256 0.026041666666666664 0.09074074074074073
0 0.7330729166666666 0.46805555555555556 0.0296875 0.08981481481481482
5 0.765625 0.5375 0.03125 0.08796296296296295
5 0.5575520833333333 0.4810185185185184 0.0234375 0.11018518518518519
