0 0.24765625 0.7638888888888888 0.06197916666666666 0.22037037037037038
0 0.30520833333333336 0.7685185185185185 0.051041666666666666 0.23148148148148148
0 0.3578125 0.7458333333333333 0.041666666666666664 0.20462962962962963
0 0.31666666666666665 0.8842592592592592 0.06145833333333332 0.2333333333333333
0 0.3768229166666667 0.888888888888889 0.0609375 0.22222222222222224
0 0.63359375 0.6657407407407407 0.04427083333333333 0.19444444444444445
0 0.6429687499999999 0.6629629629629629 0.04010416666666666 0.1907407407407407
5 0.6549479166666666 0.6375 0.027604166666666662 0.16759259259259257
0 0.7966145833333333 0.5324074074074073 0.0265625 0.09259259259259259
5 0.7109374999999999 0.48564814814814816 0.026041666666666664 0.07685185185185185
0 0.6385416666666666 0.6546296296296296 0.035416666666666666 0.18148148148148147
0 0.8638020833333332 0.711111111111111 0.0484375 0.19444444444444445
0 0.7549479166666666 0.7601851851851851 0.04635416666666666 0.2148148148148148
0 0.7044270833333333 0.763425925925926 0.0484375 0.20833333333333331
0 0.84453125 0.6907407407407407 0.0421875 0.18518518518518517
0 0.4479166666666667 0.5393518518518519 0.02395833333333333 0.11018518518518519
0 0.4747395833333333 0.5277777777777778 0.03177083333333333 0.13148148148148148
0 0.4302083333333333 0.5643518518518518 0.02708333333333333 0.13055555555555556
0 0.49609375 0.5513888888888888 0.03177083333333333 0.1287037037037037
0 0.4989583333333333 0.5319444444444444 0.026041666666666664 0.12129629629629628
0 0.5447916666666666 0.5300925925925926 0.03125 0.1287037037037037
0 0.525 0.548148148148148 0.03020833333333333 0.12962962962962962
0 0.5078125 0.6560185185185186 0.05208333333333333 0.18425925925925926
5 0.6333333333333333 0.6097222222222223 0.029166666666666664 0.14351851851851852
0 0.51875 0.6569444444444443 0.03645833333333333 0.175
0 0.5549479166666667 0.65 0.034895833333333334 0.1685185185185185
0 0.5604166666666666 0.6212962962962962 0.03229166666666666 0.15740740740740738
0 0.61484375 0.6212962962962962 0.034895833333333334 0.15740740740740738
0 0.621875 0.6148148148148148 0.03125 0.15185185185185185
0 0.5752604166666667 0.6898148148148147 0.04427083333333333 0.17222222222222222
0 0.6033854166666666 0.7032407407407407 0.033854166666666664 0.1324074074074074
0 0.6817708333333333 0.7046296296296296 0.042708333333333334 0.19444444444444445
0 0.653125 0.7620370370370371 0.046875 0.22407407407407404
0 0.6947916666666666 0.6078703703703703 0.029166666666666664 0.14351851851851852
0 0.7578124999999999 0.648611111111111 0.03854166666666666 0.16759259259259257
0 0.7453125 0.7083333333333333 0.04375 0.16666666666666666
0 0.01953125 0.9435185185185185 0.03802083333333333 0.11481481481481481
0 0.0484375 0.9574074074074073 0.05625 0.08703703703703704
0 0.53828125 0.826851851851852 0.0609375 0.20370370370370366
0 0.7119791666666666 0.8175925925925925 0.053125 0.21666666666666665
0 0.9846354166666667 0.8027777777777777 0.03072916666666666 0.21296296296296294
0 0.46354166666666663 0.4893518518518518 0.03229166666666666 0.10462962962962963
0 0.42890625 0.4814814814814815 0.0328125 0.12407407407407407
5 0.6981770833333333 0.4958333333333333 0.0234375 0.06574074074074074
0 0.7213541666666666 0.4537037037037036 0.026041666666666664 0.09074074074074073
0 0.7401041666666667 0.4541666666666667 0.03020833333333333 0.08981481481481482
5 0.7588541666666667 0.5263888888888888 0.03020833333333333 0.08796296296296295
5 0.5473958333333333 0.4726851851851851 0.02395833333333333 0.11018518518518519
