0 0.24609374999999994 0.7592592592592593 0.05989583333333333 0.22037037037037038
0 0.30885416666666665 0.7648148148148148 0.05 0.23148148148148148
0 0.3625 0.7402777777777777 0.041666666666666664 0.20462962962962963
0 0.3122395833333333 0.8865740740740741 0.0609375 0.2287037037037037
0 0.3723958333333333 0.8912037037037036 0.06145833333333332 0.21759259259259256
0 0.6239583333333333 0.662037037037037 0.04479166666666666 0.19444444444444445
0 0.63671875 0.6597222222222222 0.0421875 0.18796296296296294
5 0.653125 0.6361111111111111 0.028125 0.1685185185185185
0 0.79453125 0.5305555555555556 0.025520833333333333 0.09259259259259259
5 0.7104166666666666 0.48564814814814816 0.026041666666666664 0.07685185185185185
0 0.6359374999999999 0.6537037037037037 0.035416666666666666 0.18148148148148147
0 0.86953125 0.711574074074074 0.0515625 0.19166666666666665
0 0.7536458333333333 0.762962962962963 0.04479166666666666 0.22037037037037038
0 0.7033854166666667 0.7666666666666666 0.0484375 0.21296296296296294
0 0.8515625 0.6925925925925925 0.04375 0.18703703703703703
0 0.4489583333333333 0.5393518518518519 0.02395833333333333 0.11018518518518519
0 0.4747395833333333 0.5287037037037037 0.03177083333333333 0.13333333333333333
0 0.4296875 0.5643518518518518 0.02708333333333333 0.13055555555555556
0 0.496875 0.5527777777777778 0.03125 0.13148148148148148
0 0.4989583333333333 0.5328703703703704 0.026041666666666664 0.12129629629629628
0 0.5440104166666667 0.5310185185185186 0.03177083333333333 0.13055555555555556
0 0.5265625 0.549074074074074 0.03020833333333333 0.12962962962962962
0 0.5169270833333333 0.6569444444444443 0.04739583333333333 0.1861111111111111
5 0.6312499999999999 0.6069444444444444 0.029166666666666664 0.14351851851851852
0 0.52265625 0.6583333333333333 0.0359375 0.1759259259259259
0 0.5591145833333333 0.6509259259259259 0.0359375 0.1685185185185185
0 0.5567708333333333 0.624074074074074 0.03229166666666666 0.15925925925925927
0 0.62421875 0.6212962962962962 0.034895833333333334 0.15740740740740738
0 0.6307291666666666 0.6175925925925926 0.03125 0.15185185185185185
0 0.5828125 0.6912037037037037 0.04479166666666666 0.17314814814814813
0 0.6138020833333333 0.7037037037037037 0.034895833333333334 0.13333333333333333
0 0.6934895833333333 0.7050925925925926 0.0453125 0.19537037037037036
0 0.6536458333333333 0.7657407407407406 0.046875 0.22407407407407404
0 0.70234375 0.6087962962962963 0.0296875 0.14351851851851852
0 0.7651041666666666 0.6504629629629629 0.03854166666666666 0.16759259259259257
0 0.75625 0.712037037037037 0.04895833333333333 0.17037037037037037
0 0.020833333333333336 0.9393518518518518 0.040625 0.12314814814814815
0 0.047395833333333325 0.9550925925925926 0.05833333333333333 0.09166666666666666
0 0.5192708333333333 0.826851851851852 0.046875 0.20370370370370366
0 0.6947916666666667 0.8203703703703704 0.06145833333333332 0.21666666666666665
0 0.9713541666666666 0.8060185185185185 0.041666666666666664 0.21203703703703702
0 0.46406249999999993 0.4893518518518518 0.03229166666666666 0.10462962962962963
0 0.4338541666666666 0.4810185185185185 0.03229166666666666 0.12314814814814815
5 0.6963541666666667 0.4921296296296296 0.02395833333333333 0.06574074074074074
0 0.7218749999999999 0.4523148148148148 0.026041666666666664 0.08981481481481482
0 0.7416666666666667 0.45138888888888895 0.03020833333333333 0.08981481481481482
5 0.75625 0.523611111111111 0.03020833333333333 0.08796296296296295
5 0.5453125 0.46990740740740733 0.02395833333333333 0.11018518518518519
