0 0.2872395833333333 0.6671296296296296 0.05260416666666666 0.19907407407407407
0 0.34322916666666664 0.6722222222222223 0.04479166666666666 0.2074074074074074
0 0.4278645833333333 0.6652777777777777 0.0359375 0.1824074074074074
0 0.19921874999999997 0.9476851851851851 0.06822916666666666 0.10462962962962963
0 0.28593749999999996 0.9546296296296296 0.08333333333333333 0.09259259259259259
0 0.5309895833333333 0.6157407407407407 0.0390625 0.17962962962962964
0 0.5578125 0.6138888888888888 0.034375 0.17222222222222222
5 0.6536458333333333 0.6231481481481481 0.028125 0.1685185185185185
0 0.7945312499999999 0.5134259259259258 0.024479166666666666 0.09351851851851851
5 0.7098958333333333 0.4708333333333333 0.026041666666666664 0.07685185185185185
0 0.6223958333333333 0.6375 0.03645833333333333 0.17685185185185184
0 0.7348958333333333 0.8671296296296296 0.05208333333333333 0.25462962962962965
0 0.67578125 0.8666666666666666 0.05364583333333332 0.24814814814814815
0 0.4606770833333333 0.5638888888888889 0.0234375 0.11296296296296296
0 0.49296875 0.549074074074074 0.028645833333333332 0.14629629629629629
0 0.4536458333333333 0.5967592592592592 0.03020833333333333 0.14351851851851852
0 0.5497395833333333 0.5787037037037036 0.033854166666666664 0.14629629629629629
0 0.5145833333333333 0.5537037037037036 0.026041666666666664 0.13518518518518519
0 0.5348958333333333 0.55 0.03125 0.14444444444444443
0 0.5817708333333333 0.5773148148148148 0.03125 0.14351851851851852
0 0.7216145833333333 0.6995370370370371 0.04739583333333333 0.2064814814814815
5 0.6315104166666666 0.5939814814814814 0.0296875 0.14351851851851852
0 0.7390625 0.6949074074074074 0.042708333333333334 0.18981481481481483
0 0.7625 0.6916666666666667 0.04479166666666666 0.18148148148148147
0 0.6481770833333333 0.6717592592592592 0.0515625 0.1787037037037037
0 0.7776041666666667 0.6532407407407407 0.041666666666666664 0.16759259259259257
0 0.7911458333333333 0.648611111111111 0.03125 0.16759259259259257
0 0.8273437499999998 0.7157407407407407 0.05364583333333332 0.18518518518518517
0 0.8557291666666667 0.7282407407407407 0.03854166666666666 0.1398148148148148
0 0.603125 0.8625 0.05625 0.262037037037037
0 0.82421875 0.6467592592592591 0.04010416666666666 0.17129629629629628
0 0.9182291666666667 0.700925925925926 0.04583333333333333 0.19629629629629627
0 0.0875 0.8837962962962962 0.06041666666666666 0.23055555555555554
0 0.1453125 0.898611111111111 0.055208333333333325 0.20462962962962963
0 0.08229166666666667 0.9430555555555555 0.055208333333333325 0.11388888888888889
0 0.22395833333333331 0.8106481481481481 0.042708333333333334 0.20462962962962963
0 0.33697916666666666 0.825925925925926 0.075 0.22037037037037038
0 0.6838541666666667 0.736574074074074 0.040625 0.19907407407407407
0 0.8614583333333332 0.7449074074074074 0.06145833333333332 0.2064814814814815
0 0.7760416666666666 0.7393518518518518 0.051041666666666666 0.21203703703703702
0 0.7723958333333333 0.737037037037037 0.03645833333333333 0.19629629629629627
0 0.8091145833333334 0.7384259259259258 0.04635416666666666 0.17314814814814813
0 0.8979166666666666 0.7708333333333333 0.042708333333333334 0.1324074074074074
0 0.52734375 0.500462962962963 0.0296875 0.10648148148148147
0 0.5005208333333333 0.49444444444444435 0.03229166666666666 0.12407407407407407
0 0.4200520833333333 0.49722222222222223 0.0296875 0.1259259259259259
0 0.8065104166666666 0.5699074074074074 0.03072916666666666 0.1398148148148148
0 0.45963541666666663 0.48611111111111105 0.0234375 0.09074074074074073
0 0.4427083333333333 0.4768518518518518 0.026041666666666664 0.10185185185185183
0 0.396875 0.4703703703703703 0.029166666666666664 0.11296296296296296
0 0.4453125 0.475925925925926 0.025 0.10925925925925925
5 0.6942708333333333 0.48287037037037034 0.02395833333333333 0.06574074074074074
0 0.7484375 0.4305555555555555 0.01875 0.07407407407407407
0 0.75625 0.42824074074074076 0.02708333333333333 0.0824074074074074
5 0.7583333333333333 0.5106481481481481 0.03020833333333333 0.08796296296296295
5 0.54765625 0.45601851851851843 0.0234375 0.11018518518518519
