0 0.14010416666666667 0.8768518518518518 0.07291666666666666 0.24814814814814812
0 0.2130208333333333 0.8773148148148148 0.06458333333333333 0.2472222222222222
0 0.2348958333333333 0.8504629629629629 0.05416666666666667 0.2398148148148148
0 0.8859375 0.8851851851851851 0.05208333333333333 0.23148148148148145
0 0.37265625 0.7374999999999999 0.05052083333333333 0.2046296296296296
0 0.41953124999999997 0.7351851851851852 0.048437499999999994 0.19074074074074074
0 0.8546874999999999 0.7351851851851852 0.06041666666666667 0.22407407407407404
0 0.8901041666666665 0.7217592592592592 0.03958333333333333 0.2046296296296296
0 0.6567708333333333 0.6296296296296297 0.030208333333333334 0.1685185185185185
0 0.7963541666666665 0.5185185185185185 0.027083333333333334 0.09259259259259259
0 0.7130208333333332 0.47407407407407404 0.030208333333333334 0.07592592592592592
0 0.7869791666666667 0.6893518518518519 0.040625 0.19537037037037036
0 0.7643229166666667 0.6296296296296295 0.042187499999999996 0.1648148148148148
0 0.6239583333333333 0.6532407407407407 0.034374999999999996 0.1787037037037037
0 0.5557291666666667 0.6518518518518518 0.041666666666666664 0.17592592592592593
0 0.7330729166666666 0.6129629629629629 0.033854166666666664 0.1648148148148148
0 0.3966145833333333 0.4824074074074074 0.0234375 0.09814814814814814
0 0.4109375 0.4685185185185185 0.026041666666666664 0.10925925925925925
0 0.4236979166666666 0.5074074074074074 0.025520833333333333 0.12407407407407406
0 0.43385416666666665 0.49351851851851847 0.026041666666666664 0.12407407407407406
0 0.43906249999999997 0.47129629629629627 0.028124999999999997 0.11296296296296296
0 0.47135416666666663 0.47685185185185186 0.030208333333333334 0.1259259259259259
0 0.46953124999999996 0.4907407407407407 0.027604166666666666 0.1148148148148148
0 0.43984375 0.5638888888888889 0.034895833333333334 0.1574074074074074
0 0.6309895833333333 0.6032407407407407 0.0296875 0.15648148148148147
0 0.46536458333333336 0.5657407407407408 0.03177083333333333 0.15
0 0.49244791666666665 0.5671296296296297 0.03177083333333333 0.1398148148148148
0 0.5072916666666667 0.5458333333333333 0.034374999999999996 0.13425925925925924
0 0.5403645833333333 0.5407407407407407 0.03177083333333333 0.1259259259259259
0 0.5346354166666666 0.5310185185185184 0.028645833333333332 0.11944444444444444
0 0.5088541666666666 0.5921296296296297 0.04375 0.15092592592592594
0 0.5291666666666667 0.6027777777777777 0.028124999999999997 0.1074074074074074
0 0.5393229166666667 0.6101851851851852 0.03802083333333333 0.17592592592592593
0 0.5135416666666667 0.6504629629629629 0.03854166666666667 0.18796296296296294
0 0.5684895833333333 0.5430555555555555 0.028645833333333332 0.13796296296296295
0 0.5859375 0.5851851851851853 0.03958333333333333 0.17037037037037037
0 0.5768229166666666 0.625462962962963 0.03802083333333333 0.15092592592592594
0 0.6966145833333333 0.48935185185185176 0.0234375 0.06574074074074074
0 0.6432291666666666 0.4578703703703703 0.028124999999999997 0.0898148148148148
0 0.65703125 0.4564814814814815 0.033854166666666664 0.1
0 0.7614583333333332 0.5189814814814815 0.03125 0.08796296296296297
0 0.5583333333333333 0.461574074074074 0.023958333333333335 0.11018518518518518
