0 0.2872395833333333 0.6768518518518518 0.05260416666666666 0.19814814814814813
0 0.34322916666666664 0.6787037037037037 0.04479166666666666 0.2074074074074074
0 0.4255208333333333 0.6699074074074074 0.0375 0.1824074074074074
0 0.2028645833333333 0.9444444444444444 0.07552083333333333 0.11296296296296296
0 0.3 0.9481481481481481 0.065625 0.10555555555555556
0 0.5307291666666666 0.6175925925925926 0.040625 0.17962962962962964
0 0.5580729166666666 0.6166666666666666 0.033854166666666664 0.17222222222222222
5 0.6520833333333333 0.6259259259259259 0.028125 0.1685185185185185
0 0.79375 0.5166666666666666 0.025 0.09259259259259259
5 0.7083333333333333 0.4726851851851852 0.026041666666666664 0.07685185185185185
0 0.6226562499999999 0.6407407407407406 0.03697916666666666 0.17777777777777776
0 0.734375 0.8625 0.05208333333333333 0.25462962962962965
0 0.6778645833333333 0.8583333333333334 0.058854166666666666 0.24814814814814815
0 0.45963541666666663 0.562962962962963 0.0234375 0.11296296296296296
0 0.4903645833333333 0.5462962962962962 0.03072916666666666 0.14629629629629629
0 0.4520833333333333 0.5958333333333333 0.03020833333333333 0.14351851851851852
0 0.5424479166666666 0.5777777777777777 0.033854166666666664 0.14629629629629629
0 0.5138020833333333 0.5518518518518518 0.025520833333333333 0.13518518518518519
0 0.5348958333333333 0.549537037037037 0.03020833333333333 0.14351851851851852
0 0.5736979166666666 0.575 0.0328125 0.14259259259259258
0 0.6973958333333333 0.7037037037037036 0.04583333333333333 0.20555555555555555
5 0.63046875 0.5958333333333333 0.0296875 0.14351851851851852
0 0.71796875 0.6930555555555555 0.0421875 0.18981481481481483
0 0.7393229166666666 0.6888888888888889 0.0421875 0.17777777777777776
0 0.62734375 0.6694444444444445 0.0484375 0.1759259259259259
0 0.7684895833333333 0.6532407407407407 0.0390625 0.17129629629629628
0 0.7817708333333333 0.6472222222222223 0.03125 0.1648148148148148
0 0.8049479166666667 0.7157407407407407 0.0515625 0.18518518518518517
0 0.8354166666666666 0.7273148148148147 0.03645833333333333 0.1398148148148148
0 0.9411458333333333 0.7134259259259259 0.06041666666666666 0.19907407407407407
0 0.6067708333333333 0.8564814814814815 0.05625 0.26296296296296295
0 0.81484375 0.6449074074074075 0.04010416666666666 0.17129629629629628
0 0.8973958333333332 0.6986111111111111 0.04583333333333333 0.19722222222222222
0 0.07864583333333333 0.8870370370370371 0.05833333333333333 0.22407407407407404
0 0.134375 0.9018518518518517 0.055208333333333325 0.19814814814814813
0 0.07473958333333333 0.9486111111111111 0.0546875 0.10277777777777777
0 0.23697916666666666 0.812037037037037 0.04583333333333333 0.20370370370370366
0 0.3622395833333333 0.825462962962963 0.056770833333333326 0.22685185185185186
0 0.70390625 0.7458333333333333 0.04010416666666666 0.20462962962962963
0 0.88515625 0.7476851851851851 0.0421875 0.2064814814814815
0 0.7895833333333333 0.7421296296296296 0.04583333333333333 0.21203703703703702
0 0.7895833333333333 0.7379629629629629 0.041666666666666664 0.19629629629629627
0 0.8255208333333333 0.7384259259259258 0.04583333333333333 0.17314814814814813
0 0.9166666666666666 0.7773148148148148 0.042708333333333334 0.1324074074074074
0 0.52109375 0.5013888888888889 0.03177083333333333 0.10648148148148147
0 0.49531249999999993 0.49490740740740735 0.03229166666666666 0.12314814814814815
0 0.4174479166666666 0.4962962962962963 0.0296875 0.1259259259259259
0 0.8158854166666666 0.5662037037037038 0.03072916666666666 0.1398148148148148
0 0.4505208333333333 0.4879629629629629 0.02395833333333333 0.09074074074074073
0 0.4346354166666667 0.4768518518518518 0.025520833333333333 0.10185185185185183
0 0.38958333333333334 0.4689814814814814 0.029166666666666664 0.11018518518518519
0 0.4364583333333333 0.47916666666666663 0.025 0.11203703703703702
5 0.6932291666666667 0.48379629629629617 0.02395833333333333 0.06574074074074074
0 0.7473958333333333 0.4333333333333333 0.01875 0.07407407407407407
0 0.7559895833333333 0.4296296296296296 0.027604166666666662 0.08333333333333333
5 0.7567708333333333 0.5125 0.03020833333333333 0.08796296296296295
5 0.5453125 0.4578703703703703 0.02395833333333333 0.11018518518518519
