0 0.23593749999999997 0.6101851851851852 0.04583333333333333 0.17962962962962964
0 0.29921875 0.6157407407407407 0.04010416666666666 0.17777777777777776
0 0.31302083333333336 0.6398148148148147 0.04479166666666666 0.17222222222222222
0 0.5416666666666666 0.6314814814814815 0.034375 0.18703703703703703
0 0.5760416666666666 0.6333333333333333 0.034375 0.18148148148148147
5 0.6497395833333333 0.6351851851851852 0.0296875 0.1759259259259259
0 0.7333333333333333 0.5203703703703704 0.02395833333333333 0.0962962962962963
5 0.7247395833333333 0.4773148148148148 0.025520833333333333 0.07685185185185185
0 0.6104166666666666 0.6365740740740741 0.03229166666666666 0.1787037037037037
0 0.68984375 0.9527777777777777 0.0609375 0.09444444444444444
0 0.6184895833333333 0.9490740740740741 0.06822916666666666 0.1037037037037037
0 0.46171875 0.6194444444444445 0.025520833333333333 0.13333333333333333
0 0.4940104166666666 0.6027777777777777 0.033854166666666664 0.1611111111111111
0 0.5020833333333333 0.6560185185185186 0.03645833333333333 0.16203703703703703
0 0.7135416666666666 0.625925925925926 0.034375 0.14629629629629629
0 0.6036458333333333 0.6069444444444445 0.029166666666666664 0.13796296296296295
0 0.6526041666666667 0.6101851851851852 0.042708333333333334 0.16296296296296295
0 0.7453125 0.6236111111111111 0.03125 0.14907407407407408
5 0.6432291666666667 0.6023148148148147 0.03020833333333333 0.14351851851851852
0 0.8955729166666666 0.7374999999999999 0.0546875 0.19907407407407407
0 0.9270833333333334 0.7333333333333332 0.057291666666666664 0.19629629629629627
0 0.8947916666666667 0.7189814814814814 0.034375 0.18796296296296294
0 0.5328125 0.9444444444444444 0.06145833333333332 0.11296296296296296
0 0.9408854166666666 0.7231481481481481 0.0421875 0.18888888888888888
0 0.19531249999999997 0.8092592592592591 0.05416666666666666 0.23888888888888887
0 0.24218749999999994 0.8236111111111111 0.04895833333333333 0.22685185185185186
0 0.20729166666666665 0.8870370370370371 0.0625 0.22777777777777777
0 0.10416666666666666 0.8087962962962962 0.0375 0.21018518518518517
0 0.1140625 0.8375 0.051041666666666666 0.23796296296296293
0 0.5005208333333333 0.6763888888888888 0.041666666666666664 0.1824074074074074
0 0.7601562499999999 0.6916666666666667 0.04010416666666666 0.1907407407407407
0 0.6059895833333333 0.7212962962962962 0.03802083333333333 0.20370370370370366
0 0.6309895833333333 0.7226851851851851 0.03177083333333333 0.1787037037037037
0 0.5838541666666667 0.6921296296296295 0.03958333333333333 0.16018518518518518
0 0.7851562499999999 0.7333333333333333 0.033854166666666664 0.1259259259259259
0 0.73046875 0.7398148148148148 0.0390625 0.15740740740740738
0 0.9289062499999998 0.7699074074074074 0.06302083333333333 0.22314814814814815
0 0.9559895833333334 0.763888888888889 0.05260416666666666 0.20925925925925926
0 0.7630208333333333 0.7222222222222222 0.03958333333333333 0.18888888888888888
0 0.5809895833333333 0.5550925925925926 0.0296875 0.12314814814814815
0 0.5528645833333333 0.5444444444444444 0.03802083333333333 0.137037037037037
0 0.4507812499999999 0.5453703703703703 0.033854166666666664 0.137037037037037
0 0.6203125 0.5953703703703703 0.040625 0.16296296296296295
0 0.5270833333333333 0.524074074074074 0.02395833333333333 0.1037037037037037
0 0.5026041666666667 0.5101851851851852 0.03020833333333333 0.1074074074074074
0 0.4697916666666667 0.5060185185185185 0.03020833333333333 0.12129629629629628
0 0.43203125 0.5037037037037038 0.0296875 0.11296296296296296
0 0.4080729166666667 0.5032407407407408 0.025520833333333333 0.11388888888888889
0 0.4893229166666667 0.4851851851851851 0.025520833333333333 0.10925925925925925
0 0.4619791666666667 0.48240740740740734 0.02395833333333333 0.11296296296296296
0 0.4421874999999999 0.47916666666666663 0.022916666666666665 0.12314814814814815
0 0.4265624999999999 0.48657407407407405 0.022916666666666665 0.11574074074074074
0 0.40546875 0.46574074074074073 0.025520833333333333 0.1074074074074074
0 0.5111979166666667 0.5055555555555555 0.025520833333333333 0.1074074074074074
5 0.7067708333333333 0.49120370370370364 0.02395833333333333 0.06574074074074074
0 0.7520833333333333 0.43888888888888883 0.019791666666666666 0.07407407407407407
0 0.7598958333333333 0.43287037037037035 0.02708333333333333 0.0824074074074074
5 0.771875 0.5189814814814815 0.03020833333333333 0.08796296296296295
5 0.5661458333333333 0.46296296296296297 0.025 0.10925925925925925
