0 0.27239583333333334 0.7064814814814815 0.05416666666666666 0.2074074074074074
0 0.3375 0.711574074074074 0.05 0.21759259259259256
0 0.39765625 0.6972222222222222 0.0390625 0.18703703703703703
0 0.2520833333333333 0.9157407407407409 0.071875 0.1685185185185185
0 0.3278645833333333 0.9212962962962962 0.0546875 0.15555555555555553
0 0.5609374999999999 0.6393518518518518 0.041666666666666664 0.18796296296296294
0 0.5739583333333333 0.6393518518518518 0.03333333333333333 0.18796296296296294
5 0.6463541666666666 0.6314814814814815 0.028125 0.1685185185185185
0 0.7906249999999999 0.5259259259259259 0.026041666666666664 0.09259259259259259
5 0.7052083333333333 0.48009259259259257 0.026041666666666664 0.07685185185185185
0 0.6216145833333333 0.6518518518518518 0.03802083333333333 0.18148148148148147
0 0.73671875 0.8175925925925925 0.0453125 0.2333333333333333
0 0.6861979166666667 0.8189814814814815 0.05364583333333332 0.23425925925925925
0 0.9609375 0.711111111111111 0.06041666666666666 0.1925925925925926
0 0.45390625 0.5574074074074074 0.0234375 0.11296296296296296
0 0.47916666666666663 0.5388888888888889 0.03125 0.14259259259259258
0 0.4346354166666666 0.5828703703703704 0.0296875 0.13796296296296295
0 0.5182291666666666 0.5680555555555555 0.03229166666666666 0.1398148148148148
0 0.5041666666666667 0.5462962962962963 0.026041666666666664 0.13148148148148148
0 0.5317708333333333 0.5462962962962962 0.03125 0.14074074074074075
0 0.5427083333333333 0.5629629629629629 0.03020833333333333 0.12962962962962962
0 0.5898437499999999 0.6907407407407407 0.04635416666666666 0.20370370370370366
5 0.6247395833333333 0.6032407407407407 0.0296875 0.14351851851851852
0 0.6111979166666667 0.6837962962962962 0.04427083333333333 0.18981481481481483
0 0.6341145833333333 0.6796296296296296 0.0359375 0.17407407407407408
0 0.5442708333333333 0.6574074074074073 0.0375 0.17407407407407408
0 0.709375 0.6314814814814815 0.03645833333333333 0.15740740740740738
0 0.7210937499999999 0.6333333333333333 0.03072916666666666 0.15185185185185185
0 0.7083333333333333 0.7101851851851851 0.04375 0.17777777777777776
0 0.7265625 0.7217592592592592 0.03333333333333333 0.1361111111111111
0 0.8208333333333332 0.7143518518518518 0.059375 0.19907407407407407
0 0.6330729166666667 0.8208333333333332 0.04739583333333333 0.24907407407407406
0 0.7651041666666667 0.637962962962963 0.03958333333333333 0.17037037037037037
0 0.8249999999999998 0.6833333333333333 0.04583333333333333 0.18703703703703703
0 0.8872395833333332 0.7231481481481481 0.056770833333333326 0.17777777777777776
0 0.040625 0.9083333333333332 0.057291666666666664 0.18333333333333332
0 0.08098958333333332 0.9226851851851852 0.0546875 0.15462962962962962
0 0.028125 0.9800925925925925 0.03645833333333333 0.041666666666666664
0 0.3299479166666667 0.8189814814814815 0.049479166666666664 0.20462962962962963
0 0.4981770833333333 0.8291666666666666 0.06197916666666666 0.22314814814814815
0 0.8020833333333333 0.774074074074074 0.05625 0.20925925925925926
0 0.8880208333333333 0.7611111111111111 0.05833333333333333 0.21296296296296294
0 0.8851562499999999 0.7578703703703703 0.04739583333333333 0.19537037037037036
0 0.9169270833333334 0.7462962962962962 0.03697916666666666 0.18333333333333332
0 0.49609375 0.5041666666666667 0.04427083333333333 0.10648148148148147
0 0.4703124999999999 0.49027777777777776 0.03229166666666666 0.12314814814814815
0 0.39921874999999996 0.4851851851851851 0.028645833333333332 0.12407407407407407
0 0.40859375 0.4833333333333333 0.025520833333333333 0.09074074074074073
0 0.39401041666666664 0.475462962962963 0.025520833333333333 0.10277777777777777
0 0.3973958333333333 0.4810185185185185 0.025 0.11203703703703702
5 0.6901041666666667 0.48749999999999993 0.02395833333333333 0.06574074074074074
0 0.7385416666666667 0.4439814814814815 0.019791666666666666 0.075
0 0.7494791666666666 0.4486111111111112 0.028125 0.08981481481481482
5 0.7489583333333333 0.5199074074074074 0.03020833333333333 0.08796296296296295
5 0.5369791666666667 0.4662037037037036 0.02395833333333333 0.11018518518518519
