0 0.2427083333333333 0.6157407407407407 0.04583333333333333 0.17962962962962964
0 0.30416666666666664 0.6171296296296296 0.03958333333333333 0.1787037037037037
0 0.3223958333333333 0.6421296296296296 0.04479166666666666 0.16944444444444445
0 0.5401041666666666 0.6268518518518518 0.034375 0.18703703703703703
0 0.5744791666666667 0.6314814814814815 0.034375 0.18148148148148147
5 0.6468749999999999 0.6333333333333333 0.029166666666666664 0.17407407407407408
0 0.734375 0.5203703703703704 0.02395833333333333 0.0962962962962963
5 0.7231770833333333 0.4763888888888889 0.025520833333333333 0.07685185185185185
0 0.609375 0.6365740740740741 0.03333333333333333 0.1787037037037037
0 0.6903645833333333 0.9439814814814815 0.06302083333333333 0.11388888888888889
0 0.6205729166666667 0.9449074074074074 0.06927083333333332 0.11203703703703702
0 0.4614583333333333 0.6152777777777778 0.026041666666666664 0.125
0 0.4958333333333333 0.5981481481481481 0.034375 0.1611111111111111
0 0.4963541666666667 0.6504629629629629 0.03645833333333333 0.16203703703703703
0 0.7026041666666666 0.6222222222222221 0.034375 0.14629629629629629
0 0.5908854166666667 0.6032407407407407 0.028645833333333332 0.13796296296296295
0 0.6401041666666667 0.6083333333333333 0.042708333333333334 0.16296296296296295
0 0.7333333333333333 0.6208333333333333 0.03125 0.14907407407407408
5 0.6416666666666667 0.6023148148148147 0.03020833333333333 0.14351851851851852
0 0.8830729166666667 0.736574074074074 0.0546875 0.2009259259259259
0 0.9075520833333334 0.7282407407407407 0.05572916666666666 0.19537037037037036
0 0.884375 0.7162037037037037 0.034375 0.18796296296296294
0 0.5403645833333333 0.9388888888888888 0.0609375 0.12407407407407407
0 0.9239583333333332 0.7203703703703703 0.042708333333333334 0.18703703703703703
0 0.19010416666666666 0.8152777777777777 0.05416666666666666 0.2398148148148148
0 0.23619791666666665 0.8291666666666666 0.049479166666666664 0.22685185185185186
0 0.1984375 0.8898148148148147 0.0625 0.22222222222222224
0 0.103125 0.8078703703703705 0.0375 0.21018518518518517
0 0.11041666666666668 0.8347222222222221 0.04895833333333333 0.23796296296296293
0 0.5109375 0.6805555555555555 0.042708333333333334 0.18518518518518517
0 0.7528645833333333 0.6949074074074074 0.04010416666666666 0.18981481481481483
0 0.6067708333333333 0.7203703703703703 0.03854166666666666 0.20370370370370366
0 0.63046875 0.7222222222222221 0.0328125 0.17962962962962964
0 0.5953125 0.6930555555555555 0.0375 0.16203703703703703
0 0.7825520833333333 0.7379629629629629 0.033854166666666664 0.12962962962962962
0 0.7325520833333333 0.7449074074074075 0.0390625 0.15833333333333333
0 0.9453125 0.7712962962962963 0.065625 0.22037037037037038
0 0.9716145833333334 0.7657407407407406 0.049479166666666664 0.20925925925925926
0 0.7622395833333333 0.7254629629629629 0.04010416666666666 0.1935185185185185
0 0.5770833333333333 0.548611111111111 0.029166666666666664 0.11759259259259258
0 0.54921875 0.5407407407407407 0.03802083333333333 0.13333333333333333
0 0.4492187499999999 0.5407407407407406 0.033854166666666664 0.13518518518518519
0 0.6317708333333333 0.5944444444444444 0.040625 0.16296296296296295
0 0.525 0.5194444444444444 0.021875 0.1037037037037037
0 0.4989583333333333 0.5083333333333333 0.03020833333333333 0.1074074074074074
0 0.4658854166666666 0.5041666666666667 0.0296875 0.12129629629629628
0 0.4291666666666667 0.500925925925926 0.03020833333333333 0.11296296296296296
0 0.4075520833333333 0.500925925925926 0.025520833333333333 0.11296296296296296
0 0.4807291666666666 0.4833333333333334 0.026041666666666664 0.10925925925925925
0 0.45390625 0.4796296296296296 0.0234375 0.11296296296296296
0 0.4351562499999999 0.47638888888888886 0.021354166666666667 0.12314814814814815
0 0.42057291666666663 0.4833333333333333 0.0234375 0.11481481481481481
0 0.50703125 0.5013888888888889 0.025520833333333333 0.10648148148148147
5 0.70546875 0.4884259259259259 0.0234375 0.06574074074074074
0 0.7515624999999999 0.4379629629629629 0.019791666666666666 0.07407407407407407
0 0.7583333333333333 0.43287037037037035 0.02708333333333333 0.0824074074074074
5 0.7708333333333333 0.5180555555555555 0.03020833333333333 0.08796296296296295
5 0.5651041666666666 0.46296296296296297 0.025 0.10925925925925925
