0 0.24010416666666665 0.7949074074074074 0.0625 0.23425925925925925
0 0.29635416666666664 0.8027777777777777 0.055208333333333325 0.2462962962962963
0 0.3458333333333333 0.7726851851851851 0.04479166666666666 0.21018518518518517
0 0.3388020833333333 0.8643518518518519 0.056770833333333326 0.24166666666666664
0 0.3989583333333333 0.8648148148148147 0.059375 0.22592592592592592
0 0.6815104166666666 0.6847222222222222 0.0453125 0.19537037037037036
0 0.6828125 0.687962962962963 0.03645833333333333 0.19629629629629627
5 0.6630208333333333 0.6462962962962963 0.03020833333333333 0.1685185185185185
0 0.8052083333333332 0.5453703703703703 0.028125 0.09259259259259259
5 0.7192708333333333 0.4981481481481481 0.026041666666666664 0.07592592592592592
0 0.6486979166666667 0.6694444444444444 0.033854166666666664 0.18148148148148147
0 0.8390624999999998 0.7064814814814814 0.03958333333333333 0.18703703703703703
0 0.7583333333333333 0.7481481481481481 0.04375 0.20370370370370366
0 0.6921875 0.7532407407407408 0.03958333333333333 0.2064814814814815
0 0.8315104166666666 0.6875 0.04010416666666666 0.18425925925925926
0 0.4466145833333333 0.537962962962963 0.0234375 0.1074074074074074
0 0.47526041666666663 0.5263888888888889 0.03072916666666666 0.12685185185185183
0 0.4338541666666667 0.5638888888888889 0.02708333333333333 0.12777777777777777
0 0.4898437499999999 0.5509259259259258 0.03072916666666666 0.12407407407407407
0 0.4999999999999999 0.5282407407407408 0.026041666666666664 0.11944444444444444
0 0.5434895833333333 0.5314814814814814 0.03177083333333333 0.1259259259259259
0 0.5182291666666667 0.5537037037037036 0.03020833333333333 0.12962962962962962
0 0.4809895833333333 0.6439814814814815 0.043229166666666666 0.1824074074074074
5 0.6421874999999999 0.6208333333333333 0.029166666666666664 0.14351851851851852
0 0.5049479166666666 0.6430555555555555 0.03697916666666666 0.17314814814814813
0 0.53984375 0.637037037037037 0.033854166666666664 0.1537037037037037
0 0.5687499999999999 0.6185185185185185 0.03229166666666666 0.1537037037037037
0 0.5942708333333333 0.6162037037037037 0.03645833333333333 0.15648148148148147
0 0.5916666666666666 0.600462962962963 0.029166666666666664 0.12685185185185183
0 0.5466145833333333 0.6796296296296296 0.04427083333333333 0.1685185185185185
0 0.575 0.6967592592592592 0.03229166666666666 0.1287037037037037
0 0.6401041666666666 0.6981481481481481 0.040625 0.1925925925925926
0 0.6489583333333333 0.7499999999999999 0.046875 0.2111111111111111
0 0.6557291666666666 0.6041666666666666 0.029166666666666664 0.14351851851851852
0 0.7192708333333333 0.6546296296296296 0.03645833333333333 0.1685185185185185
0 0.6833333333333333 0.7092592592592593 0.03854166666666666 0.17037037037037037
0 0.012760416666666666 0.9509259259259257 0.024479166666666666 0.09814814814814814
0 0.046875 0.974537037037037 0.040625 0.05277777777777778
0 0.6497395833333333 0.8393518518518519 0.05260416666666666 0.20462962962962963
0 0.8111979166666666 0.8240740740740741 0.06510416666666666 0.2148148148148148
0 0.4427083333333333 0.4893518518518518 0.026041666666666664 0.10462962962962963
0 0.4041666666666666 0.4837962962962963 0.028125 0.1287037037037037
5 0.7057291666666667 0.5125 0.02395833333333333 0.06574074074074074
0 0.7114583333333333 0.46851851851851845 0.026041666666666664 0.09074074074074073
0 0.7330729166666666 0.4689814814814815 0.0296875 0.08981481481481482
5 0.7661458333333333 0.5384259259259259 0.03125 0.08796296296296295
5 0.5578125 0.4819444444444444 0.02395833333333333 0.11018518518518519
