0 0.2848958333333333 0.6518518518518518 0.05 0.1907407407407407
0 0.34322916666666664 0.6532407407407407 0.04375 0.19907407407407407
0 0.428125 0.6564814814814814 0.04583333333333333 0.1685185185185185
0 0.17552083333333332 0.9717592592592592 0.04895833333333333 0.05648148148148148
0 0.5317708333333333 0.6101851851851852 0.035416666666666666 0.17962962962962964
0 0.5622395833333333 0.6125 0.033854166666666664 0.17685185185185184
5 0.6544270833333333 0.6222222222222222 0.027604166666666662 0.1685185185185185
0 0.7869791666666667 0.5069444444444444 0.02395833333333333 0.09351851851851851
5 0.7135416666666666 0.4689814814814815 0.026041666666666664 0.07685185185185185
0 0.6208333333333333 0.6291666666666667 0.0375 0.16944444444444445
0 0.72578125 0.8828703703703702 0.05364583333333332 0.2324074074074074
0 0.675 0.8847222222222222 0.06458333333333333 0.2324074074074074
0 0.4643229166666666 0.5712962962962963 0.0234375 0.11296296296296296
0 0.4940104166666667 0.5583333333333333 0.03177083333333333 0.14814814814814814
0 0.4630208333333333 0.6046296296296296 0.03020833333333333 0.14629629629629629
0 0.5783854166666667 0.587037037037037 0.03802083333333333 0.14259259259259258
0 0.52421875 0.5583333333333333 0.025520833333333333 0.13518518518518519
0 0.5479166666666667 0.5606481481481482 0.03333333333333333 0.14537037037037037
0 0.6041666666666666 0.5856481481481481 0.03125 0.14907407407407408
0 0.8096354166666666 0.7064814814814814 0.05364583333333332 0.20555555555555555
5 0.6372395833333333 0.5912037037037037 0.0296875 0.14351851851851852
0 0.8083333333333332 0.6995370370370371 0.03958333333333333 0.19537037037037036
0 0.8343749999999999 0.6986111111111111 0.03958333333333333 0.1861111111111111
0 0.7145833333333333 0.6814814814814814 0.03854166666666666 0.18518518518518517
0 0.7921875 0.6694444444444445 0.04375 0.18333333333333332
0 0.81796875 0.6606481481481481 0.0328125 0.16759259259259257
0 0.9026041666666667 0.7273148148148147 0.06145833333333332 0.18796296296296294
0 0.9270833333333333 0.7379629629629629 0.0375 0.14629629629629629
0 0.59921875 0.8796296296296295 0.0578125 0.24074074074074076
0 0.8473958333333333 0.6587962962962963 0.041666666666666664 0.17314814814814813
0 0.11588541666666666 0.8708333333333332 0.06302083333333333 0.24537037037037038
0 0.1765625 0.8847222222222222 0.055208333333333325 0.2324074074074074
0 0.11223958333333332 0.9263888888888887 0.0546875 0.14907407407407408
0 0.1859375 0.8032407407407407 0.042708333333333334 0.20462962962962963
0 0.25494791666666666 0.8236111111111111 0.04739583333333333 0.22314814814814815
0 0.64140625 0.7189814814814814 0.04010416666666666 0.1935185185185185
0 0.8020833333333334 0.7333333333333333 0.057291666666666664 0.20370370370370366
0 0.7177083333333333 0.7305555555555555 0.04583333333333333 0.2111111111111111
0 0.7192708333333333 0.7305555555555554 0.03645833333333333 0.18518518518518517
0 0.7588541666666666 0.7282407407407407 0.04375 0.17685185185185184
0 0.8359374999999998 0.7662037037037037 0.042708333333333334 0.1324074074074074
0 0.9208333333333332 0.7675925925925926 0.05 0.1685185185185185
0 0.9328125 0.7444444444444444 0.05 0.19814814814814813
0 0.5463541666666666 0.5078703703703703 0.028125 0.10648148148148147
0 0.5145833333333333 0.5032407407407408 0.03125 0.12685185185185183
0 0.43046875 0.500925925925926 0.0296875 0.1259259259259259
0 0.7690104166666666 0.5773148148148147 0.033854166666666664 0.1472222222222222
0 0.4848958333333333 0.4879629629629629 0.022916666666666665 0.09074074074074073
0 0.4609375 0.48472222222222217 0.02708333333333333 0.10277777777777777
0 0.4216145833333333 0.475925925925926 0.0296875 0.11296296296296296
0 0.39895833333333336 0.475462962962963 0.029166666666666664 0.11203703703703702
0 0.38697916666666665 0.4731481481481482 0.021875 0.1074074074074074
0 0.4778645833333333 0.47453703703703703 0.025520833333333333 0.10462962962962963
5 0.6989583333333333 0.4810185185185184 0.02395833333333333 0.06574074074074074
0 0.7484375 0.42777777777777776 0.01875 0.07407407407407407
0 0.7541666666666667 0.4291666666666666 0.02708333333333333 0.0824074074074074
5 0.7625 0.5097222222222222 0.03020833333333333 0.08796296296296295
5 0.55625 0.4527777777777778 0.028125 0.10925925925925925
