0 0.5791666666666667 0.6615740740740741 0.03333333333333333 0.19537037037037036
0 0.6057291666666667 0.6712962962962963 0.0375 0.18888888888888888
5 0.66640625 0.6476851851851853 0.03177083333333333 0.17685185185185184
0 0.7447916666666667 0.5185185185185185 0.02395833333333333 0.0962962962962963
5 0.7473958333333333 0.48194444444444445 0.025 0.07685185185185185
0 0.6140625 0.6462962962962963 0.03229166666666666 0.17407407407407408
0 0.5098958333333333 0.6722222222222222 0.02708333333333333 0.1537037037037037
0 0.5510416666666667 0.6555555555555556 0.035416666666666666 0.17962962962962964
0 0.67578125 0.6981481481481481 0.0390625 0.1685185185185185
0 0.8497395833333332 0.6777777777777778 0.03802083333333333 0.1648148148148148
0 0.8213541666666666 0.6569444444444444 0.03020833333333333 0.1509259259259259
0 0.8328124999999998 0.648611111111111 0.03958333333333333 0.16759259259259257
0 0.8807291666666666 0.6796296296296296 0.0375 0.1759259259259259
5 0.6651041666666667 0.6050925925925925 0.02708333333333333 0.14351851851851852
0 0.27369791666666665 0.750925925925926 0.0453125 0.20925925925925926
0 0.3122395833333333 0.762037037037037 0.0421875 0.20370370370370366
0 0.30703125 0.8018518518518519 0.05260416666666666 0.20370370370370366
0 0.1953125 0.7717592592592593 0.04375 0.1935185185185185
0 0.13125 0.912037037037037 0.0625 0.1759259259259259
0 0.4502604166666666 0.6314814814814815 0.033854166666666664 0.16296296296296295
0 0.771875 0.6601851851851851 0.034375 0.18518518518518517
0 0.6325520833333333 0.7263888888888889 0.04010416666666666 0.20462962962962963
0 0.6705729166666667 0.736574074074074 0.04427083333333333 0.18425925925925926
0 0.43619791666666663 0.6527777777777778 0.04010416666666666 0.15
0 0.79140625 0.6939814814814814 0.0296875 0.11759259259259258
0 0.7838541666666666 0.686574074074074 0.035416666666666666 0.1509259259259259
0 0.8208333333333332 0.7143518518518518 0.04583333333333333 0.2009259259259259
0 0.84375 0.7148148148148148 0.04479166666666666 0.20185185185185187
0 0.8752604166666667 0.7472222222222221 0.056770833333333326 0.20925925925925926
0 0.80546875 0.6796296296296296 0.03802083333333333 0.17962962962962964
0 0.9239583333333332 0.749537037037037 0.042708333333333334 0.18981481481481483
0 0.6361979166666667 0.5921296296296296 0.03177083333333333 0.1324074074074074
0 0.6114583333333333 0.5856481481481481 0.03854166666666666 0.1472222222222222
0 0.4682291666666666 0.5949074074074073 0.034375 0.16018518518518518
0 0.4885416666666666 0.5773148148148148 0.04479166666666666 0.15648148148148147
0 0.57734375 0.5527777777777777 0.0265625 0.1037037037037037
0 0.54296875 0.5504629629629629 0.0296875 0.12685185185185183
0 0.5161458333333333 0.5296296296296296 0.03229166666666666 0.1259259259259259
0 0.46015625 0.5342592592592592 0.03177083333333333 0.11851851851851851
0 0.4169270833333333 0.5333333333333333 0.025520833333333333 0.1259259259259259
0 0.5541666666666666 0.5152777777777777 0.028125 0.11574074074074074
0 0.5278645833333333 0.5101851851851852 0.0234375 0.11296296296296296
0 0.5080729166666667 0.5101851851851851 0.025520833333333333 0.12962962962962962
0 0.4880208333333333 0.5125 0.026041666666666664 0.12129629629629628
0 0.4302083333333333 0.5050925925925925 0.028125 0.11574074074074074
0 0.5192708333333333 0.4888888888888888 0.02708333333333333 0.1074074074074074
0 0.4502604166666666 0.4842592592592593 0.024479166666666666 0.12037037037037038
0 0.42421875 0.4652777777777778 0.0203125 0.09907407407407406
0 0.5411458333333333 0.5333333333333333 0.021875 0.1074074074074074
5 0.7286458333333333 0.49120370370370364 0.02395833333333333 0.06574074074074074
0 0.4955729166666667 0.48611111111111105 0.025520833333333333 0.12407407407407407
0 0.7718749999999999 0.44351851851851853 0.019791666666666666 0.07407407407407407
0 0.78125 0.4393518518518518 0.02708333333333333 0.0824074074074074
5 0.7916666666666667 0.5226851851851853 0.03020833333333333 0.08796296296296295
5 0.5872395833333333 0.4652777777777777 0.025520833333333333 0.11018518518518519
