0 0.26197916666666665 0.6379629629629628 0.051041666666666666 0.17407407407407408
0 0.5630208333333333 0.6421296296296296 0.034375 0.18796296296296294
0 0.5908854166666666 0.6439814814814814 0.033854166666666664 0.1787037037037037
5 0.6572916666666667 0.6472222222222223 0.03020833333333333 0.1759259259259259
0 0.7354166666666667 0.5203703703703704 0.02395833333333333 0.0962962962962963
5 0.73359375 0.4837962962962963 0.025520833333333333 0.07685185185185185
0 0.6200520833333333 0.6430555555555555 0.03177083333333333 0.1787037037037037
0 0.46744791666666663 0.6439814814814815 0.027604166666666662 0.13796296296296295
0 0.5049479166666666 0.6291666666666667 0.03697916666666666 0.16574074074074072
0 0.5822916666666667 0.674074074074074 0.03958333333333333 0.1648148148148148
0 0.7757812499999999 0.6476851851851851 0.033854166666666664 0.14907407407407408
0 0.6880208333333333 0.6291666666666667 0.029166666666666664 0.1509259259259259
0 0.7268229166666667 0.625925925925926 0.04114583333333333 0.1648148148148148
0 0.8140625 0.649537037037037 0.03645833333333333 0.1638888888888889
5 0.6552083333333333 0.6018518518518519 0.02708333333333333 0.14259259259259258
0 0.23541666666666666 0.7884259259259259 0.04791666666666666 0.23055555555555554
0 0.27447916666666666 0.7939814814814814 0.04895833333333333 0.20462962962962963
0 0.25885416666666666 0.8527777777777776 0.05625 0.22592592592592592
0 0.12395833333333332 0.8064814814814815 0.03958333333333333 0.20925925925925926
0 0.13776041666666666 0.8800925925925925 0.056770833333333326 0.2398148148148148
0 0.4684895833333333 0.6615740740740741 0.03072916666666666 0.17314814814814813
0 0.77421875 0.6773148148148147 0.04010416666666666 0.18425925925925926
0 0.6135416666666667 0.7231481481481481 0.03958333333333333 0.20370370370370366
0 0.65390625 0.7314814814814815 0.03802083333333333 0.18333333333333332
0 0.5138020833333333 0.6796296296296296 0.04114583333333333 0.1537037037037037
0 0.7973958333333333 0.7171296296296296 0.03229166666666666 0.11759259259259258
0 0.7622395833333333 0.7134259259259259 0.04010416666666666 0.15462962962962962
0 0.8486979166666666 0.7472222222222221 0.0484375 0.21666666666666665
0 0.88359375 0.749074074074074 0.0421875 0.20925925925925926
0 0.7914062499999999 0.7004629629629628 0.04010416666666666 0.1787037037037037
0 0.6057291666666667 0.5763888888888888 0.03020833333333333 0.1324074074074074
0 0.5757812499999999 0.563425925925926 0.03697916666666666 0.1398148148148148
0 0.4583333333333333 0.5708333333333333 0.03333333333333333 0.14907407407407408
0 0.5494791666666666 0.5935185185185186 0.04479166666666666 0.15740740740740738
0 0.5440104166666666 0.5328703703703703 0.0234375 0.10462962962962963
0 0.52265625 0.5300925925925926 0.0296875 0.12314814814814815
0 0.4966145833333333 0.5194444444444445 0.03177083333333333 0.12037037037037038
0 0.4453124999999999 0.5203703703703704 0.03229166666666666 0.11481481481481481
0 0.4140625 0.5189814814814815 0.025 0.11574074074074074
0 0.5203125 0.5023148148148148 0.02708333333333333 0.11388888888888889
0 0.4942708333333333 0.4935185185185185 0.02395833333333333 0.11296296296296296
0 0.4752604166666667 0.49398148148148147 0.025520833333333333 0.12685185185185183
0 0.4549479166666667 0.49861111111111106 0.025520833333333333 0.11574074074074074
0 0.4182291666666667 0.48611111111111116 0.02708333333333333 0.11481481481481481
0 0.4593749999999999 0.4768518518518518 0.026041666666666664 0.1074074074074074
0 0.5273437499999999 0.5203703703703704 0.021354166666666667 0.1074074074074074
5 0.7166666666666667 0.49305555555555547 0.02395833333333333 0.06574074074074074
0 0.4419270833333333 0.47546296296296287 0.025520833333333333 0.12314814814814815
0 0.7606770833333333 0.44074074074074077 0.01927083333333333 0.07407407407407407
0 0.7692708333333333 0.4356481481481481 0.02708333333333333 0.0824074074074074
5 0.7807291666666667 0.5226851851851853 0.03020833333333333 0.08796296296296295
5 0.5739583333333333 0.4652777777777777 0.026041666666666664 0.11018518518518519
