0 0.2869791666666667 0.6624999999999999 0.053125 0.19722222222222222
0 0.34322916666666664 0.6685185185185185 0.04479166666666666 0.2074074074074074
0 0.4302083333333333 0.6625 0.03645833333333333 0.1824074074074074
0 0.19479166666666664 0.9537037037037038 0.06666666666666667 0.09259259259259259
0 0.284375 0.9592592592592591 0.078125 0.08333333333333333
0 0.5309895833333333 0.6138888888888888 0.03802083333333333 0.17962962962962964
0 0.559375 0.6124999999999999 0.034375 0.17314814814814813
5 0.6536458333333333 0.6231481481481481 0.028125 0.1685185185185185
0 0.7947916666666667 0.5111111111111111 0.02395833333333333 0.09259259259259259
5 0.7104166666666666 0.4708333333333333 0.026041666666666664 0.07685185185185185
0 0.621875 0.6351851851851852 0.03645833333333333 0.1759259259259259
0 0.7317708333333333 0.8708333333333333 0.053125 0.25462962962962965
0 0.6760416666666667 0.8712962962962962 0.05833333333333333 0.24814814814814815
0 0.46171875 0.5648148148148148 0.0234375 0.11296296296296296
0 0.4942708333333333 0.5509259259259259 0.028125 0.14629629629629629
0 0.4541666666666667 0.5967592592592592 0.03020833333333333 0.14351851851851852
0 0.5557291666666666 0.5800925925925926 0.034375 0.14537037037037037
0 0.5166666666666666 0.5546296296296296 0.026041666666666664 0.13518518518518519
0 0.53515625 0.5504629629629629 0.03177083333333333 0.14537037037037037
0 0.5854166666666666 0.5791666666666667 0.03125 0.14537037037037037
0 0.7348958333333333 0.7023148148148148 0.05416666666666666 0.20462962962962963
5 0.6325520833333333 0.5930555555555556 0.0296875 0.14351851851851852
0 0.7526041666666667 0.6958333333333333 0.042708333333333334 0.18981481481481483
0 0.7791666666666666 0.6935185185185185 0.046875 0.18333333333333332
0 0.6638020833333333 0.673148148148148 0.0515625 0.17962962962962964
0 0.7807291666666666 0.6550925925925926 0.041666666666666664 0.16759259259259257
0 0.7973958333333333 0.6532407407407407 0.03125 0.16759259259259257
0 0.8432291666666666 0.7166666666666666 0.055208333333333325 0.18518518518518517
0 0.8703125 0.7282407407407407 0.0375 0.1398148148148148
0 0.6010416666666666 0.8666666666666666 0.05625 0.25925925925925924
0 0.8286458333333332 0.648611111111111 0.040625 0.17129629629629628
0 0.9338541666666667 0.7018518518518517 0.04583333333333333 0.19629629629629627
0 0.09375 0.8819444444444444 0.0625 0.2361111111111111
0 0.153125 0.8962962962962961 0.055208333333333325 0.20925925925925926
0 0.08854166666666666 0.9398148148148147 0.055208333333333325 0.1222222222222222
0 0.21171875 0.8069444444444445 0.05260416666666666 0.20462962962962963
0 0.32057291666666665 0.8203703703703704 0.06614583333333332 0.22222222222222224
0 0.6713541666666666 0.7300925925925925 0.040625 0.1935185185185185
0 0.8526041666666666 0.7449074074074074 0.057291666666666664 0.2064814814814815
0 0.7606770833333333 0.736574074074074 0.043229166666666666 0.21018518518518517
0 0.7609375 0.7347222222222222 0.03645833333333333 0.19166666666666665
0 0.7973958333333333 0.737037037037037 0.046875 0.17407407407407408
0 0.8848958333333332 0.7699074074074074 0.042708333333333334 0.1324074074074074
0 0.9729166666666667 0.7722222222222223 0.04791666666666666 0.1648148148148148
0 0.5317708333333333 0.500462962962963 0.028125 0.10648148148148147
0 0.5031249999999999 0.4962962962962963 0.03229166666666666 0.12407407407407407
0 0.42265625 0.49907407407407406 0.0296875 0.1259259259259259
0 0.7997395833333333 0.5708333333333333 0.03177083333333333 0.1398148148148148
0 0.4656249999999999 0.48425925925925917 0.022916666666666665 0.09074074074074073
0 0.4468749999999999 0.47870370370370374 0.026041666666666664 0.10185185185185183
0 0.4015625 0.4703703703703703 0.029166666666666664 0.11296296296296296
0 0.4520833333333333 0.47407407407407404 0.025 0.1074074074074074
5 0.6947916666666667 0.48287037037037034 0.02395833333333333 0.06574074074074074
0 0.7494791666666666 0.4296296296296296 0.01875 0.07407407407407407
0 0.7557291666666667 0.42824074074074076 0.02708333333333333 0.0824074074074074
5 0.759375 0.5106481481481481 0.03020833333333333 0.08796296296296295
5 0.5494791666666667 0.45509259259259255 0.02395833333333333 0.11018518518518519
