0 0.24869791666666666 0.7657407407407407 0.06302083333333333 0.22037037037037036
0 0.30364583333333334 0.7699074074074074 0.052083333333333336 0.23240740740740737
0 0.3557291666666667 0.7486111111111111 0.041666666666666664 0.2046296296296296
0 0.3182291666666667 0.8833333333333333 0.06145833333333334 0.2351851851851852
0 0.37864583333333335 0.8879629629629628 0.06041666666666667 0.22407407407407404
0 0.6375000000000001 0.6666666666666666 0.04479166666666667 0.19444444444444445
0 0.6453125000000001 0.6643518518518517 0.03958333333333334 0.19166666666666668
0 0.6554687499999999 0.637962962962963 0.02760416666666667 0.1685185185185185
0 0.7976562500000001 0.5324074074074073 0.0265625 0.09259259259259259
0 0.7109375 0.4856481481481481 0.026041666666666668 0.07685185185185185
0 0.6395833333333334 0.6555555555555554 0.035416666666666666 0.18148148148148147
0 0.8614583333333334 0.7106481481481481 0.04791666666666666 0.19537037037037036
0 0.7552083333333334 0.7578703703703702 0.04583333333333334 0.21388888888888888
0 0.7044270833333334 0.7620370370370371 0.0484375 0.20740740740740737
0 0.84296875 0.6907407407407408 0.0421875 0.18518518518518517
0 0.44791666666666674 0.5393518518518517 0.02395833333333333 0.11018518518518518
0 0.47500000000000003 0.5277777777777778 0.03125 0.13148148148148148
0 0.43072916666666666 0.5643518518518518 0.027083333333333334 0.13055555555555556
0 0.4955729166666667 0.5509259259259259 0.03177083333333333 0.12777777777777777
0 0.49895833333333334 0.5310185185185186 0.026041666666666668 0.12129629629629629
0 0.5450520833333333 0.5300925925925926 0.03177083333333333 0.12870370370370368
0 0.5244791666666667 0.548148148148148 0.030208333333333334 0.12962962962962962
0 0.5041666666666667 0.6560185185185184 0.05416666666666667 0.18425925925925926
0 0.634375 0.610648148148148 0.029166666666666667 0.14351851851851852
0 0.5171875 0.6560185185185184 0.036458333333333336 0.175
0 0.5531250000000001 0.649074074074074 0.034374999999999996 0.1685185185185185
0 0.5609375 0.6217592592592591 0.03229166666666667 0.15648148148148147
0 0.6109375 0.6222222222222221 0.034374999999999996 0.1574074074074074
0 0.6182291666666666 0.6129629629629629 0.03125 0.15185185185185185
0 0.5721354166666667 0.6893518518518518 0.044270833333333336 0.17129629629629628
0 0.59921875 0.7032407407407407 0.033854166666666664 0.1324074074074074
0 0.6778645833333334 0.7046296296296295 0.0421875 0.19629629629629627
0 0.6526041666666667 0.7601851851851851 0.046875 0.22407407407407404
0 0.6919270833333334 0.6069444444444444 0.029687500000000002 0.14351851851851852
0 0.7552083333333334 0.6476851851851851 0.03854166666666667 0.1675925925925926
0 0.7411458333333334 0.7060185185185185 0.03958333333333334 0.16574074074074074
0 0.01875 0.9435185185185184 0.036458333333333336 0.1148148148148148
0 0.04869791666666667 0.9583333333333334 0.05572916666666666 0.08518518518518518
0 0.5463541666666667 0.826851851851852 0.057291666666666664 0.2037037037037037
0 0.72265625 0.8166666666666665 0.05677083333333334 0.2148148148148148
0 0.4630208333333333 0.48935185185185187 0.03229166666666667 0.10462962962962963
0 0.4270833333333333 0.48148148148148145 0.03333333333333333 0.12407407407407406
0 0.6989583333333335 0.49675925925925923 0.02395833333333333 0.06574074074074074
0 0.7203125 0.4546296296296296 0.026041666666666668 0.09074074074074073
0 0.7395833333333334 0.45509259259259255 0.030208333333333334 0.0898148148148148
0 0.7598958333333333 0.5273148148148148 0.030208333333333334 0.08796296296296297
0 0.5484375 0.4736111111111111 0.02395833333333333 0.11018518518518518
