0 0.2755208333333333 0.6351851851851851 0.046875 0.1907407407407407
0 0.33541666666666664 0.6393518518518518 0.04375 0.18981481481481483
0 0.39869791666666665 0.6537037037037037 0.0328125 0.17962962962962964
0 0.5317708333333333 0.6199074074074074 0.035416666666666666 0.1824074074074074
0 0.5604166666666666 0.6148148148148148 0.03229166666666666 0.1759259259259259
5 0.6473958333333333 0.624074074074074 0.028125 0.1685185185185185
0 0.7671875 0.5060185185185185 0.02395833333333333 0.09351851851851851
5 0.7177083333333333 0.46805555555555556 0.026041666666666664 0.07685185185185185
0 0.6083333333333333 0.6282407407407408 0.03854166666666666 0.16944444444444445
0 0.7182291666666666 0.9064814814814814 0.06041666666666666 0.18888888888888888
0 0.65625 0.9027777777777777 0.071875 0.19629629629629627
0 0.46640625 0.5814814814814815 0.0234375 0.11296296296296296
0 0.4921875 0.5722222222222222 0.03333333333333333 0.15555555555555553
0 0.471875 0.6212962962962962 0.03020833333333333 0.15555555555555553
0 0.6200520833333333 0.600925925925926 0.033854166666666664 0.14629629629629629
0 0.5309895833333333 0.5703703703703703 0.025520833333333333 0.13518518518518519
0 0.5765624999999999 0.5782407407407407 0.035416666666666666 0.16203703703703703
0 0.6434895833333333 0.6004629629629629 0.03177083333333333 0.14907407407407408
0 0.8846354166666666 0.7180555555555556 0.0703125 0.21944444444444441
5 0.63828125 0.5930555555555556 0.0296875 0.14351851851851852
0 0.88671875 0.7097222222222221 0.04635416666666666 0.19722222222222222
0 0.9130208333333332 0.7134259259259259 0.05208333333333333 0.19537037037037036
0 0.7854166666666667 0.6962962962962963 0.042708333333333334 0.18703703703703703
0 0.8174479166666666 0.6921296296296295 0.058854166666666666 0.1935185185185185
0 0.8299479166666666 0.6810185185185185 0.033854166666666664 0.18796296296296294
0 0.5846354166666666 0.8967592592592591 0.06197916666666666 0.2064814814814815
0 0.8703125 0.6824074074074074 0.041666666666666664 0.18148148148148147
0 0.14453125 0.85 0.056770833333333326 0.24074074074074076
0 0.19999999999999998 0.8662037037037036 0.05416666666666666 0.23796296296296293
0 0.1427083333333333 0.9111111111111111 0.055208333333333325 0.17962962962962964
0 0.12369791666666667 0.8064814814814815 0.04739583333333333 0.20370370370370366
0 0.16432291666666665 0.8240740740740741 0.058854166666666666 0.22037037037037038
0 0.5924479166666666 0.7087962962962963 0.04010416666666666 0.18796296296296294
0 0.7588541666666666 0.7212962962962962 0.046875 0.20370370370370366
0 0.6614583333333333 0.7203703703703703 0.042708333333333334 0.20555555555555555
0 0.6684895833333333 0.7189814814814814 0.03802083333333333 0.1787037037037037
0 0.7018229166666667 0.7134259259259259 0.04114583333333333 0.17129629629629628
0 0.7885416666666666 0.7550925925925925 0.03854166666666666 0.1287037037037037
0 0.83828125 0.7625 0.04635416666666666 0.17129629629629628
0 0.8453125 0.7370370370370369 0.05 0.19814814814814813
0 0.5575520833333333 0.5199074074074074 0.027604166666666662 0.10648148148148147
0 0.52734375 0.513425925925926 0.0359375 0.12685185185185183
0 0.43359375 0.5148148148148148 0.0296875 0.13518518518518519
0 0.7203125 0.5837962962962961 0.040625 0.16018518518518518
0 0.5028645833333333 0.4999999999999999 0.0234375 0.09814814814814814
0 0.4755208333333333 0.4851851851851852 0.03020833333333333 0.1074074074074074
0 0.4453124999999999 0.48287037037037034 0.029166666666666664 0.11388888888888889
0 0.4197916666666667 0.4810185185185185 0.03020833333333333 0.10462962962962963
0 0.40390625 0.4810185185185185 0.025520833333333333 0.11203703703703702
0 0.42578125 0.4689814814814814 0.0234375 0.11018518518518519
0 0.39322916666666663 0.46296296296296297 0.022916666666666665 0.11296296296296296
0 0.48697916666666663 0.4856481481481481 0.025 0.10462962962962963
5 0.7018229166666666 0.4810185185185184 0.0234375 0.06574074074074074
0 0.74921875 0.4305555555555555 0.01927083333333333 0.07407407407407407
0 0.7520833333333333 0.4300925925925926 0.02708333333333333 0.0824074074074074
5 0.7651041666666667 0.5125 0.03020833333333333 0.08796296296296295
5 0.5604166666666666 0.44907407407407407 0.028125 0.10925925925925925
