0 0.24322916666666666 0.7791666666666666 0.06354166666666666 0.23425925925925925
0 0.29791666666666666 0.7796296296296296 0.055208333333333325 0.22777777777777777
0 0.34713541666666664 0.7560185185185184 0.0421875 0.20462962962962963
0 0.32760416666666664 0.8768518518518519 0.06145833333333332 0.24814814814814815
0 0.3927083333333333 0.8731481481481481 0.05833333333333333 0.22962962962962963
0 0.66015625 0.674537037037037 0.04427083333333333 0.19537037037037036
0 0.6643229166666667 0.6763888888888888 0.03697916666666666 0.19537037037037036
5 0.6596354166666667 0.6421296296296296 0.028645833333333332 0.16759259259259257
0 0.803125 0.537037037037037 0.028125 0.09259259259259259
5 0.715625 0.4925925925925926 0.026041666666666664 0.07592592592592592
0 0.6450520833333333 0.6601851851851851 0.034895833333333334 0.18148148148148147
0 0.8442708333333334 0.7046296296296296 0.04791666666666666 0.18703703703703703
0 0.7619791666666667 0.7504629629629629 0.04479166666666666 0.2064814814814815
0 0.7010416666666666 0.7564814814814815 0.046875 0.2074074074074074
0 0.83359375 0.6902777777777777 0.0421875 0.18425925925925926
0 0.446875 0.538425925925926 0.02395833333333333 0.10833333333333332
0 0.475 0.5259259259259259 0.03125 0.12777777777777777
0 0.4328125 0.5634259259259259 0.02708333333333333 0.1287037037037037
0 0.4932291666666666 0.55 0.03125 0.12407407407407407
0 0.4999999999999999 0.5282407407407407 0.026041666666666664 0.12129629629629628
0 0.5453125 0.5296296296296296 0.03125 0.1259259259259259
0 0.5213541666666667 0.549074074074074 0.03020833333333333 0.12962962962962962
0 0.4901041666666666 0.6481481481481481 0.04375 0.18333333333333332
5 0.6395833333333333 0.6162037037037036 0.029166666666666664 0.14351851851851852
0 0.5088541666666667 0.6481481481481481 0.03645833333333333 0.17407407407407408
0 0.5455729166666666 0.6430555555555555 0.033854166666666664 0.16203703703703703
0 0.5656249999999999 0.6189814814814814 0.03229166666666666 0.15462962962962962
0 0.6013020833333333 0.6185185185185185 0.034895833333333334 0.15740740740740738
0 0.6020833333333333 0.6046296296296296 0.03020833333333333 0.1388888888888889
0 0.5549479166666667 0.6828703703703703 0.04427083333333333 0.16944444444444445
0 0.5838541666666666 0.6981481481481481 0.028125 0.12962962962962962
0 0.65625 0.6990740740740741 0.040625 0.19444444444444445
0 0.6544270833333333 0.7532407407407407 0.04427083333333333 0.21759259259259256
0 0.6723958333333333 0.6050925925925925 0.029166666666666664 0.14351851851851852
0 0.7359375 0.649537037037037 0.0375 0.16759259259259257
0 0.709375 0.7101851851851851 0.042708333333333334 0.1611111111111111
0 0.015364583333333334 0.9453703703703702 0.0296875 0.11111111111111112
0 0.0515625 0.9643518518518517 0.05 0.07314814814814814
0 0.5997395833333333 0.8351851851851851 0.05052083333333333 0.20370370370370366
0 0.7690104166666667 0.8175925925925925 0.056770833333333326 0.2148148148148148
0 0.4552083333333333 0.48657407407407405 0.035416666666666666 0.10462962962962963
0 0.4145833333333333 0.4833333333333334 0.03333333333333333 0.12777777777777777
5 0.7033854166666667 0.5050925925925925 0.0234375 0.06574074074074074
0 0.7161458333333333 0.4620370370370369 0.026041666666666664 0.09074074074074073
0 0.7359375 0.461574074074074 0.03020833333333333 0.08981481481481482
5 0.7638020833333333 0.5319444444444444 0.03072916666666666 0.08796296296296295
5 0.5546875 0.47453703703703703 0.02395833333333333 0.11018518518518519
