0 0.2869791666666667 0.6592592592592592 0.053125 0.19444444444444445
0 0.3434895833333333 0.6643518518518519 0.04427083333333333 0.20462962962962963
0 0.43203125 0.6615740740740741 0.0359375 0.1824074074074074
0 0.18984375 0.9578703703703703 0.0640625 0.08425925925925926
0 0.28489583333333335 0.9634259259259259 0.06979166666666667 0.075
0 0.53125 0.612037037037037 0.0375 0.17962962962962964
0 0.5609375 0.612037037037037 0.034375 0.17407407407407408
5 0.6539062499999999 0.6231481481481481 0.027604166666666662 0.1685185185185185
0 0.7927083333333333 0.5101851851851851 0.02395833333333333 0.09259259259259259
5 0.7114583333333333 0.46990740740740744 0.026041666666666664 0.07685185185185185
0 0.6216145833333333 0.6342592592592593 0.03697916666666666 0.17407407407407408
0 0.7291666666666666 0.874074074074074 0.05416666666666666 0.2518518518518518
0 0.6768229166666667 0.874537037037037 0.06302083333333333 0.24722222222222218
0 0.4622395833333333 0.5657407407407408 0.0234375 0.11296296296296296
0 0.4940104166666666 0.5518518518518519 0.0296875 0.14629629629629629
0 0.4552083333333333 0.5967592592592592 0.03020833333333333 0.14351851851851852
0 0.5604166666666666 0.5810185185185185 0.034375 0.14351851851851852
0 0.5187499999999999 0.5546296296296296 0.026041666666666664 0.13518518518518519
0 0.5377604166666667 0.5523148148148148 0.03177083333333333 0.14537037037037037
0 0.5885416666666666 0.5810185185185184 0.03125 0.1472222222222222
0 0.7502604166666667 0.7037037037037036 0.05364583333333332 0.20555555555555555
5 0.63359375 0.5930555555555556 0.0296875 0.14351851851851852
0 0.7635416666666667 0.6962962962962962 0.042708333333333334 0.1907407407407407
0 0.7916666666666666 0.6949074074074074 0.046875 0.18425925925925926
0 0.6768229166666666 0.6763888888888888 0.049479166666666664 0.18055555555555552
0 0.7828124999999999 0.6560185185185186 0.041666666666666664 0.16759259259259257
0 0.80234375 0.6569444444444443 0.03177083333333333 0.16759259259259257
0 0.85625 0.7189814814814814 0.05625 0.1861111111111111
0 0.8817708333333332 0.7300925925925925 0.0375 0.14166666666666666
0 0.5994791666666666 0.8699074074074072 0.05625 0.2583333333333333
0 0.8315104166666666 0.6499999999999999 0.04114583333333333 0.17222222222222222
0 0.9486979166666666 0.7018518518518518 0.04427083333333333 0.19814814814814813
0 0.09895833333333333 0.8800925925925925 0.06354166666666666 0.2398148148148148
0 0.15859375 0.8935185185185185 0.0546875 0.2148148148148148
0 0.09374999999999999 0.936574074074074 0.055208333333333325 0.1287037037037037
0 0.20416666666666666 0.8050925925925926 0.055208333333333325 0.20462962962962963
0 0.30625 0.8203703703703702 0.06666666666666667 0.22037037037037038
0 0.6671875 0.7263888888888889 0.040625 0.1935185185185185
0 0.83828125 0.7449074074074074 0.0484375 0.2064814814814815
0 0.74765625 0.735648148148148 0.0484375 0.21203703703703702
0 0.7515625 0.7333333333333333 0.03645833333333333 0.18703703703703703
0 0.7875 0.7347222222222222 0.046875 0.175
0 0.8744791666666666 0.7689814814814815 0.042708333333333334 0.1324074074074074
0 0.9619791666666666 0.7703703703703704 0.04791666666666666 0.16666666666666666
0 0.9721354166666666 0.7527777777777777 0.04427083333333333 0.2111111111111111
0 0.5348958333333333 0.5013888888888889 0.028125 0.10648148148148147
0 0.50546875 0.4976851851851851 0.03177083333333333 0.125
0 0.4247395833333333 0.5 0.0296875 0.1259259259259259
0 0.7942708333333333 0.5717592592592593 0.03229166666666666 0.1398148148148148
0 0.4703124999999999 0.4851851851851851 0.022916666666666665 0.09074074074074073
0 0.4499999999999999 0.4805555555555555 0.026041666666666664 0.10185185185185183
0 0.4057291666666666 0.47129629629629627 0.029166666666666664 0.11296296296296296
0 0.4572916666666666 0.4722222222222222 0.025 0.10555555555555556
5 0.6953125 0.48287037037037034 0.02395833333333333 0.06574074074074074
0 0.75 0.42777777777777776 0.01875 0.07407407407407407
0 0.7552083333333333 0.42824074074074076 0.02708333333333333 0.0824074074074074
5 0.7598958333333333 0.5106481481481481 0.03020833333333333 0.08796296296296295
5 0.5510416666666667 0.4541666666666666 0.025 0.11203703703703702
