0 0.2411458333333333 0.7921296296296296 0.0625 0.23425925925925925
0 0.2966145833333333 0.799074074074074 0.0546875 0.2462962962962963
0 0.346875 0.7689814814814814 0.04479166666666666 0.21018518518518517
0 0.33671875 0.8671296296296296 0.0578125 0.24351851851851852
0 0.39765625 0.8662037037037036 0.058854166666666666 0.22685185185185186
0 0.6770833333333333 0.6824074074074074 0.04479166666666666 0.19444444444444445
0 0.6786458333333333 0.6861111111111111 0.03645833333333333 0.19629629629629627
5 0.6622395833333333 0.6453703703703704 0.0296875 0.1685185185185185
0 0.8049479166666667 0.5444444444444444 0.027604166666666662 0.09259259259259259
5 0.7187499999999999 0.49722222222222223 0.026041666666666664 0.07592592592592592
0 0.6481770833333333 0.6675925925925925 0.033854166666666664 0.18148148148148147
0 0.8401041666666667 0.7060185185185185 0.03958333333333333 0.18796296296296294
0 0.759375 0.749074074074074 0.04375 0.20370370370370366
0 0.6934895833333333 0.7532407407407408 0.04114583333333333 0.2064814814814815
0 0.8328125 0.6870370370370369 0.040625 0.18518518518518517
0 0.4466145833333333 0.537962962962963 0.0234375 0.1074074074074074
0 0.47526041666666663 0.5263888888888889 0.03072916666666666 0.12685185185185183
0 0.4338541666666667 0.5638888888888889 0.02708333333333333 0.12777777777777777
0 0.4903645833333333 0.5509259259259258 0.03072916666666666 0.12407407407407407
0 0.4999999999999999 0.5277777777777778 0.026041666666666664 0.12037037037037038
0 0.5434895833333333 0.5305555555555556 0.03177083333333333 0.1259259259259259
0 0.51875 0.5527777777777778 0.03020833333333333 0.12962962962962962
0 0.4828125 0.6449074074074074 0.04375 0.1824074074074074
5 0.6416666666666666 0.6199074074074074 0.029166666666666664 0.14351851851851852
0 0.5054687499999999 0.6430555555555555 0.03697916666666666 0.17314814814814813
0 0.5408854166666666 0.6379629629629628 0.033854166666666664 0.15555555555555553
0 0.5682291666666666 0.6185185185185185 0.03229166666666666 0.1537037037037037
0 0.5955729166666666 0.6166666666666667 0.0359375 0.15740740740740738
0 0.5937499999999999 0.600462962962963 0.029166666666666664 0.12685185185185183
0 0.54765625 0.6805555555555556 0.04427083333333333 0.1685185185185185
0 0.5763020833333333 0.6967592592592592 0.03177083333333333 0.1287037037037037
0 0.6432291666666666 0.6981481481481481 0.040625 0.1925925925925926
0 0.65 0.7504629629629629 0.04583333333333333 0.21203703703703702
0 0.6588541666666666 0.6041666666666666 0.029166666666666664 0.14351851851851852
0 0.7221354166666666 0.6537037037037037 0.03697916666666666 0.1685185185185185
0 0.6864583333333333 0.7083333333333333 0.03958333333333333 0.1685185185185185
0 0.013020833333333334 0.9495370370370371 0.025 0.10092592592592593
0 0.04765625 0.9726851851851851 0.0421875 0.05648148148148148
0 0.6419270833333333 0.8393518518518519 0.05989583333333333 0.20462962962962963
0 0.8046875 0.8240740740740741 0.06458333333333333 0.21296296296296294
0 0.4455729166666666 0.4884259259259259 0.027604166666666662 0.10462962962962963
0 0.4059895833333333 0.4837962962962963 0.0296875 0.1287037037037037
5 0.7052083333333333 0.5115740740740741 0.02395833333333333 0.06574074074074074
0 0.7124999999999999 0.4666666666666666 0.026041666666666664 0.09074074074074073
0 0.73359375 0.46805555555555556 0.0296875 0.08981481481481482
5 0.765625 0.5365740740740741 0.03125 0.08796296296296295
5 0.5572916666666667 0.48009259259259257 0.02395833333333333 0.11018518518518519
