0 0.18098958333333331 0.875462962962963 0.0671875 0.2509259259259259
0 0.24687499999999996 0.874074074074074 0.06145833333333332 0.25370370370370365
0 0.2645833333333333 0.8425925925925926 0.05 0.23148148148148148
0 0.9575520833333334 0.8935185185185185 0.05260416666666666 0.21296296296296294
0 0.37057291666666664 0.7916666666666666 0.05260416666666666 0.2148148148148148
0 0.4161458333333333 0.7939814814814815 0.051041666666666666 0.2009259259259259
0 0.79765625 0.7347222222222222 0.049479166666666664 0.21574074074074073
0 0.8130208333333332 0.7277777777777776 0.046875 0.20370370370370366
5 0.6611979166666666 0.6611111111111111 0.0296875 0.1685185185185185
0 0.8018229166666666 0.5583333333333333 0.027604166666666662 0.09259259259259259
5 0.7184895833333333 0.5046296296296295 0.027604166666666662 0.07592592592592592
0 0.7369791666666666 0.7046296296296296 0.041666666666666664 0.18518518518518517
0 0.8005208333333332 0.6791666666666666 0.042708333333333334 0.16574074074074072
0 0.6671874999999999 0.7069444444444444 0.041666666666666664 0.19166666666666665
0 0.5984375 0.7037037037037036 0.03958333333333333 0.18703703703703703
0 0.775 0.6546296296296296 0.03958333333333333 0.1685185185185185
0 0.4223958333333333 0.5222222222222221 0.02395833333333333 0.09814814814814814
0 0.4489583333333333 0.500462962962963 0.026041666666666664 0.11203703703703702
0 0.4255208333333333 0.5453703703703703 0.025 0.12407407407407407
0 0.4520833333333333 0.5337962962962963 0.03125 0.12314814814814815
0 0.4734374999999999 0.5101851851851852 0.026041666666666664 0.11296296296296296
0 0.5072916666666666 0.5115740740740741 0.026041666666666664 0.12129629629629628
0 0.4796875 0.5310185185185186 0.03125 0.12685185185185183
0 0.4419270833333333 0.6097222222222222 0.043229166666666666 0.16574074074074072
5 0.6401041666666666 0.6263888888888889 0.029166666666666664 0.14351851851851852
0 0.4794270833333333 0.611574074074074 0.03177083333333333 0.16018518518518518
0 0.5044270833333333 0.6134259259259259 0.03177083333333333 0.14537037037037037
0 0.5278645833333333 0.586574074074074 0.033854166666666664 0.13425925925925924
0 0.5598958333333333 0.5875 0.03229166666666666 0.13055555555555556
0 0.5536458333333333 0.575462962962963 0.028125 0.11944444444444444
0 0.5104166666666667 0.6370370370370371 0.03645833333333333 0.15555555555555553
0 0.5390625 0.6537037037037037 0.02708333333333333 0.1222222222222222
0 0.5557291666666666 0.6615740740740741 0.0375 0.1787037037037037
0 0.55546875 0.7046296296296296 0.04114583333333333 0.19444444444444445
0 0.5880208333333333 0.5833333333333334 0.03020833333333333 0.14074074074074075
0 0.6085937499999999 0.6199074074074074 0.033854166666666664 0.15462962962962962
0 0.6015624999999999 0.6712962962962962 0.041666666666666664 0.1537037037037037
0 0.9216145833333333 0.8537037037037036 0.05572916666666666 0.20185185185185187
5 0.7036458333333333 0.5199074074074074 0.02395833333333333 0.06574074074074074
0 0.6653645833333333 0.4796296296296296 0.027604166666666662 0.09074074074074073
0 0.6877604166666667 0.4773148148148148 0.0328125 0.09537037037037036
5 0.765625 0.5449074074074074 0.03125 0.08796296296296295
5 0.5625 0.4902777777777777 0.02395833333333333 0.11018518518518519
