0 0.24765625 0.7449074074074075 0.058854166666666666 0.22129629629629627
0 0.31354166666666666 0.7532407407407408 0.05 0.2324074074074074
0 0.36718749999999994 0.7268518518518519 0.03958333333333333 0.20185185185185187
0 0.3028645833333333 0.8916666666666666 0.06197916666666666 0.2185185185185185
0 0.3645833333333333 0.8962962962962961 0.06145833333333332 0.20925925925925926
0 0.6091145833333333 0.6569444444444443 0.043229166666666666 0.1935185185185185
0 0.6213541666666667 0.6537037037037037 0.03958333333333333 0.18148148148148147
5 0.65 0.6324074074074073 0.028125 0.1685185185185185
0 0.7919270833333333 0.5296296296296296 0.025520833333333333 0.09259259259259259
5 0.7093749999999999 0.4847222222222222 0.026041666666666664 0.07685185185185185
0 0.6302083333333333 0.6532407407407408 0.03333333333333333 0.1824074074074074
0 0.88515625 0.7134259259259259 0.05572916666666666 0.18796296296296294
0 0.7473958333333333 0.7726851851851851 0.042708333333333334 0.22129629629629627
0 0.7020833333333333 0.7787037037037037 0.04791666666666666 0.2185185185185185
0 0.8687499999999998 0.6990740740740741 0.04895833333333333 0.1925925925925926
0 0.45 0.5402777777777776 0.02395833333333333 0.11018518518518519
0 0.4747395833333333 0.5300925925925926 0.03177083333333333 0.1361111111111111
0 0.4294270833333333 0.5666666666666667 0.028645833333333332 0.13333333333333333
0 0.4986979166666667 0.5546296296296296 0.03177083333333333 0.13518518518518519
0 0.5005208333333333 0.5328703703703704 0.026041666666666664 0.12129629629629628
0 0.54140625 0.5324074074074073 0.03177083333333333 0.13148148148148148
0 0.5307291666666667 0.5537037037037036 0.03020833333333333 0.12962962962962962
0 0.5236979166666667 0.662037037037037 0.049479166666666664 0.1907407407407407
5 0.6286458333333333 0.6060185185185185 0.029166666666666664 0.14351851851851852
0 0.5348958333333333 0.663425925925926 0.03645833333333333 0.18425925925925926
0 0.56484375 0.6587962962962963 0.0359375 0.17314814814814813
0 0.5484375 0.6296296296296295 0.03125 0.1611111111111111
0 0.63984375 0.6231481481481481 0.0359375 0.15740740740740738
0 0.6463541666666666 0.6175925925925926 0.03125 0.15185185185185185
0 0.6010416666666667 0.6944444444444444 0.04583333333333333 0.17407407407407408
0 0.6333333333333333 0.7046296296296296 0.035416666666666666 0.13518518518518519
0 0.7203125 0.7074074074074074 0.05 0.20370370370370366
0 0.6526041666666667 0.7749999999999999 0.046875 0.22407407407407404
0 0.7171874999999999 0.6097222222222223 0.029166666666666664 0.14351851851851852
0 0.7721354166666667 0.6546296296296296 0.04427083333333333 0.17037037037037037
0 0.7770833333333333 0.7143518518518518 0.05208333333333333 0.175
0 0.0234375 0.9314814814814815 0.04583333333333333 0.1388888888888889
0 0.04973958333333333 0.9495370370370371 0.058854166666666666 0.10277777777777777
0 0.47916666666666663 0.825925925925926 0.0625 0.20370370370370366
0 0.6544270833333333 0.8199074074074074 0.06822916666666666 0.21574074074074073
0 0.93828125 0.8004629629629629 0.06510416666666666 0.21018518518518517
0 0.4705729166666667 0.4884259259259259 0.03177083333333333 0.10462962962962963
0 0.4421874999999999 0.4810185185185185 0.03229166666666666 0.12314814814814815
5 0.69375 0.49120370370370364 0.02395833333333333 0.06574074074074074
0 0.7234375 0.45138888888888884 0.025 0.08796296296296295
0 0.7447916666666667 0.44675925925925924 0.03020833333333333 0.08981481481481482
5 0.753125 0.5226851851851853 0.03020833333333333 0.08796296296296295
5 0.5411458333333333 0.46712962962962956 0.02395833333333333 0.11018518518518519
