0 0.221875 0.6092592592592592 0.04583333333333333 0.17962962962962964
0 0.27734375 0.6129629629629629 0.0453125 0.17407407407407408
0 0.2880208333333333 0.6365740740740741 0.046875 0.17314814814814813
0 0.5505208333333333 0.6402777777777777 0.034375 0.18796296296296294
0 0.5804687499999999 0.6365740740740741 0.033854166666666664 0.175
5 0.6520833333333333 0.6398148148148148 0.03020833333333333 0.1759259259259259
0 0.7317708333333333 0.5203703703703704 0.02395833333333333 0.0962962962962963
5 0.7294270833333333 0.4810185185185185 0.025520833333333333 0.07685185185185185
0 0.6153645833333333 0.6402777777777777 0.03177083333333333 0.1787037037037037
0 0.6872395833333333 0.9712962962962962 0.04739583333333333 0.059259259259259255
0 0.6125 0.9685185185185186 0.06145833333333332 0.06481481481481481
0 0.4669270833333333 0.6342592592592593 0.027604166666666662 0.137037037037037
0 0.49869791666666663 0.6162037037037037 0.0359375 0.1638888888888889
0 0.5455729166666667 0.6625 0.03802083333333333 0.16203703703703703
0 0.7458333333333333 0.6361111111111111 0.034375 0.14629629629629629
0 0.6486979166666667 0.6194444444444445 0.0296875 0.14444444444444443
0 0.6893229166666666 0.6157407407407407 0.0421875 0.16296296296296295
0 0.7817708333333333 0.6337962962962963 0.03125 0.14907407407407408
5 0.6489583333333333 0.6023148148148147 0.029166666666666664 0.14351851851851852
0 0.9481770833333332 0.7476851851851851 0.0578125 0.20462962962962963
0 0.9411458333333332 0.7324074074074074 0.040625 0.18703703703703703
0 0.5151041666666667 0.9597222222222221 0.06145833333333332 0.0824074074074074
0 0.2153645833333333 0.8004629629629629 0.0484375 0.23796296296296293
0 0.2638020833333333 0.8074074074074072 0.0484375 0.22037037037037038
0 0.23828124999999994 0.8694444444444442 0.056770833333333326 0.23148148148148148
0 0.109375 0.8101851851851851 0.03854166666666666 0.20925925925925926
0 0.12473958333333332 0.8634259259259259 0.0484375 0.24351851851851852
0 0.48125 0.6662037037037037 0.03645833333333333 0.17685185185185184
0 0.7734375 0.674537037037037 0.03958333333333333 0.17685185185185184
0 0.6075520833333333 0.7185185185185184 0.04010416666666666 0.20370370370370366
0 0.6385416666666667 0.7259259259259259 0.03333333333333333 0.17962962962962964
0 0.54375 0.6856481481481482 0.042708333333333334 0.15833333333333333
0 0.79375 0.7175925925925926 0.034375 0.11851851851851851
0 0.7432291666666666 0.7254629629629629 0.040625 0.15462962962962962
0 0.8786458333333333 0.7564814814814814 0.06041666666666666 0.2185185185185185
0 0.9007812499999999 0.7504629629629629 0.056770833333333326 0.21018518518518517
0 0.7755208333333333 0.711574074074074 0.040625 0.1861111111111111
0 0.5937499999999999 0.5680555555555555 0.029166666666666664 0.1324074074074074
0 0.5658854166666666 0.5541666666666667 0.033854166666666664 0.1398148148148148
0 0.4559895833333333 0.5569444444444444 0.033854166666666664 0.14351851851851852
0 0.5799479166666667 0.587962962962963 0.04427083333333333 0.15740740740740738
0 0.5364583333333333 0.524074074074074 0.021875 0.1037037037037037
0 0.5145833333333333 0.5185185185185185 0.03020833333333333 0.10925925925925925
0 0.4841145833333333 0.5106481481481481 0.03177083333333333 0.12129629629629628
0 0.4382812499999999 0.5120370370370371 0.03072916666666666 0.11296296296296296
0 0.4114583333333333 0.5115740740740741 0.025 0.11574074074074074
0 0.5059895833333333 0.49120370370370364 0.025520833333333333 0.11018518518518519
0 0.4796875 0.4888888888888888 0.02395833333333333 0.11296296296296296
0 0.4598958333333333 0.48657407407407405 0.026041666666666664 0.12314814814814815
0 0.44375 0.49074074074074076 0.02395833333333333 0.11481481481481481
0 0.4057291666666666 0.4805555555555555 0.025 0.10925925925925925
0 0.4341145833333333 0.47129629629629627 0.025520833333333333 0.1074074074074074
0 0.5203125 0.5166666666666667 0.021875 0.1074074074074074
5 0.7114583333333333 0.49120370370370364 0.02395833333333333 0.06574074074074074
0 0.4169270833333333 0.4726851851851851 0.0234375 0.12314814814814815
0 0.7567708333333333 0.43981481481481477 0.019791666666666666 0.07407407407407407
0 0.7651041666666667 0.43472222222222223 0.02708333333333333 0.0824074074074074
5 0.77734375 0.5208333333333333 0.0296875 0.08796296296296295
5 0.5697916666666666 0.46342592592592585 0.025 0.11018518518518519
