0 0.2598958333333333 0.6365740740740741 0.051041666666666666 0.17314814814814813
0 0.5635416666666666 0.6421296296296296 0.034375 0.18796296296296294
0 0.5921875 0.6449074074074074 0.034375 0.1787037037037037
5 0.6578125 0.6481481481481481 0.03020833333333333 0.1759259259259259
0 0.7359375 0.5203703703703704 0.02395833333333333 0.0962962962962963
5 0.7341145833333333 0.4847222222222222 0.025520833333333333 0.07685185185185185
0 0.6205729166666667 0.6435185185185184 0.03177083333333333 0.17962962962962964
0 0.4684895833333333 0.6449074074074074 0.027604166666666662 0.13796296296296295
0 0.5059895833333333 0.6310185185185185 0.03697916666666666 0.16759259259259257
0 0.5875 0.6759259259259259 0.03958333333333333 0.1648148148148148
0 0.7799479166666666 0.649537037037037 0.033854166666666664 0.1509259259259259
0 0.6932291666666666 0.6310185185185185 0.029166666666666664 0.1509259259259259
0 0.7315104166666667 0.6268518518518518 0.04114583333333333 0.1648148148148148
0 0.81796875 0.6518518518518518 0.03697916666666666 0.16666666666666666
5 0.6557291666666667 0.6018518518518519 0.02708333333333333 0.14259259259259258
0 0.2372395833333333 0.787037037037037 0.0484375 0.22962962962962963
0 0.2765625 0.7921296296296296 0.04791666666666666 0.20462962962962963
0 0.2614583333333333 0.850462962962963 0.05625 0.225
0 0.12708333333333333 0.8064814814814815 0.03958333333333333 0.20925925925925926
0 0.13958333333333334 0.8805555555555555 0.057291666666666664 0.23888888888888887
0 0.4664062499999999 0.6606481481481481 0.03072916666666666 0.17129629629629628
0 0.7739583333333333 0.6773148148148147 0.03958333333333333 0.18425925925925926
0 0.6140625 0.7231481481481481 0.03958333333333333 0.20370370370370366
0 0.6544270833333333 0.7324074074074074 0.03802083333333333 0.18333333333333332
0 0.51015625 0.6796296296296296 0.0421875 0.1537037037037037
0 0.79609375 0.7171296296296296 0.03177083333333333 0.11759259259259258
0 0.7648437499999999 0.7124999999999999 0.04010416666666666 0.15462962962962962
0 0.8455729166666666 0.7449074074074075 0.0484375 0.21574074074074073
0 0.88125 0.7476851851851851 0.041666666666666664 0.20833333333333331
0 0.7929687499999999 0.7 0.04010416666666666 0.17962962962962964
0 0.6070312499999999 0.5773148148148148 0.03072916666666666 0.1324074074074074
0 0.5770833333333333 0.5648148148148147 0.0375 0.14074074074074075
0 0.4583333333333333 0.5717592592592593 0.03333333333333333 0.14907407407407408
0 0.5458333333333333 0.5935185185185186 0.04479166666666666 0.15740740740740738
0 0.5455729166666666 0.5337962962962963 0.0234375 0.10462962962962963
0 0.5236979166666667 0.5328703703703703 0.0296875 0.12685185185185183
0 0.49765625 0.5203703703703704 0.03177083333333333 0.12037037037037038
0 0.4458333333333333 0.5217592592592591 0.03229166666666666 0.11574074074074074
0 0.4140625 0.5199074074074075 0.025 0.11574074074074074
0 0.521875 0.5037037037037038 0.02708333333333333 0.11481481481481481
0 0.4963541666666667 0.4935185185185185 0.02395833333333333 0.11296296296296296
0 0.4768229166666667 0.4953703703703704 0.025520833333333333 0.12777777777777777
0 0.45703125 0.499537037037037 0.025520833333333333 0.11574074074074074
0 0.4192708333333333 0.48703703703703705 0.02708333333333333 0.11666666666666665
0 0.4630208333333333 0.4768518518518518 0.026041666666666664 0.1074074074074074
0 0.5278645833333333 0.5212962962962963 0.021354166666666667 0.1074074074074074
5 0.7177083333333333 0.49305555555555547 0.02395833333333333 0.06574074074074074
0 0.44453125 0.4773148148148148 0.025520833333333333 0.12314814814814815
0 0.7611979166666667 0.44074074074074077 0.01927083333333333 0.07407407407407407
0 0.7697916666666667 0.4356481481481481 0.02708333333333333 0.0824074074074074
5 0.78125 0.523611111111111 0.03020833333333333 0.08796296296296295
5 0.5744791666666667 0.4662037037037036 0.026041666666666664 0.11018518518518519
