0 0.56328125 0.6842592592592592 0.0390625 0.2
0 0.5903645833333333 0.6953703703703703 0.04427083333333333 0.2
5 0.6541666666666666 0.6444444444444444 0.035416666666666666 0.17962962962962964
0 0.75078125 0.5194444444444445 0.025520833333333333 0.0962962962962963
5 0.7518229166666667 0.4763888888888889 0.025520833333333333 0.07685185185185185
0 0.590625 0.6574074074074073 0.03854166666666666 0.17407407407407408
0 0.5390625 0.6912037037037037 0.02708333333333333 0.1472222222222222
0 0.6106770833333333 0.6722222222222222 0.04739583333333333 0.18518518518518517
0 0.7294270833333333 0.7138888888888888 0.034895833333333334 0.18148148148148147
0 0.8742187499999998 0.6921296296296295 0.03802083333333333 0.16759259259259257
0 0.8843749999999998 0.662037037037037 0.03020833333333333 0.15185185185185185
0 0.8645833333333334 0.6560185185185186 0.03854166666666666 0.16759259259259257
0 0.9080729166666666 0.6916666666666667 0.03802083333333333 0.18518518518518517
5 0.6703125 0.6041666666666666 0.02708333333333333 0.14351851851851852
0 0.29453124999999997 0.7462962962962962 0.04427083333333333 0.2111111111111111
0 0.32578125 0.7509259259259259 0.0421875 0.18518518518518517
0 0.3338541666666667 0.7930555555555555 0.05208333333333333 0.19907407407407407
0 0.21223958333333331 0.7689814814814815 0.04427083333333333 0.1824074074074074
0 0.08229166666666667 0.9375 0.05833333333333333 0.125
0 0.45234374999999993 0.6226851851851851 0.033854166666666664 0.15648148148148147
0 0.7632812499999999 0.6435185185185185 0.033854166666666664 0.18148148148148147
0 0.6752604166666666 0.724074074074074 0.0453125 0.20370370370370366
0 0.7020833333333333 0.7425925925925926 0.03645833333333333 0.18703703703703703
0 0.4067708333333333 0.6509259259259259 0.042708333333333334 0.14814814814814814
0 0.7984375 0.6796296296296296 0.03020833333333333 0.11851851851851851
0 0.7979166666666666 0.6689814814814815 0.034375 0.14351851851851852
0 0.8528645833333333 0.7018518518518518 0.0421875 0.20185185185185187
0 0.8388020833333332 0.6990740740740741 0.04114583333333333 0.20185185185185187
0 0.81953125 0.7203703703703703 0.056770833333333326 0.20555555555555555
0 0.8187499999999999 0.6629629629629629 0.03645833333333333 0.17962962962962964
0 0.8643229166666666 0.7259259259259259 0.0515625 0.18518518518518517
0 0.6682291666666667 0.6023148148148147 0.03229166666666666 0.13425925925925924
0 0.6479166666666666 0.599537037037037 0.03854166666666666 0.16018518518518518
0 0.4846354166666666 0.6194444444444445 0.03697916666666666 0.1648148148148148
0 0.4317708333333333 0.5856481481481481 0.04375 0.15648148148148147
0 0.5901041666666667 0.5703703703703703 0.025 0.1037037037037037
0 0.5541666666666667 0.5680555555555555 0.03020833333333333 0.12685185185185183
0 0.5205729166666667 0.5430555555555555 0.03177083333333333 0.1287037037037037
0 0.4651041666666667 0.5518518518518518 0.03333333333333333 0.12037037037037038
0 0.4276041666666666 0.5532407407407407 0.025 0.12685185185185183
0 0.5708333333333333 0.5263888888888889 0.028125 0.11574074074074074
0 0.54375 0.525462962962963 0.028125 0.12129629629629628
0 0.52265625 0.5203703703703704 0.025520833333333333 0.12962962962962962
0 0.4997395833333333 0.5291666666666666 0.025520833333333333 0.12129629629629628
0 0.4333333333333333 0.525462962962963 0.028125 0.11574074074074074
0 0.5484375 0.5055555555555555 0.028125 0.1074074074074074
0 0.4630208333333333 0.499537037037037 0.03020833333333333 0.12129629629629628
0 0.4658854166666667 0.47824074074074074 0.02239583333333333 0.09907407407407406
0 0.4549479166666666 0.4884259259259259 0.0234375 0.10462962962962963
0 0.4221354166666666 0.48287037037037034 0.0234375 0.11759259259259258
0 0.54765625 0.549074074074074 0.021354166666666667 0.1074074074074074
5 0.7322916666666667 0.4884259259259259 0.02395833333333333 0.06574074074074074
0 0.5265624999999999 0.5 0.026041666666666664 0.12407407407407407
0 0.7752604166666667 0.4416666666666666 0.01927083333333333 0.07407407407407407
0 0.7885416666666667 0.4412037037037037 0.02708333333333333 0.0824074074074074
5 0.7955729166666666 0.5199074074074074 0.0296875 0.08796296296296295
5 0.58984375 0.46712962962962956 0.025520833333333333 0.11018518518518519
