0 0.2830729166666667 0.6981481481481481 0.0546875 0.2074074074074074
0 0.3421875 0.6953703703703703 0.05 0.21666666666666665
0 0.4091145833333333 0.6856481481481481 0.0359375 0.1861111111111111
0 0.2286458333333333 0.9300925925925926 0.075 0.14166666666666666
0 0.31484375 0.9361111111111111 0.0546875 0.12962962962962962
0 0.5421874999999999 0.6277777777777778 0.041666666666666664 0.18333333333333332
0 0.5645833333333333 0.6273148148148148 0.034375 0.1824074074074074
5 0.6484375 0.6296296296296295 0.028125 0.1685185185185185
0 0.7921874999999999 0.5231481481481481 0.026041666666666664 0.09259259259259259
5 0.7062499999999999 0.4763888888888889 0.026041666666666664 0.07685185185185185
0 0.62421875 0.649537037037037 0.03802083333333333 0.18055555555555552
0 0.7346354166666667 0.8393518518518519 0.04635416666666666 0.24166666666666664
0 0.6848958333333333 0.836574074074074 0.055208333333333325 0.24537037037037038
0 0.45703125 0.5601851851851851 0.0234375 0.11296296296296296
0 0.4851562499999999 0.5444444444444445 0.03072916666666666 0.14444444444444443
0 0.4450520833333333 0.5902777777777778 0.0296875 0.1398148148148148
0 0.5307291666666667 0.5736111111111111 0.03020833333333333 0.14351851851851852
0 0.5093749999999999 0.549074074074074 0.026041666666666664 0.13518518518518519
0 0.5341145833333333 0.548148148148148 0.028645833333333332 0.14074074074074075
0 0.5575520833333333 0.5689814814814815 0.033854166666666664 0.1324074074074074
0 0.6338541666666667 0.7 0.04895833333333333 0.20370370370370366
5 0.62734375 0.6004629629629629 0.0296875 0.14351851851851852
0 0.6588541666666666 0.6907407407407407 0.04375 0.1907407407407407
0 0.6833333333333333 0.6856481481481481 0.040625 0.17314814814814813
0 0.57578125 0.662962962962963 0.0359375 0.1759259259259259
0 0.7380208333333333 0.6425925925925926 0.03645833333333333 0.1648148148148148
0 0.7572916666666667 0.638888888888889 0.03020833333333333 0.15185185185185185
0 0.7638020833333333 0.7120370370370369 0.06197916666666666 0.18518518518518517
0 0.78203125 0.7231481481481481 0.033854166666666664 0.14074074074074075
0 0.8731770833333332 0.7143518518518518 0.0609375 0.19907407407407407
0 0.6208333333333333 0.8398148148148147 0.05208333333333333 0.2574074074074074
0 0.7890625 0.6430555555555555 0.040625 0.17129629629629628
0 0.8562499999999998 0.6907407407407408 0.04583333333333333 0.19444444444444445
0 0.9463541666666666 0.724537037037037 0.05625 0.17685185185185184
0 0.059114583333333325 0.8976851851851851 0.0578125 0.20277777777777778
0 0.10703125 0.9138888888888888 0.0546875 0.17407407407407408
0 0.05052083333333333 0.9648148148148147 0.05416666666666666 0.07037037037037037
0 0.27682291666666664 0.8175925925925925 0.0609375 0.20370370370370366
0 0.4401041666666667 0.8287037037037036 0.06770833333333333 0.22407407407407404
0 0.74921875 0.7625 0.0546875 0.21018518518518517
0 0.9421875 0.7560185185185185 0.06041666666666666 0.2009259259259259
0 0.8375 0.7518518518518518 0.053125 0.20925925925925926
0 0.8359375 0.749074074074074 0.04375 0.19629629629629627
0 0.87265625 0.7449074074074074 0.04635416666666666 0.175
0 0.9669270833333332 0.7856481481481482 0.03802083333333333 0.1398148148148148
0 0.50859375 0.5032407407407408 0.03177083333333333 0.10648148148148147
0 0.4812499999999999 0.4958333333333333 0.03229166666666666 0.12314814814814815
0 0.409375 0.4921296296296296 0.03125 0.125
0 0.83125 0.5592592592592591 0.03125 0.14074074074074075
0 0.4302083333333333 0.4879629629629629 0.026041666666666664 0.09074074074074073
0 0.4127604166666667 0.4768518518518518 0.025520833333333333 0.10185185185185183
0 0.415625 0.4856481481481481 0.025 0.11203703703703702
5 0.6911458333333333 0.4851851851851851 0.02395833333333333 0.06666666666666667
0 0.7432291666666666 0.43888888888888883 0.01875 0.07407407407407407
0 0.7526041666666666 0.44027777777777777 0.028125 0.08611111111111111
5 0.7526041666666667 0.5162037037037037 0.03020833333333333 0.08796296296296295
5 0.540625 0.4624999999999999 0.02395833333333333 0.11018518518518519
