0 0.26328125 0.6249999999999999 0.04635416666666666 0.17962962962962964
0 0.3231770833333333 0.6277777777777778 0.04114583333333333 0.1925925925925926
0 0.3609375 0.6481481481481481 0.034375 0.1685185185185185
0 0.5354166666666667 0.624074074074074 0.035416666666666666 0.18703703703703703
0 0.5625 0.6222222222222221 0.03125 0.17777777777777776
5 0.640625 0.6268518518518518 0.028125 0.1685185185185185
0 0.746875 0.5148148148148148 0.02395833333333333 0.0962962962962963
5 0.7203124999999999 0.47175925925925927 0.026041666666666664 0.07685185185185185
0 0.6033854166666666 0.6365740740740741 0.0359375 0.1787037037037037
0 0.7005208333333333 0.923148148148148 0.06354166666666666 0.15555555555555553
0 0.6325520833333333 0.9171296296296296 0.06510416666666666 0.16574074074074072
0 0.4638020833333333 0.5972222222222222 0.024479166666666666 0.11481481481481481
0 0.4921875 0.5828703703703704 0.034375 0.16018518518518518
0 0.4781249999999999 0.6342592592592592 0.035416666666666666 0.15925925925925927
0 0.6578125 0.6101851851851852 0.034375 0.14629629629629629
0 0.5463541666666666 0.5884259259259259 0.026041666666666664 0.1361111111111111
0 0.5976562499999999 0.5921296296296296 0.04010416666666666 0.16203703703703703
0 0.6846354166666667 0.6069444444444444 0.03177083333333333 0.14907407407407408
5 0.63828125 0.5958333333333333 0.0296875 0.14351851851851852
0 0.9513020833333332 0.7342592592592592 0.0546875 0.19814814814814813
0 0.8278645833333332 0.7189814814814814 0.05052083333333333 0.19907407407407407
0 0.8473958333333333 0.7087962962962963 0.051041666666666666 0.19537037037037036
0 0.8484375 0.6976851851851851 0.034375 0.18796296296296294
0 0.5611979166666666 0.9157407407407406 0.0609375 0.17037037037037037
0 0.884375 0.7009259259259258 0.041666666666666664 0.18518518518518517
0 0.16692708333333334 0.8328703703703703 0.05572916666666666 0.2324074074074074
0 0.21822916666666664 0.8462962962962962 0.055208333333333325 0.22962962962962963
0 0.16432291666666665 0.900462962962963 0.05989583333333333 0.2009259259259259
0 0.09947916666666666 0.8069444444444445 0.0375 0.21018518518518517
0 0.11171875 0.8287037037037036 0.0453125 0.23518518518518516
0 0.5518229166666667 0.6921296296296295 0.04114583333333333 0.18796296296296294
0 0.7447916666666667 0.7069444444444445 0.04583333333333333 0.19537037037037036
0 0.6247395833333333 0.7199074074074073 0.0453125 0.19907407407407407
0 0.6411458333333333 0.7166666666666666 0.03645833333333333 0.17962962962962964
0 0.6510416666666667 0.7050925925925926 0.042708333333333334 0.16203703703703703
0 0.7723958333333333 0.7476851851851851 0.034375 0.1287037037037037
0 0.7726562499999999 0.7574074074074073 0.04010416666666666 0.17037037037037037
0 0.7924479166666667 0.7351851851851852 0.04427083333333333 0.19629629629629627
0 0.5656249999999999 0.5314814814814814 0.029166666666666664 0.1074074074074074
0 0.5322916666666667 0.5231481481481481 0.03333333333333333 0.1259259259259259
0 0.4375 0.5268518518518518 0.03020833333333333 0.13518518518518519
0 0.6791666666666666 0.5893518518518518 0.040625 0.16203703703703703
0 0.5135416666666667 0.5078703703703703 0.02395833333333333 0.09907407407407406
0 0.484375 0.49907407407407406 0.03020833333333333 0.1074074074074074
0 0.4515624999999999 0.49120370370370364 0.029166666666666664 0.12129629629629628
0 0.4223958333333333 0.4893518518518518 0.029166666666666664 0.11018518518518519
0 0.40390625 0.48703703703703705 0.025520833333333333 0.11296296296296296
0 0.4526041666666667 0.47175925925925916 0.02395833333333333 0.11018518518518519
0 0.4208333333333333 0.4703703703703703 0.02395833333333333 0.11296296296296296
0 0.4067708333333333 0.4662037037037036 0.021875 0.12314814814814815
0 0.3934895833333333 0.4726851851851851 0.0234375 0.11203703703703702
0 0.4953125 0.49120370370370364 0.025 0.10462962962962963
5 0.70234375 0.4819444444444444 0.0234375 0.06574074074074074
0 0.7502604166666667 0.43425925925925923 0.01927083333333333 0.07407407407407407
0 0.7520833333333333 0.4310185185185185 0.02708333333333333 0.0824074074074074
5 0.7658854166666667 0.5152777777777777 0.0296875 0.08796296296296295
5 0.5619791666666666 0.4527777777777778 0.028125 0.10925925925925925
