0 0.5791666666666667 0.6578703703703703 0.03333333333333333 0.1935185185185185
0 0.6075520833333333 0.6643518518518519 0.0359375 0.1861111111111111
5 0.6666666666666666 0.6476851851851853 0.03125 0.17685185185185184
0 0.74375 0.5194444444444445 0.02395833333333333 0.0962962962962963
5 0.7447916666666666 0.48194444444444445 0.025 0.07685185185185185
0 0.6187499999999999 0.6462962962962963 0.03229166666666666 0.1759259259259259
0 0.5049479166666666 0.6680555555555555 0.027604166666666662 0.14907407407407408
0 0.5411458333333333 0.6513888888888889 0.035416666666666666 0.17685185185185184
0 0.6614583333333333 0.6944444444444444 0.03958333333333333 0.16666666666666666
0 0.840625 0.673148148148148 0.03854166666666666 0.16296296296296295
0 0.7984375 0.650462962962963 0.03020833333333333 0.1509259259259259
0 0.8182291666666666 0.6476851851851851 0.03958333333333333 0.16759259259259257
0 0.8723958333333333 0.6759259259259258 0.0375 0.17407407407407408
5 0.6630208333333333 0.6050925925925925 0.02708333333333333 0.14351851851851852
0 0.2692708333333333 0.7564814814814815 0.04583333333333333 0.21296296296296294
0 0.30859375 0.7666666666666666 0.0421875 0.20370370370370366
0 0.3015625 0.812037037037037 0.053125 0.2148148148148148
0 0.190625 0.7768518518518518 0.04375 0.2
0 0.13671875 0.9078703703703702 0.05989583333333333 0.1861111111111111
0 0.4520833333333333 0.637037037037037 0.034375 0.16666666666666666
0 0.7744791666666666 0.6629629629629629 0.034375 0.18518518518518517
0 0.6273437499999999 0.7254629629629629 0.04010416666666666 0.20462962962962963
0 0.6651041666666666 0.7379629629629629 0.041666666666666664 0.18518518518518517
0 0.4489583333333333 0.6569444444444443 0.040625 0.15648148148148147
0 0.79140625 0.6976851851851851 0.0296875 0.11759259259259258
0 0.7846354166666666 0.6912037037037037 0.0359375 0.15277777777777776
0 0.8171875 0.7212962962962963 0.04583333333333333 0.20185185185185187
0 0.8484374999999998 0.7217592592592592 0.04583333333333333 0.2009259259259259
0 0.8955729166666666 0.7537037037037037 0.0515625 0.20925925925925926
0 0.8049479166666667 0.6833333333333333 0.03802083333333333 0.17962962962962964
0 0.9440104166666666 0.7578703703703703 0.0484375 0.1935185185185185
0 0.6309895833333333 0.5912037037037037 0.03177083333333333 0.1324074074074074
0 0.6046874999999999 0.5833333333333333 0.03854166666666666 0.14629629629629629
0 0.4653645833333333 0.5898148148148148 0.033854166666666664 0.15555555555555553
0 0.4989583333333333 0.5810185185185185 0.04479166666666666 0.15648148148148147
0 0.5721354166666667 0.5499999999999999 0.025520833333333333 0.1037037037037037
0 0.5408854166666666 0.5476851851851852 0.0296875 0.12685185185185183
0 0.51328125 0.5273148148148147 0.03177083333333333 0.12129629629629628
0 0.45859375 0.5342592592592592 0.03177083333333333 0.11851851851851851
0 0.4161458333333333 0.5300925925925926 0.026041666666666664 0.12314814814814815
0 0.5489583333333333 0.514351851851852 0.028125 0.11574074074074074
0 0.5231770833333333 0.5083333333333333 0.0234375 0.11296296296296296
0 0.5044270833333333 0.5083333333333333 0.025520833333333333 0.12962962962962962
0 0.4848958333333333 0.5115740740740741 0.026041666666666664 0.12129629629629628
0 0.4291666666666666 0.5050925925925925 0.028125 0.11574074074074074
0 0.5122395833333333 0.4888888888888888 0.0265625 0.1074074074074074
0 0.4442708333333333 0.4814814814814815 0.02395833333333333 0.12037037037037038
0 0.5390625 0.5314814814814814 0.021875 0.1074074074074074
5 0.7260416666666667 0.49120370370370364 0.02395833333333333 0.06574074074074074
0 0.4888020833333333 0.4851851851851851 0.025520833333333333 0.12407407407407407
0 0.7708333333333333 0.44351851851851853 0.019791666666666666 0.07407407407407407
0 0.7796875 0.4384259259259259 0.02708333333333333 0.0824074074074074
5 0.790625 0.524537037037037 0.03020833333333333 0.08796296296296295
5 0.5856770833333333 0.4652777777777777 0.025520833333333333 0.11018518518518519
