0 0.26276041666666666 0.7217592592592592 0.0546875 0.21018518518518517
0 0.32760416666666664 0.7208333333333333 0.05 0.21759259259259256
0 0.38593749999999993 0.7037037037037036 0.03958333333333333 0.1907407407407407
0 0.2692708333333333 0.9064814814814814 0.06770833333333333 0.18703703703703703
0 0.3364583333333333 0.9138888888888888 0.0625 0.17222222222222222
0 0.5760416666666666 0.6449074074074075 0.041666666666666664 0.18981481481481483
0 0.5841145833333333 0.6430555555555555 0.033854166666666664 0.18055555555555552
5 0.6453125 0.6314814814814815 0.028125 0.1685185185185185
0 0.7895833333333333 0.5277777777777778 0.026041666666666664 0.09259259259259259
5 0.7062499999999999 0.48194444444444445 0.026041666666666664 0.07685185185185185
0 0.6190104166666667 0.6518518518518518 0.03802083333333333 0.18148148148148147
0 0.7361979166666666 0.8037037037037036 0.043229166666666666 0.22777777777777777
0 0.6921875 0.8041666666666666 0.04791666666666666 0.2324074074074074
0 0.9236979166666666 0.7064814814814814 0.0609375 0.1925925925925926
0 0.45234375 0.548148148148148 0.0234375 0.11296296296296296
0 0.47526041666666663 0.5347222222222222 0.03072916666666666 0.1398148148148148
0 0.4328125 0.5754629629629628 0.03020833333333333 0.1361111111111111
0 0.5088541666666667 0.561574074074074 0.03333333333333333 0.13796296296296295
0 0.50390625 0.5361111111111111 0.025520833333333333 0.12407407407407407
0 0.5317708333333333 0.5435185185185185 0.03229166666666666 0.1388888888888889
0 0.5369791666666667 0.5574074074074074 0.03020833333333333 0.12962962962962962
0 0.5627604166666667 0.6819444444444444 0.0515625 0.19907407407407407
5 0.6239583333333333 0.6050925925925925 0.029166666666666664 0.14351851851851852
0 0.5820312499999999 0.6726851851851852 0.04010416666666666 0.18981481481481483
0 0.6010416666666667 0.6763888888888888 0.03645833333333333 0.17314814814814813
0 0.5354166666666667 0.6453703703703704 0.035416666666666666 0.17407407407407408
0 0.6880208333333333 0.6268518518518518 0.03645833333333333 0.15740740740740738
0 0.6919270833333333 0.625925925925926 0.03072916666666666 0.15185185185185185
0 0.6700520833333333 0.7055555555555555 0.04427083333333333 0.1759259259259259
0 0.6880208333333333 0.7199074074074074 0.03333333333333333 0.13425925925925924
0 0.7856770833333333 0.711111111111111 0.056770833333333326 0.19814814814814813
0 0.6401041666666666 0.8004629629629629 0.046875 0.23796296296296293
0 0.7515625 0.6296296296296295 0.03958333333333333 0.17037037037037037
0 0.8057291666666666 0.6749999999999999 0.042708333333333334 0.18518518518518517
0 0.84375 0.7189814814814814 0.059375 0.17685185185185184
0 0.028385416666666663 0.9166666666666667 0.05572916666666666 0.1685185185185185
0 0.06979166666666667 0.9305555555555556 0.053125 0.1388888888888889
0 0.37578125 0.8212962962962962 0.0421875 0.20370370370370366
0 0.5520833333333333 0.8203703703703702 0.06145833333333332 0.22037037037037038
0 0.8432291666666666 0.7842592592592592 0.06145833333333332 0.20925925925925926
0 0.9286458333333332 0.762962962962963 0.059375 0.2148148148148148
0 0.9244791666666666 0.7569444444444444 0.041666666666666664 0.2009259259259259
0 0.4877604166666666 0.4916666666666666 0.05572916666666666 0.10925925925925925
0 0.4609374999999999 0.4856481481481481 0.03229166666666666 0.12314814814814815
0 0.3888020833333333 0.4814814814814815 0.027604166666666662 0.12407407407407407
0 0.3966145833333333 0.48240740740740734 0.025520833333333333 0.09074074074074073
0 0.38229166666666664 0.4726851851851851 0.026041666666666664 0.10462962962962963
0 0.38541666666666663 0.4726851851851851 0.025 0.11203703703703702
5 0.6890625 0.4888888888888888 0.02395833333333333 0.06666666666666667
0 0.7270833333333333 0.44861111111111107 0.022916666666666665 0.0824074074074074
0 0.7479166666666666 0.4458333333333333 0.028125 0.08981481481481482
5 0.7484375 0.5199074074074074 0.03020833333333333 0.08796296296296295
5 0.5369791666666667 0.4652777777777777 0.02395833333333333 0.11018518518518519
