0 0.2518229166666667 0.736574074074074 0.0546875 0.2064814814814815
0 0.3184895833333333 0.736574074074074 0.05052083333333333 0.225
0 0.37604166666666666 0.7171296296296296 0.03958333333333333 0.1935185185185185
0 0.28932291666666665 0.8976851851851851 0.0640625 0.20462962962962963
0 0.353125 0.9027777777777779 0.06354166666666666 0.1925925925925926
0 0.5937499999999999 0.6509259259259259 0.041666666666666664 0.1925925925925926
0 0.603125 0.6476851851851853 0.03645833333333333 0.17685185185185184
5 0.646875 0.6296296296296295 0.028125 0.1685185185185185
0 0.7903645833333333 0.5296296296296296 0.025520833333333333 0.09259259259259259
5 0.7078125 0.4828703703703704 0.026041666666666664 0.07685185185185185
0 0.6229166666666667 0.6523148148148148 0.03020833333333333 0.1824074074074074
0 0.91484375 0.7157407407407407 0.05260416666666666 0.1925925925925926
0 0.7427083333333333 0.7824074074074073 0.041666666666666664 0.22407407407407404
0 0.6994791666666667 0.7884259259259259 0.04791666666666666 0.22314814814814815
0 0.8880208333333334 0.7018518518518518 0.04791666666666666 0.19444444444444445
0 0.45078125 0.5416666666666666 0.0234375 0.11111111111111112
0 0.47265625 0.5328703703703704 0.0296875 0.1398148148148148
0 0.4296875 0.5699074074074074 0.03020833333333333 0.13425925925925924
0 0.5036458333333333 0.5606481481481481 0.03333333333333333 0.1361111111111111
0 0.50234375 0.5328703703703704 0.025520833333333333 0.12129629629629628
0 0.5356770833333333 0.5365740740740741 0.03177083333333333 0.13425925925925924
0 0.5333333333333333 0.5555555555555556 0.03020833333333333 0.12962962962962962
0 0.5424479166666667 0.6689814814814814 0.03802083333333333 0.19722222222222222
5 0.6265624999999999 0.6050925925925925 0.029166666666666664 0.14351851851851852
0 0.55234375 0.6685185185185184 0.0515625 0.18518518518518517
0 0.57578125 0.6638888888888889 0.03802083333333333 0.17407407407407408
0 0.5403645833333333 0.6328703703703703 0.03177083333333333 0.16203703703703703
0 0.6630208333333333 0.6222222222222222 0.03645833333333333 0.15740740740740738
0 0.6580729166666667 0.6185185185185185 0.03177083333333333 0.15185185185185185
0 0.6291666666666667 0.6986111111111111 0.046875 0.17314814814814813
0 0.6549479166666666 0.7087962962962961 0.033854166666666664 0.13425925925925924
0 0.7510416666666667 0.7069444444444444 0.055208333333333325 0.19907407407407407
0 0.6466145833333333 0.7879629629629629 0.04635416666666666 0.23148148148148148
0 0.7338541666666667 0.6162037037037036 0.03333333333333333 0.15277777777777776
0 0.7864583333333333 0.6601851851851851 0.042708333333333334 0.17777777777777776
0 0.7999999999999999 0.7166666666666666 0.041666666666666664 0.1759259259259259
0 0.02630208333333333 0.923611111111111 0.0515625 0.15462962962962962
0 0.05807291666666666 0.9412037037037037 0.0546875 0.11944444444444444
0 0.4317708333333333 0.826851851851852 0.055208333333333325 0.20370370370370366
0 0.6065104166666666 0.8185185185185185 0.05572916666666666 0.22037037037037038
0 0.8950520833333334 0.7893518518518519 0.058854166666666666 0.21018518518518517
0 0.9734375 0.7657407407407407 0.046875 0.21296296296296294
0 0.475 0.4879629629629629 0.028125 0.1037037037037037
0 0.4489583333333333 0.4819444444444444 0.03229166666666666 0.12314814814814815
0 0.37916666666666665 0.47546296296296287 0.03020833333333333 0.12314814814814815
5 0.6916666666666667 0.49120370370370364 0.02395833333333333 0.06574074074074074
0 0.725 0.4499999999999999 0.02395833333333333 0.08518518518518518
0 0.7471354166666667 0.44305555555555554 0.028645833333333332 0.08981481481481482
5 0.7505208333333333 0.5199074074074074 0.03020833333333333 0.08796296296296295
5 0.5380208333333333 0.4643518518518518 0.02395833333333333 0.11018518518518519
