0 0.19791666666666666 0.875925925925926 0.06770833333333333 0.25
0 0.25494791666666666 0.874074074074074 0.05989583333333333 0.2518518518518518
0 0.2763020833333333 0.8462962962962962 0.05052083333333333 0.22407407407407404
0 0.9817708333333334 0.8949074074074073 0.035416666666666666 0.21203703703703702
0 0.37135416666666665 0.8101851851851851 0.053125 0.2185185185185185
0 0.4169270833333333 0.8134259259259258 0.0515625 0.2009259259259259
0 0.78671875 0.7388888888888889 0.04739583333333333 0.2148148148148148
0 0.8 0.7282407407407406 0.042708333333333334 0.20277777777777778
5 0.6627604166666666 0.6685185185185185 0.0296875 0.1685185185185185
0 0.80390625 0.5648148148148148 0.027604166666666662 0.09259259259259259
5 0.71953125 0.5087962962962963 0.027604166666666662 0.07685185185185185
0 0.7255208333333333 0.7087962962962961 0.04375 0.18425925925925926
0 0.8109375 0.6935185185185185 0.042708333333333334 0.17037037037037037
0 0.6802083333333333 0.7240740740740741 0.041666666666666664 0.19444444444444445
0 0.6109375 0.7166666666666666 0.03958333333333333 0.18888888888888888
0 0.7854166666666667 0.6689814814814814 0.03958333333333333 0.16574074074074072
0 0.4296875 0.5347222222222221 0.02395833333333333 0.09907407407407406
0 0.4567708333333333 0.5125 0.026041666666666664 0.11203703703703702
0 0.4283854166666667 0.5574074074074074 0.025520833333333333 0.12407407407407407
0 0.45546875 0.5444444444444444 0.0296875 0.12407407407407407
0 0.47968749999999993 0.5203703703703704 0.026041666666666664 0.11296296296296296
0 0.5151041666666666 0.5231481481481481 0.029166666666666664 0.12037037037037038
0 0.4838541666666667 0.5439814814814814 0.03020833333333333 0.1287037037037037
0 0.4484375 0.6231481481481481 0.040625 0.1685185185185185
5 0.6437499999999999 0.6356481481481481 0.029166666666666664 0.13796296296296295
0 0.4807291666666666 0.6254629629629629 0.03125 0.16203703703703703
0 0.5080729166666667 0.6268518518518518 0.03177083333333333 0.14629629629629629
0 0.53359375 0.6027777777777776 0.0328125 0.13518518518518519
0 0.5653645833333333 0.5972222222222221 0.034895833333333334 0.13518518518518519
0 0.5575520833333333 0.5893518518518518 0.027604166666666662 0.12314814814814815
0 0.51640625 0.650462962962963 0.0390625 0.15648148148148147
0 0.54375 0.6689814814814815 0.02708333333333333 0.12685185185185183
0 0.5635416666666666 0.6754629629629629 0.0375 0.1787037037037037
0 0.5708333333333333 0.7185185185185184 0.03958333333333333 0.19814814814814813
0 0.5921875 0.5944444444444444 0.03020833333333333 0.14074074074074075
0 0.621875 0.6337962962962963 0.03333333333333333 0.15833333333333333
0 0.6072916666666667 0.6861111111111111 0.03958333333333333 0.1537037037037037
0 0.8885416666666666 0.8629629629629629 0.05625 0.20370370370370366
5 0.7052083333333333 0.5273148148148147 0.02395833333333333 0.06574074074074074
0 0.6710937499999999 0.4879629629629629 0.027604166666666662 0.09074074074074073
0 0.69609375 0.48287037037037034 0.03177083333333333 0.09351851851851851
5 0.7671875 0.5532407407407407 0.03125 0.08796296296296295
5 0.56328125 0.5004629629629629 0.0234375 0.11018518518518519
