0 0.2859375 0.6555555555555556 0.05 0.1925925925925926
0 0.34375 0.6550925925925926 0.04375 0.19907407407407407
0 0.4322916666666667 0.6569444444444443 0.04583333333333333 0.16759259259259257
0 0.17656249999999998 0.9671296296296296 0.057291666666666664 0.06574074074074074
0 0.5315104166666667 0.6092592592592592 0.0359375 0.17962962962962964
0 0.5625 0.611111111111111 0.034375 0.1759259259259259
5 0.6544270833333333 0.6222222222222222 0.027604166666666662 0.1685185185185185
0 0.7890625 0.5078703703703703 0.02395833333333333 0.09351851851851851
5 0.7130208333333333 0.46990740740740744 0.026041666666666664 0.07685185185185185
0 0.6210937499999999 0.6310185185185185 0.03697916666666666 0.17129629629629628
0 0.7260416666666666 0.8800925925925925 0.05625 0.23796296296296293
0 0.6760416666666667 0.8819444444444443 0.06354166666666666 0.23796296296296293
0 0.4638020833333333 0.5694444444444444 0.0234375 0.11296296296296296
0 0.4937499999999999 0.5546296296296296 0.03229166666666666 0.14629629629629629
0 0.4598958333333333 0.6013888888888889 0.03020833333333333 0.14537037037037037
0 0.5716145833333333 0.5842592592592593 0.0359375 0.14259259259259258
0 0.5229166666666666 0.5555555555555556 0.026041666666666664 0.13518518518518519
0 0.5442708333333333 0.5578703703703703 0.03333333333333333 0.14537037037037037
0 0.5984375 0.5842592592592591 0.03125 0.14814814814814814
0 0.7877604166666666 0.7064814814814814 0.0515625 0.20555555555555555
5 0.6361979166666666 0.5912037037037037 0.0296875 0.14351851851851852
0 0.7916666666666666 0.6981481481481481 0.040625 0.1925925925925926
0 0.81796875 0.6967592592592592 0.043229166666666666 0.18425925925925926
0 0.7018229166666666 0.6749999999999999 0.033854166666666664 0.18518518518518517
0 0.7888020833333333 0.6624999999999999 0.0421875 0.17314814814814813
0 0.8125 0.6597222222222221 0.03229166666666666 0.16759259259259257
0 0.8848958333333332 0.724537037037037 0.05833333333333333 0.18796296296296294
0 0.9078125 0.737037037037037 0.0375 0.14629629629629629
0 0.5989583333333333 0.875925925925926 0.057291666666666664 0.24814814814814815
0 0.8395833333333333 0.6541666666666666 0.041666666666666664 0.17314814814814813
0 0.9796874999999998 0.7013888888888888 0.03958333333333333 0.19907407407407407
0 0.11015625 0.874537037037037 0.0640625 0.24537037037037038
0 0.1703125 0.887962962962963 0.055208333333333325 0.22592592592592592
0 0.10546875 0.9296296296296296 0.0546875 0.14259259259259258
0 0.1921875 0.8032407407407407 0.046875 0.20462962962962963
0 0.2752604166666667 0.825925925925926 0.05989583333333333 0.22222222222222224
0 0.6481770833333333 0.7199074074074073 0.04010416666666666 0.1935185185185185
0 0.82265625 0.7393518518518518 0.06302083333333333 0.2064814814814815
0 0.7299479166666666 0.7333333333333333 0.0421875 0.21296296296296294
0 0.7307291666666667 0.7314814814814814 0.03645833333333333 0.18518518518518517
0 0.76796875 0.7305555555555555 0.0453125 0.1759259259259259
0 0.8489583333333333 0.7662037037037037 0.042708333333333334 0.1324074074074074
0 0.9375 0.7675925925925926 0.04791666666666666 0.1685185185185185
0 0.9479166666666666 0.7481481481481481 0.046875 0.20370370370370366
0 0.5421875 0.5060185185185185 0.028125 0.10648148148148147
0 0.5109375 0.5013888888888889 0.03125 0.12685185185185183
0 0.42838541666666663 0.500925925925926 0.0296875 0.1259259259259259
0 0.77734375 0.5731481481481481 0.03177083333333333 0.14074074074074075
0 0.47968749999999993 0.4879629629629629 0.022916666666666665 0.09074074074074073
0 0.45703125 0.4842592592592593 0.025520833333333333 0.10185185185185183
0 0.4161458333333333 0.475925925925926 0.029166666666666664 0.11296296296296296
0 0.39375 0.4736111111111111 0.028125 0.11203703703703702
0 0.3817708333333333 0.47129629629629627 0.021875 0.1074074074074074
0 0.4700520833333333 0.4726851851851851 0.025520833333333333 0.10462962962962963
5 0.6979166666666667 0.4810185185185184 0.02395833333333333 0.06574074074074074
0 0.7489583333333333 0.42777777777777776 0.01875 0.07407407407407407
0 0.7546875 0.42824074074074076 0.02708333333333333 0.0824074074074074
5 0.7614583333333333 0.5097222222222222 0.03020833333333333 0.08796296296296295
5 0.5546875 0.4532407407407407 0.02708333333333333 0.11759259259259258
