0 0.2674479166666667 0.7157407407407407 0.0546875 0.20925925925925926
0 0.3328125 0.7171296296296296 0.05 0.21759259259259256
0 0.3911458333333333 0.700462962962963 0.03958333333333333 0.18796296296296294
0 0.26171875 0.9106481481481481 0.0703125 0.1787037037037037
0 0.33255208333333336 0.9175925925925925 0.058854166666666666 0.1648148148148148
0 0.5692708333333333 0.6421296296296297 0.041666666666666664 0.18981481481481483
0 0.5786458333333333 0.6416666666666667 0.03333333333333333 0.18333333333333332
5 0.6453125 0.6314814814814815 0.028125 0.1685185185185185
0 0.7901041666666666 0.5268518518518518 0.026041666666666664 0.09259259259259259
5 0.7057291666666666 0.4810185185185185 0.026041666666666664 0.07685185185185185
0 0.6200520833333333 0.6518518518518518 0.03802083333333333 0.18148148148148147
0 0.7359375 0.8078703703703705 0.04375 0.2287037037037037
0 0.6885416666666666 0.8106481481481481 0.04791666666666666 0.23425925925925925
0 0.9408854166666666 0.7083333333333333 0.06197916666666666 0.1925925925925926
0 0.4528645833333333 0.5527777777777778 0.0234375 0.11296296296296296
0 0.4768229166666666 0.5361111111111111 0.03072916666666666 0.14074074074074075
0 0.4338541666666667 0.5782407407407407 0.03020833333333333 0.13796296296296295
0 0.5130208333333333 0.5643518518518518 0.03333333333333333 0.13796296296296295
0 0.50390625 0.5407407407407406 0.025520833333333333 0.12777777777777777
0 0.5307291666666666 0.5462962962962962 0.03229166666666666 0.14074074074074075
0 0.5395833333333333 0.5601851851851851 0.03020833333333333 0.12962962962962962
0 0.571875 0.6898148148148148 0.05625 0.20555555555555555
5 0.6236979166666666 0.6041666666666666 0.0296875 0.14351851851851852
0 0.59375 0.6800925925925926 0.042708333333333334 0.18981481481481483
0 0.6153645833333333 0.6782407407407407 0.0359375 0.17314814814814813
0 0.5375 0.6476851851851851 0.034375 0.175
0 0.6979166666666667 0.6287037037037038 0.03645833333333333 0.15740740740740738
0 0.7054687499999999 0.6296296296296295 0.03072916666666666 0.15185185185185185
0 0.6875 0.7078703703703704 0.04375 0.17685185185185184
0 0.7052083333333333 0.7212962962962962 0.03333333333333333 0.13518518518518519
0 0.80078125 0.7129629629629629 0.0578125 0.19814814814814813
0 0.6369791666666667 0.8111111111111111 0.046875 0.2444444444444444
0 0.7578125 0.6342592592592593 0.03958333333333333 0.17037037037037037
0 0.8138020833333334 0.6796296296296296 0.043229166666666666 0.18703703703703703
0 0.8635416666666667 0.7203703703703704 0.05625 0.17777777777777776
0 0.03307291666666666 0.9125 0.056770833333333326 0.175
0 0.07473958333333333 0.9268518518518517 0.05364583333333332 0.14629629629629629
0 0.35625 0.8217592592592592 0.053125 0.20462962962962963
0 0.52890625 0.8222222222222222 0.0609375 0.22222222222222224
0 0.8231770833333332 0.7782407407407407 0.0484375 0.21018518518518517
0 0.9088541666666666 0.7578703703703703 0.03958333333333333 0.21203703703703702
0 0.90625 0.7574074074074073 0.04479166666666666 0.19814814814814813
0 0.9434895833333334 0.7509259259259259 0.03697916666666666 0.18518518518518517
0 0.4895833333333333 0.4953703703703704 0.059375 0.10925925925925925
0 0.4651041666666666 0.48749999999999993 0.03229166666666666 0.12314814814814815
0 0.39348958333333334 0.4833333333333333 0.027604166666666662 0.12407407407407407
0 0.403125 0.48240740740740734 0.025 0.09074074074074073
0 0.38776041666666666 0.47407407407407404 0.025520833333333333 0.1037037037037037
0 0.390625 0.47638888888888886 0.025 0.11203703703703702
5 0.6895833333333333 0.4879629629629629 0.02395833333333333 0.06666666666666667
0 0.7320312499999999 0.4462962962962963 0.021354166666666667 0.07962962962962963
0 0.7484375 0.44675925925925924 0.028125 0.08981481481481482
5 0.7484375 0.5199074074074074 0.03020833333333333 0.08796296296296295
5 0.5369791666666667 0.4662037037037036 0.02395833333333333 0.11018518518518519
