0 0.16354166666666664 0.874074074074074 0.06666666666666667 0.25370370370370365
0 0.234375 0.8731481481481481 0.0625 0.25555555555555554
0 0.25677083333333334 0.8398148148148149 0.051041666666666666 0.23703703703703702
0 0.92265625 0.8870370370370371 0.0546875 0.22777777777777777
0 0.371875 0.7662037037037036 0.051041666666666666 0.21018518518518517
0 0.4174479166666667 0.7680555555555555 0.05052083333333333 0.19537037037037036
0 0.8130208333333332 0.7333333333333333 0.05 0.21666666666666665
0 0.84609375 0.7226851851851851 0.0421875 0.20462962962962963
5 0.659375 0.6481481481481481 0.03020833333333333 0.1685185185185185
0 0.80234375 0.5425925925925925 0.027604166666666662 0.09259259259259259
5 0.7158854166666667 0.4916666666666667 0.028645833333333332 0.07592592592592592
0 0.7536458333333333 0.6930555555555555 0.041666666666666664 0.1861111111111111
0 0.7843749999999999 0.6569444444444443 0.041666666666666664 0.16574074074074072
0 0.65078125 0.6782407407407407 0.04114583333333333 0.18425925925925926
0 0.5763020833333333 0.6796296296296296 0.0390625 0.18148148148148147
0 0.7578124999999999 0.6282407407407407 0.03854166666666666 0.16574074074074072
0 0.4114583333333333 0.5046296296296295 0.02395833333333333 0.09814814814814814
0 0.4348958333333333 0.4819444444444444 0.026041666666666664 0.11203703703703702
0 0.42447916666666663 0.5287037037037037 0.025 0.12407407407407407
0 0.4455729166666666 0.5180555555555555 0.0296875 0.12314814814814815
0 0.4588541666666667 0.49120370370370364 0.02708333333333333 0.11203703703703702
0 0.4958333333333333 0.49120370370370364 0.026041666666666664 0.12129629629629628
0 0.475 0.5087962962962963 0.034375 0.11944444444444444
0 0.4374999999999999 0.5856481481481481 0.035416666666666666 0.1638888888888889
5 0.6354166666666666 0.612037037037037 0.029166666666666664 0.14629629629629629
0 0.47526041666666663 0.5916666666666666 0.0328125 0.15555555555555553
0 0.4986979166666667 0.5939814814814814 0.03177083333333333 0.14351851851851852
0 0.5203125 0.5689814814814815 0.03333333333333333 0.13425925925925924
0 0.5513020833333333 0.563425925925926 0.03177083333333333 0.12685185185185183
0 0.5458333333333333 0.5546296296296296 0.028125 0.11851851851851851
0 0.5067708333333333 0.6148148148148148 0.04375 0.15185185185185185
0 0.5341145833333333 0.6319444444444444 0.027604166666666662 0.11574074074074074
0 0.5463541666666666 0.638425925925926 0.03854166666666666 0.17685185185185184
0 0.5369791666666666 0.6796296296296296 0.03854166666666666 0.1925925925925926
0 0.5822916666666667 0.562962962962963 0.03020833333333333 0.14074074074074075
0 0.5976562499999999 0.6027777777777776 0.033854166666666664 0.16666666666666666
0 0.59140625 0.648611111111111 0.0390625 0.15277777777777776
0 0.9697916666666666 0.8333333333333333 0.04895833333333333 0.19629629629629627
5 0.7005208333333333 0.5069444444444444 0.02395833333333333 0.06574074074074074
0 0.6557291666666666 0.46620370370370373 0.028125 0.08981481481481482
0 0.6760416666666667 0.46759259259259267 0.03333333333333333 0.0962962962962963
5 0.765625 0.5291666666666666 0.03125 0.08796296296296295
5 0.5604166666666667 0.47638888888888886 0.02395833333333333 0.11018518518518519
