0 0.25104166666666666 0.6310185185185184 0.05 0.16574074074074072
0 0.5661458333333333 0.6449074074074074 0.034375 0.18796296296296294
0 0.5973958333333333 0.648611111111111 0.034375 0.18055555555555552
5 0.6604166666666667 0.6481481481481481 0.03020833333333333 0.1759259259259259
0 0.7377604166666666 0.5203703703703704 0.0234375 0.0962962962962963
5 0.7361979166666667 0.4837962962962963 0.025520833333333333 0.07685185185185185
0 0.6229166666666666 0.6449074074074074 0.03229166666666666 0.1787037037037037
0 0.4796875 0.649537037037037 0.028125 0.13796296296296295
0 0.5145833333333333 0.6361111111111111 0.03645833333333333 0.17037037037037037
0 0.6020833333333333 0.6810185185185185 0.040625 0.16574074074074072
0 0.7966145833333333 0.6578703703703703 0.033854166666666664 0.15833333333333333
0 0.7161458333333333 0.6356481481481481 0.029166666666666664 0.1509259259259259
0 0.7510416666666666 0.6324074074074074 0.040625 0.1648148148148148
0 0.8317708333333332 0.6578703703703703 0.0375 0.16759259259259257
5 0.6572916666666667 0.6023148148148147 0.02708333333333333 0.14351851851851852
0 0.24531249999999996 0.7828703703703703 0.04895833333333333 0.22685185185185186
0 0.28671875 0.7851851851851851 0.043229166666666666 0.20370370370370366
0 0.2734375 0.8430555555555556 0.05625 0.22129629629629627
0 0.14010416666666667 0.8060185185185185 0.03958333333333333 0.21018518518518517
0 0.14140625 0.8875 0.0546875 0.22685185185185186
0 0.4591145833333333 0.6578703703703703 0.0328125 0.16759259259259257
0 0.7729166666666666 0.6749999999999999 0.0375 0.18518518518518517
0 0.6161458333333333 0.7231481481481481 0.03958333333333333 0.20370370370370366
0 0.6557291666666666 0.7351851851851852 0.0375 0.18518518518518517
0 0.4958333333333333 0.6754629629629629 0.041666666666666664 0.15462962962962962
0 0.79296875 0.7143518518518518 0.0296875 0.11759259259259258
0 0.7718749999999999 0.7060185185185184 0.03854166666666666 0.15462962962962962
0 0.8328124999999998 0.7379629629629629 0.04895833333333333 0.21296296296296294
0 0.8716145833333332 0.7398148148148147 0.0421875 0.20370370370370366
0 0.9755208333333332 0.774537037037037 0.042708333333333334 0.20833333333333331
0 0.7997395833333333 0.6976851851851851 0.03802083333333333 0.1787037037037037
0 0.6119791666666666 0.5824074074074074 0.03229166666666666 0.13148148148148148
0 0.5838541666666666 0.5717592592592593 0.0375 0.14351851851851852
0 0.4598958333333333 0.5763888888888888 0.03333333333333333 0.14907407407407408
0 0.5317708333333333 0.5953703703703703 0.04479166666666666 0.15740740740740738
0 0.5513020833333333 0.5393518518518519 0.0234375 0.10462962962962963
0 0.5291666666666667 0.5402777777777777 0.03020833333333333 0.12685185185185183
0 0.5010416666666666 0.524074074074074 0.03125 0.12037037037037038
0 0.4481770833333333 0.5259259259259259 0.03177083333333333 0.11851851851851851
0 0.4140625 0.523611111111111 0.025 0.11574074074074074
0 0.5283854166666666 0.5078703703703704 0.027604166666666662 0.11574074074074074
0 0.5036458333333333 0.4981481481481481 0.02395833333333333 0.11296296296296296
0 0.4830729166666667 0.4999999999999999 0.025520833333333333 0.12962962962962962
0 0.4638020833333333 0.5027777777777778 0.025520833333333333 0.11666666666666665
0 0.4234375 0.4921296296296296 0.02708333333333333 0.12314814814814815
0 0.4760416666666666 0.47870370370370374 0.026041666666666664 0.1074074074074074
0 0.5304687499999999 0.524074074074074 0.021354166666666667 0.1074074074074074
5 0.7213541666666667 0.4921296296296296 0.02395833333333333 0.06574074074074074
0 0.45546875 0.4810185185185185 0.025520833333333333 0.12314814814814815
0 0.76328125 0.4416666666666666 0.01927083333333333 0.07407407407407407
0 0.771875 0.43657407407407406 0.02708333333333333 0.0824074074074074
5 0.7838541666666667 0.524537037037037 0.03020833333333333 0.08796296296296295
5 0.5776041666666666 0.46712962962962956 0.026041666666666664 0.11018518518518519
