0 0.23281249999999995 0.6083333333333333 0.04583333333333333 0.17962962962962964
0 0.29427083333333337 0.6152777777777778 0.041666666666666664 0.17685185185185184
0 0.3067708333333333 0.6384259259259258 0.04479166666666666 0.17314814814814813
0 0.5427083333333333 0.6342592592592593 0.034375 0.18703703703703703
0 0.5770833333333333 0.6342592592592592 0.034375 0.17962962962962964
5 0.6502604166666666 0.6361111111111111 0.0296875 0.1759259259259259
0 0.7322916666666667 0.5203703703703704 0.02395833333333333 0.0962962962962963
5 0.72578125 0.47824074074074074 0.025520833333333333 0.07685185185185185
0 0.6111979166666667 0.6365740740740741 0.03177083333333333 0.1787037037037037
0 0.6901041666666666 0.9574074074074073 0.06041666666666666 0.08518518518518518
0 0.6169270833333333 0.9523148148148147 0.0671875 0.09722222222222222
0 0.4622395833333333 0.6222222222222221 0.025520833333333333 0.137037037037037
0 0.4940104166666666 0.6055555555555555 0.033854166666666664 0.1611111111111111
0 0.5125 0.6564814814814814 0.03645833333333333 0.1611111111111111
0 0.7208333333333333 0.6287037037037037 0.034375 0.14629629629629629
0 0.61328125 0.6097222222222223 0.0296875 0.13796296296296295
0 0.6604166666666667 0.611111111111111 0.042708333333333334 0.16296296296296295
0 0.7536458333333333 0.6263888888888889 0.03125 0.14907407407407408
5 0.6442708333333333 0.6023148148148147 0.03020833333333333 0.14351851851851852
0 0.9083333333333332 0.7384259259259258 0.055208333333333325 0.19722222222222222
0 0.9390625 0.737037037037037 0.057291666666666664 0.19629629629629627
0 0.90390625 0.7226851851851851 0.0359375 0.18796296296296294
0 0.5286458333333333 0.9476851851851851 0.06145833333333332 0.10648148148148147
0 0.9528645833333332 0.7249999999999999 0.0421875 0.1907407407407407
0 0.19947916666666665 0.8069444444444442 0.053125 0.23796296296296293
0 0.24635416666666665 0.8199074074074073 0.04791666666666666 0.22685185185185186
0 0.21354166666666666 0.8837962962962962 0.0625 0.23055555555555554
0 0.10520833333333332 0.8087962962962962 0.0375 0.21018518518518517
0 0.11640625 0.8412037037037037 0.05052083333333333 0.2398148148148148
0 0.4950520833333333 0.674537037037037 0.04114583333333333 0.18055555555555552
0 0.7645833333333333 0.6893518518518518 0.040625 0.18981481481481483
0 0.60625 0.7212962962962962 0.03854166666666666 0.20370370370370366
0 0.6325520833333333 0.7236111111111111 0.03177083333333333 0.1787037037037037
0 0.5755208333333333 0.6912037037037037 0.041666666666666664 0.16018518518518518
0 0.7867187499999999 0.7287037037037036 0.033854166666666664 0.1222222222222222
0 0.7299479166666666 0.736111111111111 0.0390625 0.15740740740740738
0 0.9177083333333332 0.7666666666666666 0.0625 0.22222222222222224
0 0.9411458333333333 0.762962962962963 0.057291666666666664 0.20925925925925926
0 0.7640625 0.7203703703703703 0.03958333333333333 0.18703703703703703
0 0.58359375 0.5597222222222222 0.0296875 0.12685185185185183
0 0.55546875 0.5467592592592593 0.03802083333333333 0.1398148148148148
0 0.4510416666666667 0.549074074074074 0.03333333333333333 0.14074074074074075
0 0.61171875 0.5939814814814814 0.04114583333333333 0.16203703703703703
0 0.5291666666666666 0.524074074074074 0.022916666666666665 0.1037037037037037
0 0.5052083333333333 0.5120370370370371 0.03020833333333333 0.1074074074074074
0 0.4729166666666667 0.5069444444444444 0.03020833333333333 0.12129629629629628
0 0.4330729166666666 0.5055555555555555 0.0296875 0.11296296296296296
0 0.40859375 0.5055555555555555 0.025520833333333333 0.11481481481481481
0 0.4924479166666667 0.48611111111111105 0.025520833333333333 0.10925925925925925
0 0.4661458333333333 0.4833333333333333 0.02395833333333333 0.11296296296296296
0 0.4471354166666666 0.48009259259259257 0.024479166666666666 0.12314814814814815
0 0.4302083333333333 0.4875 0.022916666666666665 0.11574074074074074
0 0.4119791666666666 0.4685185185185185 0.026041666666666664 0.1074074074074074
0 0.5130208333333333 0.5083333333333333 0.02395833333333333 0.1074074074074074
5 0.7078125 0.49305555555555547 0.02395833333333333 0.06574074074074074
0 0.7531249999999999 0.43888888888888883 0.019791666666666666 0.07407407407407407
0 0.7609375 0.4337962962962963 0.02708333333333333 0.0824074074074074
5 0.7729166666666667 0.5199074074074074 0.03020833333333333 0.08796296296296295
5 0.5671875 0.46296296296296297 0.025 0.10925925925925925
