0 0.15651041666666665 0.875462962962963 0.0703125 0.2509259259259259
0 0.22786458333333331 0.874537037037037 0.06302083333333333 0.25277777777777777
0 0.24973958333333335 0.8412037037037037 0.049479166666666664 0.2398148148148148
0 0.9088541666666666 0.8865740740740741 0.05625 0.2287037037037037
0 0.3723958333333333 0.7527777777777778 0.05 0.2074074074074074
0 0.4182291666666666 0.7550925925925925 0.05 0.1935185185185185
0 0.8231770833333332 0.7337962962962963 0.0515625 0.21944444444444441
0 0.8604166666666666 0.7226851851851851 0.040625 0.20462962962962963
5 0.6583333333333333 0.6416666666666666 0.03020833333333333 0.1685185185185185
0 0.8002604166666666 0.5342592592592592 0.027604166666666662 0.09259259259259259
5 0.7151041666666667 0.48611111111111105 0.029166666666666664 0.07592592592592592
0 0.7622395833333333 0.6879629629629629 0.0421875 0.18703703703703703
0 0.7770833333333333 0.6476851851851851 0.041666666666666664 0.16574074074074072
0 0.6427083333333333 0.6699074074074074 0.03854166666666666 0.18425925925925926
0 0.5700520833333333 0.673148148148148 0.04427083333333333 0.18148148148148147
0 0.7505208333333333 0.6282407407407407 0.03854166666666666 0.16574074074074072
0 0.40625 0.4962962962962963 0.02395833333333333 0.09814814814814814
0 0.4270833333333333 0.4773148148148148 0.026041666666666664 0.11018518518518519
0 0.42447916666666663 0.5203703703703704 0.025 0.12407407407407407
0 0.4424479166666667 0.5097222222222222 0.028645833333333332 0.12314814814814815
0 0.4520833333333333 0.4833333333333333 0.028125 0.11296296296296296
0 0.4888020833333333 0.4828703703703704 0.027604166666666662 0.12129629629629628
0 0.4731770833333333 0.5027777777777778 0.03177083333333333 0.11851851851851851
0 0.4359374999999999 0.5796296296296296 0.035416666666666666 0.15925925925925927
5 0.6338541666666666 0.6092592592592593 0.029166666666666664 0.15
0 0.4729166666666667 0.5837962962962963 0.03333333333333333 0.15462962962962962
0 0.4955729166666667 0.5837962962962963 0.03177083333333333 0.14166666666666666
0 0.5166666666666667 0.5606481481481481 0.03333333333333333 0.13425925925925924
0 0.5479166666666666 0.5546296296296296 0.03125 0.1259259259259259
0 0.5421875 0.5444444444444444 0.028125 0.11851851851851851
0 0.5072916666666666 0.6069444444444445 0.04375 0.1509259259259259
0 0.5325520833333333 0.6222222222222222 0.027604166666666662 0.11296296296296296
0 0.5432291666666667 0.6268518518518518 0.03854166666666666 0.1759259259259259
0 0.5302083333333333 0.6694444444444444 0.03854166666666666 0.1925925925925926
0 0.5783854166666667 0.5555555555555556 0.0296875 0.14074074074074075
0 0.5934895833333333 0.5962962962962963 0.034895833333333334 0.17037037037037037
0 0.5864583333333333 0.6407407407407407 0.03854166666666666 0.15185185185185185
5 0.69921875 0.5004629629629629 0.0234375 0.06574074074074074
0 0.6515625 0.46342592592592596 0.028125 0.08981481481481482
0 0.6697916666666667 0.462037037037037 0.03333333333333333 0.0962962962962963
5 0.7640625 0.525462962962963 0.03125 0.08796296296296295
5 0.5598958333333333 0.46990740740740733 0.02395833333333333 0.11018518518518519
