0 0.28203125 0.7 0.0546875 0.2074074074074074
0 0.3421875 0.6976851851851851 0.051041666666666666 0.21759259259259256
0 0.40703125 0.687962962962963 0.0359375 0.18888888888888888
0 0.23072916666666665 0.9287037037037036 0.07395833333333332 0.14444444444444443
0 0.31640625 0.9342592592592591 0.0546875 0.13333333333333333
0 0.5442708333333333 0.6291666666666667 0.041666666666666664 0.18425925925925926
0 0.5653645833333333 0.6291666666666667 0.033854166666666664 0.18425925925925926
5 0.6484375 0.6296296296296295 0.028125 0.1685185185185185
0 0.7916666666666666 0.523611111111111 0.026041666666666664 0.09351851851851851
5 0.7057291666666666 0.4773148148148148 0.026041666666666664 0.07685185185185185
0 0.62421875 0.6504629629629629 0.03802083333333333 0.18055555555555552
0 0.7348958333333333 0.837037037037037 0.04583333333333333 0.24074074074074076
0 0.6846354166666666 0.8347222222222221 0.05572916666666666 0.24351851851851852
0 0.4565104166666666 0.5592592592592592 0.0234375 0.11296296296296296
0 0.4841145833333333 0.5444444444444445 0.03072916666666666 0.14444444444444443
0 0.44401041666666663 0.5898148148148148 0.0296875 0.1388888888888889
0 0.5294270833333333 0.5736111111111111 0.0296875 0.14351851851851852
0 0.5083333333333333 0.549074074074074 0.026041666666666664 0.13518518518518519
0 0.5338541666666666 0.548148148148148 0.029166666666666664 0.14074074074074075
0 0.55625 0.5680555555555555 0.03333333333333333 0.13055555555555556
0 0.6278645833333333 0.6990740740740741 0.05052083333333333 0.20370370370370366
5 0.6268229166666666 0.6004629629629629 0.0296875 0.14351851851851852
0 0.6518229166666667 0.6907407407407407 0.04427083333333333 0.1907407407407407
0 0.6770833333333333 0.6847222222222221 0.03958333333333333 0.17314814814814813
0 0.5705729166666667 0.662962962962963 0.033854166666666664 0.1759259259259259
0 0.7348958333333333 0.6398148148148148 0.03645833333333333 0.16296296296296295
0 0.753125 0.638888888888889 0.03020833333333333 0.15185185185185185
0 0.7580729166666667 0.711574074074074 0.0609375 0.18425925925925926
0 0.7752604166666666 0.7240740740740741 0.033854166666666664 0.14074074074074075
0 0.8669270833333332 0.7143518518518518 0.0609375 0.19907407407407407
0 0.62265625 0.837962962962963 0.0515625 0.25555555555555554
0 0.7859375 0.6421296296296296 0.040625 0.17129629629629628
0 0.8515624999999998 0.6898148148148148 0.04583333333333333 0.1925925925925926
0 0.9411458333333332 0.724537037037037 0.05833333333333333 0.17685185185185184
0 0.056770833333333326 0.899074074074074 0.057291666666666664 0.2
0 0.10390625 0.9148148148148147 0.0546875 0.17222222222222222
0 0.04739583333333333 0.9671296296296296 0.05416666666666666 0.06574074074074074
0 0.28515624999999994 0.8180555555555555 0.056770833333333326 0.20462962962962963
0 0.4442708333333333 0.8273148148148148 0.06770833333333333 0.22314814814814815
0 0.7544270833333333 0.7634259259259258 0.0578125 0.21018518518518517
0 0.9476562499999999 0.7564814814814815 0.056770833333333326 0.20185185185185187
0 0.8440104166666667 0.7523148148148148 0.056770833333333326 0.2064814814814815
0 0.8421875 0.749074074074074 0.04375 0.19629629629629627
0 0.878125 0.7453703703703703 0.04375 0.1759259259259259
0 0.9731770833333332 0.7874999999999999 0.0359375 0.14166666666666666
0 0.5078125 0.5032407407407408 0.03125 0.10648148148148147
0 0.47968749999999993 0.49490740740740735 0.03229166666666666 0.12314814814814815
0 0.4083333333333333 0.4912037037037037 0.03125 0.125
0 0.8322916666666667 0.5592592592592591 0.03125 0.14074074074074075
0 0.4260416666666666 0.48703703703703694 0.026041666666666664 0.09074074074074073
0 0.41015625 0.4768518518518518 0.025520833333333333 0.10185185185185183
0 0.4135416666666666 0.4847222222222222 0.025 0.11203703703703702
5 0.690625 0.4856481481481481 0.02395833333333333 0.06574074074074074
0 0.7432291666666666 0.43888888888888883 0.01875 0.07407407407407407
0 0.7523437499999999 0.4416666666666667 0.027604166666666662 0.08703703703703704
5 0.7526041666666667 0.5171296296296296 0.03020833333333333 0.08796296296296295
5 0.5401041666666667 0.4624999999999999 0.02395833333333333 0.11018518518518519
