0 0.209375 0.8736111111111111 0.06979166666666667 0.25277777777777777
0 0.26484375 0.8736111111111111 0.058854166666666666 0.2509259259259259
0 0.29270833333333335 0.8435185185185183 0.051041666666666666 0.22407407407407404
0 0.37213541666666666 0.8296296296296296 0.0609375 0.22592592592592592
0 0.4109375 0.8310185185185185 0.05208333333333333 0.20462962962962963
0 0.7661458333333333 0.736111111111111 0.05 0.20555555555555555
0 0.7770833333333333 0.7291666666666666 0.042708333333333334 0.2009259259259259
5 0.66328125 0.6768518518518518 0.0296875 0.1685185185185185
0 0.8059895833333334 0.5694444444444444 0.027604166666666662 0.09259259259259259
5 0.7210937499999999 0.5152777777777777 0.027604166666666662 0.07685185185185185
0 0.7067708333333333 0.711111111111111 0.041666666666666664 0.18148148148148147
0 0.8247395833333332 0.711111111111111 0.0421875 0.18148148148148147
0 0.703125 0.7398148148148148 0.042708333333333334 0.19444444444444445
0 0.6276041666666666 0.7351851851851852 0.03854166666666666 0.1907407407407407
0 0.7971354166666667 0.6837962962962962 0.04010416666666666 0.16574074074074072
0 0.4395833333333333 0.5444444444444444 0.02395833333333333 0.1
0 0.4651041666666666 0.5259259259259259 0.026041666666666664 0.11296296296296296
0 0.4317708333333333 0.5694444444444444 0.026041666666666664 0.12407407407407407
0 0.4625 0.5569444444444444 0.03125 0.12314814814814815
0 0.4846354166666667 0.5324074074074073 0.025520833333333333 0.11296296296296296
0 0.5229166666666666 0.5393518518518519 0.029166666666666664 0.12314814814814815
0 0.49140625 0.5587962962962962 0.0296875 0.1287037037037037
0 0.459375 0.6398148148148147 0.03645833333333333 0.17222222222222222
5 0.6463541666666666 0.6430555555555555 0.028125 0.14351851851851852
0 0.4828124999999999 0.637962962962963 0.03229166666666666 0.1648148148148148
0 0.5174479166666667 0.6407407407407406 0.03177083333333333 0.14629629629629629
0 0.5416666666666666 0.6166666666666666 0.03125 0.137037037037037
0 0.5731770833333333 0.6125 0.0328125 0.13425925925925924
0 0.5635416666666667 0.6041666666666667 0.02708333333333333 0.12685185185185183
0 0.5223958333333333 0.6666666666666666 0.041666666666666664 0.15925925925925927
0 0.5494791666666667 0.6824074074074074 0.02708333333333333 0.12962962962962962
0 0.57421875 0.6925925925925925 0.03802083333333333 0.18518518518518517
0 0.5942708333333333 0.7388888888888888 0.040625 0.19814814814814813
0 0.5973958333333333 0.6092592592592592 0.03020833333333333 0.14074074074074075
0 0.6401041666666667 0.6518518518518518 0.03333333333333333 0.1685185185185185
0 0.6171875 0.7050925925925926 0.0375 0.16018518518518518
0 0.8380208333333332 0.8685185185185185 0.059375 0.20370370370370366
0 0.97421875 0.8384259259259259 0.0453125 0.20833333333333331
5 0.7072916666666667 0.5337962962962962 0.02395833333333333 0.06574074074074074
0 0.6786458333333333 0.4925925925925926 0.026041666666666664 0.09074074074074073
0 0.7088541666666667 0.4912037037037037 0.03020833333333333 0.08981481481481482
5 0.7697916666666667 0.5634259259259259 0.03125 0.08796296296296295
5 0.5640625 0.5060185185185184 0.02395833333333333 0.11018518518518519
