0 0.23072916666666668 0.6074074074074074 0.04583333333333334 0.1796296296296296
0 0.29062499999999997 0.6148148148148148 0.042708333333333334 0.17592592592592593
0 0.3033854166666667 0.6365740740740741 0.0453125 0.17314814814814813
0 0.5432291666666667 0.637037037037037 0.034374999999999996 0.18703703703703703
0 0.5776041666666667 0.6347222222222222 0.034374999999999996 0.1787037037037037
0 0.6505208333333333 0.6370370370370371 0.030208333333333334 0.17592592592592593
0 0.7317708333333334 0.5203703703703704 0.02395833333333333 0.0962962962962963
0 0.7263020833333333 0.4791666666666667 0.025520833333333333 0.07685185185185185
0 0.6117187500000001 0.6365740740740741 0.03177083333333333 0.1787037037037037
0 0.6901041666666666 0.9606481481481481 0.06041666666666667 0.08055555555555555
0 0.6161458333333334 0.9546296296296296 0.06666666666666667 0.09259259259259259
0 0.46328125 0.625 0.025520833333333333 0.137037037037037
0 0.49505208333333334 0.6078703703703704 0.034895833333333334 0.16203703703703703
0 0.5203125000000001 0.6574074074074073 0.036458333333333336 0.1611111111111111
0 0.7260416666666667 0.6296296296296295 0.034374999999999996 0.14629629629629629
0 0.621875 0.611574074074074 0.030208333333333334 0.13796296296296295
0 0.6666666666666669 0.612037037037037 0.042708333333333334 0.16296296296296295
0 0.7596354166666667 0.6282407407407408 0.03177083333333333 0.14907407407407408
0 0.6447916666666667 0.6023148148148147 0.030208333333333334 0.14351851851851852
0 0.9174479166666666 0.7388888888888888 0.05677083333333334 0.19629629629629627
0 0.9484375 0.7398148148148148 0.057291666666666664 0.19629629629629627
0 0.9109375000000001 0.7254629629629629 0.036458333333333336 0.18796296296296294
0 0.5255208333333333 0.95 0.06145833333333334 0.10185185185185185
0 0.9625 0.724537037037037 0.041666666666666664 0.1898148148148148
0 0.20286458333333335 0.8050925925925925 0.05260416666666667 0.23796296296296296
0 0.25104166666666666 0.8162037037037037 0.04791666666666666 0.22314814814814812
0 0.21901041666666665 0.8810185185185184 0.0609375 0.23055555555555554
0 0.10572916666666668 0.8097222222222222 0.0375 0.21018518518518517
0 0.11953125 0.8476851851851851 0.049479166666666664 0.24166666666666667
0 0.4919270833333333 0.6722222222222222 0.04010416666666666 0.1796296296296296
0 0.7664062500000001 0.6861111111111112 0.04010416666666666 0.18703703703703703
0 0.6067708333333334 0.7212962962962962 0.03958333333333334 0.2037037037037037
0 0.6335937500000001 0.7245370370370369 0.03177083333333333 0.1787037037037037
0 0.5682291666666667 0.6902777777777778 0.042708333333333334 0.16018518518518518
0 0.7880208333333334 0.725925925925926 0.034374999999999996 0.11851851851851851
0 0.7312500000000001 0.7319444444444444 0.03958333333333334 0.15648148148148147
0 0.9088541666666666 0.7643518518518518 0.0625 0.22129629629629627
0 0.93359375 0.7597222222222223 0.05364583333333334 0.21018518518518517
0 0.7666666666666667 0.7185185185185186 0.03958333333333334 0.18703703703703703
0 0.5854166666666667 0.5634259259259259 0.029166666666666667 0.13055555555555556
0 0.5578124999999999 0.548611111111111 0.036458333333333336 0.1398148148148148
0 0.4515625 0.5523148148148148 0.03333333333333333 0.14351851851851852
0 0.6046875 0.5925925925925927 0.041666666666666664 0.1611111111111111
0 0.5307291666666667 0.524074074074074 0.02291666666666667 0.10370370370370369
0 0.5072916666666667 0.512962962962963 0.030208333333333334 0.1074074074074074
0 0.47500000000000003 0.5069444444444444 0.030208333333333334 0.12129629629629629
0 0.4341145833333333 0.5074074074074074 0.029687500000000002 0.11296296296296296
0 0.4091145833333333 0.5074074074074074 0.025520833333333333 0.1148148148148148
0 0.4950520833333333 0.48703703703703705 0.025520833333333333 0.10925925925925925
0 0.46927083333333336 0.4842592592592592 0.02395833333333333 0.11296296296296296
0 0.4510416666666667 0.48009259259259257 0.026041666666666668 0.12314814814814815
0 0.4330729166666667 0.4884259259259259 0.0234375 0.11574074074074073
0 0.4171875 0.4703703703703704 0.026041666666666668 0.1074074074074074
0 0.5143229166666666 0.5111111111111111 0.0234375 0.1074074074074074
0 0.7083333333333334 0.4921296296296296 0.02395833333333333 0.06574074074074074
0 0.39609375 0.4699074074074074 0.0234375 0.12314814814814815
0 0.7541666666666667 0.4388888888888889 0.01979166666666667 0.07407407407407408
0 0.7619791666666667 0.43379629629629624 0.027083333333333334 0.0824074074074074
0 0.7734375 0.5199074074074074 0.030208333333333334 0.08796296296296297
0 0.5677083333333334 0.46342592592592596 0.025 0.11018518518518518
