0 0.25416666666666665 0.6310185185185184 0.05 0.16574074074074072
0 0.565625 0.6439814814814815 0.034375 0.18796296296296294
0 0.5958333333333333 0.6476851851851851 0.034375 0.18055555555555552
5 0.6598958333333333 0.6481481481481481 0.03020833333333333 0.1759259259259259
0 0.7372395833333333 0.5203703703703704 0.0234375 0.0962962962962963
5 0.7356770833333333 0.4837962962962963 0.025520833333333333 0.07685185185185185
0 0.6223958333333333 0.6444444444444444 0.03229166666666666 0.17962962962962964
0 0.4768229166666666 0.648611111111111 0.027604166666666662 0.13796296296296295
0 0.5119791666666667 0.6347222222222222 0.03645833333333333 0.16944444444444445
0 0.5986979166666666 0.6800925925925926 0.04010416666666666 0.16574074074074072
0 0.7924479166666666 0.6560185185185186 0.033854166666666664 0.15648148148148147
0 0.71015625 0.6347222222222222 0.0296875 0.1509259259259259
0 0.74609375 0.6310185185185184 0.04114583333333333 0.16574074074074072
0 0.8286458333333332 0.6569444444444443 0.0375 0.16759259259259257
5 0.6567708333333333 0.6018518518518519 0.02708333333333333 0.14259259259259258
0 0.24322916666666666 0.7833333333333332 0.04895833333333333 0.22777777777777777
0 0.2841145833333333 0.787037037037037 0.04427083333333333 0.20370370370370366
0 0.2703125 0.8444444444444444 0.05625 0.22222222222222224
0 0.13697916666666668 0.8060185185185185 0.03958333333333333 0.21018518518518517
0 0.14114583333333333 0.8851851851851851 0.05416666666666666 0.22962962962962963
0 0.4606770833333333 0.6587962962962963 0.03177083333333333 0.16759259259259257
0 0.7731770833333333 0.6754629629629629 0.03802083333333333 0.18425925925925926
0 0.615625 0.7231481481481481 0.03958333333333333 0.20370370370370366
0 0.6552083333333333 0.7342592592592592 0.0375 0.18518518518518517
0 0.4994791666666666 0.6763888888888888 0.041666666666666664 0.15462962962962962
0 0.79296875 0.7152777777777778 0.0296875 0.11759259259259258
0 0.7700520833333333 0.7078703703703704 0.0390625 0.15462962962962962
0 0.8359374999999998 0.7393518518518518 0.04895833333333333 0.21388888888888888
0 0.8739583333333334 0.7421296296296296 0.041666666666666664 0.20462962962962963
0 0.9786458333333332 0.7763888888888888 0.040625 0.2009259259259259
0 0.7979166666666666 0.6981481481481481 0.03854166666666666 0.17962962962962964
0 0.6106770833333333 0.5805555555555555 0.03177083333333333 0.13148148148148148
0 0.5822916666666667 0.5694444444444444 0.0375 0.14259259259259258
0 0.459375 0.5754629629629628 0.03333333333333333 0.14907407407407408
0 0.5354166666666667 0.5953703703703703 0.04479166666666666 0.15740740740740738
0 0.5497395833333333 0.5384259259259259 0.0234375 0.10462962962962963
0 0.5278645833333333 0.538425925925926 0.0296875 0.12685185185185183
0 0.5002604166666667 0.5231481481481481 0.03177083333333333 0.12037037037037038
0 0.44765625 0.5259259259259259 0.03177083333333333 0.11851851851851851
0 0.4140625 0.523611111111111 0.025 0.11574074074074074
0 0.5268229166666666 0.5069444444444444 0.027604166666666662 0.11574074074074074
0 0.5015625 0.49722222222222223 0.02395833333333333 0.11296296296296296
0 0.48125 0.49907407407407406 0.025 0.12962962962962962
0 0.4622395833333333 0.5023148148148149 0.025520833333333333 0.11574074074074074
0 0.4223958333333333 0.49074074074074064 0.02708333333333333 0.1222222222222222
0 0.4734374999999999 0.47870370370370374 0.026041666666666664 0.1074074074074074
0 0.5299479166666666 0.5231481481481481 0.021354166666666667 0.1074074074074074
5 0.7203125 0.4921296296296296 0.02395833333333333 0.06574074074074074
0 0.4528645833333333 0.48009259259259257 0.025520833333333333 0.12314814814814815
0 0.7627604166666667 0.44074074074074077 0.01927083333333333 0.07407407407407407
0 0.7713541666666667 0.43657407407407406 0.02708333333333333 0.0824074074074074
5 0.7828125 0.524537037037037 0.03020833333333333 0.08796296296296295
5 0.5765624999999999 0.46712962962962956 0.026041666666666664 0.11018518518518519
