0 0.2755208333333333 0.6351851851851851 0.046875 0.1907407407407407
0 0.3348958333333333 0.6388888888888888 0.04375 0.18888888888888888
0 0.396875 0.6541666666666666 0.03125 0.18055555555555552
0 0.5317708333333333 0.6199074074074074 0.035416666666666666 0.1824074074074074
0 0.5606770833333333 0.6148148148148148 0.03177083333333333 0.1759259259259259
5 0.6471354166666666 0.624074074074074 0.027604166666666662 0.1685185185185185
0 0.7661458333333333 0.5064814814814815 0.02395833333333333 0.09444444444444444
5 0.7182291666666666 0.46805555555555556 0.026041666666666664 0.07685185185185185
0 0.6072916666666666 0.6282407407407408 0.03854166666666666 0.16944444444444445
0 0.71796875 0.9074074074074074 0.05989583333333333 0.18703703703703703
0 0.6552083333333333 0.9037037037037037 0.07291666666666666 0.19444444444444445
0 0.46640625 0.5824074074074074 0.0234375 0.11296296296296296
0 0.4921875 0.5731481481481481 0.03333333333333333 0.15555555555555553
0 0.4723958333333333 0.6222222222222221 0.03020833333333333 0.15555555555555553
0 0.6216145833333333 0.600925925925926 0.033854166666666664 0.14629629629629629
0 0.5315104166666667 0.5712962962962962 0.025520833333333333 0.13518518518518519
0 0.57734375 0.5791666666666666 0.034895833333333334 0.16203703703703703
0 0.6450520833333333 0.6004629629629629 0.03177083333333333 0.14907407407407408
0 0.8877604166666666 0.7194444444444444 0.0703125 0.22037037037037038
5 0.63828125 0.5930555555555556 0.0296875 0.14351851851851852
0 0.8895833333333332 0.7101851851851851 0.046875 0.19814814814814813
0 0.9166666666666666 0.7143518518518518 0.053125 0.19537037037037036
0 0.7864583333333333 0.6976851851851851 0.04375 0.18796296296296294
0 0.81796875 0.6930555555555555 0.0578125 0.19537037037037036
0 0.8307291666666666 0.6819444444444444 0.03333333333333333 0.18796296296296294
0 0.5835937499999999 0.8976851851851851 0.06197916666666666 0.20462962962962963
0 0.8703125 0.6824074074074074 0.041666666666666664 0.18148148148148147
0 0.14557291666666666 0.849537037037037 0.056770833333333326 0.2398148148148148
0 0.20104166666666665 0.8652777777777777 0.05416666666666666 0.23796296296296293
0 0.14375 0.9106481481481481 0.055208333333333325 0.18055555555555552
0 0.12161458333333333 0.8064814814814815 0.04635416666666666 0.20370370370370366
0 0.1606770833333333 0.8240740740740741 0.05989583333333333 0.22037037037037038
0 0.5901041666666667 0.7078703703703704 0.040625 0.18796296296296294
0 0.7580729166666667 0.7212962962962962 0.04635416666666666 0.20370370370370366
0 0.6591145833333333 0.7199074074074073 0.04427083333333333 0.20462962962962963
0 0.66640625 0.7189814814814814 0.03802083333333333 0.1787037037037037
0 0.6994791666666667 0.7134259259259259 0.040625 0.17129629629629628
0 0.7872395833333333 0.7550925925925925 0.03802083333333333 0.1287037037037037
0 0.8348958333333332 0.7625 0.04583333333333333 0.17314814814814813
0 0.8419270833333334 0.736574074074074 0.049479166666666664 0.19907407407407407
0 0.5580729166666666 0.5199074074074074 0.027604166666666662 0.10648148148148147
0 0.5278645833333333 0.513425925925926 0.0359375 0.12685185185185183
0 0.4341145833333333 0.5157407407407406 0.0296875 0.13518518518518519
0 0.71875 0.5837962962962961 0.040625 0.16018518518518518
0 0.5033854166666666 0.4999999999999999 0.0234375 0.09814814814814814
0 0.4760416666666667 0.48611111111111105 0.03020833333333333 0.1074074074074074
0 0.4453124999999999 0.4833333333333333 0.029166666666666664 0.11481481481481481
0 0.4203125 0.4819444444444444 0.03020833333333333 0.10462962962962963
0 0.40390625 0.4819444444444444 0.025520833333333333 0.11203703703703702
0 0.4268229166666666 0.4689814814814814 0.0234375 0.11018518518518519
0 0.39479166666666665 0.46388888888888885 0.022916666666666665 0.11296296296296296
0 0.4875 0.4856481481481481 0.025 0.10462962962962963
5 0.7018229166666666 0.4810185185185184 0.0234375 0.06574074074074074
0 0.7494791666666666 0.43148148148148147 0.01875 0.07407407407407407
0 0.7520833333333333 0.4300925925925926 0.02708333333333333 0.0824074074074074
5 0.7651041666666667 0.5125 0.03020833333333333 0.08796296296296295
5 0.5609375 0.44907407407407407 0.028125 0.10925925925925925
