0 0.23307291666666666 0.8277777777777777 0.06718750000000001 0.24259259259259258
0 0.2895833333333333 0.836111111111111 0.05520833333333334 0.25
0 0.3278645833333333 0.7995370370370369 0.04635416666666667 0.21203703703703702
0 0.3510416666666667 0.8523148148148147 0.05520833333333334 0.23425925925925925
0 0.4049479166666667 0.8574074074074074 0.05677083333333334 0.22037037037037036
0 0.7143229166666666 0.7041666666666667 0.04635416666666667 0.19537037037037036
0 0.7169270833333333 0.6976851851851851 0.03802083333333334 0.1898148148148148
0 0.665625 0.662037037037037 0.030208333333333334 0.1685185185185185
0 0.8075520833333334 0.5574074074074074 0.02760416666666667 0.09259259259259259
0 0.721875 0.5069444444444444 0.026041666666666668 0.07685185185185185
0 0.6645833333333334 0.687037037037037 0.03333333333333333 0.18148148148148147
0 0.8333333333333334 0.712962962962963 0.03958333333333334 0.18333333333333332
0 0.7515625 0.7449074074074074 0.04479166666666667 0.20092592592592592
0 0.6802083333333334 0.7435185185185185 0.05 0.19629629629629627
0 0.8216145833333335 0.6939814814814814 0.04010416666666666 0.18055555555555552
0 0.44531250000000006 0.5421296296296296 0.02395833333333333 0.10648148148148147
0 0.47421875 0.5296296296296297 0.029687500000000002 0.12222222222222222
0 0.434375 0.5689814814814814 0.027083333333333334 0.125
0 0.48359375 0.5583333333333333 0.03072916666666667 0.12407407407407406
0 0.49843750000000003 0.5337962962962963 0.026041666666666668 0.11388888888888889
0 0.5393229166666667 0.5361111111111111 0.03072916666666667 0.1259259259259259
0 0.5119791666666667 0.5583333333333333 0.030208333333333334 0.12962962962962962
0 0.47421875 0.6481481481481481 0.0421875 0.17592592592592593
0 0.6473958333333334 0.6328703703703703 0.029166666666666667 0.14351851851851852
0 0.5010416666666666 0.6435185185185185 0.043750000000000004 0.16666666666666666
0 0.5348958333333333 0.6407407407407407 0.034374999999999996 0.15185185185185185
0 0.5606770833333333 0.624074074074074 0.03177083333333333 0.14259259259259258
0 0.5911458333333334 0.6212962962962963 0.03229166666666667 0.15
0 0.57578125 0.6046296296296296 0.028645833333333332 0.1259259259259259
0 0.5341145833333334 0.6782407407407407 0.044270833333333336 0.1675925925925926
0 0.5674479166666667 0.698611111111111 0.03177083333333333 0.12870370370370368
0 0.6104166666666666 0.7055555555555555 0.040625 0.1925925925925926
0 0.6364583333333333 0.7495370370370369 0.043750000000000004 0.2046296296296296
0 0.6257812500000001 0.612037037037037 0.029687500000000002 0.14259259259259258
0 0.6947916666666666 0.662037037037037 0.035416666666666666 0.1685185185185185
0 0.6559895833333335 0.711111111111111 0.03697916666666667 0.1685185185185185
0 0.01015625 0.9625 0.019270833333333334 0.075
0 0.7151041666666667 0.8490740740740741 0.043750000000000004 0.2037037037037037
0 0.8716145833333334 0.8282407407407407 0.051562500000000004 0.21203703703703702
0 0.4229166666666667 0.5013888888888889 0.026041666666666668 0.10462962962962963
0 0.3932291666666667 0.48935185185185176 0.025 0.11574074074074073
0 0.7104166666666667 0.5208333333333333 0.02395833333333333 0.06574074074074074
0 0.7020833333333334 0.4805555555555555 0.026041666666666668 0.09074074074074073
0 0.7263020833333335 0.4782407407407407 0.029687500000000002 0.0898148148148148
0 0.7692708333333333 0.548611111111111 0.03125 0.08796296296296297
0 0.5625000000000001 0.4939814814814814 0.02395833333333333 0.11018518518518518
