0 0.2872395833333333 0.6699074074074074 0.05260416666666666 0.19907407407407407
0 0.34322916666666664 0.675 0.04479166666666666 0.2074074074074074
0 0.4263020833333333 0.6680555555555555 0.0359375 0.1824074074074074
0 0.20104166666666665 0.9458333333333332 0.07083333333333333 0.10833333333333332
0 0.2927083333333333 0.9518518518518517 0.075 0.09814814814814814
0 0.5307291666666667 0.6166666666666666 0.03958333333333333 0.17962962962962964
0 0.5572916666666666 0.6152777777777777 0.034375 0.17129629629629628
5 0.653125 0.624074074074074 0.028125 0.1685185185185185
0 0.7942708333333333 0.5148148148148148 0.025 0.09259259259259259
5 0.7093749999999999 0.47175925925925927 0.026041666666666664 0.07685185185185185
0 0.6226562499999999 0.638888888888889 0.03697916666666666 0.17777777777777776
0 0.7354166666666667 0.8652777777777777 0.05208333333333333 0.25462962962962965
0 0.6768229166666666 0.8629629629629629 0.05572916666666666 0.24814814814814815
0 0.46015625 0.5638888888888889 0.0234375 0.11296296296296296
0 0.4919270833333333 0.548148148148148 0.0296875 0.14629629629629629
0 0.453125 0.5967592592592592 0.03020833333333333 0.14351851851851852
0 0.5466145833333333 0.5787037037037036 0.033854166666666664 0.14629629629629629
0 0.5143229166666667 0.5527777777777777 0.025520833333333333 0.13518518518518519
0 0.5346354166666666 0.549537037037037 0.03072916666666666 0.14351851851851852
0 0.5783854166666667 0.5759259259259258 0.03177083333333333 0.14259259259259258
0 0.7098958333333333 0.7013888888888888 0.04583333333333333 0.2064814814814815
5 0.6309895833333333 0.5949074074074073 0.0296875 0.14351851851851852
0 0.73046875 0.6939814814814815 0.0421875 0.18981481481481483
0 0.7523437499999999 0.6902777777777778 0.043229166666666666 0.18055555555555552
0 0.6388020833333333 0.6708333333333333 0.0515625 0.17685185185185184
0 0.7747395833333333 0.6527777777777778 0.04114583333333333 0.1685185185185185
0 0.7869791666666666 0.6472222222222221 0.03125 0.16666666666666666
0 0.81796875 0.7157407407407407 0.05260416666666666 0.18518518518518517
0 0.846875 0.7282407407407407 0.03854166666666666 0.1398148148148148
0 0.9575520833333332 0.7124999999999999 0.05989583333333333 0.19907407407407407
0 0.6046875 0.8601851851851852 0.05625 0.26296296296296295
0 0.8200520833333333 0.6458333333333333 0.04010416666666666 0.17129629629629628
0 0.9088541666666666 0.7 0.04583333333333333 0.19629629629629627
0 0.08359375 0.8851851851851851 0.05989583333333333 0.22777777777777777
0 0.140625 0.9 0.055208333333333325 0.20185185185185187
0 0.07916666666666666 0.9453703703703702 0.055208333333333325 0.10925925925925925
0 0.22994791666666664 0.811574074074074 0.0421875 0.20462962962962963
0 0.34713541666666664 0.825462962962963 0.0640625 0.22314814814814815
0 0.6924479166666666 0.7402777777777777 0.04010416666666666 0.20277777777777778
0 0.86953125 0.7458333333333333 0.0546875 0.2064814814814815
0 0.7817708333333333 0.7402777777777778 0.04895833333333333 0.21203703703703702
0 0.7796874999999999 0.737037037037037 0.03854166666666666 0.19629629629629627
0 0.8161458333333332 0.7384259259259258 0.04583333333333333 0.17314814814814813
0 0.9062499999999998 0.773611111111111 0.042708333333333334 0.1324074074074074
0 0.5244791666666667 0.5013888888888889 0.03020833333333333 0.10648148148148147
0 0.4984374999999999 0.4939814814814814 0.03229166666666666 0.12314814814814815
0 0.4190104166666666 0.49722222222222223 0.0296875 0.1259259259259259
0 0.8104166666666666 0.5689814814814815 0.03020833333333333 0.1398148148148148
0 0.4557291666666667 0.48703703703703694 0.02395833333333333 0.09074074074074073
0 0.4395833333333333 0.4768518518518518 0.026041666666666664 0.10185185185185183
0 0.39375 0.4703703703703703 0.029166666666666664 0.11296296296296296
0 0.4416666666666666 0.4768518518518518 0.025 0.11111111111111112
5 0.69375 0.48287037037037034 0.02395833333333333 0.06574074074074074
0 0.7479166666666666 0.43148148148148147 0.01875 0.07407407407407407
0 0.75625 0.42824074074074076 0.02708333333333333 0.0824074074074074
5 0.7578125 0.5115740740740741 0.03020833333333333 0.08796296296296295
5 0.5466145833333333 0.4569444444444444 0.0234375 0.11018518518518519
