0 0.19635416666666666 0.8768518518518519 0.06770833333333333 0.24814814814814815
0 0.25390624999999994 0.874074074074074 0.05989583333333333 0.2518518518518518
0 0.2747395833333333 0.8462962962962962 0.05052083333333333 0.22407407407407404
0 0.9809895833333334 0.8949074074074073 0.03697916666666666 0.21203703703703702
0 0.37135416666666665 0.8078703703703702 0.053125 0.21759259259259256
0 0.4171875 0.811574074074074 0.051041666666666666 0.2009259259259259
0 0.78828125 0.7384259259259259 0.04739583333333333 0.21574074074074073
0 0.8010416666666667 0.7277777777777777 0.042708333333333334 0.20185185185185187
5 0.6622395833333333 0.6675925925925925 0.0296875 0.1685185185185185
0 0.80390625 0.5638888888888889 0.027604166666666662 0.09259259259259259
5 0.71953125 0.5083333333333333 0.027604166666666662 0.07592592592592592
0 0.7268229166666667 0.7078703703703704 0.04427083333333333 0.18425925925925926
0 0.8098958333333333 0.6916666666666667 0.042708333333333334 0.17037037037037037
0 0.6781249999999999 0.7226851851851852 0.041666666666666664 0.19537037037037036
0 0.6098958333333333 0.7157407407407408 0.03958333333333333 0.18888888888888888
0 0.7841145833333333 0.6662037037037036 0.04010416666666666 0.16574074074074072
0 0.4291666666666667 0.5337962962962963 0.02395833333333333 0.09907407407407406
0 0.45572916666666663 0.5106481481481481 0.026041666666666664 0.11203703703703702
0 0.4278645833333333 0.5564814814814814 0.025520833333333333 0.12407407407407407
0 0.4552083333333333 0.5435185185185185 0.03020833333333333 0.12407407407407407
0 0.47916666666666663 0.5194444444444445 0.026041666666666664 0.11296296296296296
0 0.5140624999999999 0.5222222222222223 0.029166666666666664 0.12037037037037038
0 0.4833333333333333 0.5421296296296296 0.03020833333333333 0.1287037037037037
0 0.4473958333333333 0.6217592592592592 0.041666666666666664 0.16759259259259257
5 0.6432291666666666 0.6351851851851852 0.029166666666666664 0.1388888888888889
0 0.4807291666666666 0.6236111111111111 0.03125 0.16203703703703703
0 0.5075520833333333 0.625 0.03177083333333333 0.14629629629629629
0 0.5330729166666666 0.6018518518518519 0.0328125 0.13518518518518519
0 0.5640625 0.5962962962962962 0.03333333333333333 0.13518518518518519
0 0.5570312499999999 0.5879629629629629 0.027604166666666662 0.1222222222222222
0 0.5156249999999999 0.648611111111111 0.03854166666666666 0.15648148148148147
0 0.5432291666666667 0.6671296296296296 0.02708333333333333 0.12685185185185183
0 0.5625 0.673611111111111 0.0375 0.1787037037037037
0 0.5692708333333333 0.7157407407407407 0.03958333333333333 0.19814814814814813
0 0.5916666666666667 0.5925925925925926 0.03020833333333333 0.14074074074074075
0 0.6200520833333333 0.6319444444444444 0.033854166666666664 0.15648148148148147
0 0.60625 0.6842592592592591 0.03958333333333333 0.1537037037037037
0 0.8916666666666666 0.861111111111111 0.05208333333333333 0.20370370370370366
5 0.7049479166666666 0.5263888888888888 0.0234375 0.06574074074074074
0 0.6705729166666666 0.48703703703703694 0.027604166666666662 0.09074074074074073
0 0.6950520833333333 0.4819444444444444 0.03177083333333333 0.09351851851851851
5 0.7671875 0.5523148148148148 0.03125 0.08796296296296295
5 0.5627604166666667 0.49861111111111106 0.0234375 0.11018518518518519
