0 0.5677083333333333 0.6458333333333333 0.034375 0.18796296296296294
0 0.6005208333333333 0.6509259259259259 0.034375 0.18148148148148147
5 0.6625 0.6481481481481481 0.03020833333333333 0.1759259259259259
0 0.7388020833333333 0.5203703703703704 0.0234375 0.0962962962962963
5 0.7377604166666667 0.4837962962962963 0.025520833333333333 0.07685185185185185
0 0.6244791666666666 0.6453703703703704 0.03229166666666666 0.17962962962962964
0 0.4864583333333333 0.6523148148148148 0.028125 0.13796296296296295
0 0.5197916666666667 0.638425925925926 0.03645833333333333 0.17129629629629628
0 0.6106770833333333 0.6847222222222221 0.04114583333333333 0.16574074074074072
0 0.80703125 0.6638888888888889 0.033854166666666664 0.16296296296296295
0 0.7307291666666667 0.638425925925926 0.029166666666666664 0.1509259259259259
0 0.7627604166666666 0.6356481481481481 0.04010416666666666 0.16574074074074072
0 0.8401041666666667 0.6615740740740741 0.0375 0.16759259259259257
5 0.6583333333333333 0.6023148148148147 0.02708333333333333 0.14351851851851852
0 0.25 0.7777777777777778 0.04791666666666666 0.22407407407407404
0 0.29218749999999993 0.7856481481481481 0.042708333333333334 0.20462962962962963
0 0.2778645833333333 0.836574074074074 0.056770833333333326 0.22129629629629627
0 0.14895833333333333 0.8041666666666666 0.03958333333333333 0.21018518518518517
0 0.14270833333333333 0.8907407407407406 0.059375 0.22037037037037038
0 0.4565104166666666 0.6560185185185186 0.0328125 0.16759259259259257
0 0.7736979166666667 0.673148148148148 0.0359375 0.18518518518518517
0 0.6171875 0.724074074074074 0.03958333333333333 0.20370370370370366
0 0.6557291666666666 0.736111111111111 0.0375 0.18518518518518517
0 0.4864583333333333 0.6726851851851852 0.040625 0.15648148148148147
0 0.7927083333333333 0.711574074074074 0.03020833333333333 0.11759259259259258
0 0.7757812499999999 0.7018518518518518 0.03697916666666666 0.1537037037037037
0 0.8291666666666666 0.736111111111111 0.04791666666666666 0.21296296296296294
0 0.8671875 0.737037037037037 0.041666666666666664 0.20185185185185187
0 0.9651041666666667 0.7712962962962963 0.055208333333333325 0.21296296296296294
0 0.8020833333333333 0.6949074074074073 0.0375 0.1787037037037037
0 0.9880208333333332 0.7722222222222221 0.021875 0.1925925925925926
0 0.6151041666666666 0.5842592592592593 0.03229166666666666 0.13148148148148148
0 0.5880208333333333 0.575462962962963 0.0375 0.14537037037037037
0 0.4598958333333333 0.5791666666666666 0.03333333333333333 0.14907407407407408
0 0.5255208333333333 0.5939814814814814 0.04479166666666666 0.15648148148148147
0 0.5552083333333333 0.5430555555555555 0.022916666666666665 0.10462962962962963
0 0.5328125 0.5439814814814815 0.03020833333333333 0.12685185185185183
0 0.5033854166666667 0.5259259259259259 0.03177083333333333 0.12037037037037038
0 0.4502604166666667 0.5287037037037037 0.03177083333333333 0.11851851851851851
0 0.4143229166666667 0.525 0.025520833333333333 0.11851851851851851
0 0.5325520833333333 0.5097222222222222 0.027604166666666662 0.11574074074074074
0 0.5078125 0.500925925925926 0.02395833333333333 0.11296296296296296
0 0.4872395833333333 0.5009259259259259 0.025520833333333333 0.12962962962962962
0 0.4687499999999999 0.5055555555555555 0.026041666666666664 0.11851851851851851
0 0.425 0.49398148148148147 0.02708333333333333 0.11944444444444444
0 0.4825520833333333 0.4805555555555555 0.025520833333333333 0.1074074074074074
0 0.4161458333333333 0.46296296296296297 0.02395833333333333 0.08703703703703704
0 0.53203125 0.5259259259259259 0.021354166666666667 0.1074074074074074
5 0.7223958333333333 0.49120370370370364 0.02395833333333333 0.06574074074074074
0 0.46171875 0.48287037037037034 0.025520833333333333 0.12314814814814815
0 0.76484375 0.4416666666666666 0.01927083333333333 0.07407407407407407
0 0.7734375 0.43657407407407406 0.02708333333333333 0.0824074074074074
5 0.7854166666666667 0.524537037037037 0.03020833333333333 0.08796296296296295
5 0.5796874999999999 0.46712962962962956 0.026041666666666664 0.11018518518518519
