0 0.5614583333333333 0.6875 0.03958333333333333 0.2009259259259259
0 0.5888020833333333 0.700462962962963 0.04739583333333333 0.2009259259259259
5 0.65390625 0.6435185185185185 0.0359375 0.18148148148148147
0 0.7505208333333333 0.5152777777777777 0.02708333333333333 0.09722222222222222
5 0.75234375 0.4763888888888889 0.025520833333333333 0.07685185185185185
0 0.5888020833333333 0.6601851851851851 0.03802083333333333 0.17407407407407408
0 0.5458333333333333 0.6939814814814814 0.02708333333333333 0.1472222222222222
0 0.6200520833333333 0.6754629629629629 0.04427083333333333 0.1861111111111111
0 0.7367187499999999 0.7157407407407408 0.033854166666666664 0.18333333333333332
0 0.8799479166666666 0.6939814814814814 0.03802083333333333 0.18055555555555552
0 0.8916666666666666 0.662962962962963 0.03020833333333333 0.15185185185185185
0 0.86953125 0.6578703703703703 0.0390625 0.16759259259259257
0 0.9127604166666666 0.6935185185185184 0.03802083333333333 0.18518518518518517
5 0.6708333333333333 0.6041666666666666 0.02708333333333333 0.14351851851851852
0 0.29765624999999996 0.7467592592592592 0.04427083333333333 0.21203703703703702
0 0.32916666666666666 0.7537037037037037 0.041666666666666664 0.1907407407407407
0 0.34010416666666665 0.7879629629629629 0.051041666666666666 0.19814814814814813
0 0.21223958333333331 0.7712962962962963 0.04427083333333333 0.1759259259259259
0 0.07708333333333332 0.9421296296296295 0.065625 0.11759259259259258
0 0.4539062499999999 0.6231481481481481 0.033854166666666664 0.15555555555555553
0 0.7648437499999999 0.6435185185185185 0.033854166666666664 0.18148148148148147
0 0.6825520833333333 0.724074074074074 0.04010416666666666 0.20370370370370366
0 0.70625 0.7444444444444444 0.03645833333333333 0.18703703703703703
0 0.4059895833333333 0.6523148148148148 0.0421875 0.14907407407407408
0 0.8015625 0.6796296296296296 0.03020833333333333 0.11851851851851851
0 0.8005208333333332 0.6689814814814815 0.03333333333333333 0.14351851851851852
0 0.8619791666666666 0.7018518518518518 0.03958333333333333 0.20185185185185187
0 0.8388020833333332 0.6962962962962963 0.04114583333333333 0.20185185185185187
0 0.8153645833333332 0.7157407407407408 0.0578125 0.20185185185185187
0 0.8213541666666666 0.6629629629629629 0.03645833333333333 0.17962962962962964
0 0.8578124999999999 0.7240740740740741 0.055208333333333325 0.18333333333333332
0 0.6744791666666666 0.6046296296296296 0.03229166666666666 0.13518518518518519
0 0.653125 0.6004629629629629 0.03854166666666666 0.16018518518518518
0 0.4872395833333333 0.6231481481481481 0.03802083333333333 0.16666666666666666
0 0.4247395833333333 0.5837962962962963 0.0421875 0.15648148148148147
0 0.59375 0.5703703703703703 0.025 0.1037037037037037
0 0.5552083333333333 0.5699074074074074 0.03020833333333333 0.12685185185185183
0 0.52265625 0.5458333333333333 0.03177083333333333 0.1287037037037037
0 0.46875 0.5546296296296296 0.03333333333333333 0.12037037037037038
0 0.4296875 0.5578703703703703 0.025 0.12685185185185183
0 0.5726562499999999 0.5300925925925926 0.027604166666666662 0.11574074074074074
0 0.546875 0.5273148148148147 0.028125 0.12129629629629628
0 0.5260416666666666 0.5222222222222221 0.026041666666666664 0.12962962962962962
0 0.5015624999999999 0.5324074074074073 0.026041666666666664 0.1222222222222222
0 0.4333333333333333 0.525462962962963 0.028125 0.11574074074074074
0 0.5510416666666667 0.5055555555555555 0.028125 0.1074074074074074
0 0.4661458333333333 0.5023148148148147 0.03020833333333333 0.12129629629629628
0 0.4705729166666666 0.47916666666666663 0.0234375 0.09907407407407406
0 0.4588541666666666 0.4884259259259259 0.021875 0.10462962962962963
0 0.4252604166666666 0.4893518518518518 0.0234375 0.11759259259259258
0 0.5492187499999999 0.5518518518518518 0.021354166666666667 0.1074074074074074
5 0.7338541666666667 0.4884259259259259 0.02395833333333333 0.06574074074074074
0 0.5296874999999999 0.5027777777777778 0.026041666666666664 0.12407407407407407
0 0.7752604166666667 0.4416666666666666 0.01927083333333333 0.07407407407407407
0 0.7895833333333333 0.4412037037037037 0.02708333333333333 0.0824074074074074
5 0.7971354166666667 0.5162037037037037 0.0296875 0.08796296296296295
5 0.5908854166666667 0.46805555555555556 0.025520833333333333 0.11018518518518519
