0 0.23046875 0.837962962962963 0.06614583333333332 0.2444444444444444
0 0.2875 0.8439814814814814 0.055208333333333325 0.25277777777777777
0 0.3265625 0.8083333333333332 0.046875 0.2148148148148148
0 0.3572916666666667 0.850462962962963 0.055208333333333325 0.23425925925925925
0 0.4049479166666667 0.8564814814814813 0.056770833333333326 0.2185185185185185
0 0.7190104166666667 0.7106481481481481 0.04635416666666666 0.19722222222222222
0 0.7268229166666667 0.7055555555555555 0.04114583333333333 0.19444444444444445
5 0.6658854166666666 0.6666666666666666 0.0296875 0.1685185185185185
0 0.8075520833333334 0.5592592592592592 0.027604166666666662 0.09259259259259259
5 0.7221354166666666 0.5092592592592593 0.0265625 0.07592592592592592
0 0.6692708333333333 0.6916666666666667 0.034375 0.18148148148148147
0 0.8317708333333332 0.7143518518518518 0.03958333333333333 0.1824074074074074
0 0.7463541666666667 0.7458333333333333 0.046875 0.19907407407407407
0 0.6723958333333333 0.7435185185185185 0.04375 0.19629629629629627
0 0.81796875 0.6953703703703704 0.04010416666666666 0.17777777777777776
0 0.4453125 0.5439814814814815 0.02395833333333333 0.10648148148148147
0 0.4736979166666666 0.5305555555555556 0.0296875 0.12037037037037038
0 0.4348958333333333 0.5712962962962963 0.02708333333333333 0.12407407407407407
0 0.4817708333333333 0.5611111111111111 0.03125 0.12407407407407407
0 0.4973958333333333 0.5351851851851852 0.026041666666666664 0.11296296296296296
0 0.5382812499999999 0.5384259259259259 0.03072916666666666 0.125
0 0.5098958333333333 0.5583333333333333 0.03020833333333333 0.12962962962962962
0 0.4734375 0.649537037037037 0.03645833333333333 0.17314814814814813
5 0.6484374999999999 0.6365740740740741 0.029166666666666664 0.14351851851851852
0 0.49765625 0.6449074074074074 0.04114583333333333 0.16574074074074072
0 0.5317708333333333 0.6416666666666667 0.034375 0.15185185185185185
0 0.5580729166666667 0.625 0.03177083333333333 0.1388888888888889
0 0.5880208333333333 0.6212962962962962 0.03229166666666666 0.15185185185185185
0 0.5744791666666667 0.6064814814814815 0.028125 0.1259259259259259
0 0.5322916666666666 0.6796296296296296 0.04375 0.16666666666666666
0 0.56640625 0.6976851851851851 0.03177083333333333 0.1287037037037037
0 0.6041666666666666 0.7064814814814814 0.040625 0.1925925925925926
0 0.6328124999999999 0.7504629629629629 0.041666666666666664 0.20462962962962963
0 0.6197916666666667 0.6134259259259258 0.03020833333333333 0.14166666666666666
0 0.6888020833333333 0.6638888888888889 0.034895833333333334 0.1685185185185185
0 0.6513020833333333 0.7143518518518518 0.03697916666666666 0.16574074074074072
0 0.7354166666666667 0.8629629629629629 0.06145833333333332 0.20370370370370366
0 0.8880208333333333 0.8337962962962961 0.05625 0.21018518518518517
0 0.4177083333333333 0.5032407407407407 0.026041666666666664 0.10462962962962963
5 0.7104166666666667 0.5245370370370369 0.02395833333333333 0.06574074074074074
0 0.7 0.4833333333333333 0.026041666666666664 0.09074074074074073
0 0.72421875 0.48009259259259257 0.0296875 0.08981481481481482
5 0.7692708333333333 0.5513888888888888 0.03125 0.08796296296296295
5 0.5625 0.4976851851851851 0.02395833333333333 0.11018518518518519
