0 0.26979166666666665 0.7097222222222221 0.05416666666666666 0.20833333333333331
0 0.3348958333333333 0.7152777777777778 0.05 0.21759259259259256
0 0.39374999999999993 0.6990740740740741 0.03958333333333333 0.18703703703703703
0 0.25807291666666665 0.912962962962963 0.07135416666666666 0.17407407407407408
0 0.33046875 0.9189814814814815 0.056770833333333326 0.16018518518518518
0 0.5656249999999999 0.6407407407407407 0.041666666666666664 0.18888888888888888
0 0.5765625 0.6407407407407406 0.03333333333333333 0.18518518518518517
5 0.6458333333333333 0.6314814814814815 0.028125 0.1685185185185185
0 0.7903645833333333 0.5268518518518518 0.025520833333333333 0.09259259259259259
5 0.7052083333333333 0.4810185185185185 0.026041666666666664 0.07685185185185185
0 0.6205729166666667 0.6518518518518518 0.03802083333333333 0.18148148148148147
0 0.7359375 0.8092592592592591 0.04375 0.22962962962962963
0 0.6872395833333333 0.8138888888888889 0.049479166666666664 0.23518518518518516
0 0.9494791666666667 0.7092592592592591 0.06145833333333332 0.1925925925925926
0 0.4533854166666666 0.5546296296296296 0.0234375 0.11296296296296296
0 0.4778645833333333 0.5374999999999999 0.03072916666666666 0.14166666666666666
0 0.434375 0.5800925925925926 0.03020833333333333 0.13796296296296295
0 0.5153645833333333 0.5662037037037038 0.033854166666666664 0.13796296296296295
0 0.5041666666666667 0.5430555555555555 0.026041666666666664 0.1287037037037037
0 0.5309895833333333 0.5462962962962962 0.03177083333333333 0.14074074074074075
0 0.540625 0.5611111111111111 0.03020833333333333 0.12962962962962962
0 0.5791666666666667 0.6902777777777777 0.05208333333333333 0.20462962962962963
5 0.62421875 0.6041666666666666 0.0296875 0.14351851851851852
0 0.6013020833333333 0.6819444444444445 0.043229166666666666 0.18981481481481483
0 0.6231770833333333 0.6787037037037036 0.0359375 0.17407407407407408
0 0.5395833333333333 0.6527777777777778 0.035416666666666666 0.17407407407407408
0 0.7026041666666667 0.6296296296296295 0.03645833333333333 0.15740740740740738
0 0.7122395833333333 0.6305555555555555 0.03072916666666666 0.15185185185185185
0 0.6963541666666666 0.7092592592592591 0.04375 0.17777777777777776
0 0.7140625 0.7212962962962962 0.03333333333333333 0.13518518518518519
0 0.809375 0.7134259259259259 0.05833333333333333 0.19907407407407407
0 0.6354166666666666 0.8157407407407407 0.046875 0.2462962962962963
0 0.7609375 0.6361111111111111 0.03958333333333333 0.17037037037037037
0 0.8184895833333332 0.6814814814814814 0.04427083333333333 0.18703703703703703
0 0.8739583333333334 0.7212962962962963 0.051041666666666666 0.17962962962962964
0 0.03619791666666666 0.9106481481481481 0.056770833333333326 0.1787037037037037
0 0.07708333333333332 0.925 0.05416666666666666 0.15
0 0.02317708333333333 0.9828703703703703 0.0296875 0.03611111111111111
0 0.34479166666666666 0.8199074074074074 0.051041666666666666 0.20462962962962963
0 0.5158854166666667 0.8222222222222222 0.05572916666666666 0.22407407407407404
0 0.81328125 0.7754629629629629 0.0421875 0.21018518518518517
0 0.8979166666666666 0.7601851851851851 0.05833333333333333 0.21296296296296294
0 0.8971354166666666 0.7578703703703703 0.04635416666666666 0.19722222222222222
0 0.93203125 0.749074074074074 0.03697916666666666 0.18518518518518517
0 0.4919270833333333 0.49861111111111117 0.0546875 0.10833333333333332
0 0.4671874999999999 0.4884259259259259 0.03229166666666666 0.12314814814814815
0 0.39609375 0.4842592592592593 0.027604166666666662 0.12407407407407407
0 0.40546875 0.4833333333333333 0.025520833333333333 0.09074074074074073
0 0.3903645833333333 0.4749999999999999 0.025520833333333333 0.1037037037037037
0 0.39375 0.47824074074074074 0.025 0.11203703703703702
5 0.6895833333333333 0.4879629629629629 0.02395833333333333 0.06666666666666667
0 0.7348958333333333 0.4453703703703704 0.020833333333333332 0.07777777777777777
0 0.7489583333333333 0.4476851851851852 0.028125 0.08981481481481482
5 0.7486979166666666 0.5199074074074074 0.0296875 0.08796296296296295
5 0.5369791666666667 0.4662037037037036 0.02395833333333333 0.11018518518518519
