0 0.2872395833333333 0.6712962962962962 0.05260416666666667 0.19814814814814813
0 0.3432291666666667 0.6759259259259258 0.04479166666666667 0.20740740740740737
0 0.42578125 0.6689814814814814 0.035937500000000004 0.1824074074074074
0 0.2015625 0.9453703703703703 0.07187500000000001 0.10925925925925925
0 0.2947916666666667 0.9509259259259258 0.07187500000000001 0.1
0 0.5307291666666667 0.6166666666666667 0.03958333333333334 0.1796296296296296
0 0.5572916666666667 0.6152777777777777 0.034374999999999996 0.17129629629629628
0 0.6526041666666667 0.625 0.028125 0.1685185185185185
0 0.7940104166666667 0.5152777777777777 0.02447916666666667 0.09351851851851851
0 0.7088541666666667 0.47175925925925927 0.026041666666666668 0.07685185185185185
0 0.62265625 0.6398148148148148 0.03697916666666667 0.17777777777777776
0 0.7348958333333334 0.8643518518518518 0.052083333333333336 0.2546296296296296
0 0.6770833333333334 0.862037037037037 0.05625 0.24814814814814812
0 0.46015625 0.5629629629629629 0.0234375 0.11296296296296296
0 0.49140625 0.5472222222222222 0.029687500000000002 0.14629629629629629
0 0.453125 0.5967592592592593 0.030208333333333334 0.14351851851851852
0 0.5455729166666666 0.5777777777777777 0.033854166666666664 0.14629629629629629
0 0.5140625000000001 0.5527777777777777 0.026041666666666668 0.13518518518518519
0 0.5348958333333333 0.549537037037037 0.030208333333333334 0.14351851851851852
0 0.5770833333333334 0.5759259259259258 0.03229166666666667 0.14259259259259258
0 0.7070312500000001 0.7027777777777777 0.0453125 0.20555555555555555
0 0.6309895833333334 0.5949074074074073 0.029687500000000002 0.14351851851851852
0 0.7273437500000001 0.6939814814814814 0.0421875 0.1898148148148148
0 0.7489583333333334 0.6898148148148148 0.042708333333333334 0.1796296296296296
0 0.6356770833333334 0.6708333333333333 0.051562500000000004 0.17685185185185184
0 0.7731770833333333 0.6527777777777778 0.04114583333333334 0.1685185185185185
0 0.7859375000000001 0.6472222222222221 0.03125 0.16666666666666666
0 0.8148437500000001 0.7157407407407407 0.05260416666666667 0.18518518518518517
0 0.8442708333333334 0.7282407407407407 0.03854166666666667 0.1398148148148148
0 0.9533854166666667 0.7125 0.059895833333333336 0.19907407407407407
0 0.6052083333333333 0.8592592592592592 0.05625 0.26296296296296295
0 0.8190104166666669 0.6458333333333333 0.04010416666666666 0.17129629629629628
0 0.9057291666666666 0.699074074074074 0.04583333333333334 0.19629629629629627
0 0.08229166666666668 0.8856481481481481 0.059375000000000004 0.22685185185185183
0 0.1390625 0.900462962962963 0.05520833333333334 0.20092592592592592
0 0.07786458333333333 0.9462962962962962 0.0546875 0.1074074074074074
0 0.23151041666666666 0.8115740740740739 0.043229166666666666 0.2046296296296296
0 0.35052083333333334 0.825462962962963 0.06041666666666667 0.225
0 0.6955729166666667 0.7421296296296295 0.04010416666666666 0.2046296296296296
0 0.8734375 0.7458333333333332 0.052083333333333336 0.20648148148148146
0 0.78359375 0.7402777777777776 0.0484375 0.21203703703703702
0 0.7820312500000001 0.7370370370370369 0.0390625 0.19629629629629627
0 0.8184895833333333 0.7384259259259258 0.04635416666666667 0.17314814814814813
0 0.9088541666666669 0.774537037037037 0.042708333333333334 0.1324074074074074
0 0.5236979166666667 0.5013888888888888 0.03072916666666667 0.10648148148148147
0 0.4973958333333333 0.4939814814814814 0.03229166666666667 0.12314814814814815
0 0.4184895833333333 0.4972222222222222 0.029687500000000002 0.1259259259259259
0 0.8119791666666666 0.5680555555555554 0.030208333333333334 0.1398148148148148
0 0.4546875 0.48703703703703705 0.02395833333333333 0.09074074074074073
0 0.43828125 0.4768518518518518 0.025520833333333333 0.10185185185185185
0 0.39322916666666674 0.4703703703703704 0.029166666666666667 0.11296296296296296
0 0.4401041666666667 0.47731481481481475 0.025 0.11203703703703702
0 0.6937500000000001 0.4837962962962962 0.02395833333333333 0.06574074074074074
0 0.7479166666666667 0.4324074074074074 0.01875 0.07407407407407408
0 0.7567708333333334 0.4282407407407407 0.027083333333333334 0.0824074074074074
0 0.7572916666666666 0.5115740740740741 0.030208333333333334 0.08796296296296297
0 0.5463541666666667 0.45694444444444443 0.02395833333333333 0.11018518518518518
