0 0.5708333333333333 0.648611111111111 0.034375 0.18796296296296294
0 0.60625 0.6569444444444444 0.034375 0.1824074074074074
5 0.6651041666666667 0.6481481481481481 0.03020833333333333 0.1759259259259259
0 0.7408854166666666 0.5203703703703704 0.0234375 0.0962962962962963
5 0.740625 0.4828703703703704 0.025 0.07685185185185185
0 0.6249999999999999 0.6462962962962961 0.03229166666666666 0.17777777777777776
0 0.4945312499999999 0.6592592592592592 0.027604166666666662 0.14074074074074075
0 0.528125 0.6439814814814814 0.03645833333333333 0.17314814814814813
0 0.63203125 0.6884259259259259 0.0421875 0.16574074074074072
0 0.8192708333333332 0.6662037037037036 0.0375 0.16203703703703703
0 0.75703125 0.6430555555555555 0.0296875 0.1509259259259259
0 0.784375 0.6416666666666666 0.03958333333333333 0.16666666666666666
0 0.8526041666666666 0.6666666666666666 0.0375 0.1685185185185185
5 0.6601562499999999 0.6032407407407407 0.027604166666666662 0.14351851851851852
0 0.25859375 0.7699074074074074 0.04635416666666666 0.21944444444444441
0 0.2973958333333333 0.7787037037037037 0.042708333333333334 0.20185185185185187
0 0.28619791666666666 0.8273148148148147 0.056770833333333326 0.22129629629629627
0 0.16822916666666665 0.7921296296296296 0.040625 0.21018518518518517
0 0.14453125 0.8967592592592591 0.0609375 0.2064814814814815
0 0.4526041666666666 0.6513888888888888 0.034375 0.16759259259259257
0 0.7760416666666666 0.6685185185185184 0.034375 0.18518518518518517
0 0.6192708333333333 0.724537037037037 0.03958333333333333 0.20462962962962963
0 0.6557291666666666 0.7398148148148147 0.0375 0.18518518518518517
0 0.4731770833333333 0.6680555555555555 0.0421875 0.15648148148148147
0 0.7921875 0.7069444444444444 0.03020833333333333 0.11759259259259258
0 0.7809895833333333 0.6972222222222222 0.0359375 0.1537037037037037
0 0.8234375 0.7324074074074074 0.046875 0.2111111111111111
0 0.8625 0.7333333333333333 0.041666666666666664 0.20185185185185187
0 0.9356770833333332 0.7671296296296296 0.05989583333333333 0.21388888888888888
0 0.8057291666666666 0.6912037037037037 0.0375 0.1787037037037037
0 0.9723958333333332 0.7699074074074074 0.046875 0.19722222222222222
0 0.6213541666666667 0.5888888888888888 0.03229166666666666 0.13148148148148148
0 0.5934895833333333 0.5787037037037036 0.03802083333333333 0.14629629629629629
0 0.4609375 0.5819444444444444 0.03333333333333333 0.14907407407407408
0 0.5171874999999999 0.5884259259259259 0.04479166666666666 0.15648148148148147
0 0.5617187499999999 0.5462962962962962 0.024479166666666666 0.1037037037037037
0 0.5375 0.5449074074074074 0.03020833333333333 0.12685185185185183
0 0.50703125 0.5268518518518518 0.03177083333333333 0.12037037037037038
0 0.4544270833333333 0.5324074074074073 0.03177083333333333 0.11851851851851851
0 0.4151041666666666 0.5268518518518518 0.026041666666666664 0.12037037037037038
0 0.5388020833333333 0.5125 0.027604166666666662 0.11574074074074074
0 0.5140625 0.5046296296296295 0.02395833333333333 0.11296296296296296
0 0.49479166666666663 0.5046296296296295 0.026041666666666664 0.12962962962962962
0 0.4765624999999999 0.5092592592592593 0.026041666666666664 0.12037037037037038
0 0.4276041666666667 0.4976851851851851 0.02708333333333333 0.11574074074074074
0 0.49453125 0.4833333333333333 0.025520833333333333 0.1074074074074074
0 0.4276041666666667 0.4708333333333334 0.02395833333333333 0.10277777777777777
0 0.5348958333333333 0.5277777777777778 0.021875 0.1074074074074074
5 0.7223958333333333 0.49120370370370364 0.02395833333333333 0.06574074074074074
0 0.4731770833333333 0.4851851851851851 0.025520833333333333 0.12407407407407407
0 0.7677083333333333 0.44259259259259254 0.019791666666666666 0.07407407407407407
0 0.7755208333333333 0.4375 0.02708333333333333 0.0824074074074074
5 0.7875 0.524537037037037 0.03020833333333333 0.08796296296296295
5 0.5828125 0.4662037037037036 0.026041666666666664 0.11018518518518519
