0 0.26796875 0.6129629629629629 0.043229166666666666 0.17407407407407408
0 0.2713541666666667 0.6402777777777777 0.05 0.17685185185185184
0 0.5572916666666666 0.6412037037037037 0.034375 0.18796296296296294
0 0.5861979166666667 0.6407407407407406 0.033854166666666664 0.17777777777777776
5 0.6546875 0.6435185185185185 0.03020833333333333 0.1759259259259259
0 0.7338541666666667 0.5203703703703704 0.02395833333333333 0.0962962962962963
5 0.7315104166666667 0.4828703703703704 0.025520833333333333 0.07685185185185185
0 0.61796875 0.6421296296296296 0.03177083333333333 0.1787037037037037
0 0.6106770833333333 0.9791666666666667 0.04114583333333333 0.04351851851851852
0 0.46744791666666663 0.6398148148148148 0.027604166666666662 0.137037037037037
0 0.5023437499999999 0.6231481481481482 0.03697916666666666 0.1648148148148148
0 0.5651041666666667 0.6680555555555555 0.03958333333333333 0.1638888888888889
0 0.7625 0.6416666666666666 0.034375 0.14629629629629629
0 0.6697916666666666 0.6263888888888889 0.029166666666666664 0.1509259259259259
0 0.7098958333333333 0.6208333333333333 0.041666666666666664 0.1638888888888889
0 0.8 0.6416666666666666 0.03333333333333333 0.1537037037037037
5 0.6528645833333333 0.6018518518518519 0.027604166666666662 0.14259259259259258
0 0.9617187499999998 0.7402777777777778 0.04739583333333333 0.1935185185185185
0 0.5109375 0.9708333333333332 0.06145833333333332 0.06018518518518519
0 0.22760416666666666 0.7930555555555555 0.04791666666666666 0.23425925925925925
0 0.27031249999999996 0.8009259259259259 0.04895833333333333 0.21666666666666665
0 0.2497395833333333 0.8597222222222222 0.056770833333333326 0.2287037037037037
0 0.11510416666666667 0.8046296296296296 0.03958333333333333 0.20925925925925926
0 0.13151041666666666 0.8777777777777777 0.0546875 0.24259259259259255
0 0.4744791666666666 0.663425925925926 0.03125 0.17685185185185184
0 0.7736979166666667 0.6763888888888888 0.04010416666666666 0.18055555555555552
0 0.6114583333333333 0.7212962962962962 0.03958333333333333 0.20370370370370366
0 0.64765625 0.7287037037037036 0.0359375 0.18148148148148147
0 0.5265625 0.6796296296296296 0.0375 0.1537037037037037
0 0.7984375 0.7175925925925926 0.034375 0.11851851851851851
0 0.7528645833333333 0.7162037037037037 0.04010416666666666 0.15462962962962962
0 0.8606770833333333 0.7518518518518518 0.05052083333333333 0.2185185185185185
0 0.8911458333333334 0.7504629629629629 0.04791666666666666 0.21018518518518517
0 0.7848958333333333 0.7046296296296296 0.040625 0.18148148148148147
0 0.60078125 0.5717592592592593 0.0296875 0.1324074074074074
0 0.5713541666666666 0.5597222222222222 0.035416666666666666 0.1398148148148148
0 0.4572916666666667 0.5643518518518518 0.03333333333333333 0.1472222222222222
0 0.5627604166666667 0.5907407407407408 0.04427083333333333 0.15740740740740738
0 0.5393229166666667 0.5282407407407407 0.0234375 0.10462962962962963
0 0.5192708333333333 0.5222222222222223 0.03020833333333333 0.11296296296296296
0 0.4921875 0.5152777777777777 0.03333333333333333 0.12129629629629628
0 0.44296875 0.5152777777777777 0.03177083333333333 0.11203703703703702
0 0.4140625 0.5152777777777777 0.025 0.11574074074074074
0 0.51484375 0.4962962962962963 0.0265625 0.11111111111111112
0 0.4875 0.4916666666666666 0.02395833333333333 0.11296296296296296
0 0.4697916666666666 0.4898148148148148 0.026041666666666664 0.12407407407407407
0 0.4494791666666666 0.4958333333333334 0.025 0.11574074074074074
0 0.4140625 0.4814814814814815 0.02708333333333333 0.10925925925925925
0 0.44791666666666663 0.47407407407407404 0.026041666666666664 0.1074074074074074
0 0.525 0.5185185185185185 0.021875 0.1074074074074074
5 0.7140625 0.4921296296296296 0.02395833333333333 0.06574074074074074
0 0.4315104166666666 0.4726851851851851 0.024479166666666666 0.12314814814814815
0 0.7591145833333333 0.43981481481481477 0.01927083333333333 0.07407407407407407
0 0.7671875 0.4356481481481481 0.02708333333333333 0.0824074074074074
5 0.7796875 0.5208333333333333 0.03020833333333333 0.08796296296296295
5 0.571875 0.4643518518518518 0.025 0.11018518518518519
