0 0.5619791666666667 0.686574074074074 0.03958333333333333 0.2009259259259259
0 0.5893229166666666 0.6986111111111111 0.04635416666666666 0.2009259259259259
5 0.65390625 0.6439814814814814 0.0359375 0.18055555555555552
0 0.75078125 0.5166666666666667 0.0265625 0.0962962962962963
5 0.75234375 0.4763888888888889 0.025520833333333333 0.07685185185185185
0 0.5893229166666667 0.6592592592592592 0.03802083333333333 0.17407407407407408
0 0.54375 0.6930555555555554 0.02708333333333333 0.1472222222222222
0 0.6169270833333333 0.674537037037037 0.0453125 0.1861111111111111
0 0.734375 0.7152777777777778 0.034375 0.1824074074074074
0 0.8778645833333332 0.6935185185185185 0.03802083333333333 0.1759259259259259
0 0.8890624999999999 0.662962962962963 0.03020833333333333 0.15185185185185185
0 0.86796875 0.6569444444444443 0.0390625 0.16759259259259257
0 0.9111979166666666 0.6925925925925925 0.03802083333333333 0.18518518518518517
5 0.6708333333333333 0.6041666666666666 0.02708333333333333 0.14351851851851852
0 0.2966145833333333 0.7467592592592592 0.04427083333333333 0.21203703703703702
0 0.328125 0.7527777777777778 0.041666666666666664 0.18888888888888888
0 0.3380208333333333 0.7898148148148147 0.051041666666666666 0.19814814814814813
0 0.21223958333333331 0.7703703703703704 0.04427083333333333 0.17777777777777776
0 0.07890625 0.9407407407407407 0.06302083333333333 0.12037037037037038
0 0.4533854166666666 0.6231481481481481 0.033854166666666664 0.15555555555555553
0 0.7643229166666666 0.6435185185185185 0.033854166666666664 0.18148148148148147
0 0.6802083333333333 0.724074074074074 0.041666666666666664 0.20370370370370366
0 0.7046875 0.7435185185185185 0.03645833333333333 0.18703703703703703
0 0.40625 0.6518518518518518 0.042708333333333334 0.14814814814814814
0 0.8005208333333332 0.6796296296296296 0.03020833333333333 0.11851851851851851
0 0.7997395833333333 0.6689814814814815 0.033854166666666664 0.14351851851851852
0 0.8588541666666666 0.7018518518518518 0.040625 0.20185185185185187
0 0.8388020833333332 0.6972222222222222 0.04114583333333333 0.20185185185185187
0 0.8166666666666667 0.7171296296296296 0.057291666666666664 0.20277777777777778
0 0.8203124999999998 0.6629629629629629 0.03645833333333333 0.17962962962962964
0 0.8598958333333334 0.724537037037037 0.05416666666666666 0.18425925925925926
0 0.6723958333333333 0.6037037037037036 0.03229166666666666 0.13518518518518519
0 0.6515624999999999 0.6004629629629629 0.03854166666666666 0.16018518518518518
0 0.4864583333333333 0.6217592592592591 0.0375 0.16574074074074072
0 0.4270833333333333 0.5847222222222223 0.042708333333333334 0.15648148148148147
0 0.5927083333333333 0.5703703703703703 0.025 0.1037037037037037
0 0.5552083333333333 0.5699074074074074 0.03020833333333333 0.12685185185185183
0 0.5221354166666667 0.5449074074074074 0.03177083333333333 0.1287037037037037
0 0.4677083333333333 0.5537037037037037 0.03333333333333333 0.12037037037037038
0 0.4291666666666666 0.5560185185185185 0.025 0.12685185185185183
0 0.5721354166666666 0.5291666666666666 0.027604166666666662 0.11574074074074074
0 0.5458333333333333 0.5263888888888889 0.028125 0.12129629629629628
0 0.5249999999999999 0.5212962962962963 0.026041666666666664 0.12962962962962962
0 0.5010416666666666 0.5314814814814814 0.026041666666666664 0.1222222222222222
0 0.4333333333333333 0.525462962962963 0.028125 0.11574074074074074
0 0.55 0.5055555555555555 0.028125 0.1074074074074074
0 0.4651041666666667 0.5013888888888889 0.03020833333333333 0.12129629629629628
0 0.4690104166666666 0.47916666666666663 0.0234375 0.09907407407407406
0 0.4575520833333333 0.4884259259259259 0.02239583333333333 0.10462962962962963
0 0.42421875 0.4875 0.0234375 0.11759259259259258
0 0.5486979166666666 0.5509259259259259 0.021354166666666667 0.1074074074074074
5 0.7333333333333333 0.4884259259259259 0.02395833333333333 0.06574074074074074
0 0.5286458333333333 0.5018518518518518 0.026041666666666664 0.12407407407407407
0 0.7752604166666667 0.4416666666666666 0.01927083333333333 0.07407407407407407
0 0.7890625 0.4412037037037037 0.02708333333333333 0.0824074074074074
5 0.7966145833333333 0.5171296296296296 0.0296875 0.08796296296296295
5 0.5903645833333333 0.46805555555555556 0.025520833333333333 0.11018518518518519
