0 0.24869791666666666 0.7393518518518518 0.056770833333333326 0.21203703703703702
0 0.315625 0.7449074074074074 0.051041666666666666 0.23055555555555554
0 0.3692708333333333 0.7217592592592592 0.03958333333333333 0.1935185185185185
0 0.29713541666666665 0.8944444444444445 0.06302083333333333 0.2111111111111111
0 0.35885416666666664 0.899537037037037 0.0625 0.2009259259259259
0 0.6015625 0.6537037037037037 0.042708333333333334 0.1925925925925926
0 0.6114583333333333 0.65 0.0375 0.17777777777777776
5 0.6473958333333333 0.6296296296296295 0.028125 0.1685185185185185
0 0.79140625 0.5296296296296296 0.025520833333333333 0.09259259259259259
5 0.7088541666666666 0.4837962962962963 0.026041666666666664 0.07685185185185185
0 0.6265625 0.6532407407407408 0.03125 0.1824074074074074
0 0.90078125 0.7143518518518518 0.0546875 0.18981481481481483
0 0.74453125 0.7777777777777777 0.0421875 0.22222222222222224
0 0.7010416666666666 0.7833333333333333 0.04791666666666666 0.22037037037037038
0 0.8783854166666666 0.7004629629629628 0.0484375 0.1935185185185185
0 0.45078125 0.5412037037037036 0.0234375 0.11018518518518519
0 0.4736979166666666 0.5310185185185186 0.03072916666666666 0.13796296296296295
0 0.4294270833333333 0.5685185185185185 0.0296875 0.13333333333333333
0 0.5013020833333333 0.5583333333333333 0.0328125 0.13518518518518519
0 0.5013020833333333 0.5328703703703704 0.025520833333333333 0.12129629629629628
0 0.5372395833333333 0.5342592592592592 0.03177083333333333 0.13148148148148148
0 0.5322916666666667 0.5555555555555556 0.03020833333333333 0.12962962962962962
0 0.5299479166666667 0.6662037037037037 0.05364583333333332 0.19537037037037036
5 0.6276041666666666 0.6050925925925925 0.029166666666666664 0.14351851851851852
0 0.5434895833333333 0.6657407407407407 0.04427083333333333 0.18703703703703703
0 0.5700520833333333 0.662037037037037 0.03697916666666666 0.17407407407407408
0 0.5440104166666667 0.6324074074074073 0.03177083333333333 0.1611111111111111
0 0.6536458333333333 0.6212962962962962 0.03645833333333333 0.15740740740740738
0 0.6513020833333333 0.6175925925925926 0.03177083333333333 0.15185185185185185
0 0.6130208333333333 0.6967592592592592 0.046875 0.17314814814814813
0 0.6445312499999999 0.7050925925925926 0.033854166666666664 0.13425925925925924
0 0.7356770833333333 0.7069444444444445 0.05260416666666666 0.2009259259259259
0 0.65 0.7805555555555556 0.046875 0.22407407407407404
0 0.7263020833333333 0.610648148148148 0.0296875 0.14351851851851852
0 0.778125 0.6569444444444443 0.04479166666666666 0.17314814814814813
0 0.7830729166666667 0.7166666666666666 0.056770833333333326 0.1759259259259259
0 0.025 0.9268518518518517 0.04895833333333333 0.14814814814814814
0 0.05390625 0.9453703703703702 0.056770833333333326 0.11111111111111112
0 0.4497395833333333 0.826851851851852 0.0546875 0.20370370370370366
0 0.6346354166666667 0.8185185185185185 0.05989583333333333 0.21296296296296294
0 0.9197916666666666 0.7925925925925925 0.053125 0.20925925925925926
0 0.47265625 0.4879629629629629 0.0296875 0.1037037037037037
0 0.4458333333333333 0.4810185185185185 0.03229166666666666 0.12314814814814815
5 0.6927083333333333 0.49120370370370364 0.02395833333333333 0.06574074074074074
0 0.7242187499999999 0.45092592592592584 0.024479166666666666 0.08703703703703704
0 0.7463541666666667 0.4439814814814815 0.03020833333333333 0.08981481481481482
5 0.7515625 0.5208333333333333 0.03020833333333333 0.08796296296296295
5 0.5390625 0.4662037037037036 0.02395833333333333 0.11018518518518519
