0 0.26328124999999997 0.6379629629629628 0.05052083333333333 0.17407407407407408
0 0.5619791666666666 0.6412037037037037 0.034375 0.18796296296296294
0 0.5901041666666667 0.6435185185185185 0.034375 0.17777777777777776
5 0.6567708333333333 0.6462962962962963 0.03020833333333333 0.1759259259259259
0 0.73515625 0.5203703703703704 0.0234375 0.0962962962962963
5 0.7330729166666667 0.4837962962962963 0.025520833333333333 0.07685185185185185
0 0.6197916666666666 0.6430555555555555 0.03229166666666666 0.1787037037037037
0 0.46744791666666663 0.6430555555555555 0.027604166666666662 0.13796296296296295
0 0.5044270833333333 0.6282407407407407 0.03697916666666666 0.16574074074074072
0 0.5802083333333333 0.6731481481481482 0.03958333333333333 0.1648148148148148
0 0.7736979166666667 0.6462962962962963 0.033854166666666664 0.14814814814814814
0 0.6854166666666666 0.6282407407407408 0.029166666666666664 0.1509259259259259
0 0.7244791666666666 0.625 0.041666666666666664 0.1648148148148148
0 0.8119791666666666 0.648611111111111 0.035416666666666666 0.16203703703703703
5 0.6552083333333333 0.6018518518518519 0.02708333333333333 0.14259259259259258
0 0.9789062499999999 0.7402777777777777 0.03802083333333333 0.19722222222222222
0 0.234375 0.7888888888888889 0.04791666666666666 0.23148148148148148
0 0.27343749999999994 0.7949074074074074 0.04895833333333333 0.2064814814814815
0 0.25729166666666664 0.8537037037037036 0.05625 0.22592592592592592
0 0.12239583333333333 0.8064814814814815 0.03958333333333333 0.20925925925925926
0 0.13697916666666665 0.8800925925925925 0.05625 0.2398148148148148
0 0.4692708333333333 0.6615740740740741 0.03020833333333333 0.17314814814814813
0 0.7744791666666666 0.6782407407407407 0.040625 0.18425925925925926
0 0.6135416666666667 0.7231481481481481 0.03958333333333333 0.20370370370370366
0 0.65390625 0.7310185185185185 0.03802083333333333 0.1824074074074074
0 0.515625 0.6796296296296296 0.040625 0.1537037037037037
0 0.7981770833333333 0.7171296296296296 0.0328125 0.11759259259259258
0 0.7606770833333333 0.7134259259259259 0.04010416666666666 0.15462962962962962
0 0.8502604166666666 0.7476851851851851 0.0484375 0.21759259259259256
0 0.88515625 0.7504629629629629 0.0421875 0.21018518518518517
0 0.7903645833333333 0.7009259259259258 0.04010416666666666 0.17962962962962964
0 0.6052083333333333 0.575462962962963 0.03020833333333333 0.1324074074074074
0 0.5752604166666666 0.5625 0.03697916666666666 0.1398148148148148
0 0.4578125 0.5699074074074073 0.03333333333333333 0.14907407407407408
0 0.5515625 0.5935185185185186 0.04479166666666666 0.15740740740740738
0 0.5434895833333333 0.5319444444444443 0.0234375 0.10462962962962963
0 0.5221354166666666 0.5287037037037037 0.0296875 0.1222222222222222
0 0.4958333333333333 0.5185185185185185 0.03229166666666666 0.12037037037037038
0 0.4447916666666666 0.5194444444444445 0.03229166666666666 0.11481481481481481
0 0.4140625 0.5180555555555555 0.025 0.11574074074074074
0 0.51953125 0.5013888888888889 0.0265625 0.11388888888888889
0 0.4932291666666667 0.4935185185185185 0.02395833333333333 0.11296296296296296
0 0.4747395833333333 0.4935185185185185 0.025520833333333333 0.1259259259259259
0 0.4544270833333333 0.49861111111111106 0.025520833333333333 0.11574074074074074
0 0.4177083333333333 0.48564814814814816 0.02708333333333333 0.11388888888888889
0 0.4578124999999999 0.475925925925926 0.026041666666666664 0.1074074074074074
0 0.5270833333333333 0.5203703703703704 0.021875 0.1074074074074074
5 0.7166666666666667 0.4939814814814814 0.02395833333333333 0.06574074074074074
0 0.4403645833333333 0.47453703703703703 0.025520833333333333 0.12314814814814815
0 0.7606770833333333 0.44074074074074077 0.01927083333333333 0.07407407407407407
0 0.76875 0.4356481481481481 0.02708333333333333 0.0824074074074074
5 0.7807291666666667 0.5226851851851853 0.03020833333333333 0.08796296296296295
5 0.5736979166666667 0.4652777777777777 0.025520833333333333 0.11018518518518519
