0 0.28385416666666663 0.6518518518518518 0.05 0.1907407407407407
0 0.34322916666666664 0.6513888888888888 0.04375 0.19907407407407407
0 0.4252604166666666 0.6555555555555556 0.0421875 0.17037037037037037
0 0.175 0.975 0.04375 0.05
0 0.5317708333333333 0.611111111111111 0.035416666666666666 0.17962962962962964
0 0.5622395833333333 0.6129629629629629 0.033854166666666664 0.1759259259259259
5 0.6544270833333333 0.6222222222222222 0.027604166666666662 0.1685185185185185
0 0.7854166666666667 0.5060185185185185 0.02395833333333333 0.09351851851851851
5 0.7140624999999999 0.4689814814814815 0.026041666666666664 0.07685185185185185
0 0.6205729166666667 0.6287037037037037 0.03802083333333333 0.1685185185185185
0 0.7255208333333333 0.8847222222222222 0.053125 0.2287037037037037
0 0.6747395833333333 0.8865740740740741 0.06510416666666666 0.2287037037037037
0 0.46484375 0.5731481481481481 0.0234375 0.11296296296296296
0 0.4942708333333333 0.5606481481481481 0.03125 0.14907407407407408
0 0.4640625 0.6060185185185185 0.03020833333333333 0.14907407407407408
0 0.5828125 0.5893518518518518 0.0375 0.14351851851851852
0 0.5249999999999999 0.5592592592592591 0.026041666666666664 0.13518518518518519
0 0.5502604166666666 0.5625 0.033854166666666664 0.14537037037037037
0 0.6083333333333333 0.586574074074074 0.03125 0.14907407407407408
0 0.82265625 0.7064814814814814 0.0546875 0.20555555555555555
5 0.63828125 0.5912037037037037 0.0296875 0.14351851851851852
0 0.8182291666666666 0.700462962962963 0.03854166666666666 0.19537037037037036
0 0.8463541666666666 0.700462962962963 0.035416666666666666 0.18981481481481483
0 0.7223958333333333 0.6851851851851851 0.041666666666666664 0.18518518518518517
0 0.7942708333333333 0.673148148148148 0.04479166666666666 0.18888888888888888
0 0.8213541666666666 0.6606481481481481 0.03333333333333333 0.16759259259259257
0 0.9132812499999998 0.7296296296296296 0.06302083333333333 0.18703703703703703
0 0.9388020833333333 0.7388888888888889 0.03802083333333333 0.14629629629629629
0 0.5994791666666667 0.8814814814814813 0.05833333333333333 0.23703703703703702
0 0.85 0.6615740740740741 0.041666666666666664 0.17314814814814813
0 0.11953125 0.8680555555555556 0.06197916666666666 0.24537037037037038
0 0.18020833333333333 0.8833333333333332 0.05416666666666666 0.23518518518518516
0 0.11588541666666666 0.924537037037037 0.0546875 0.15277777777777776
0 0.17864583333333334 0.8041666666666666 0.04583333333333333 0.20462962962962963
0 0.2450520833333333 0.825 0.0640625 0.22222222222222224
0 0.6361979166666666 0.7162037037037037 0.04010416666666666 0.1935185185185185
0 0.7942708333333333 0.7314814814814814 0.05625 0.20370370370370366
0 0.7106770833333333 0.7296296296296296 0.04739583333333333 0.20925925925925926
0 0.7119791666666667 0.7296296296296296 0.03645833333333333 0.18518518518518517
0 0.7533854166666666 0.7268518518518519 0.0421875 0.1759259259259259
0 0.8286458333333332 0.7662037037037037 0.042708333333333334 0.1324074074074074
0 0.9078125 0.7671296296296296 0.053125 0.16759259259259257
0 0.9239583333333332 0.7462962962962962 0.05 0.19814814814814813
0 0.5489583333333333 0.5097222222222222 0.028125 0.10648148148148147
0 0.5166666666666666 0.5041666666666667 0.03125 0.12685185185185183
0 0.4309895833333333 0.5027777777777777 0.0296875 0.12777777777777777
0 0.7645833333333333 0.5810185185185185 0.03645833333333333 0.15277777777777776
0 0.4880208333333333 0.4879629629629629 0.022916666666666665 0.09074074074074073
0 0.46354166666666663 0.48472222222222217 0.028125 0.10462962962962963
0 0.4252604166666666 0.4768518518518518 0.0296875 0.11296296296296296
0 0.4018229166666666 0.4773148148148148 0.0296875 0.11203703703703702
0 0.390625 0.47407407407407404 0.021875 0.1074074074074074
0 0.3942708333333333 0.4624999999999999 0.02395833333333333 0.11018518518518519
0 0.4783854166666667 0.47546296296296287 0.025520833333333333 0.10462962962962963
5 0.7 0.48009259259259257 0.02395833333333333 0.06574074074074074
0 0.7484375 0.42777777777777776 0.01875 0.07407407407407407
0 0.7541666666666667 0.4291666666666666 0.02708333333333333 0.0824074074074074
5 0.7635416666666667 0.5097222222222222 0.03020833333333333 0.08796296296296295
5 0.5572916666666666 0.45185185185185184 0.028125 0.10925925925925925
