0 0.25729166666666664 0.6333333333333333 0.05 0.1685185185185185
0 0.5645833333333333 0.6430555555555555 0.034375 0.18796296296296294
0 0.5940104166666667 0.6462962962962963 0.033854166666666664 0.17962962962962964
5 0.6588541666666667 0.6481481481481481 0.03020833333333333 0.1759259259259259
0 0.7364583333333333 0.5203703703703704 0.02395833333333333 0.0962962962962963
5 0.7346354166666667 0.4837962962962963 0.025520833333333333 0.07685185185185185
0 0.6216145833333333 0.6439814814814814 0.03177083333333333 0.1787037037037037
0 0.4726562499999999 0.6467592592592593 0.027604166666666662 0.13796296296296295
0 0.50859375 0.6333333333333333 0.03697916666666666 0.1685185185185185
0 0.5932291666666667 0.6782407407407407 0.03958333333333333 0.16574074074074072
0 0.7861979166666666 0.6527777777777777 0.033854166666666664 0.1537037037037037
0 0.7015624999999999 0.6337962962962963 0.029166666666666664 0.1509259259259259
0 0.7388020833333333 0.6287037037037038 0.04114583333333333 0.1648148148148148
0 0.8234375 0.6541666666666666 0.0375 0.16759259259259257
5 0.65625 0.6018518518518519 0.02708333333333333 0.14259259259259258
0 0.2403645833333333 0.7856481481481481 0.0484375 0.2287037037037037
0 0.28046875 0.7893518518518519 0.04635416666666666 0.20462962962962963
0 0.2661458333333333 0.8476851851851851 0.05625 0.22314814814814815
0 0.13177083333333334 0.8064814814814815 0.03958333333333333 0.20925925925925926
0 0.14140625 0.8819444444444444 0.056770833333333326 0.2361111111111111
0 0.46354166666666663 0.6597222222222222 0.03125 0.16944444444444445
0 0.7734374999999999 0.6763888888888889 0.03854166666666666 0.18425925925925926
0 0.6151041666666667 0.7231481481481481 0.03958333333333333 0.20370370370370366
0 0.6546875 0.7328703703703704 0.0375 0.18425925925925926
0 0.5049479166666666 0.6782407407407407 0.0421875 0.15462962962962962
0 0.79375 0.7171296296296296 0.03020833333333333 0.11759259259259258
0 0.7679687499999999 0.7106481481481481 0.04010416666666666 0.15462962962962962
0 0.8406249999999998 0.7425925925925926 0.04895833333333333 0.2148148148148148
0 0.8776041666666666 0.7449074074074074 0.041666666666666664 0.2064814814814815
0 0.9841145833333332 0.7810185185185184 0.03177083333333333 0.19722222222222222
0 0.7955729166666666 0.6990740740740741 0.0390625 0.17962962962962964
0 0.6088541666666666 0.5791666666666667 0.03125 0.1324074074074074
0 0.5796875 0.5671296296296295 0.0375 0.14166666666666666
0 0.4588541666666667 0.5736111111111111 0.03333333333333333 0.14907407407407408
0 0.5406249999999999 0.5944444444444444 0.04479166666666666 0.15740740740740738
0 0.54765625 0.5365740740740741 0.0234375 0.10462962962962963
0 0.52578125 0.5356481481481482 0.0296875 0.12685185185185183
0 0.4989583333333333 0.5212962962962963 0.03125 0.12037037037037038
0 0.4466145833333333 0.523611111111111 0.03177083333333333 0.11759259259259258
0 0.4140625 0.5217592592592591 0.025 0.11574074074074074
0 0.52421875 0.5060185185185185 0.027604166666666662 0.11574074074074074
0 0.4989583333333333 0.49537037037037035 0.02395833333333333 0.11296296296296296
0 0.47916666666666663 0.4976851851851851 0.025 0.1287037037037037
0 0.4596354166666667 0.500462962962963 0.025520833333333333 0.11574074074074074
0 0.4208333333333333 0.4893518518518518 0.02708333333333333 0.11944444444444444
0 0.4682291666666666 0.47777777777777775 0.026041666666666664 0.1074074074074074
0 0.5289062499999999 0.5222222222222223 0.021354166666666667 0.1074074074074074
5 0.7192708333333333 0.49305555555555547 0.02395833333333333 0.06574074074074074
0 0.4489583333333333 0.47916666666666663 0.026041666666666664 0.12314814814814815
0 0.7622395833333333 0.44074074074074077 0.01927083333333333 0.07407407407407407
0 0.7708333333333333 0.43657407407407406 0.02708333333333333 0.0824074074074074
5 0.7822916666666667 0.524537037037037 0.03020833333333333 0.08796296296296295
5 0.5755208333333333 0.4662037037037036 0.026041666666666664 0.11018518518518519
