0 0.26041666666666663 0.7236111111111111 0.05416666666666666 0.21018518518518517
0 0.3255208333333333 0.7231481481481481 0.05 0.2185185185185185
0 0.38281249999999994 0.7064814814814814 0.03958333333333333 0.1907407407407407
0 0.27291666666666664 0.9046296296296296 0.06666666666666667 0.1907407407407407
0 0.33932291666666664 0.9115740740740741 0.06302083333333333 0.17685185185185184
0 0.5796874999999999 0.6462962962962961 0.041666666666666664 0.1907407407407407
0 0.5877604166666666 0.6435185185185184 0.033854166666666664 0.17962962962962964
5 0.6453125 0.6314814814814815 0.028125 0.1685185185185185
0 0.7893229166666667 0.5287037037037037 0.025520833333333333 0.09259259259259259
5 0.7067708333333333 0.48194444444444445 0.026041666666666664 0.07685185185185185
0 0.6184895833333333 0.6518518518518518 0.03802083333333333 0.18148148148148147
0 0.94375 0.7212962962962963 0.040625 0.1925925925925926
0 0.7380208333333333 0.798148148148148 0.042708333333333334 0.22777777777777777
0 0.6942708333333333 0.8009259259259259 0.04791666666666666 0.23148148148148148
0 0.9153645833333333 0.7055555555555555 0.056770833333333326 0.19444444444444445
0 0.45182291666666663 0.5462962962962963 0.0234375 0.11296296296296296
0 0.4747395833333333 0.5347222222222222 0.03072916666666666 0.1398148148148148
0 0.4322916666666667 0.5745370370370371 0.03020833333333333 0.1361111111111111
0 0.5067708333333333 0.5606481481481481 0.03333333333333333 0.13796296296296295
0 0.50390625 0.5342592592592592 0.025520833333333333 0.1222222222222222
0 0.5328124999999999 0.5421296296296296 0.03229166666666666 0.13796296296296295
0 0.5359375 0.5564814814814814 0.03020833333333333 0.12962962962962962
0 0.5585937499999999 0.6782407407407407 0.049479166666666664 0.19537037037037036
5 0.6244791666666666 0.6050925925925925 0.029166666666666664 0.14351851851851852
0 0.5752604166666667 0.6717592592592593 0.04114583333333333 0.18796296296296294
0 0.5953125 0.673611111111111 0.03645833333333333 0.17314814814814813
0 0.5348958333333333 0.6444444444444444 0.03854166666666666 0.17222222222222222
0 0.6828125 0.625925925925926 0.03645833333333333 0.15740740740740738
0 0.6851562499999999 0.625 0.03072916666666666 0.15185185185185185
0 0.66171875 0.7037037037037036 0.0453125 0.17407407407407408
0 0.6802083333333333 0.7180555555555556 0.03333333333333333 0.13425925925925924
0 0.77890625 0.7101851851851851 0.056770833333333326 0.19814814814814813
0 0.6411458333333333 0.7976851851851852 0.046875 0.2361111111111111
0 0.7484375 0.6277777777777778 0.03958333333333333 0.17037037037037037
0 0.8018229166666666 0.6717592592592592 0.0421875 0.18425925925925926
0 0.834375 0.7185185185185186 0.057291666666666664 0.1759259259259259
0 0.028124999999999994 0.9180555555555555 0.055208333333333325 0.16574074074074072
0 0.06692708333333333 0.9328703703703702 0.05260416666666666 0.13425925925925924
0 0.3875 0.8217592592592592 0.05 0.20462962962962963
0 0.5622395833333333 0.8166666666666667 0.05052083333333333 0.22037037037037038
0 0.8552083333333332 0.7851851851851851 0.059375 0.20925925925925926
0 0.93671875 0.7629629629629628 0.06197916666666666 0.2185185185185185
0 0.9333333333333332 0.7574074074074074 0.040625 0.20185185185185187
0 0.48697916666666663 0.49074074074074064 0.05416666666666666 0.10925925925925925
0 0.4578124999999999 0.48472222222222217 0.03229166666666666 0.12314814814814815
0 0.38671875 0.4805555555555555 0.027604166666666662 0.12407407407407407
0 0.3927083333333333 0.48240740740740734 0.026041666666666664 0.09074074074074073
0 0.3828125 0.47129629629629627 0.025 0.11296296296296296
5 0.6890625 0.4898148148148148 0.02395833333333333 0.06666666666666667
0 0.7268229166666667 0.44861111111111107 0.0234375 0.0824074074074074
0 0.7473958333333333 0.4449074074074074 0.028125 0.08981481481481482
5 0.7489583333333333 0.5199074074074074 0.03020833333333333 0.08796296296296295
5 0.5369791666666667 0.4643518518518518 0.02395833333333333 0.11018518518518519
