0 0.2796875 0.7018518518518518 0.05416666666666666 0.2074074074074074
0 0.340625 0.7013888888888888 0.051041666666666666 0.21759259259259256
0 0.4036458333333333 0.6921296296296297 0.035416666666666666 0.18981481481481483
0 0.23619791666666665 0.925 0.07239583333333333 0.15185185185185185
0 0.31953125 0.9305555555555556 0.0546875 0.1388888888888889
0 0.5489583333333333 0.6319444444444444 0.041666666666666664 0.18425925925925926
0 0.5674479166666666 0.6333333333333333 0.033854166666666664 0.18703703703703703
5 0.6479166666666666 0.6305555555555555 0.028125 0.1685185185185185
0 0.7916666666666666 0.524074074074074 0.026041666666666664 0.09259259259259259
5 0.7052083333333333 0.47824074074074074 0.026041666666666664 0.07685185185185185
0 0.62421875 0.6518518518518518 0.03802083333333333 0.18148148148148147
0 0.7359375 0.8333333333333333 0.04583333333333333 0.24074074074074076
0 0.6846354166666667 0.8310185185185185 0.056770833333333326 0.2398148148148148
0 0.4559895833333333 0.5592592592592592 0.0234375 0.11296296296296296
0 0.4825520833333333 0.5449074074074074 0.03072916666666666 0.14351851851851852
0 0.4424479166666666 0.5884259259259259 0.0296875 0.13796296296296295
0 0.5265625 0.5726851851851851 0.03020833333333333 0.14351851851851852
0 0.5067708333333333 0.5499999999999999 0.026041666666666664 0.13518518518518519
0 0.5333333333333333 0.548148148148148 0.029166666666666664 0.14074074074074075
0 0.5528645833333333 0.5666666666666667 0.0328125 0.12962962962962962
0 0.6158854166666666 0.6976851851851851 0.0546875 0.20277777777777778
5 0.6263020833333333 0.6013888888888889 0.0296875 0.14351851851851852
0 0.6403645833333333 0.6888888888888889 0.04427083333333333 0.1907407407407407
0 0.6651041666666666 0.6837962962962962 0.03854166666666666 0.17314814814814813
0 0.5627604166666667 0.6638888888888889 0.04010416666666666 0.1759259259259259
0 0.7276041666666667 0.6361111111111111 0.03645833333333333 0.15925925925925927
0 0.7447916666666667 0.6370370370370371 0.03020833333333333 0.15185185185185185
0 0.7442708333333333 0.711574074074074 0.05416666666666666 0.1824074074074074
0 0.7617187499999999 0.725 0.033854166666666664 0.14074074074074075
0 0.8544270833333332 0.7143518518518518 0.0609375 0.19907407407407407
0 0.6265625 0.8347222222222221 0.05 0.25462962962962965
0 0.7791666666666666 0.6407407407407407 0.040625 0.17037037037037037
0 0.8440104166666667 0.6879629629629629 0.04635416666666666 0.1907407407407407
0 0.9231770833333333 0.724537037037037 0.04739583333333333 0.18055555555555552
0 0.05234375 0.9018518518518517 0.0578125 0.19629629629629627
0 0.09843749999999998 0.9171296296296296 0.055208333333333325 0.16759259259259257
0 0.04114583333333333 0.9722222222222221 0.05416666666666666 0.05740740740740741
0 0.3028645833333333 0.8199074074074074 0.0484375 0.20462962962962963
0 0.4570312499999999 0.8282407407407406 0.05260416666666666 0.22685185185185186
0 0.7669270833333333 0.7652777777777777 0.049479166666666664 0.21018518518518517
0 0.9591145833333334 0.7574074074074073 0.049479166666666664 0.20370370370370366
0 0.8520833333333334 0.7546296296296295 0.057291666666666664 0.20925925925925926
0 0.8546875 0.749074074074074 0.04375 0.19629629629629627
0 0.8901041666666666 0.7476851851851851 0.03854166666666666 0.1787037037037037
0 0.5057291666666666 0.5032407407407408 0.03125 0.10648148148148147
0 0.4776041666666666 0.4939814814814814 0.03229166666666666 0.12314814814814815
0 0.4065104166666666 0.4898148148148148 0.0328125 0.12407407407407407
0 0.4192708333333333 0.4851851851851851 0.026041666666666664 0.09074074074074073
0 0.4052083333333333 0.4768518518518518 0.025 0.10185185185185183
0 0.409375 0.4837962962962963 0.025 0.11203703703703702
5 0.690625 0.4856481481481481 0.02395833333333333 0.06574074074074074
0 0.7421875 0.44074074074074077 0.01875 0.07407407407407407
0 0.7515625 0.4439814814814815 0.028125 0.08796296296296295
5 0.7513020833333333 0.5180555555555555 0.0296875 0.08796296296296295
5 0.5390625 0.4643518518518518 0.02395833333333333 0.11018518518518519
