0 0.5752604166666666 0.6537037037037037 0.033854166666666664 0.1907407407407407
0 0.60703125 0.6583333333333333 0.034895833333333334 0.18333333333333332
5 0.6669270833333333 0.6476851851851853 0.03072916666666666 0.17685185185185184
0 0.7427083333333333 0.5194444444444445 0.02395833333333333 0.0962962962962963
5 0.7432291666666666 0.48194444444444445 0.025 0.07685185185185185
0 0.6229166666666666 0.6462962962962963 0.03229166666666666 0.1759259259259259
0 0.50078125 0.6643518518518519 0.027604166666666662 0.14537037037037037
0 0.5354166666666667 0.6476851851851851 0.035416666666666666 0.175
0 0.6497395833333333 0.6912037037037037 0.04114583333333333 0.16574074074074072
0 0.83125 0.6699074074074074 0.03854166666666666 0.16203703703703703
0 0.7807291666666667 0.6467592592592593 0.03020833333333333 0.1509259259259259
0 0.8036458333333332 0.6458333333333333 0.03958333333333333 0.16759259259259257
0 0.8640625 0.6717592592592592 0.0375 0.17129629629629628
5 0.6619791666666667 0.6041666666666666 0.02708333333333333 0.14351851851851852
0 0.26510416666666664 0.7625 0.04583333333333333 0.21574074074074073
0 0.3044270833333333 0.7717592592592591 0.0421875 0.20277777777777778
0 0.29583333333333334 0.8199074074074074 0.05416666666666666 0.22129629629629627
0 0.1796875 0.7819444444444444 0.04375 0.2009259259259259
0 0.14296875 0.899537037037037 0.0640625 0.20277777777777778
0 0.4526041666666666 0.6430555555555555 0.034375 0.16759259259259257
0 0.7768229166666666 0.6648148148148147 0.033854166666666664 0.18518518518518517
0 0.6226562499999999 0.7254629629629629 0.04010416666666666 0.20462962962962963
0 0.6604166666666667 0.7388888888888888 0.03958333333333333 0.18518518518518517
0 0.4598958333333333 0.6625 0.041666666666666664 0.15648148148148147
0 0.7916666666666667 0.7013888888888888 0.03020833333333333 0.11759259259259258
0 0.78515625 0.6949074074074073 0.0359375 0.15462962962962962
0 0.8184895833333334 0.7263888888888889 0.04635416666666666 0.20462962962962963
0 0.8552083333333332 0.7273148148148147 0.04375 0.2009259259259259
0 0.9127604166666666 0.7606481481481481 0.05572916666666666 0.21388888888888888
0 0.8052083333333332 0.686574074074074 0.0375 0.1787037037037037
0 0.9546874999999998 0.7615740740740741 0.04895833333333333 0.1935185185185185
0 0.6270833333333333 0.5907407407407408 0.03229166666666666 0.13148148148148148
0 0.5984375 0.5814814814814815 0.03854166666666666 0.14629629629629629
0 0.4632812499999999 0.5851851851851851 0.033854166666666664 0.15
0 0.5072916666666666 0.5837962962962963 0.04479166666666666 0.15648148148148147
0 0.5674479166666667 0.548148148148148 0.025520833333333333 0.1037037037037037
0 0.540625 0.5467592592592593 0.03020833333333333 0.12685185185185183
0 0.5106770833333333 0.5268518518518518 0.03177083333333333 0.12037037037037038
0 0.45703125 0.5342592592592592 0.03177083333333333 0.11851851851851851
0 0.4156249999999999 0.5282407407407407 0.026041666666666664 0.12129629629629628
0 0.5429687499999999 0.513425925925926 0.027604166666666662 0.11574074074074074
0 0.5192708333333333 0.5074074074074073 0.02395833333333333 0.11296296296296296
0 0.5010416666666666 0.5074074074074073 0.026041666666666664 0.12962962962962962
0 0.4817708333333333 0.5106481481481481 0.026041666666666664 0.12129629629629628
0 0.428125 0.5041666666666667 0.028125 0.11574074074074074
0 0.5046875 0.48611111111111105 0.026041666666666664 0.1074074074074074
0 0.4380208333333333 0.47777777777777775 0.02395833333333333 0.11666666666666665
0 0.5369791666666666 0.5296296296296296 0.021875 0.1074074074074074
5 0.7239583333333333 0.49120370370370364 0.02395833333333333 0.06574074074074074
0 0.4825520833333333 0.4851851851851851 0.025520833333333333 0.12407407407407407
0 0.7697916666666667 0.44351851851851853 0.019791666666666666 0.07407407407407407
0 0.778125 0.4384259259259259 0.02708333333333333 0.0824074074074074
5 0.7890625 0.524537037037037 0.03020833333333333 0.08796296296296295
5 0.5843749999999999 0.4662037037037036 0.026041666666666664 0.11018518518518519
