0 0.28671875 0.6574074074074073 0.0515625 0.1925925925925926
0 0.34375 0.6587962962962963 0.04375 0.2009259259259259
0 0.4351562499999999 0.6555555555555556 0.04010416666666666 0.1685185185185185
0 0.18229166666666666 0.962962962962963 0.06041666666666666 0.07407407407407407
0 0.53125 0.611111111111111 0.03645833333333333 0.17962962962962964
0 0.5625 0.610648148148148 0.034375 0.175
5 0.6541666666666666 0.6222222222222222 0.028125 0.1685185185185185
0 0.790625 0.5087962962962963 0.02395833333333333 0.09351851851851851
5 0.7119791666666666 0.46990740740740744 0.026041666666666664 0.07685185185185185
0 0.6213541666666667 0.6324074074074073 0.0375 0.17222222222222222
0 0.7265624999999999 0.8782407407407407 0.057291666666666664 0.24351851851851852
0 0.6768229166666667 0.8791666666666667 0.06302083333333333 0.24166666666666664
0 0.4627604166666666 0.5675925925925925 0.0234375 0.11296296296296296
0 0.49375 0.5527777777777777 0.03125 0.14629629629629629
0 0.4578125 0.599537037037037 0.03020833333333333 0.14537037037037037
0 0.5661458333333333 0.5824074074074074 0.034375 0.14259259259259258
0 0.5208333333333333 0.5555555555555556 0.026041666666666664 0.13518518518518519
0 0.54140625 0.5550925925925926 0.0328125 0.14537037037037037
0 0.5932291666666666 0.5828703703703704 0.03125 0.14907407407407408
0 0.7708333333333333 0.7046296296296296 0.05208333333333333 0.20555555555555555
5 0.63515625 0.5921296296296296 0.0296875 0.14351851851851852
0 0.7783854166666666 0.6972222222222222 0.0421875 0.1907407407407407
0 0.80625 0.6958333333333332 0.04479166666666666 0.18425925925925926
0 0.6888020833333333 0.674537037037037 0.0453125 0.18055555555555552
0 0.7859375 0.6578703703703703 0.041666666666666664 0.16759259259259257
0 0.8080729166666666 0.6587962962962963 0.03177083333333333 0.16759259259259257
0 0.871875 0.7217592592592592 0.057291666666666664 0.18796296296296294
0 0.8963541666666666 0.7333333333333333 0.0375 0.14444444444444443
0 0.5984375 0.8731481481481481 0.05625 0.25370370370370365
0 0.8351562499999998 0.6523148148148148 0.04114583333333333 0.17314814814814813
0 0.9682291666666666 0.7018518518518518 0.041666666666666664 0.2
0 0.10572916666666665 0.8782407407407407 0.065625 0.24537037037037038
0 0.16510416666666666 0.8907407407407406 0.055208333333333325 0.22037037037037038
0 0.10078125 0.9324074074074075 0.0546875 0.137037037037037
0 0.19765625 0.8041666666666666 0.05052083333333333 0.20462962962962963
0 0.2890625 0.825 0.075 0.22037037037037038
0 0.6559895833333333 0.7217592592592592 0.04010416666666666 0.1935185185185185
0 0.8247395833333332 0.7449074074074074 0.06302083333333333 0.2064814814814815
0 0.7364583333333333 0.7342592592592593 0.046875 0.21296296296296294
0 0.7401041666666667 0.7324074074074074 0.03645833333333333 0.18518518518518517
0 0.7755208333333333 0.7328703703703703 0.046875 0.17685185185185184
0 0.8604166666666666 0.7671296296296296 0.042708333333333334 0.1324074074074074
0 0.9484375 0.7675925925925926 0.04791666666666666 0.1685185185185185
0 0.96015625 0.7555555555555555 0.043229166666666666 0.2111111111111111
0 0.5390625 0.5041666666666667 0.028125 0.10648148148148147
0 0.5080729166666667 0.499537037037037 0.03177083333333333 0.12685185185185183
0 0.4268229166666666 0.500925925925926 0.0296875 0.1259259259259259
0 0.78515625 0.5726851851851852 0.03177083333333333 0.1398148148148148
0 0.4755208333333333 0.48703703703703694 0.022916666666666665 0.09074074074074073
0 0.45390625 0.48240740740740745 0.025520833333333333 0.10185185185185183
0 0.4114583333333333 0.47407407407407404 0.029166666666666664 0.11296296296296296
0 0.3890625 0.4708333333333333 0.026041666666666664 0.11203703703703702
0 0.4640625 0.47175925925925927 0.025 0.10462962962962963
5 0.696875 0.4819444444444444 0.02395833333333333 0.06574074074074074
0 0.7494791666666666 0.42777777777777776 0.01875 0.07407407407407407
0 0.7552083333333333 0.42824074074074076 0.02708333333333333 0.0824074074074074
5 0.7604166666666667 0.5106481481481481 0.03020833333333333 0.08796296296296295
5 0.5528645833333333 0.45324074074074067 0.0265625 0.11574074074074074
