0 0.18932291666666665 0.8768518518518519 0.0671875 0.24814814814814815
0 0.25052083333333336 0.874074074074074 0.06041666666666666 0.25370370370370365
0 0.2703125 0.8444444444444444 0.05 0.22777777777777777
0 0.9716145833333332 0.8949074074074073 0.04427083333333333 0.21203703703703702
0 0.37057291666666664 0.8004629629629629 0.05260416666666666 0.21574074074074073
0 0.4171875 0.8050925925925926 0.051041666666666666 0.2009259259259259
0 0.7924479166666666 0.737037037037037 0.0484375 0.2148148148148148
0 0.8059895833333333 0.7273148148148147 0.04427083333333333 0.20277777777777778
5 0.66171875 0.6648148148148147 0.0296875 0.1685185185185185
0 0.8028645833333334 0.562037037037037 0.027604166666666662 0.09259259259259259
5 0.7190104166666667 0.5064814814814815 0.027604166666666662 0.07592592592592592
0 0.7315104166666667 0.7074074074074074 0.04427083333333333 0.18518518518518517
0 0.8057291666666666 0.6861111111111111 0.042708333333333334 0.16666666666666666
0 0.6729166666666666 0.7166666666666666 0.041666666666666664 0.19444444444444445
0 0.6052083333333333 0.711111111111111 0.03958333333333333 0.18888888888888888
0 0.7807291666666667 0.6606481481481481 0.03958333333333333 0.16574074074074072
0 0.4260416666666667 0.5282407407407408 0.02395833333333333 0.09907407407407406
0 0.4531249999999999 0.5069444444444444 0.026041666666666664 0.11203703703703702
0 0.4268229166666667 0.5518518518518518 0.025520833333333333 0.12407407407407407
0 0.4539062499999999 0.5393518518518519 0.03072916666666666 0.12314814814814815
0 0.4776041666666666 0.5166666666666666 0.026041666666666664 0.11296296296296296
0 0.5111979166666666 0.5175925925925926 0.027604166666666662 0.12037037037037038
0 0.4817708333333333 0.5393518518518519 0.03020833333333333 0.1287037037037037
0 0.4442708333333333 0.6180555555555555 0.04479166666666666 0.16574074074074072
5 0.6416666666666666 0.6333333333333333 0.029166666666666664 0.14259259259259258
0 0.4796875 0.6194444444444444 0.03125 0.1611111111111111
0 0.5059895833333333 0.6199074074074075 0.03177083333333333 0.14537037037037037
0 0.5307291666666667 0.5990740740740741 0.03333333333333333 0.13518518518518519
0 0.5624999999999999 0.5939814814814814 0.03229166666666666 0.13425925925925924
0 0.5557291666666666 0.5824074074074075 0.028125 0.12037037037037038
0 0.5132812499999999 0.6439814814814815 0.03697916666666666 0.15648148148148147
0 0.5416666666666667 0.6611111111111111 0.02708333333333333 0.12407407407407407
0 0.5598958333333333 0.6689814814814814 0.0375 0.1787037037037037
0 0.56328125 0.711111111111111 0.04010416666666666 0.19629629629629627
0 0.5901041666666667 0.5888888888888889 0.03020833333333333 0.14074074074074075
0 0.6148437499999999 0.6263888888888889 0.033854166666666664 0.15462962962962962
0 0.6041666666666666 0.6787037037037036 0.040625 0.1537037037037037
0 0.9028645833333334 0.8564814814814815 0.04635416666666666 0.20370370370370366
5 0.7044270833333333 0.523611111111111 0.0234375 0.06574074074074074
0 0.6684895833333333 0.4851851851851851 0.027604166666666662 0.09074074074074073
0 0.6921875 0.4805555555555555 0.03229166666666666 0.09444444444444444
5 0.7666666666666666 0.549537037037037 0.03125 0.08796296296296295
5 0.5627604166666667 0.49490740740740735 0.0234375 0.11018518518518519
