0 0.5768229166666666 0.6643518518518519 0.033854166666666664 0.19722222222222222
0 0.60078125 0.6745370370370369 0.03802083333333333 0.19166666666666665
5 0.6640624999999999 0.6467592592592593 0.03229166666666666 0.17685185185185184
0 0.7458333333333333 0.5175925925925926 0.02395833333333333 0.0962962962962963
5 0.7479166666666666 0.4810185185185185 0.025 0.07685185185185185
0 0.6109374999999999 0.6462962962962963 0.03229166666666666 0.17407407407407408
0 0.5114583333333333 0.6754629629629629 0.02708333333333333 0.15277777777777776
0 0.5588541666666667 0.6587962962962963 0.035416666666666666 0.18055555555555552
0 0.6880208333333333 0.7041666666666666 0.040625 0.17314814814814813
0 0.8536458333333334 0.6805555555555556 0.03854166666666666 0.1685185185185185
0 0.8354166666666666 0.6592592592592592 0.03020833333333333 0.15185185185185185
0 0.8421874999999999 0.6476851851851851 0.03958333333333333 0.16759259259259257
0 0.8869791666666667 0.6828703703703703 0.0375 0.17685185185185184
5 0.6661458333333333 0.6050925925925925 0.02708333333333333 0.14351851851851852
0 0.2763020833333333 0.7481481481481481 0.0453125 0.20925925925925926
0 0.31484375 0.7583333333333333 0.0421875 0.20370370370370366
0 0.3106770833333333 0.7972222222222222 0.05260416666666666 0.20370370370370366
0 0.20104166666666665 0.7694444444444444 0.04375 0.1925925925925926
0 0.12682291666666665 0.9148148148148147 0.06510416666666666 0.17037037037037037
0 0.4494791666666667 0.6273148148148148 0.03333333333333333 0.16018518518518518
0 0.76875 0.6569444444444444 0.034375 0.18425925925925926
0 0.6372395833333333 0.7263888888888889 0.04010416666666666 0.20462962962962963
0 0.6721354166666667 0.7370370370370369 0.04427083333333333 0.18518518518518517
0 0.4276041666666667 0.650462962962963 0.03958333333333333 0.14537037037037037
0 0.79140625 0.6912037037037037 0.0296875 0.11759259259259258
0 0.7838541666666666 0.6837962962962962 0.035416666666666666 0.14907407407407408
0 0.8239583333333332 0.7097222222222223 0.04583333333333333 0.2009259259259259
0 0.8416666666666666 0.7101851851851853 0.042708333333333334 0.20185185185185187
0 0.865625 0.7421296296296296 0.059375 0.20462962962962963
0 0.80625 0.6763888888888888 0.0375 0.1787037037037037
0 0.91171875 0.7453703703703703 0.049479166666666664 0.1907407407407407
0 0.6393229166666667 0.5930555555555556 0.03177083333333333 0.1324074074074074
0 0.6161458333333333 0.5888888888888889 0.03854166666666666 0.15185185185185185
0 0.4723958333333333 0.5986111111111111 0.034375 0.16018518518518518
0 0.4763020833333333 0.5773148148148148 0.04427083333333333 0.15648148148148147
0 0.5802083333333333 0.5564814814814814 0.02708333333333333 0.1037037037037037
0 0.54453125 0.5523148148148148 0.0296875 0.12685185185185183
0 0.5182291666666666 0.5310185185185184 0.03229166666666666 0.1287037037037037
0 0.4604166666666666 0.5361111111111111 0.03125 0.11851851851851851
0 0.41796875 0.5347222222222222 0.025520833333333333 0.12685185185185183
0 0.5557291666666666 0.5152777777777777 0.028125 0.11574074074074074
0 0.5291666666666666 0.5129629629629628 0.025 0.11666666666666665
0 0.5096354166666667 0.5106481481481481 0.025520833333333333 0.13055555555555556
0 0.4906249999999999 0.513425925925926 0.026041666666666664 0.12129629629629628
0 0.43125 0.5050925925925925 0.028125 0.11574074074074074
0 0.5244791666666666 0.4893518518518518 0.028125 0.10648148148148147
0 0.4541666666666667 0.48611111111111105 0.02708333333333333 0.12037037037037038
0 0.4328125 0.4643518518518518 0.020833333333333332 0.09907407407407406
0 0.5427083333333333 0.5342592592592592 0.021875 0.1074074074074074
5 0.7302083333333333 0.49120370370370364 0.02395833333333333 0.06574074074074074
0 0.50078125 0.48703703703703705 0.025520833333333333 0.12407407407407407
0 0.7723958333333333 0.44259259259259254 0.019791666666666666 0.07407407407407407
0 0.7828125 0.4393518518518518 0.02708333333333333 0.0824074074074074
5 0.7921875 0.5208333333333333 0.03020833333333333 0.08796296296296295
5 0.5874999999999999 0.4662037037037036 0.026041666666666664 0.11018518518518519
