0 0.25286458333333334 0.6194444444444444 0.04635416666666666 0.17962962962962964
0 0.3114583333333333 0.6203703703703703 0.03958333333333333 0.18333333333333332
0 0.33828125 0.6439814814814814 0.04010416666666666 0.16759259259259257
0 0.5377604166666667 0.625462962962963 0.034895833333333334 0.18796296296296294
0 0.57109375 0.6273148148148148 0.0328125 0.18055555555555552
5 0.6424479166666667 0.6300925925925925 0.028645833333333332 0.17129629629629628
0 0.7390625 0.5166666666666667 0.02395833333333333 0.0962962962962963
5 0.7221354166666667 0.47453703703703703 0.025520833333333333 0.07685185185185185
0 0.6075520833333333 0.6365740740740741 0.034895833333333334 0.1787037037037037
0 0.6968749999999999 0.9356481481481481 0.06354166666666666 0.13055555555555556
0 0.6265625 0.9333333333333332 0.07083333333333333 0.13333333333333333
0 0.4609374999999999 0.611574074074074 0.026041666666666664 0.11759259259259258
0 0.4929687499999999 0.5907407407407407 0.033854166666666664 0.15925925925925927
0 0.4875 0.6430555555555555 0.03645833333333333 0.16203703703703703
0 0.684375 0.6166666666666666 0.034375 0.14629629629629629
0 0.5716145833333333 0.5972222222222221 0.027604166666666662 0.137037037037037
0 0.6203125 0.6037037037037037 0.042708333333333334 0.16296296296296295
0 0.7130208333333333 0.6143518518518518 0.03125 0.14907407407407408
5 0.6395833333333333 0.6004629629629629 0.03020833333333333 0.14351851851851852
0 0.8580729166666666 0.7310185185185185 0.0390625 0.2064814814814815
0 0.8882812499999998 0.7199074074074073 0.05364583333333332 0.19537037037037036
0 0.8666666666666666 0.7097222222222223 0.034375 0.18796296296296294
0 0.5528645833333333 0.9296296296296296 0.0609375 0.14259259259259258
0 0.9067708333333332 0.7162037037037037 0.042708333333333334 0.18796296296296294
0 0.18151041666666665 0.8245370370370371 0.0546875 0.24166666666666664
0 0.2294270833333333 0.8324074074074075 0.05052083333333333 0.22222222222222224
0 0.18333333333333332 0.8935185185185185 0.0625 0.2148148148148148
0 0.1015625 0.8078703703703705 0.0375 0.21018518518518517
0 0.109375 0.8300925925925926 0.042708333333333334 0.23796296296296293
0 0.5278645833333333 0.6856481481481481 0.04114583333333333 0.18796296296296294
0 0.7486979166666666 0.699074074074074 0.043229166666666666 0.1907407407407407
0 0.6135416666666667 0.7175925925925926 0.041666666666666664 0.20185185185185187
0 0.6333333333333333 0.7212962962962963 0.03645833333333333 0.17962962962962964
0 0.6182291666666667 0.6976851851851851 0.03645833333333333 0.16203703703703703
0 0.7765625 0.7421296296296296 0.034375 0.1287037037037037
0 0.7406249999999999 0.749074074074074 0.041666666666666664 0.17037037037037037
0 0.9778645833333334 0.7708333333333333 0.04010416666666666 0.22314814814814815
0 0.7690104166666666 0.7305555555555555 0.04010416666666666 0.19629629629629627
0 0.5716145833333333 0.5407407407407406 0.0296875 0.11111111111111112
0 0.5432291666666667 0.5351851851851852 0.0375 0.1259259259259259
0 0.44375 0.5361111111111111 0.03020833333333333 0.13518518518518519
0 0.6510416666666666 0.5925925925925926 0.040625 0.16296296296296295
0 0.52109375 0.5143518518518518 0.0203125 0.10092592592592593
0 0.4927083333333333 0.5055555555555555 0.03020833333333333 0.1074074074074074
0 0.4598958333333333 0.500462962962963 0.029166666666666664 0.12129629629629628
0 0.4260416666666667 0.4962962962962963 0.03020833333333333 0.11296296296296296
0 0.4057291666666666 0.49722222222222223 0.026041666666666664 0.11296296296296296
0 0.46796875 0.47870370370370363 0.025520833333333333 0.10925925925925925
0 0.43984375 0.475 0.0234375 0.11296296296296296
0 0.4265625 0.47175925925925916 0.021875 0.12314814814814815
0 0.4106770833333333 0.47777777777777775 0.0234375 0.11296296296296296
0 0.5010416666666666 0.4958333333333333 0.025 0.10462962962962963
5 0.7033854166666667 0.48379629629629617 0.0234375 0.06574074074074074
0 0.7510416666666666 0.43611111111111106 0.019791666666666666 0.07407407407407407
0 0.7557291666666667 0.43194444444444435 0.02708333333333333 0.0824074074074074
5 0.7690104166666666 0.5162037037037037 0.0296875 0.08796296296296295
5 0.5635416666666666 0.45925925925925914 0.026041666666666664 0.10925925925925925
