0 0.20885416666666665 0.874074074074074 0.06875 0.2518518518518518
0 0.26432291666666663 0.8736111111111111 0.058854166666666666 0.2509259259259259
0 0.29166666666666663 0.8435185185185183 0.051041666666666666 0.22407407407407404
0 0.37213541666666666 0.8282407407407408 0.05989583333333333 0.225
0 0.4119791666666667 0.8296296296296296 0.05208333333333333 0.20370370370370366
0 0.7679687499999999 0.736574074074074 0.049479166666666664 0.2064814814814815
0 0.7796875 0.7291666666666666 0.042708333333333334 0.2009259259259259
5 0.6635416666666667 0.6768518518518518 0.03020833333333333 0.1685185185185185
0 0.8059895833333334 0.5694444444444444 0.027604166666666662 0.09259259259259259
5 0.7210937499999999 0.5148148148148148 0.027604166666666662 0.07592592592592592
0 0.7083333333333333 0.711111111111111 0.041666666666666664 0.18148148148148147
0 0.82421875 0.7106481481481481 0.0421875 0.18055555555555552
0 0.7013020833333333 0.7393518518518518 0.0421875 0.1935185185185185
0 0.6260416666666666 0.7333333333333332 0.03854166666666666 0.1907407407407407
0 0.7960937499999999 0.6828703703703703 0.04010416666666666 0.16574074074074072
0 0.4390625 0.5439814814814814 0.02395833333333333 0.09907407407407406
0 0.4645833333333333 0.5254629629629629 0.026041666666666664 0.11203703703703702
0 0.4317708333333333 0.5685185185185185 0.026041666666666664 0.12407407407407407
0 0.4619791666666666 0.5560185185185185 0.03125 0.12314814814814815
0 0.4843749999999999 0.5314814814814814 0.026041666666666664 0.11296296296296296
0 0.5223958333333333 0.5379629629629629 0.029166666666666664 0.1222222222222222
0 0.4903645833333333 0.5569444444444444 0.0296875 0.1287037037037037
0 0.4580729166666666 0.6388888888888888 0.0359375 0.17407407407407408
5 0.6463541666666666 0.6421296296296296 0.028125 0.14351851851851852
0 0.4828124999999999 0.6375 0.03229166666666666 0.1638888888888889
0 0.51640625 0.6398148148148147 0.03177083333333333 0.14629629629629629
0 0.5411458333333333 0.6162037037037036 0.03125 0.1361111111111111
0 0.5721354166666666 0.6120370370370369 0.0328125 0.13518518518518519
0 0.5630208333333333 0.6032407407407407 0.02708333333333333 0.12685185185185183
0 0.5221354166666666 0.6657407407407406 0.0421875 0.15925925925925927
0 0.5494791666666667 0.6824074074074074 0.02708333333333333 0.12962962962962962
0 0.5731770833333333 0.6916666666666667 0.03802083333333333 0.18333333333333332
0 0.5924479166666666 0.7379629629629629 0.04010416666666666 0.19814814814814813
0 0.596875 0.6083333333333334 0.03020833333333333 0.14074074074074075
0 0.6388020833333333 0.6509259259259259 0.0328125 0.1685185185185185
0 0.6161458333333333 0.7032407407407406 0.0375 0.16018518518518518
0 0.8421875 0.8685185185185185 0.06041666666666666 0.20370370370370366
0 0.9770833333333334 0.8384259259259259 0.041666666666666664 0.20833333333333331
5 0.70703125 0.5337962962962962 0.0234375 0.06574074074074074
0 0.6781249999999999 0.4916666666666666 0.026041666666666664 0.09074074074074073
0 0.7078125 0.49027777777777776 0.03020833333333333 0.08981481481481482
5 0.7700520833333333 0.5625 0.03177083333333333 0.08796296296296295
5 0.5640625 0.5050925925925925 0.02395833333333333 0.11018518518518519
