0 0.2481770833333333 0.7675925925925926 0.06302083333333333 0.22222222222222224
0 0.303125 0.7708333333333333 0.05208333333333333 0.2324074074074074
0 0.3546875 0.7495370370370369 0.041666666666666664 0.20462962962962963
0 0.3192708333333333 0.8828703703703704 0.06145833333333332 0.2361111111111111
0 0.3794270833333333 0.8875 0.05989583333333333 0.225
0 0.6393229166666667 0.6675925925925925 0.04427083333333333 0.19444444444444445
0 0.6466145833333333 0.6652777777777776 0.0390625 0.19166666666666665
5 0.6559895833333333 0.6384259259259258 0.027604166666666662 0.16759259259259257
0 0.7979166666666667 0.5333333333333333 0.02708333333333333 0.09259259259259259
5 0.7114583333333333 0.48657407407407405 0.026041666666666664 0.07685185185185185
0 0.6401041666666666 0.6555555555555556 0.035416666666666666 0.18148148148148147
0 0.8598958333333334 0.7101851851851851 0.04791666666666666 0.19444444444444445
0 0.75546875 0.7574074074074073 0.0453125 0.21296296296296294
0 0.7044270833333333 0.7620370370370371 0.0484375 0.2074074074074074
0 0.8419270833333332 0.6907407407407407 0.0421875 0.18518518518518517
0 0.4479166666666667 0.5393518518518519 0.02395833333333333 0.11018518518518519
0 0.475 0.5273148148148148 0.03125 0.13055555555555556
0 0.4307291666666667 0.5643518518518518 0.02708333333333333 0.13055555555555556
0 0.4955729166666667 0.5509259259259259 0.03177083333333333 0.12777777777777777
0 0.4989583333333333 0.5310185185185186 0.026041666666666664 0.12129629629629628
0 0.5453125 0.5296296296296296 0.03125 0.12777777777777777
0 0.5244791666666667 0.5472222222222222 0.03020833333333333 0.12962962962962962
0 0.5026041666666667 0.6560185185185186 0.055208333333333325 0.18425925925925926
5 0.6348958333333333 0.610648148148148 0.029166666666666664 0.14351851851851852
0 0.5161458333333333 0.6560185185185186 0.03645833333333333 0.175
0 0.5520833333333333 0.649074074074074 0.034375 0.1685185185185185
0 0.5609374999999999 0.6212962962962962 0.03229166666666666 0.15555555555555553
0 0.6098958333333333 0.6212962962962962 0.034375 0.15740740740740738
0 0.6161458333333333 0.612037037037037 0.03125 0.15185185185185185
0 0.5705729166666667 0.6893518518518518 0.04427083333333333 0.17129629629629628
0 0.5973958333333333 0.7032407407407407 0.03333333333333333 0.1324074074074074
0 0.6760416666666667 0.7046296296296296 0.041666666666666664 0.19629629629629627
0 0.6526041666666667 0.7592592592592592 0.046875 0.22407407407407404
0 0.6903645833333333 0.6069444444444444 0.0296875 0.14351851851851852
0 0.7536458333333333 0.6476851851851851 0.03854166666666666 0.16759259259259257
0 0.7390625 0.7055555555555555 0.0375 0.1648148148148148
0 0.018489583333333334 0.9435185185185185 0.0359375 0.11481481481481481
0 0.048958333333333326 0.9587962962962961 0.055208333333333325 0.08425925925925926
0 0.5510416666666667 0.8273148148148148 0.051041666666666666 0.20462962962962963
0 0.7278645833333333 0.8162037037037037 0.058854166666666666 0.21388888888888888
0 0.4630208333333333 0.4893518518518518 0.03229166666666666 0.10462962962962963
0 0.4260416666666667 0.4814814814814815 0.03333333333333333 0.12407407407407407
5 0.69921875 0.4976851851851851 0.0234375 0.06574074074074074
0 0.7203124999999999 0.4546296296296296 0.026041666666666664 0.09074074074074073
0 0.7390625 0.45509259259259255 0.03020833333333333 0.08981481481481482
5 0.7604166666666667 0.5273148148148148 0.03020833333333333 0.08796296296296295
5 0.5489583333333333 0.4736111111111111 0.02395833333333333 0.11018518518518519
