0 0.22265625 0.8587962962962962 0.06302083333333333 0.24907407407407406
0 0.2796875 0.8587962962962962 0.059375 0.25462962962962965
0 0.30729166666666663 0.825462962962963 0.051041666666666666 0.21759259259259256
0 0.36822916666666666 0.8476851851851851 0.05416666666666666 0.2324074074074074
0 0.4078125 0.85 0.055208333333333325 0.21296296296296294
0 0.73828125 0.725462962962963 0.0484375 0.2009259259259259
0 0.74921875 0.7194444444444444 0.0421875 0.19629629629629627
5 0.66484375 0.6759259259259258 0.0296875 0.1685185185185185
0 0.80703125 0.5638888888888889 0.027604166666666662 0.09259259259259259
5 0.7223958333333333 0.5152777777777777 0.02708333333333333 0.07685185185185185
0 0.6848958333333333 0.7087962962962963 0.041666666666666664 0.1824074074074074
0 0.8307291666666666 0.7166666666666666 0.040625 0.18703703703703703
0 0.7294270833333333 0.7472222222222221 0.0515625 0.19629629629629627
0 0.6557291666666666 0.7458333333333333 0.04375 0.19537037037037036
0 0.8080729166666666 0.6944444444444444 0.04010416666666666 0.17037037037037037
0 0.44375 0.548148148148148 0.02395833333333333 0.10555555555555556
0 0.4716145833333333 0.5333333333333333 0.028645833333333332 0.11481481481481481
0 0.43359375 0.575 0.0265625 0.12407407407407407
0 0.4739583333333333 0.5638888888888889 0.03229166666666666 0.12407407407407407
0 0.49140625 0.5361111111111111 0.025520833333333333 0.11296296296296296
0 0.53359375 0.5439814814814814 0.0296875 0.12314814814814815
0 0.5026041666666667 0.5592592592592591 0.03020833333333333 0.12962962962962962
0 0.4671874999999999 0.6504629629629629 0.04791666666666666 0.17314814814814813
5 0.6479166666666666 0.6421296296296296 0.028125 0.14351851851851852
0 0.4890624999999999 0.6495370370370369 0.03229166666666666 0.16574074074074072
0 0.5239583333333333 0.6430555555555555 0.034375 0.1509259259259259
0 0.55078125 0.625462962962963 0.03177083333333333 0.1398148148148148
0 0.5825520833333333 0.6203703703703703 0.034895833333333334 0.1388888888888889
0 0.5708333333333333 0.6097222222222223 0.02708333333333333 0.12685185185185183
0 0.52734375 0.6796296296296296 0.0421875 0.16296296296296295
0 0.5598958333333333 0.6953703703703703 0.02708333333333333 0.12962962962962962
0 0.5888020833333333 0.7041666666666666 0.03802083333333333 0.1935185185185185
0 0.6171875 0.7467592592592592 0.040625 0.2009259259259259
0 0.6046875 0.6157407407407407 0.03020833333333333 0.14074074074074075
0 0.6666666666666666 0.6592592592592592 0.034375 0.1685185185185185
0 0.6346354166666666 0.7157407407407408 0.03697916666666666 0.1648148148148148
0 0.7859375 0.8657407407407407 0.06145833333333332 0.20370370370370366
0 0.9351562499999998 0.8384259259259259 0.056770833333333326 0.20833333333333331
0 0.40390625 0.5078703703703703 0.025520833333333333 0.10462962962962963
5 0.7096354166666666 0.5319444444444443 0.0234375 0.06574074074074074
0 0.6901041666666666 0.4888888888888888 0.026041666666666664 0.09074074074074073
0 0.7174479166666666 0.48564814814814816 0.0296875 0.08981481481481482
5 0.7692708333333333 0.5578703703703703 0.03125 0.08796296296296295
5 0.5630208333333333 0.5078703703703703 0.022916666666666665 0.11018518518518519
