0 0.26223958333333336 0.624074074074074 0.04635416666666667 0.1796296296296296
0 0.32109375 0.6259259259259259 0.04114583333333334 0.1925925925925926
0 0.3572916666666667 0.648611111111111 0.036458333333333336 0.16944444444444443
0 0.5359375000000001 0.624537037037037 0.035416666666666666 0.18796296296296294
0 0.5640625 0.6231481481481482 0.03125 0.17777777777777776
0 0.6401041666666666 0.6268518518518519 0.028125 0.1685185185185185
0 0.7458333333333335 0.5148148148148148 0.02395833333333333 0.0962962962962963
0 0.7205729166666667 0.4726851851851851 0.025520833333333333 0.07685185185185185
0 0.6044270833333334 0.6365740740740741 0.035937500000000004 0.1787037037037037
0 0.6994791666666667 0.924537037037037 0.06354166666666666 0.15277777777777776
0 0.6312500000000001 0.9189814814814814 0.065625 0.16203703703703703
0 0.4630208333333333 0.599537037037037 0.025 0.11574074074074073
0 0.49218750000000006 0.5837962962962963 0.034374999999999996 0.16018518518518518
0 0.4791666666666667 0.6351851851851851 0.036458333333333336 0.15925925925925927
0 0.6614583333333334 0.611111111111111 0.034374999999999996 0.14629629629629629
0 0.5499999999999999 0.5893518518518518 0.026041666666666668 0.1361111111111111
0 0.6000000000000001 0.5930555555555554 0.041666666666666664 0.16203703703703703
0 0.6888020833333334 0.6078703703703704 0.03177083333333333 0.14907407407407408
0 0.6385416666666666 0.5967592592592593 0.030208333333333334 0.14351851851851852
0 0.8328125000000001 0.7203703703703703 0.046875 0.2
0 0.8515625 0.7101851851851851 0.051041666666666666 0.19629629629629627
0 0.8500000000000001 0.6986111111111111 0.034374999999999996 0.18796296296296294
0 0.5596354166666666 0.9175925925925925 0.0609375 0.16666666666666666
0 0.8864583333333333 0.7027777777777776 0.041666666666666664 0.18703703703703703
0 0.16901041666666666 0.8314814814814814 0.05572916666666666 0.23333333333333334
0 0.21979166666666666 0.8444444444444444 0.05520833333333334 0.22777777777777777
0 0.16666666666666666 0.899074074074074 0.06041666666666667 0.2037037037037037
0 0.09947916666666667 0.8069444444444444 0.0375 0.21018518518518517
0 0.10833333333333334 0.825925925925926 0.041666666666666664 0.23703703703703702
0 0.5481770833333334 0.6912037037037035 0.04010416666666666 0.18796296296296294
0 0.7453124999999999 0.7055555555555556 0.04583333333333334 0.19444444444444445
0 0.62265625 0.7199074074074073 0.044270833333333336 0.19907407407407407
0 0.6395833333333334 0.7175925925925924 0.036458333333333336 0.1796296296296296
0 0.6463541666666666 0.7032407407407407 0.040625 0.16203703703703703
0 0.7723958333333334 0.7467592592592592 0.034374999999999996 0.12870370370370368
0 0.7682291666666666 0.7555555555555554 0.040625 0.17037037037037037
0 0.7885416666666667 0.7351851851851852 0.042708333333333334 0.19629629629629627
0 0.56640625 0.5324074074074073 0.029687500000000002 0.1074074074074074
0 0.5333333333333333 0.524074074074074 0.03333333333333333 0.1259259259259259
0 0.4375 0.5277777777777778 0.030208333333333334 0.13518518518518519
0 0.6749999999999999 0.5893518518518519 0.040625 0.16203703703703703
0 0.5148437499999999 0.5087962962962963 0.0234375 0.09907407407407406
0 0.4854166666666667 0.49907407407407406 0.030208333333333334 0.1074074074074074
0 0.4526041666666667 0.4912037037037037 0.029166666666666667 0.12129629629629629
0 0.42239583333333336 0.48981481481481476 0.029166666666666667 0.1111111111111111
0 0.40390624999999997 0.48796296296296293 0.025520833333333333 0.11296296296296296
0 0.4552083333333333 0.47175925925925927 0.02395833333333333 0.11018518518518518
0 0.4239583333333333 0.47129629629629627 0.02395833333333333 0.11296296296296296
0 0.409375 0.4662037037037036 0.021875000000000002 0.12314814814814815
0 0.39609375 0.47314814814814815 0.0234375 0.11296296296296296
0 0.4963541666666667 0.4921296296296296 0.025 0.10462962962962963
0 0.70234375 0.4819444444444444 0.0234375 0.06574074074074074
0 0.7505208333333333 0.43425925925925923 0.01979166666666667 0.07407407407407408
0 0.7526041666666669 0.4310185185185185 0.027083333333333334 0.0824074074074074
0 0.7664062500000001 0.5152777777777777 0.029687500000000002 0.08796296296296297
0 0.5622395833333333 0.45370370370370366 0.02760416666666667 0.10925925925925925
