0 0.27005208333333336 0.6129629629629629 0.043229166666666666 0.17407407407407408
0 0.27447916666666666 0.6421296296296296 0.05 0.1787037037037037
0 0.5557291666666666 0.6407407407407407 0.034375 0.18703703703703703
0 0.5848958333333333 0.6398148148148148 0.034375 0.1759259259259259
5 0.6541666666666667 0.6425925925925926 0.03020833333333333 0.1759259259259259
0 0.7333333333333333 0.5203703703703704 0.02395833333333333 0.0962962962962963
5 0.7309895833333333 0.48194444444444445 0.025520833333333333 0.07685185185185185
0 0.6174479166666667 0.6421296296296296 0.03177083333333333 0.1787037037037037
0 0.61015625 0.975462962962963 0.05260416666666666 0.050925925925925916
0 0.46744791666666663 0.6384259259259258 0.027604166666666662 0.13796296296296295
0 0.5013020833333333 0.6212962962962962 0.03697916666666666 0.1648148148148148
0 0.5606770833333333 0.6666666666666666 0.0390625 0.16296296296296295
0 0.7588541666666666 0.6407407407407406 0.034375 0.14629629629629629
0 0.6645833333333333 0.625462962962963 0.029166666666666664 0.1509259259259259
0 0.7052083333333333 0.6194444444444445 0.041666666666666664 0.16296296296296295
0 0.7958333333333333 0.6393518518518518 0.03229166666666666 0.1509259259259259
5 0.6520833333333333 0.6018518518518519 0.028125 0.14259259259259258
0 0.9671875 0.7523148148148148 0.057291666666666664 0.20462962962962963
0 0.9559895833333332 0.7402777777777777 0.05052083333333333 0.19166666666666665
0 0.5119791666666667 0.9680555555555556 0.06145833333333332 0.06574074074074074
0 0.2247395833333333 0.7944444444444444 0.0484375 0.23518518518518516
0 0.2692708333333333 0.8027777777777777 0.04895833333333333 0.22037037037037038
0 0.24739583333333331 0.862037037037037 0.05625 0.22962962962962963
0 0.11354166666666668 0.8046296296296296 0.03958333333333333 0.20925925925925926
0 0.12994791666666666 0.874074074074074 0.05364583333333332 0.24259259259259255
0 0.4760416666666666 0.6638888888888889 0.03229166666666666 0.1759259259259259
0 0.7736979166666667 0.6759259259259258 0.04010416666666666 0.17962962962962964
0 0.6109375 0.7208333333333332 0.03958333333333333 0.20277777777777778
0 0.6450520833333333 0.7282407407407406 0.034895833333333334 0.18055555555555552
0 0.5302083333333333 0.6810185185185185 0.03854166666666666 0.15462962962962962
0 0.7973958333333333 0.7175925925925926 0.034375 0.11851851851851851
0 0.75078125 0.7180555555555556 0.04010416666666666 0.15462962962962962
0 0.86484375 0.7527777777777778 0.05260416666666666 0.2185185185185185
0 0.8934895833333334 0.7504629629629629 0.049479166666666664 0.21018518518518517
0 0.7828125 0.7060185185185185 0.040625 0.1824074074074074
0 0.59921875 0.5708333333333333 0.0296875 0.1324074074074074
0 0.5703124999999999 0.5587962962962962 0.035416666666666666 0.1398148148148148
0 0.4570312499999999 0.5625 0.033854166666666664 0.14537037037037037
0 0.5666666666666667 0.5907407407407408 0.04479166666666666 0.15740740740740738
0 0.5385416666666666 0.5273148148148148 0.022916666666666665 0.10462962962962963
0 0.5182291666666667 0.5208333333333333 0.03020833333333333 0.11203703703703702
0 0.4911458333333333 0.514351851851852 0.03333333333333333 0.12129629629629628
0 0.4419270833333333 0.5143518518518518 0.03177083333333333 0.11203703703703702
0 0.4135416666666666 0.514351851851852 0.025 0.11574074074074074
0 0.5135416666666666 0.49490740740740735 0.026041666666666664 0.11018518518518519
0 0.4854166666666667 0.4916666666666666 0.02395833333333333 0.11296296296296296
0 0.4677083333333333 0.4888888888888888 0.026041666666666664 0.12407407407407407
0 0.4484375 0.49444444444444446 0.025 0.11481481481481481
0 0.4122395833333333 0.4814814814814815 0.0265625 0.10925925925925925
0 0.4447916666666666 0.47407407407407404 0.026041666666666664 0.1074074074074074
0 0.5239583333333333 0.5185185185185185 0.021875 0.1074074074074074
5 0.7135416666666667 0.4921296296296296 0.02395833333333333 0.06574074074074074
0 0.42838541666666663 0.4726851851851851 0.024479166666666666 0.12314814814814815
0 0.75859375 0.43981481481481477 0.01927083333333333 0.07407407407407407
0 0.7666666666666667 0.43472222222222223 0.02708333333333333 0.0824074074074074
5 0.7791666666666667 0.5208333333333333 0.03020833333333333 0.08796296296296295
5 0.5713541666666666 0.4643518518518518 0.025 0.11018518518518519
