0 0.26197916666666665 0.7226851851851851 0.05416666666666666 0.21018518518518517
0 0.3270833333333333 0.7217592592592592 0.05 0.21759259259259256
0 0.3848958333333333 0.7046296296296296 0.03958333333333333 0.1907407407407407
0 0.27057291666666666 0.9060185185185186 0.0671875 0.18796296296296294
0 0.3372395833333333 0.9138888888888888 0.06302083333333333 0.17407407407407408
0 0.5776041666666666 0.6453703703703704 0.041666666666666664 0.1907407407407407
0 0.5851562499999999 0.6430555555555555 0.033854166666666664 0.18055555555555552
5 0.6453125 0.6314814814814815 0.028125 0.1685185185185185
0 0.7893229166666667 0.5282407407407408 0.025520833333333333 0.09351851851851851
5 0.7062499999999999 0.48194444444444445 0.026041666666666664 0.07685185185185185
0 0.6184895833333333 0.6518518518518518 0.03802083333333333 0.18148148148148147
0 0.7367187499999999 0.8018518518518517 0.043229166666666666 0.22777777777777777
0 0.6927083333333333 0.8027777777777778 0.04791666666666666 0.23148148148148148
0 0.9208333333333332 0.7060185185185185 0.059375 0.1935185185185185
0 0.45234375 0.5472222222222223 0.0234375 0.11296296296296296
0 0.47526041666666663 0.5347222222222222 0.03072916666666666 0.1398148148148148
0 0.4328125 0.575 0.03020833333333333 0.137037037037037
0 0.5083333333333333 0.561574074074074 0.03333333333333333 0.13796296296296295
0 0.50390625 0.5356481481481481 0.025520833333333333 0.12314814814814815
0 0.5322916666666666 0.5425925925925925 0.03229166666666666 0.1388888888888889
0 0.5364583333333333 0.5564814814814814 0.03020833333333333 0.12962962962962962
0 0.5614583333333333 0.6805555555555556 0.051041666666666666 0.19814814814814813
5 0.62421875 0.6050925925925925 0.0296875 0.14351851851851852
0 0.5796875 0.6722222222222223 0.040625 0.18888888888888888
0 0.5989583333333333 0.6754629629629629 0.03645833333333333 0.17314814814814813
0 0.53515625 0.6453703703703704 0.0359375 0.17407407407407408
0 0.6864583333333333 0.6268518518518518 0.03645833333333333 0.15740740740740738
0 0.6895833333333333 0.625925925925926 0.03125 0.15185185185185185
0 0.6671874999999999 0.7050925925925926 0.04479166666666666 0.175
0 0.6854166666666667 0.7189814814814814 0.03333333333333333 0.13425925925925924
0 0.7830729166666667 0.711111111111111 0.056770833333333326 0.19814814814814813
0 0.6401041666666666 0.799074074074074 0.046875 0.23703703703703702
0 0.7505208333333333 0.6296296296296295 0.03958333333333333 0.17037037037037037
0 0.8041666666666666 0.673611111111111 0.042708333333333334 0.18425925925925926
0 0.8406249999999998 0.7189814814814814 0.05833333333333333 0.17685185185185184
0 0.028385416666666663 0.9171296296296296 0.05572916666666666 0.16759259259259257
0 0.06875 0.9314814814814815 0.053125 0.137037037037037
0 0.3796875 0.8212962962962962 0.04479166666666666 0.20370370370370366
0 0.55546875 0.8194444444444444 0.0578125 0.22037037037037038
0 0.8471354166666666 0.7842592592592592 0.0609375 0.20925925925925926
0 0.9307291666666666 0.7629629629629628 0.0625 0.21666666666666665
0 0.9273437499999998 0.7569444444444444 0.04114583333333333 0.2009259259259259
0 0.4875 0.4916666666666666 0.055208333333333325 0.10925925925925925
0 0.4598958333333333 0.4856481481481481 0.03229166666666666 0.12314814814814815
0 0.3880208333333333 0.4814814814814815 0.028125 0.12407407407407407
0 0.3953125 0.48240740740740734 0.026041666666666664 0.09074074074074073
0 0.38177083333333334 0.4726851851851851 0.026041666666666664 0.10462962962962963
0 0.384375 0.4722222222222222 0.025 0.11296296296296296
5 0.6890625 0.4888888888888888 0.02395833333333333 0.06666666666666667
0 0.7270833333333333 0.44861111111111107 0.022916666666666665 0.0824074074074074
0 0.7479166666666666 0.4458333333333333 0.028125 0.08981481481481482
5 0.7489583333333333 0.5199074074074074 0.03020833333333333 0.08796296296296295
5 0.5369791666666667 0.4652777777777777 0.02395833333333333 0.11018518518518519
