0 0.28671875 0.6574074074074073 0.05260416666666666 0.1925925925925926
0 0.3434895833333333 0.6606481481481481 0.04427083333333333 0.20277777777777778
0 0.4338541666666666 0.6574074074074073 0.03854166666666666 0.17407407407407408
0 0.18541666666666665 0.9606481481481481 0.06145833333333332 0.07870370370370369
0 0.28541666666666665 0.9662037037037037 0.06354166666666666 0.06944444444444445
0 0.53125 0.611111111111111 0.03645833333333333 0.17962962962962964
0 0.5619791666666666 0.611111111111111 0.034375 0.17407407407407408
5 0.6541666666666666 0.6231481481481481 0.028125 0.1685185185185185
0 0.7916666666666667 0.5092592592592593 0.02395833333333333 0.09259259259259259
5 0.7119791666666666 0.46990740740740744 0.026041666666666664 0.07685185185185185
0 0.6216145833333333 0.6328703703703703 0.03697916666666666 0.17314814814814813
0 0.7276041666666666 0.8763888888888889 0.05625 0.24722222222222218
0 0.6768229166666667 0.8773148148148149 0.06302083333333333 0.24351851851851852
0 0.4627604166666666 0.5666666666666667 0.0234375 0.11296296296296296
0 0.49375 0.5527777777777777 0.03020833333333333 0.14629629629629629
0 0.4567708333333333 0.5981481481481481 0.03020833333333333 0.14444444444444443
0 0.5635416666666666 0.5814814814814814 0.034375 0.14259259259259258
0 0.5197916666666667 0.5555555555555556 0.026041666666666664 0.13518518518518519
0 0.5401041666666666 0.5541666666666667 0.03229166666666666 0.14537037037037037
0 0.5911458333333333 0.5824074074074074 0.03125 0.14814814814814814
0 0.7627604166666666 0.7046296296296296 0.05260416666666666 0.20555555555555555
5 0.6346354166666666 0.5921296296296296 0.0296875 0.14351851851851852
0 0.771875 0.6972222222222222 0.042708333333333334 0.1907407407407407
0 0.8005208333333332 0.6958333333333332 0.04583333333333333 0.18425925925925926
0 0.6854166666666666 0.6768518518518518 0.046875 0.17962962962962964
0 0.7848958333333333 0.6569444444444443 0.041666666666666664 0.16759259259259257
0 0.8059895833333333 0.6587962962962963 0.03177083333333333 0.16759259259259257
0 0.865625 0.7203703703703703 0.057291666666666664 0.18703703703703703
0 0.890625 0.7319444444444444 0.0375 0.14351851851851852
0 0.5984375 0.8726851851851851 0.05625 0.2564814814814815
0 0.8335937499999998 0.6513888888888888 0.04114583333333333 0.17314814814814813
0 0.9604166666666666 0.7018518518518518 0.042708333333333334 0.2
0 0.10286458333333333 0.8787037037037037 0.06510416666666666 0.24259259259259255
0 0.1625 0.8916666666666666 0.055208333333333325 0.2185185185185185
0 0.09765625 0.9337962962962962 0.0546875 0.13425925925925924
0 0.20026041666666666 0.8050925925925926 0.05260416666666666 0.20462962962962963
0 0.2958333333333333 0.8231481481481481 0.071875 0.22037037037037038
0 0.6611979166666666 0.7236111111111111 0.04010416666666666 0.1935185185185185
0 0.8299479166666666 0.7449074074074074 0.056770833333333326 0.2064814814814815
0 0.7395833333333333 0.7347222222222222 0.04895833333333333 0.21203703703703702
0 0.7447916666666667 0.7324074074074074 0.03645833333333333 0.18518518518518517
0 0.7802083333333333 0.7333333333333333 0.046875 0.1759259259259259
0 0.8661458333333332 0.7680555555555555 0.042708333333333334 0.1324074074074074
0 0.9536458333333334 0.7680555555555555 0.04791666666666666 0.16759259259259257
0 0.9651041666666667 0.7560185185185185 0.042708333333333334 0.21203703703703702
0 0.5375 0.5032407407407408 0.028125 0.10648148148148147
0 0.50703125 0.49907407407407406 0.03177083333333333 0.1259259259259259
0 0.4263020833333333 0.5 0.0296875 0.1259259259259259
0 0.7890624999999999 0.5726851851851852 0.03229166666666666 0.1398148148148148
0 0.4734374999999999 0.48611111111111105 0.022916666666666665 0.09074074074074073
0 0.45234375 0.4814814814814815 0.025520833333333333 0.10185185185185183
0 0.40885416666666663 0.4731481481481481 0.029166666666666664 0.11296296296296296
0 0.38697916666666665 0.46990740740740733 0.025 0.11203703703703702
0 0.4609375 0.47175925925925927 0.025 0.10462962962962963
5 0.6963541666666667 0.4819444444444444 0.02395833333333333 0.06574074074074074
0 0.75 0.42777777777777776 0.01875 0.07407407407407407
0 0.7552083333333333 0.42824074074074076 0.02708333333333333 0.0824074074074074
5 0.7604166666666667 0.5106481481481481 0.03020833333333333 0.08796296296296295
5 0.5520833333333333 0.4537037037037037 0.026041666666666664 0.11481481481481481
