0 0.5682291666666666 0.6467592592592593 0.034375 0.18796296296296294
0 0.6018229166666667 0.6518518518518518 0.033854166666666664 0.18148148148148147
5 0.6630208333333333 0.6481481481481481 0.03020833333333333 0.1759259259259259
0 0.7393229166666666 0.5203703703703704 0.0234375 0.0962962962962963
5 0.7385416666666667 0.4828703703703704 0.025 0.07685185185185185
0 0.6249999999999999 0.6458333333333333 0.03229166666666666 0.1787037037037037
0 0.4895833333333333 0.6541666666666666 0.028125 0.13796296296296295
0 0.5216145833333333 0.6393518518518517 0.0359375 0.17129629629629628
0 0.6140625 0.6856481481481481 0.041666666666666664 0.16574074074074072
0 0.8096354166666666 0.6638888888888889 0.034895833333333334 0.16296296296296295
0 0.73671875 0.6393518518518518 0.0296875 0.1509259259259259
0 0.7674479166666666 0.637037037037037 0.04010416666666666 0.16666666666666666
0 0.8432291666666666 0.6629629629629629 0.0375 0.1685185185185185
5 0.6585937499999999 0.6023148148148147 0.027604166666666662 0.14351851851851852
0 0.2518229166666667 0.7763888888888888 0.04739583333333333 0.22314814814814815
0 0.2947916666666667 0.7861111111111111 0.042708333333333334 0.20555555555555555
0 0.2794270833333333 0.8347222222222221 0.056770833333333326 0.22129629629629627
0 0.15442708333333333 0.8023148148148147 0.04010416666666666 0.21018518518518517
0 0.14296875 0.8916666666666666 0.0609375 0.2185185185185185
0 0.4554687499999999 0.6550925925925926 0.033854166666666664 0.16759259259259257
0 0.7739583333333333 0.6722222222222222 0.035416666666666666 0.18518518518518517
0 0.6177083333333333 0.724074074074074 0.03958333333333333 0.20370370370370366
0 0.6557291666666666 0.7370370370370369 0.0375 0.18518518518518517
0 0.4833333333333333 0.6717592592592593 0.040625 0.15648148148148147
0 0.7924479166666666 0.7106481481481481 0.0296875 0.11759259259259258
0 0.7770833333333333 0.7 0.03645833333333333 0.1537037037037037
0 0.8278645833333332 0.736111111111111 0.04739583333333333 0.21296296296296294
0 0.8661458333333334 0.736111111111111 0.041666666666666664 0.20185185185185187
0 0.9552083333333332 0.7722222222222223 0.059375 0.21296296296296294
0 0.8028645833333332 0.6939814814814814 0.03802083333333333 0.1787037037037037
0 0.98515625 0.7717592592592593 0.0265625 0.19537037037037036
0 0.6166666666666666 0.5851851851851851 0.03229166666666666 0.13148148148148148
0 0.5895833333333333 0.5768518518518517 0.0375 0.14629629629629629
0 0.4598958333333333 0.5800925925925926 0.03333333333333333 0.14907407407407408
0 0.5239583333333333 0.5925925925925926 0.04479166666666666 0.15740740740740738
0 0.5567708333333333 0.5449074074074074 0.022916666666666665 0.10462962962962963
0 0.5338541666666667 0.5439814814814815 0.03020833333333333 0.12685185185185183
0 0.50390625 0.5268518518518518 0.03177083333333333 0.12037037037037038
0 0.4513020833333333 0.5296296296296296 0.03177083333333333 0.11851851851851851
0 0.4145833333333333 0.525462962962963 0.026041666666666664 0.11944444444444444
0 0.5341145833333333 0.5106481481481481 0.027604166666666662 0.11574074074074074
0 0.5098958333333333 0.5027777777777778 0.02395833333333333 0.11296296296296296
0 0.4890624999999999 0.5018518518518518 0.026041666666666664 0.12962962962962962
0 0.4705729166666667 0.5064814814814815 0.025520833333333333 0.11851851851851851
0 0.4255208333333333 0.49444444444444435 0.02708333333333333 0.11851851851851851
0 0.48515625 0.4814814814814815 0.025520833333333333 0.1074074074074074
0 0.41875 0.4643518518518519 0.02395833333333333 0.08981481481481482
0 0.5325520833333333 0.5259259259259259 0.021354166666666667 0.1074074074074074
5 0.7223958333333333 0.49120370370370364 0.02395833333333333 0.06574074074074074
0 0.4643229166666667 0.4833333333333333 0.025520833333333333 0.12407407407407407
0 0.7653645833333333 0.4416666666666666 0.01927083333333333 0.07407407407407407
0 0.7739583333333333 0.4375 0.02708333333333333 0.0824074074074074
5 0.7859375 0.524537037037037 0.03020833333333333 0.08796296296296295
5 0.5802083333333333 0.46712962962962956 0.026041666666666664 0.11018518518518519
