0 0.22343749999999996 0.6083333333333333 0.04583333333333333 0.17962962962962964
0 0.2794270833333333 0.6129629629629629 0.0453125 0.17407407407407408
0 0.2921875 0.6347222222222222 0.046875 0.17314814814814813
0 0.5489583333333333 0.6398148148148148 0.034375 0.18703703703703703
0 0.5794270833333333 0.6361111111111111 0.033854166666666664 0.1759259259259259
5 0.6518229166666666 0.6388888888888888 0.0296875 0.1759259259259259
0 0.73125 0.5203703703703704 0.02395833333333333 0.0962962962962963
5 0.72890625 0.4810185185185185 0.025520833333333333 0.07685185185185185
0 0.61484375 0.6393518518518518 0.03177083333333333 0.1787037037037037
0 0.6880208333333333 0.9689814814814814 0.05208333333333333 0.06388888888888888
0 0.6132812499999999 0.9666666666666668 0.06197916666666666 0.0685185185185185
0 0.4661458333333333 0.6324074074074073 0.02708333333333333 0.137037037037037
0 0.4981770833333333 0.6148148148148148 0.0359375 0.16296296296296295
0 0.5411458333333333 0.6611111111111111 0.0375 0.1611111111111111
0 0.7421875 0.6351851851851851 0.034375 0.14629629629629629
0 0.64453125 0.6175925925925926 0.0296875 0.14259259259259258
0 0.68515625 0.6148148148148148 0.0421875 0.16296296296296295
0 0.7776041666666667 0.6328703703703703 0.03125 0.14907407407407408
5 0.6479166666666666 0.6023148148148147 0.029166666666666664 0.14351851851851852
0 0.9427083333333333 0.7467592592592591 0.05833333333333333 0.20462962962962963
0 0.93515625 0.7310185185185185 0.04010416666666666 0.18796296296296294
0 0.5161458333333333 0.9574074074074073 0.06145833333333332 0.08703703703703704
0 0.2130208333333333 0.8013888888888887 0.04895833333333333 0.23796296296296293
0 0.26197916666666665 0.8087962962962962 0.04791666666666666 0.21944444444444441
0 0.23463541666666665 0.8712962962962962 0.0578125 0.23148148148148148
0 0.10807291666666667 0.811574074074074 0.03802083333333333 0.21018518518518517
0 0.12421875 0.860648148148148 0.0484375 0.24351851851851852
0 0.4828125 0.6671296296296296 0.0375 0.17685185185185184
0 0.771875 0.6763888888888888 0.03958333333333333 0.1787037037037037
0 0.6075520833333333 0.7194444444444443 0.04010416666666666 0.20370370370370366
0 0.6377604166666666 0.7259259259259259 0.0328125 0.17962962962962964
0 0.54765625 0.687037037037037 0.04427083333333333 0.15925925925925927
0 0.7927083333333333 0.7194444444444443 0.034375 0.11851851851851851
0 0.740625 0.7254629629629629 0.040625 0.15462962962962962
0 0.8828125 0.7574074074074073 0.0625 0.2185185185185185
0 0.9052083333333332 0.7513888888888889 0.05625 0.21018518518518517
0 0.7736979166666667 0.7129629629629629 0.04010416666666666 0.18703703703703703
0 0.5921874999999999 0.5671296296296295 0.029166666666666664 0.1324074074074074
0 0.5645833333333333 0.5532407407407407 0.03333333333333333 0.1398148148148148
0 0.4549479166666666 0.5560185185185185 0.033854166666666664 0.14351851851851852
0 0.5841145833333333 0.587962962962963 0.04427083333333333 0.15740740740740738
0 0.5361979166666666 0.524074074074074 0.021354166666666667 0.1037037037037037
0 0.5135416666666667 0.5175925925925926 0.03020833333333333 0.1074074074074074
0 0.4822916666666666 0.5097222222222222 0.03125 0.12129629629629628
0 0.4375 0.5111111111111111 0.03020833333333333 0.11296296296296296
0 0.4109375 0.5106481481481481 0.025 0.11574074074074074
0 0.50390625 0.4902777777777777 0.025520833333333333 0.11018518518518519
0 0.4776041666666667 0.487962962962963 0.02395833333333333 0.11296296296296296
0 0.4578124999999999 0.4856481481481481 0.026041666666666664 0.12314814814814815
0 0.4421875 0.4898148148148148 0.02395833333333333 0.11481481481481481
0 0.4036458333333333 0.4796296296296296 0.025 0.10925925925925925
0 0.4309895833333333 0.4703703703703703 0.025520833333333333 0.1074074074074074
0 0.5192708333333333 0.5157407407407407 0.021875 0.1074074074074074
5 0.7109375 0.49120370370370364 0.02395833333333333 0.06574074074074074
0 0.41328125 0.47175925925925916 0.0234375 0.12314814814814815
0 0.7562499999999999 0.43981481481481477 0.019791666666666666 0.07407407407407407
0 0.7645833333333333 0.43472222222222223 0.02708333333333333 0.0824074074074074
5 0.7763020833333333 0.5208333333333333 0.0296875 0.08796296296296295
5 0.5692708333333333 0.46342592592592585 0.025 0.11018518518518519
