0 0.23359375 0.825 0.0671875 0.24259259259259255
0 0.29010416666666666 0.8347222222222221 0.055208333333333325 0.24907407407407406
0 0.32812499999999994 0.7972222222222222 0.04583333333333333 0.2111111111111111
0 0.3494791666666667 0.8523148148148147 0.055208333333333325 0.23425925925925925
0 0.4049479166666667 0.8574074074074073 0.056770833333333326 0.22037037037037038
0 0.7130208333333333 0.7027777777777777 0.046875 0.19444444444444445
0 0.7143229166666666 0.6953703703703703 0.03697916666666666 0.18888888888888888
5 0.665625 0.6611111111111111 0.03020833333333333 0.1685185185185185
0 0.8075520833333334 0.5574074074074074 0.027604166666666662 0.09259259259259259
5 0.7218749999999999 0.5064814814814815 0.026041666666666664 0.07592592592592592
0 0.6635416666666667 0.6861111111111111 0.03333333333333333 0.18148148148148147
0 0.8338541666666666 0.7125 0.03958333333333333 0.18425925925925926
0 0.7528645833333333 0.7449074074074074 0.04427083333333333 0.2009259259259259
0 0.6828125 0.7444444444444445 0.05208333333333333 0.19629629629629627
0 0.82265625 0.6939814814814814 0.04010416666666666 0.18055555555555552
0 0.4453125 0.5412037037037037 0.02395833333333333 0.10648148148148147
0 0.47421875 0.5291666666666666 0.0296875 0.12314814814814815
0 0.4338541666666667 0.5685185185185185 0.02708333333333333 0.1259259259259259
0 0.4841145833333333 0.5574074074074074 0.03072916666666666 0.12407407407407407
0 0.4984374999999999 0.5337962962962963 0.026041666666666664 0.11388888888888889
0 0.5395833333333333 0.5351851851851852 0.03125 0.1259259259259259
0 0.5125 0.5583333333333333 0.03020833333333333 0.12962962962962962
0 0.4744791666666666 0.6476851851851853 0.04375 0.17685185185185184
5 0.6473958333333333 0.6319444444444444 0.029166666666666664 0.14351851851851852
0 0.5018229166666666 0.6430555555555555 0.043229166666666666 0.16759259259259257
0 0.5359375 0.6407407407407407 0.034375 0.15185185185185185
0 0.5611979166666667 0.6236111111111111 0.03177083333333333 0.14351851851851852
0 0.5911458333333333 0.6208333333333333 0.03229166666666666 0.1509259259259259
0 0.5760416666666666 0.6046296296296296 0.029166666666666664 0.1259259259259259
0 0.5346354166666667 0.6782407407407407 0.04427083333333333 0.16759259259259257
0 0.56796875 0.699537037037037 0.03177083333333333 0.1287037037037037
0 0.6119791666666666 0.7046296296296296 0.040625 0.1925925925925926
0 0.6375 0.749074074074074 0.04479166666666666 0.20555555555555555
0 0.62734375 0.611111111111111 0.0296875 0.14259259259259258
0 0.6963541666666666 0.6611111111111111 0.035416666666666666 0.1685185185185185
0 0.65703125 0.7101851851851851 0.03697916666666666 0.1685185185185185
0 0.010156249999999999 0.962037037037037 0.01927083333333333 0.07592592592592592
0 0.71015625 0.8490740740740741 0.0484375 0.20370370370370366
0 0.86796875 0.8282407407407406 0.0546875 0.21203703703703702
0 0.42447916666666663 0.5004629629629629 0.026041666666666664 0.10462962962962963
0 0.39375 0.4888888888888888 0.025 0.11666666666666665
5 0.7104166666666667 0.5199074074074074 0.02395833333333333 0.06574074074074074
0 0.7026041666666666 0.4796296296296296 0.026041666666666664 0.09074074074074073
0 0.7268229166666667 0.4773148148148148 0.0296875 0.08981481481481482
5 0.7692708333333333 0.548611111111111 0.03125 0.08796296296296295
5 0.5625 0.4930555555555555 0.02395833333333333 0.11018518518518519
