0 0.2734375 0.7064814814814815 0.05416666666666666 0.2074074074074074
0 0.3380208333333333 0.7097222222222221 0.05 0.21759259259259256
0 0.39947916666666666 0.6962962962962963 0.03854166666666666 0.18703703703703703
0 0.24921875 0.9175925925925925 0.07135416666666666 0.16666666666666666
0 0.32682291666666663 0.9226851851851852 0.05364583333333332 0.15277777777777776
0 0.5583333333333333 0.6384259259259258 0.041666666666666664 0.18796296296296294
0 0.5729166666666667 0.6388888888888888 0.03333333333333333 0.18888888888888888
5 0.646875 0.6305555555555555 0.028125 0.1685185185185185
0 0.7908854166666667 0.525462962962963 0.025520833333333333 0.09351851851851851
5 0.7046874999999999 0.48009259259259257 0.026041666666666664 0.07685185185185185
0 0.6221354166666667 0.6518518518518518 0.03802083333333333 0.18148148148148147
0 0.7375 0.8226851851851851 0.04583333333333333 0.2361111111111111
0 0.6854166666666667 0.8212962962962962 0.055208333333333325 0.23518518518518516
0 0.9666666666666666 0.711111111111111 0.06041666666666666 0.1925925925925926
0 0.4544270833333333 0.5574074074074074 0.0234375 0.11296296296296296
0 0.4799479166666666 0.5398148148148147 0.03072916666666666 0.14444444444444443
0 0.4356770833333333 0.5837962962962963 0.0296875 0.13796296296296295
0 0.5200520833333333 0.5694444444444444 0.03177083333333333 0.14074074074074075
0 0.5041666666666667 0.5476851851851852 0.026041666666666664 0.1324074074074074
0 0.53203125 0.5472222222222222 0.03072916666666666 0.14074074074074075
0 0.5445312499999999 0.5638888888888889 0.03072916666666666 0.12962962962962962
0 0.5947916666666666 0.6912037037037037 0.04375 0.20277777777777778
5 0.6252604166666667 0.6032407407407407 0.0296875 0.14351851851851852
0 0.6166666666666666 0.6851851851851851 0.04479166666666666 0.1907407407407407
0 0.6395833333333333 0.6796296296296296 0.03645833333333333 0.17407407407407408
0 0.54765625 0.6583333333333333 0.03802083333333333 0.17407407407407408
0 0.7125 0.6314814814814815 0.03645833333333333 0.15740740740740738
0 0.7255208333333333 0.6342592592592593 0.03020833333333333 0.15185185185185185
0 0.7140625 0.7106481481481481 0.04375 0.1787037037037037
0 0.7328125 0.7222222222222221 0.03333333333333333 0.137037037037037
0 0.8265625 0.7143518518518518 0.06041666666666666 0.19907407407407407
0 0.6317708333333333 0.8231481481481481 0.04791666666666666 0.25
0 0.7674479166666666 0.637962962962963 0.04010416666666666 0.17037037037037037
0 0.8283854166666667 0.6842592592592592 0.04635416666666666 0.18703703703703703
0 0.8940104166666666 0.724537037037037 0.05989583333333333 0.17685185185185184
0 0.042708333333333334 0.9074074074074072 0.057291666666666664 0.18518518518518517
0 0.08411458333333333 0.9212962962962962 0.0546875 0.15740740740740738
0 0.03020833333333333 0.9787037037037036 0.03958333333333333 0.04444444444444444
0 0.3234375 0.8194444444444444 0.051041666666666666 0.20370370370370366
0 0.4932291666666666 0.8291666666666666 0.06666666666666667 0.22129629629629627
0 0.7966145833333333 0.774074074074074 0.06302083333333333 0.20925925925925926
0 0.8822916666666666 0.7601851851851851 0.053125 0.21296296296296294
0 0.8796875 0.7560185185185185 0.046875 0.19537037037037036
0 0.909375 0.7449074074074074 0.0375 0.1824074074074074
0 0.4979166666666666 0.5050925925925925 0.040625 0.10648148148148147
0 0.47135416666666663 0.49027777777777776 0.03229166666666666 0.12314814814814815
0 0.40078125 0.48611111111111105 0.0296875 0.12407407407407407
0 0.4104166666666666 0.48425925925925917 0.026041666666666664 0.09074074074074073
0 0.3958333333333333 0.4763888888888889 0.025 0.10277777777777777
0 0.39947916666666666 0.4810185185185185 0.025 0.11203703703703702
5 0.6901041666666667 0.48703703703703705 0.02395833333333333 0.06666666666666667
0 0.740625 0.44351851851851853 0.01875 0.07407407407407407
0 0.75 0.449537037037037 0.028125 0.08981481481481482
5 0.74921875 0.5199074074074074 0.0296875 0.08796296296296295
5 0.5369791666666667 0.4662037037037036 0.02395833333333333 0.11018518518518519
