0 0.26822916666666663 0.7138888888888889 0.05416666666666666 0.20925925925925926
0 0.3333333333333333 0.7162037037037037 0.05 0.21759259259259256
0 0.39218749999999997 0.700462962962963 0.03958333333333333 0.18796296296296294
0 0.26041666666666663 0.9115740740740741 0.07083333333333333 0.17685185185185184
0 0.3317708333333333 0.9180555555555555 0.05833333333333333 0.1638888888888889
0 0.5677083333333333 0.6416666666666667 0.041666666666666664 0.18888888888888888
0 0.578125 0.6412037037037036 0.03333333333333333 0.18425925925925926
5 0.6458333333333333 0.6314814814814815 0.028125 0.1685185185185185
0 0.7901041666666666 0.5268518518518518 0.026041666666666664 0.09259259259259259
5 0.7057291666666666 0.4810185185185185 0.026041666666666664 0.07685185185185185
0 0.6205729166666667 0.6518518518518518 0.03802083333333333 0.18148148148148147
0 0.7359375 0.8083333333333333 0.04375 0.22962962962962963
0 0.6880208333333333 0.812037037037037 0.04791666666666666 0.23518518518518516
0 0.9437499999999999 0.7092592592592591 0.06145833333333332 0.1925925925925926
0 0.4528645833333333 0.5537037037037037 0.0234375 0.11296296296296296
0 0.4773437499999999 0.5365740740740741 0.03072916666666666 0.14166666666666666
0 0.4341145833333333 0.5787037037037036 0.0296875 0.137037037037037
0 0.5138020833333333 0.5652777777777778 0.033854166666666664 0.13796296296296295
0 0.5041666666666667 0.5416666666666666 0.026041666666666664 0.12777777777777777
0 0.5307291666666666 0.5462962962962962 0.03229166666666666 0.14074074074074075
0 0.5401041666666667 0.5601851851851851 0.03020833333333333 0.12962962962962962
0 0.57421875 0.6898148148148148 0.0546875 0.20555555555555555
5 0.62421875 0.6041666666666666 0.0296875 0.14351851851851852
0 0.5960937499999999 0.6810185185185185 0.043229166666666666 0.18981481481481483
0 0.61796875 0.6782407407407407 0.0359375 0.17314814814814813
0 0.53828125 0.649537037037037 0.034895833333333334 0.175
0 0.6994791666666667 0.6296296296296295 0.03645833333333333 0.15740740740740738
0 0.7075520833333333 0.6296296296296295 0.03072916666666666 0.15185185185185185
0 0.6901041666666666 0.7083333333333333 0.04375 0.17777777777777776
0 0.7078125 0.7212962962962962 0.03333333333333333 0.13518518518518519
0 0.8036458333333332 0.7129629629629629 0.05833333333333333 0.19814814814814813
0 0.6364583333333333 0.8125 0.046875 0.24537037037037038
0 0.7588541666666667 0.6351851851851852 0.03958333333333333 0.17037037037037037
0 0.815625 0.6805555555555556 0.04375 0.18703703703703703
0 0.8669270833333332 0.7208333333333333 0.0546875 0.1787037037037037
0 0.03411458333333333 0.912037037037037 0.056770833333333326 0.1759259259259259
0 0.07552083333333333 0.9263888888888887 0.05416666666666666 0.1472222222222222
0 0.35234375 0.8208333333333334 0.05260416666666666 0.20462962962962963
0 0.5244791666666666 0.8217592592592592 0.057291666666666664 0.22314814814814815
0 0.81953125 0.7773148148148147 0.04635416666666666 0.21018518518518517
0 0.9052083333333332 0.7583333333333333 0.04583333333333333 0.21296296296296294
0 0.9028645833333332 0.7578703703703703 0.0453125 0.19722222222222222
0 0.9395833333333332 0.7499999999999999 0.03645833333333333 0.18518518518518517
0 0.4901041666666666 0.4962962962962962 0.06041666666666666 0.10925925925925925
0 0.4661458333333333 0.4884259259259259 0.03229166666666666 0.12314814814814815
0 0.39453125 0.4833333333333333 0.027604166666666662 0.12407407407407407
0 0.4036458333333333 0.48240740740740734 0.025 0.09074074074074073
0 0.3888020833333333 0.47407407407407404 0.025520833333333333 0.1037037037037037
0 0.39166666666666666 0.4768518518518518 0.025 0.11296296296296296
5 0.6895833333333333 0.4879629629629629 0.02395833333333333 0.06666666666666667
0 0.7330729166666666 0.4458333333333333 0.021354166666666667 0.07870370370370369
0 0.7489583333333333 0.4476851851851852 0.028125 0.08981481481481482
5 0.7484375 0.5199074074074074 0.03020833333333333 0.08796296296296295
5 0.5369791666666667 0.4662037037037036 0.02395833333333333 0.11018518518518519
