0 0.28281249999999997 0.6518518518518518 0.05 0.19074074074074074
0 0.3421875 0.649537037037037 0.043750000000000004 0.19907407407407407
0 0.42083333333333334 0.6537037037037037 0.036458333333333336 0.1722222222222222
0 0.5317708333333334 0.6134259259259258 0.035416666666666666 0.18055555555555552
0 0.5638020833333334 0.6138888888888889 0.033854166666666664 0.17407407407407408
0 0.6528645833333333 0.6222222222222222 0.02760416666666667 0.1685185185185185
0 0.7817708333333334 0.5050925925925926 0.02395833333333333 0.09351851851851851
0 0.7151041666666667 0.46898148148148144 0.026041666666666668 0.07685185185185185
0 0.61875 0.6273148148148148 0.03854166666666667 0.1675925925925926
0 0.72265625 0.8884259259259258 0.0546875 0.22129629629629627
0 0.6721354166666667 0.8898148148148147 0.06510416666666667 0.2222222222222222
0 0.4658854166666667 0.575 0.0234375 0.11296296296296296
0 0.4947916666666667 0.5634259259259259 0.03125 0.15092592592592594
0 0.465625 0.6092592592592593 0.030208333333333334 0.15185185185185185
0 0.5908854166666666 0.5935185185185184 0.034895833333333334 0.14444444444444443
0 0.5263020833333333 0.562037037037037 0.025520833333333333 0.13518518518518519
0 0.5557291666666667 0.5657407407407408 0.034374999999999996 0.14814814814814817
0 0.6161458333333334 0.5912037037037037 0.03125 0.14907407407407408
0 0.8356770833333335 0.7097222222222221 0.06302083333333333 0.20833333333333334
0 0.63828125 0.5912037037037037 0.029687500000000002 0.14351851851851852
0 0.83515625 0.7018518518518518 0.03697916666666667 0.19814814814814813
0 0.8596354166666667 0.7004629629629628 0.04739583333333334 0.1898148148148148
0 0.73828125 0.686574074074074 0.0484375 0.1861111111111111
0 0.8002604166666667 0.6773148148148148 0.050520833333333334 0.1898148148148148
0 0.8247395833333334 0.6629629629629629 0.033854166666666664 0.17037037037037037
0 0.9307291666666666 0.7324074074074074 0.06458333333333334 0.18703703703703703
0 0.596875 0.8837962962962962 0.06041666666666667 0.23055555555555554
0 0.8541666666666666 0.6680555555555555 0.041666666666666664 0.17314814814814813
0 0.12526041666666668 0.8643518518518519 0.059895833333333336 0.24537037037037035
0 0.18515625000000002 0.8810185185185184 0.05364583333333334 0.2398148148148148
0 0.12265625000000001 0.9212962962962963 0.0546875 0.15925925925925927
0 0.16614583333333335 0.8069444444444444 0.04583333333333334 0.2046296296296296
0 0.2328125 0.8254629629629628 0.075 0.22314814814814812
0 0.6265625 0.7106481481481481 0.040625 0.1935185185185185
0 0.7841145833333334 0.7305555555555555 0.0546875 0.2037037037037037
0 0.7020833333333334 0.7268518518518517 0.04791666666666666 0.20555555555555555
0 0.7013020833333334 0.7263888888888889 0.03697916666666667 0.1824074074074074
0 0.7424479166666667 0.7240740740740741 0.0421875 0.17407407407407408
0 0.8177083333333335 0.7643518518518518 0.042708333333333334 0.1324074074074074
0 0.89609375 0.7662037037037037 0.05364583333333334 0.1675925925925926
0 0.9091145833333334 0.749074074074074 0.050520833333333334 0.19814814814814813
0 0.5520833333333334 0.5115740740740741 0.028125 0.10648148148148147
0 0.5205729166666667 0.5060185185185184 0.03177083333333333 0.12685185185185185
0 0.4315104166666667 0.5064814814814814 0.029687500000000002 0.13148148148148148
0 0.7562500000000001 0.5856481481481481 0.03958333333333334 0.16018518518518518
0 0.4921875 0.4888888888888889 0.02291666666666667 0.09074074074074073
0 0.4674479166666667 0.48472222222222217 0.029687500000000002 0.10648148148148147
0 0.43046875 0.47777777777777775 0.029687500000000002 0.11296296296296296
0 0.40625 0.47916666666666663 0.030208333333333334 0.11203703703703702
0 0.3958333333333333 0.4749999999999999 0.021875000000000002 0.1074074074074074
0 0.40208333333333335 0.4643518518518518 0.02395833333333333 0.11018518518518518
0 0.4799479166666667 0.4782407407407407 0.025520833333333333 0.10462962962962963
0 0.7015625000000001 0.48009259259259257 0.02395833333333333 0.06574074074074074
0 0.7484375000000001 0.4287037037037037 0.01875 0.07407407407407408
0 0.7536458333333335 0.4291666666666666 0.027083333333333334 0.0824074074074074
0 0.7645833333333334 0.5097222222222222 0.030208333333333334 0.08796296296296297
0 0.5583333333333333 0.45 0.028125 0.10925925925925925
