0 0.2752604166666667 0.6129629629629629 0.04427083333333333 0.17407407407407408
0 0.28385416666666663 0.6384259259259258 0.046875 0.17314814814814813
0 0.5520833333333333 0.6402777777777777 0.034375 0.18796296296296294
0 0.5815104166666666 0.6375 0.033854166666666664 0.175
5 0.6526041666666667 0.6407407407407407 0.03020833333333333 0.1759259259259259
0 0.7322916666666667 0.5203703703703704 0.02395833333333333 0.0962962962962963
5 0.7299479166666667 0.4810185185185185 0.025520833333333333 0.07685185185185185
0 0.6158854166666667 0.6402777777777777 0.03177083333333333 0.1787037037037037
0 0.6861979166666666 0.9736111111111111 0.043229166666666666 0.054629629629629625
0 0.6114583333333333 0.9703703703703702 0.06041666666666666 0.0611111111111111
0 0.46744791666666663 0.6351851851851851 0.027604166666666662 0.137037037037037
0 0.4997395833333333 0.6171296296296296 0.0359375 0.1638888888888889
0 0.5499999999999999 0.6634259259259259 0.03854166666666666 0.16203703703703703
0 0.7494791666666666 0.637962962962963 0.034375 0.14629629629629629
0 0.653125 0.6212962962962962 0.029166666666666664 0.14629629629629629
0 0.6934895833333333 0.6166666666666666 0.0421875 0.16296296296296295
0 0.7859375 0.6356481481481481 0.03125 0.14907407407407408
5 0.6497395833333333 0.6023148148148147 0.028645833333333332 0.14351851851851852
0 0.95390625 0.7486111111111111 0.0578125 0.20462962962962963
0 0.9447916666666666 0.7351851851851852 0.04583333333333333 0.18888888888888888
0 0.5140625 0.962037037037037 0.06145833333333332 0.07777777777777777
0 0.21796875 0.798148148148148 0.0484375 0.23703703703703702
0 0.2653645833333333 0.8064814814814815 0.0484375 0.22222222222222224
0 0.24140624999999996 0.8671296296296296 0.056770833333333326 0.23055555555555554
0 0.11067708333333333 0.8087962962962962 0.0390625 0.21018518518518517
0 0.12604166666666666 0.8662037037037036 0.05 0.24351851851851852
0 0.47968749999999993 0.6652777777777777 0.035416666666666666 0.17685185185185184
0 0.7734375 0.675 0.03958333333333333 0.17777777777777776
0 0.6083333333333333 0.7185185185185184 0.03958333333333333 0.20370370370370366
0 0.6395833333333333 0.7259259259259259 0.03333333333333333 0.17962962962962964
0 0.5401041666666666 0.6842592592592592 0.041666666666666664 0.15740740740740738
0 0.7947916666666666 0.7175925925925926 0.034375 0.11851851851851851
0 0.7453125 0.7226851851851851 0.040625 0.15462962962962962
0 0.8744791666666666 0.7555555555555555 0.05833333333333333 0.2185185185185185
0 0.8986979166666667 0.7504629629629629 0.0546875 0.21018518518518517
0 0.7776041666666667 0.7101851851851851 0.040625 0.18518518518518517
0 0.5953124999999999 0.5680555555555555 0.029166666666666664 0.1324074074074074
0 0.5671875 0.5560185185185185 0.034375 0.1398148148148148
0 0.4570312499999999 0.5578703703703703 0.033854166666666664 0.14351851851851852
0 0.5760416666666666 0.5888888888888888 0.04479166666666666 0.15740740740740738
0 0.5369791666666666 0.5249999999999999 0.021875 0.1037037037037037
0 0.515625 0.5189814814814814 0.03020833333333333 0.11018518518518519
0 0.4861979166666667 0.5115740740740741 0.03177083333333333 0.12129629629629628
0 0.4393229166666666 0.512962962962963 0.03072916666666666 0.11296296296296296
0 0.4119791666666666 0.5125 0.025 0.11574074074074074
0 0.5080729166666667 0.4921296296296296 0.025520833333333333 0.11018518518518519
0 0.48125 0.4898148148148148 0.02395833333333333 0.11296296296296296
0 0.4619791666666666 0.48749999999999993 0.026041666666666664 0.12314814814814815
0 0.4450520833333333 0.4916666666666667 0.024479166666666666 0.11481481481481481
0 0.4075520833333333 0.4805555555555555 0.025520833333333333 0.10925925925925925
0 0.4372395833333333 0.4722222222222222 0.025520833333333333 0.1074074074074074
0 0.5213541666666666 0.5166666666666667 0.021875 0.1074074074074074
5 0.7119791666666667 0.49120370370370364 0.02395833333333333 0.06574074074074074
0 0.4200520833333333 0.4726851851851851 0.0234375 0.12314814814814815
0 0.7572916666666666 0.43981481481481477 0.019791666666666666 0.07407407407407407
0 0.765625 0.43472222222222223 0.02708333333333333 0.0824074074074074
5 0.7783854166666666 0.5208333333333333 0.0296875 0.08796296296296295
5 0.5697916666666666 0.46342592592592585 0.025 0.11018518518518519
