0 0.26067708333333334 0.6231481481481481 0.04635416666666666 0.17962962962962964
0 0.31901041666666663 0.6231481481481481 0.04010416666666666 0.1925925925925926
0 0.35390625 0.6481481481481481 0.03802083333333333 0.17037037037037037
0 0.5359375 0.624537037037037 0.035416666666666666 0.18796296296296294
0 0.5653645833333333 0.6236111111111111 0.03177083333333333 0.1787037037037037
5 0.6395833333333333 0.6268518518518518 0.028125 0.1685185185185185
0 0.7442708333333333 0.5148148148148148 0.02395833333333333 0.0962962962962963
5 0.7208333333333333 0.4726851851851852 0.026041666666666664 0.07685185185185185
0 0.6049479166666666 0.6365740740740741 0.0359375 0.1787037037037037
0 0.6984374999999999 0.9259259259259259 0.06354166666666666 0.15
0 0.6307291666666666 0.9212962962962962 0.06666666666666667 0.15740740740740738
0 0.4625 0.6018518518518519 0.025 0.11666666666666665
0 0.4921875 0.5847222222222221 0.034375 0.16018518518518518
0 0.4802083333333333 0.6361111111111111 0.03645833333333333 0.15925925925925927
0 0.665625 0.611111111111111 0.034375 0.14629629629629629
0 0.5536458333333333 0.5912037037037037 0.026041666666666664 0.1361111111111111
0 0.6026041666666667 0.5949074074074073 0.042708333333333334 0.16203703703703703
0 0.69296875 0.6087962962962963 0.03177083333333333 0.14907407407407408
5 0.6388020833333333 0.5976851851851851 0.0296875 0.14351851851851852
0 0.8377604166666666 0.7217592592592592 0.043229166666666666 0.2009259259259259
0 0.8572916666666666 0.711111111111111 0.05 0.19629629629629627
0 0.8515625 0.700462962962963 0.034375 0.18796296296296294
0 0.55859375 0.9194444444444445 0.0609375 0.16296296296296295
0 0.8890625 0.7050925925925926 0.041666666666666664 0.18796296296296294
0 0.17109375 0.8305555555555555 0.05572916666666666 0.23518518518518516
0 0.22135416666666666 0.8430555555555556 0.055208333333333325 0.22685185185185186
0 0.16875 0.8981481481481481 0.06145833333333332 0.20555555555555555
0 0.1 0.8069444444444445 0.0375 0.21018518518518517
0 0.10677083333333333 0.8263888888888887 0.03958333333333333 0.23796296296296293
0 0.54453125 0.6893518518518518 0.0390625 0.18796296296296294
0 0.7463541666666667 0.7037037037037036 0.04583333333333333 0.1925925925925926
0 0.6210937499999999 0.7208333333333333 0.043229166666666666 0.19907407407407407
0 0.6380208333333333 0.7185185185185184 0.03645833333333333 0.17962962962962964
0 0.6416666666666667 0.7023148148148148 0.03958333333333333 0.16203703703703703
0 0.7729166666666666 0.7467592592592591 0.034375 0.1287037037037037
0 0.7630208333333333 0.7537037037037038 0.041666666666666664 0.17037037037037037
0 0.7846354166666667 0.7351851851851852 0.04114583333333333 0.19629629629629627
0 0.5674479166666666 0.5342592592592592 0.0296875 0.1074074074074074
0 0.5348958333333333 0.5259259259259259 0.034375 0.1259259259259259
0 0.4385416666666667 0.5287037037037037 0.03020833333333333 0.13518518518518519
0 0.6708333333333333 0.5902777777777778 0.040625 0.16203703703703703
0 0.5161458333333333 0.5097222222222222 0.021875 0.09907407407407406
0 0.4864583333333333 0.5 0.03020833333333333 0.1074074074074074
0 0.4541666666666666 0.4921296296296296 0.029166666666666664 0.12129629629629628
0 0.4223958333333333 0.49074074074074076 0.029166666666666664 0.11296296296296296
0 0.40390625 0.4888888888888888 0.025520833333333333 0.11296296296296296
0 0.4583333333333333 0.47175925925925916 0.02395833333333333 0.11018518518518519
0 0.4270833333333333 0.4722222222222222 0.02395833333333333 0.11296296296296296
0 0.4125 0.46712962962962956 0.021875 0.12314814814814815
0 0.39869791666666665 0.4736111111111111 0.0234375 0.11203703703703702
0 0.4973958333333333 0.4930555555555555 0.025 0.10462962962962963
5 0.70234375 0.4819444444444444 0.0234375 0.06574074074074074
0 0.75078125 0.43518518518518523 0.01927083333333333 0.07407407407407407
0 0.753125 0.4310185185185185 0.02708333333333333 0.0824074074074074
5 0.7666666666666667 0.5152777777777777 0.03020833333333333 0.08796296296296295
5 0.5625 0.4546296296296296 0.02708333333333333 0.10925925925925925
