0 0.5773437499999999 0.6560185185185184 0.033854166666666664 0.19166666666666665
0 0.6072916666666666 0.6615740740740741 0.035416666666666666 0.18425925925925926
5 0.6666666666666666 0.6476851851851853 0.03125 0.17685185185185184
0 0.7432291666666667 0.5194444444444445 0.02395833333333333 0.0962962962962963
5 0.7440104166666667 0.48194444444444445 0.025520833333333333 0.07685185185185185
0 0.6208333333333333 0.6462962962962963 0.03229166666666666 0.1759259259259259
0 0.5028645833333333 0.6662037037037036 0.027604166666666662 0.1472222222222222
0 0.53828125 0.65 0.0359375 0.1759259259259259
0 0.6557291666666666 0.6925925925925925 0.040625 0.16666666666666666
0 0.8359375 0.6717592592592593 0.03854166666666666 0.16203703703703703
0 0.7895833333333333 0.648611111111111 0.03020833333333333 0.1509259259259259
0 0.8109375 0.6467592592592593 0.03958333333333333 0.16759259259259257
0 0.8682291666666666 0.673611111111111 0.0375 0.17314814814814813
5 0.6625 0.6041666666666666 0.02708333333333333 0.14351851851851852
0 0.26718749999999997 0.7597222222222222 0.04583333333333333 0.21388888888888888
0 0.30703125 0.7689814814814815 0.0421875 0.20277777777777778
0 0.29947916666666663 0.8171296296296295 0.053125 0.22129629629629627
0 0.1859375 0.7791666666666666 0.04375 0.2009259259259259
0 0.13984375 0.9037037037037037 0.06197916666666666 0.19444444444444445
0 0.4526041666666666 0.6402777777777777 0.034375 0.16759259259259257
0 0.7757812499999999 0.6638888888888889 0.033854166666666664 0.18518518518518517
0 0.6247395833333333 0.7254629629629629 0.04010416666666666 0.20462962962962963
0 0.6625 0.7384259259259259 0.040625 0.18425925925925926
0 0.4544270833333333 0.6597222222222222 0.04114583333333333 0.15648148148148147
0 0.79140625 0.6995370370370371 0.0296875 0.11759259259259258
0 0.7846354166666666 0.6925925925925925 0.0359375 0.1537037037037037
0 0.8166666666666667 0.724537037037037 0.04583333333333333 0.20277777777777778
0 0.8518229166666667 0.724537037037037 0.0453125 0.2009259259259259
0 0.9057291666666666 0.7583333333333333 0.05625 0.2111111111111111
0 0.8049479166666667 0.6851851851851851 0.03802083333333333 0.17962962962962964
0 0.9502604166666666 0.7606481481481481 0.049479166666666664 0.1935185185185185
0 0.6291666666666667 0.5907407407407408 0.03229166666666666 0.13148148148148148
0 0.6015624999999999 0.5824074074074075 0.03854166666666666 0.14629629629629629
0 0.4643229166666666 0.5875 0.033854166666666664 0.15277777777777776
0 0.5031249999999999 0.5819444444444444 0.04479166666666666 0.15648148148148147
0 0.5700520833333333 0.549074074074074 0.025520833333333333 0.1037037037037037
0 0.5408854166666666 0.5476851851851852 0.0296875 0.12685185185185183
0 0.5122395833333333 0.5268518518518518 0.03177083333333333 0.12037037037037038
0 0.4580729166666667 0.5342592592592592 0.03177083333333333 0.11851851851851851
0 0.4156249999999999 0.5287037037037037 0.026041666666666664 0.1222222222222222
0 0.5458333333333333 0.514351851851852 0.028125 0.11574074074074074
0 0.5213541666666667 0.5083333333333333 0.02395833333333333 0.11296296296296296
0 0.5028645833333333 0.5083333333333333 0.025520833333333333 0.12962962962962962
0 0.4833333333333333 0.5106481481481481 0.026041666666666664 0.12129629629629628
0 0.4286458333333333 0.5050925925925925 0.028125 0.11574074074074074
0 0.5088541666666666 0.487962962962963 0.026041666666666664 0.1074074074074074
0 0.4416666666666667 0.4796296296296297 0.02395833333333333 0.12037037037037038
0 0.5380208333333333 0.5305555555555556 0.021875 0.1074074074074074
5 0.725 0.49120370370370364 0.02395833333333333 0.06574074074074074
0 0.4856770833333333 0.4851851851851851 0.025520833333333333 0.12407407407407407
0 0.7708333333333333 0.44351851851851853 0.019791666666666666 0.07407407407407407
0 0.7786458333333333 0.4384259259259259 0.02708333333333333 0.0824074074074074
5 0.7895833333333333 0.524537037037037 0.03020833333333333 0.08796296296296295
5 0.58515625 0.4652777777777777 0.025520833333333333 0.11018518518518519
