0 0.2052083333333333 0.874074074074074 0.06770833333333333 0.25370370370370365
0 0.2609375 0.874537037037037 0.059375 0.24907407407407406
0 0.2841145833333333 0.8453703703703702 0.05052083333333333 0.22407407407407404
0 0.37213541666666666 0.8208333333333332 0.05364583333333332 0.22129629629629627
0 0.415625 0.8217592592592592 0.051041666666666666 0.2009259259259259
0 0.7791666666666666 0.7393518518518518 0.046875 0.21203703703703702
0 0.7932291666666667 0.7300925925925925 0.042708333333333334 0.20462962962962963
5 0.6651041666666667 0.673148148148148 0.03020833333333333 0.1685185185185185
0 0.8049479166666667 0.5685185185185185 0.027604166666666662 0.09259259259259259
5 0.7200520833333333 0.5115740740740741 0.027604166666666662 0.07685185185185185
0 0.7177083333333333 0.7101851851851853 0.042708333333333334 0.18333333333333332
0 0.8177083333333333 0.7027777777777777 0.042708333333333334 0.1759259259259259
0 0.6895833333333333 0.7314814814814815 0.041666666666666664 0.19444444444444445
0 0.6182291666666667 0.7236111111111111 0.03958333333333333 0.18981481481481483
0 0.7914062499999999 0.6791666666666666 0.04010416666666666 0.16574074074074072
0 0.434375 0.5393518518518519 0.02395833333333333 0.09907407407407406
0 0.4604166666666666 0.5189814814814815 0.026041666666666664 0.11203703703703702
0 0.43203125 0.5648148148148148 0.025520833333333333 0.12407407407407407
0 0.4580729166666666 0.5504629629629629 0.0296875 0.12314814814814815
0 0.4817708333333333 0.525 0.026041666666666664 0.11296296296296296
0 0.51875 0.5300925925925926 0.03020833333333333 0.12129629629629628
0 0.4869791666666667 0.5495370370370369 0.03020833333333333 0.1287037037037037
0 0.4536458333333333 0.6291666666666667 0.035416666666666666 0.17129629629629628
5 0.6455729166666666 0.637962962962963 0.0296875 0.1388888888888889
0 0.4828125 0.6319444444444444 0.03125 0.16203703703703703
0 0.51171875 0.6324074074074074 0.03177083333333333 0.14629629629629629
0 0.5374999999999999 0.6078703703703704 0.03229166666666666 0.13425925925925924
0 0.5687499999999999 0.6037037037037036 0.035416666666666666 0.13518518518518519
0 0.5598958333333333 0.5981481481481481 0.02708333333333333 0.1259259259259259
0 0.5205729166666666 0.6587962962962963 0.0421875 0.15648148148148147
0 0.5463541666666667 0.6768518518518518 0.02708333333333333 0.12962962962962962
0 0.5682291666666666 0.6828703703703703 0.03854166666666666 0.1787037037037037
0 0.5809895833333333 0.7324074074074074 0.04010416666666666 0.19814814814814813
0 0.5947916666666667 0.6018518518518519 0.03020833333333333 0.14074074074074075
0 0.6312499999999999 0.6435185185185184 0.03229166666666666 0.16666666666666666
0 0.6111979166666666 0.6939814814814815 0.0390625 0.15648148148148147
0 0.86953125 0.8685185185185185 0.0671875 0.20370370370370366
5 0.7059895833333333 0.5310185185185184 0.0234375 0.06574074074074074
0 0.67421875 0.4898148148148148 0.0265625 0.09074074074074073
0 0.7015625 0.48657407407407405 0.03125 0.09166666666666666
5 0.7690104166666667 0.5587962962962962 0.03177083333333333 0.08796296296296295
5 0.5635416666666667 0.5023148148148148 0.02395833333333333 0.11018518518518519
