0 0.25625 0.6324074074074073 0.05 0.16666666666666666
0 0.5645833333333333 0.6430555555555555 0.034375 0.18796296296296294
0 0.5947916666666666 0.6467592592592591 0.034375 0.1787037037037037
5 0.659375 0.6481481481481481 0.03020833333333333 0.1759259259259259
0 0.73671875 0.5203703703703704 0.0234375 0.0962962962962963
5 0.73515625 0.4837962962962963 0.025520833333333333 0.07685185185185185
0 0.621875 0.6444444444444444 0.03229166666666666 0.17962962962962964
0 0.4742187499999999 0.6476851851851851 0.027604166666666662 0.13796296296296295
0 0.5096354166666666 0.6337962962962963 0.03697916666666666 0.16944444444444445
0 0.5950520833333333 0.6791666666666666 0.04010416666666666 0.16574074074074072
0 0.7882812499999999 0.6541666666666666 0.033854166666666664 0.15462962962962962
0 0.7041666666666666 0.6337962962962963 0.029166666666666664 0.1509259259259259
0 0.7411458333333333 0.6296296296296297 0.040625 0.1648148148148148
0 0.825 0.6550925925925926 0.0375 0.16759259259259257
5 0.6565104166666667 0.6018518518518519 0.027604166666666662 0.14259259259259258
0 0.2411458333333333 0.7847222222222221 0.04895833333333333 0.2287037037037037
0 0.28151041666666665 0.7888888888888889 0.0453125 0.20370370370370366
0 0.2671875 0.8467592592592592 0.05625 0.22314814814814815
0 0.13385416666666666 0.8064814814814815 0.03958333333333333 0.20925925925925926
0 0.14140624999999998 0.8828703703703702 0.05572916666666666 0.23425925925925925
0 0.4627604166666667 0.6597222222222222 0.03177083333333333 0.16944444444444445
0 0.7734374999999999 0.6759259259259258 0.03854166666666666 0.18518518518518517
0 0.6151041666666667 0.7231481481481481 0.03958333333333333 0.20370370370370366
0 0.6549479166666667 0.7337962962962962 0.03802083333333333 0.18425925925925926
0 0.5028645833333333 0.6773148148148148 0.0421875 0.15462962962962962
0 0.7934895833333333 0.7171296296296296 0.0296875 0.11759259259259258
0 0.76875 0.7097222222222221 0.03958333333333333 0.15462962962962962
0 0.8390624999999998 0.7412037037037037 0.04895833333333333 0.21388888888888888
0 0.8765625 0.7439814814814815 0.041666666666666664 0.2064814814814815
0 0.98203125 0.7791666666666666 0.0359375 0.19722222222222222
0 0.7963541666666666 0.6986111111111111 0.03854166666666666 0.1787037037037037
0 0.609375 0.5796296296296296 0.03125 0.13148148148148148
0 0.5807291666666666 0.5680555555555555 0.0375 0.14166666666666666
0 0.459375 0.5745370370370371 0.03333333333333333 0.14907407407407408
0 0.5390624999999999 0.5944444444444444 0.04479166666666666 0.15740740740740738
0 0.5481770833333333 0.5365740740740741 0.0234375 0.10462962962962963
0 0.5263020833333333 0.5365740740740741 0.0296875 0.12685185185185183
0 0.4994791666666666 0.5222222222222223 0.03125 0.12037037037037038
0 0.4468749999999999 0.524537037037037 0.03229166666666666 0.11759259259259258
0 0.4140625 0.5217592592592591 0.025 0.11574074074074074
0 0.5252604166666666 0.5060185185185185 0.027604166666666662 0.11574074074074074
0 0.5 0.49537037037037035 0.02395833333333333 0.11296296296296296
0 0.4796875 0.4981481481481481 0.025 0.12962962962962962
0 0.46015625 0.5013888888888889 0.025520833333333333 0.11574074074074074
0 0.4213541666666667 0.4898148148148148 0.02708333333333333 0.12037037037037038
0 0.4697916666666666 0.47777777777777775 0.026041666666666664 0.1074074074074074
0 0.5291666666666666 0.5231481481481481 0.021875 0.1074074074074074
5 0.7192708333333333 0.4921296296296296 0.02395833333333333 0.06574074074074074
0 0.4505208333333333 0.48009259259259257 0.026041666666666664 0.12314814814814815
0 0.7622395833333333 0.44074074074074077 0.01927083333333333 0.07407407407407407
0 0.7708333333333333 0.43657407407407406 0.02708333333333333 0.0824074074074074
5 0.7822916666666667 0.524537037037037 0.03020833333333333 0.08796296296296295
5 0.5760416666666666 0.46712962962962956 0.026041666666666664 0.11018518518518519
