0 0.22916666666666666 0.6064814814814814 0.04583333333333333 0.17962962962962964
0 0.2880208333333333 0.6143518518518518 0.04375 0.175
0 0.30156249999999996 0.6356481481481481 0.04583333333333333 0.17314814814814813
0 0.54375 0.6388888888888888 0.034375 0.18703703703703703
0 0.578125 0.6351851851851851 0.034375 0.17777777777777776
5 0.65078125 0.6370370370370371 0.0296875 0.1759259259259259
0 0.73125 0.5203703703703704 0.02395833333333333 0.0962962962962963
5 0.7268229166666667 0.4791666666666667 0.025520833333333333 0.07685185185185185
0 0.6127604166666667 0.6375 0.03177083333333333 0.1787037037037037
0 0.6901041666666666 0.962037037037037 0.06041666666666666 0.07777777777777777
0 0.615625 0.9574074074074073 0.065625 0.08703703703703704
0 0.46406249999999993 0.6268518518518518 0.026041666666666664 0.137037037037037
0 0.4955729166666667 0.6097222222222222 0.034895833333333334 0.16203703703703703
0 0.5255208333333333 0.6578703703703703 0.03645833333333333 0.16018518518518518
0 0.7296875 0.6314814814814815 0.034375 0.14629629629629629
0 0.62734375 0.6125 0.0296875 0.13796296296296295
0 0.6708333333333333 0.6129629629629629 0.042708333333333334 0.16296296296296295
0 0.7635416666666666 0.6291666666666667 0.03125 0.14907407407407408
5 0.6453125 0.6023148148148147 0.03020833333333333 0.14351851851851852
0 0.9231770833333333 0.7388888888888889 0.0578125 0.19629629629629627
0 0.9546875 0.7416666666666666 0.057291666666666664 0.19629629629629627
0 0.915625 0.7273148148148147 0.0375 0.18796296296296294
0 0.5234375 0.9518518518518517 0.06145833333333332 0.09814814814814814
0 0.9692708333333332 0.7231481481481481 0.040625 0.18888888888888888
0 0.20494791666666665 0.8041666666666666 0.0515625 0.23796296296296293
0 0.25416666666666665 0.8143518518518518 0.04791666666666666 0.22129629629629627
0 0.22239583333333335 0.8787037037037037 0.06041666666666666 0.23148148148148148
0 0.10572916666666665 0.8106481481481481 0.0375 0.21018518518518517
0 0.12135416666666668 0.8518518518518519 0.04895833333333333 0.24259259259259255
0 0.4901041666666667 0.6712962962962963 0.03958333333333333 0.17962962962962964
0 0.7674479166666666 0.6842592592592591 0.04010416666666666 0.18518518518518517
0 0.6067708333333333 0.7217592592592592 0.03958333333333333 0.20277777777777778
0 0.6343749999999999 0.724537037037037 0.03229166666666666 0.1787037037037037
0 0.56328125 0.6902777777777777 0.04427083333333333 0.16018518518518518
0 0.7890625 0.7240740740740741 0.034375 0.11851851851851851
0 0.7328125 0.7282407407407406 0.040625 0.15462962962962962
0 0.903125 0.762962962962963 0.0625 0.22037037037037038
0 0.9289062499999998 0.7578703703703703 0.05052083333333333 0.21018518518518517
0 0.7682291666666667 0.7175925925925926 0.03958333333333333 0.18703703703703703
0 0.5869791666666666 0.5662037037037038 0.029166666666666664 0.1324074074074074
0 0.559375 0.549537037037037 0.035416666666666666 0.1398148148148148
0 0.4520833333333333 0.5523148148148148 0.03333333333333333 0.14351851851851852
0 0.6002604166666666 0.5921296296296296 0.0421875 0.16018518518518518
0 0.53203125 0.524074074074074 0.02239583333333333 0.1037037037037037
0 0.5088541666666667 0.5138888888888888 0.03020833333333333 0.1074074074074074
0 0.4765625 0.5078703703703704 0.03020833333333333 0.12129629629629628
0 0.4348958333333333 0.5083333333333333 0.03020833333333333 0.11296296296296296
0 0.409375 0.5083333333333333 0.025 0.11481481481481481
0 0.4971354166666667 0.487962962962963 0.025520833333333333 0.10925925925925925
0 0.4713541666666667 0.4851851851851852 0.02395833333333333 0.11296296296296296
0 0.4531249999999999 0.4810185185185185 0.026041666666666664 0.12314814814814815
0 0.43515625 0.48888888888888893 0.0234375 0.11481481481481481
0 0.4200520833333333 0.4703703703703703 0.025520833333333333 0.1074074074074074
0 0.5156249999999999 0.512962962962963 0.022916666666666665 0.1074074074074074
5 0.7088541666666667 0.4921296296296296 0.02395833333333333 0.06574074074074074
0 0.3997395833333333 0.4708333333333333 0.0234375 0.12314814814814815
0 0.7546875 0.43888888888888883 0.019791666666666666 0.07407407407407407
0 0.7625 0.4337962962962963 0.02708333333333333 0.0824074074074074
5 0.7734375 0.5199074074074074 0.03020833333333333 0.08796296296296295
5 0.5677083333333333 0.46342592592592585 0.025 0.11018518518518519
