0 0.24791666666666665 0.7648148148148148 0.0625 0.22037037037037038
0 0.3044270833333333 0.7694444444444444 0.0515625 0.23148148148148148
0 0.35677083333333337 0.7467592592592591 0.041666666666666664 0.20462962962962963
0 0.31744791666666666 0.8837962962962962 0.0609375 0.23425925925925925
0 0.37760416666666663 0.888425925925926 0.06041666666666666 0.22314814814814815
0 0.6356770833333333 0.6662037037037037 0.04427083333333333 0.19537037037037036
0 0.6440104166666666 0.6638888888888889 0.04010416666666666 0.1907407407407407
5 0.6552083333333333 0.6375 0.028125 0.16759259259259257
0 0.7971354166666667 0.5324074074074073 0.0265625 0.09259259259259259
5 0.7109374999999999 0.48564814814814816 0.026041666666666664 0.07685185185185185
0 0.6390624999999999 0.6546296296296296 0.035416666666666666 0.18148148148148147
0 0.8630208333333333 0.711574074074074 0.04791666666666666 0.19537037037037036
0 0.7549479166666666 0.7587962962962963 0.04635416666666666 0.21388888888888888
0 0.7049479166666666 0.762962962962963 0.0484375 0.2074074074074074
0 0.8434895833333332 0.6907407407407407 0.0421875 0.18518518518518517
0 0.4479166666666667 0.5393518518518519 0.02395833333333333 0.11018518518518519
0 0.475 0.5277777777777778 0.03125 0.13148148148148148
0 0.4307291666666667 0.5643518518518518 0.02708333333333333 0.13055555555555556
0 0.4958333333333333 0.5513888888888888 0.03125 0.1287037037037037
0 0.4989583333333333 0.5319444444444444 0.026041666666666664 0.12129629629629628
0 0.5447916666666666 0.5300925925925926 0.03125 0.1287037037037037
0 0.525 0.548148148148148 0.03020833333333333 0.12962962962962962
0 0.50625 0.6560185185185186 0.053125 0.18425925925925926
5 0.6338541666666666 0.6097222222222223 0.029166666666666664 0.14351851851851852
0 0.51796875 0.6569444444444443 0.0359375 0.175
0 0.55390625 0.65 0.034895833333333334 0.1685185185185185
0 0.5604166666666666 0.6212962962962962 0.03229166666666666 0.15740740740740738
0 0.6127604166666667 0.6212962962962962 0.034895833333333334 0.15740740740740738
0 0.6197916666666666 0.6138888888888889 0.03125 0.15185185185185185
0 0.5736979166666667 0.6898148148148147 0.04427083333333333 0.17222222222222222
0 0.6013020833333333 0.7032407407407407 0.033854166666666664 0.1324074074074074
0 0.6799479166666667 0.7050925925925926 0.0421875 0.19537037037037036
0 0.6526041666666667 0.7611111111111111 0.046875 0.22407407407407404
0 0.6932291666666666 0.6078703703703703 0.029166666666666664 0.14351851851851852
0 0.7567708333333333 0.648611111111111 0.03854166666666666 0.16759259259259257
0 0.7432291666666666 0.7074074074074074 0.041666666666666664 0.16666666666666666
0 0.019010416666666665 0.9435185185185185 0.03697916666666666 0.11481481481481481
0 0.0484375 0.9578703703703703 0.05625 0.08611111111111111
0 0.5421874999999999 0.826851851851852 0.06354166666666666 0.20370370370370366
0 0.7171875 0.8171296296296295 0.055208333333333325 0.21574074074074073
0 0.4630208333333333 0.4893518518518518 0.03229166666666666 0.10462962962962963
0 0.428125 0.4814814814814815 0.03333333333333333 0.12407407407407407
5 0.6984375 0.4958333333333333 0.02395833333333333 0.06574074074074074
0 0.7208333333333333 0.4537037037037036 0.026041666666666664 0.09074074074074073
0 0.7401041666666667 0.4541666666666667 0.03020833333333333 0.08981481481481482
5 0.759375 0.5263888888888888 0.03020833333333333 0.08796296296296295
5 0.5479166666666667 0.4726851851851851 0.02395833333333333 0.11018518518518519
