0 0.2364583333333333 0.8032407407407407 0.0625 0.2361111111111111
0 0.2942708333333333 0.8138888888888889 0.055208333333333325 0.2462962962962963
0 0.3403645833333333 0.7800925925925926 0.04427083333333333 0.21018518518518517
0 0.34322916666666664 0.8592592592592592 0.055208333333333325 0.23888888888888887
0 0.4026041666666666 0.861574074074074 0.059375 0.22314814814814815
0 0.6927083333333333 0.6907407407407408 0.04583333333333333 0.19444444444444445
0 0.6932291666666667 0.6898148148148148 0.03645833333333333 0.1925925925925926
5 0.6640625 0.6509259259259259 0.03020833333333333 0.1685185185185185
0 0.80625 0.5499999999999999 0.028125 0.09259259259259259
5 0.7213541666666666 0.500925925925926 0.026041666666666664 0.07592592592592592
0 0.6526041666666667 0.674074074074074 0.03333333333333333 0.18148148148148147
0 0.8374999999999998 0.7083333333333333 0.03958333333333333 0.18703703703703703
0 0.7567708333333333 0.7467592592592591 0.04375 0.20277777777777778
0 0.6919270833333333 0.75 0.049479166666666664 0.20185185185185187
0 0.82890625 0.6898148148148148 0.04010416666666666 0.18333333333333332
0 0.44609375 0.5384259259259259 0.0234375 0.10648148148148147
0 0.47526041666666663 0.5263888888888889 0.03072916666666666 0.12685185185185183
0 0.4338541666666667 0.5652777777777778 0.02708333333333333 0.12685185185185183
0 0.48828125 0.5509259259259258 0.0296875 0.12407407407407407
0 0.4994791666666666 0.5300925925925926 0.026041666666666664 0.11759259259259258
0 0.5419270833333333 0.5324074074074073 0.03177083333333333 0.1259259259259259
0 0.5166666666666667 0.5555555555555556 0.03020833333333333 0.12962962962962962
0 0.4776041666666666 0.6439814814814815 0.05 0.1824074074074074
5 0.6442708333333333 0.624537037037037 0.029166666666666664 0.14351851851851852
0 0.50390625 0.6421296296296296 0.03802083333333333 0.17314814814814813
0 0.5382812499999999 0.6370370370370371 0.033854166666666664 0.15185185185185185
0 0.5661458333333333 0.6189814814814815 0.03229166666666666 0.15277777777777776
0 0.5921874999999999 0.6166666666666667 0.03229166666666666 0.15740740740740738
0 0.5864583333333333 0.6018518518518519 0.029166666666666664 0.1259259259259259
0 0.5424479166666667 0.6787037037037036 0.04427083333333333 0.1685185185185185
0 0.5723958333333333 0.6976851851851851 0.03229166666666666 0.1287037037037037
0 0.63125 0.7 0.040625 0.1925925925925926
0 0.64609375 0.7486111111111111 0.04739583333333333 0.20833333333333331
0 0.6453125 0.6069444444444444 0.029166666666666664 0.14351851851851852
0 0.71171875 0.6569444444444443 0.0359375 0.16759259259259257
0 0.6747395833333333 0.711111111111111 0.03697916666666666 0.17222222222222222
0 0.011458333333333333 0.9546296296296296 0.021875 0.09074074074074073
0 0.04453125 0.9791666666666667 0.0359375 0.04351851851851852
0 0.6713541666666666 0.8439814814814814 0.057291666666666664 0.20462962962962963
0 0.83359375 0.8236111111111111 0.0609375 0.21388888888888888
0 0.4369791666666666 0.4930555555555555 0.026041666666666664 0.10462962962962963
0 0.4002604166666666 0.4842592592592593 0.0265625 0.1259259259259259
5 0.7072916666666667 0.5152777777777777 0.02395833333333333 0.06574074074074074
0 0.7088541666666666 0.47222222222222215 0.026041666666666664 0.09074074074074073
0 0.7315104166666666 0.47175925925925927 0.0296875 0.08981481481481482
5 0.7671875 0.5412037037037037 0.03125 0.08796296296296295
5 0.5591145833333333 0.4856481481481481 0.0234375 0.11018518518518519
