0 0.28229166666666666 0.6490740740740739 0.04895833333333333 0.1907407407407407
0 0.3421875 0.6476851851851851 0.04375 0.19907407407407407
0 0.4182291666666667 0.6532407407407407 0.03333333333333333 0.17314814814814813
0 0.5317708333333333 0.6143518518518518 0.035416666666666666 0.18055555555555552
0 0.5625 0.6138888888888888 0.03333333333333333 0.17407407407407408
5 0.6518229166666666 0.6231481481481481 0.027604166666666662 0.1685185185185185
0 0.7796875 0.5050925925925925 0.02395833333333333 0.09351851851851851
5 0.715625 0.46805555555555556 0.026041666666666664 0.07685185185185185
0 0.6171874999999999 0.6273148148148148 0.03854166666666666 0.16759259259259257
0 0.7205729166666666 0.8907407407407406 0.05572916666666666 0.21666666666666665
0 0.6697916666666667 0.8916666666666666 0.06458333333333333 0.2185185185185185
0 0.46640625 0.5768518518518518 0.0234375 0.11296296296296296
0 0.4950520833333333 0.5638888888888889 0.03177083333333333 0.15185185185185185
0 0.4671875 0.611574074074074 0.03020833333333333 0.15462962962962962
0 0.5955729166666666 0.5962962962962963 0.033854166666666664 0.14444444444444443
0 0.5270833333333333 0.5629629629629629 0.026041666666666664 0.13518518518518519
0 0.5598958333333333 0.5680555555555555 0.034375 0.1509259259259259
0 0.6208333333333333 0.5930555555555556 0.03125 0.14907407407407408
0 0.8403645833333332 0.712962962962963 0.0703125 0.20925925925925926
5 0.63828125 0.5912037037037037 0.0296875 0.14351851851851852
0 0.8450520833333333 0.7023148148148148 0.0359375 0.19907407407407407
0 0.8677083333333334 0.7009259259259258 0.051041666666666666 0.1907407407407407
0 0.7481770833333333 0.687037037037037 0.05260416666666666 0.18703703703703703
0 0.80390625 0.6796296296296296 0.0546875 0.18888888888888888
0 0.8252604166666666 0.6666666666666666 0.033854166666666664 0.17407407407407408
0 0.9408854166666666 0.7333333333333333 0.06302083333333333 0.18703703703703703
0 0.5950520833333333 0.8856481481481481 0.0609375 0.22685185185185186
0 0.8567708333333334 0.6708333333333333 0.041666666666666664 0.17314814814814813
0 0.12864583333333332 0.861574074074074 0.059375 0.24537037037037038
0 0.18671875 0.8796296296296295 0.0546875 0.24259259259259255
0 0.12682291666666665 0.9189814814814815 0.0546875 0.1638888888888889
0 0.15807291666666665 0.8083333333333332 0.0421875 0.20370370370370366
0 0.21666666666666665 0.825462962962963 0.057291666666666664 0.22685185185185186
0 0.6213541666666667 0.7120370370370369 0.040625 0.1907407407407407
0 0.77890625 0.7296296296296296 0.05052083333333333 0.20370370370370366
0 0.6950520833333333 0.7259259259259259 0.0484375 0.20555555555555555
0 0.6947916666666666 0.7240740740740741 0.0375 0.18148148148148147
0 0.73515625 0.7226851851851851 0.0421875 0.17314814814814813
0 0.8119791666666666 0.7620370370370371 0.042708333333333334 0.13148148148148148
0 0.890625 0.7657407407407407 0.053125 0.1685185185185185
0 0.896875 0.7462962962962962 0.051041666666666666 0.19814814814814813
0 0.553125 0.5134259259259258 0.028125 0.10648148148148147
0 0.5216145833333333 0.5069444444444444 0.0328125 0.12685185185185183
0 0.4315104166666666 0.5083333333333333 0.0296875 0.13333333333333333
0 0.75 0.5847222222222221 0.03958333333333333 0.16018518518518518
0 0.49479166666666663 0.49027777777777776 0.022916666666666665 0.09166666666666666
0 0.4692708333333333 0.4851851851851852 0.03020833333333333 0.1074074074074074
0 0.43359375 0.47870370370370374 0.0296875 0.11296296296296296
0 0.4088541666666667 0.48009259259259257 0.03020833333333333 0.11203703703703702
0 0.3989583333333333 0.475925925925926 0.021875 0.1074074074074074
0 0.4067708333333333 0.4652777777777777 0.02395833333333333 0.11018518518518519
0 0.48125 0.48009259259259257 0.025 0.10462962962962963
5 0.7015625 0.48009259259259257 0.02395833333333333 0.06574074074074074
0 0.7486979166666667 0.4287037037037037 0.01927083333333333 0.07407407407407407
0 0.753125 0.4291666666666666 0.02708333333333333 0.0824074074074074
5 0.7651041666666667 0.5097222222222222 0.03020833333333333 0.08796296296296295
5 0.5588541666666667 0.44907407407407407 0.028125 0.10925925925925925
