0 0.22447916666666665 0.6083333333333333 0.04583333333333333 0.17962962962962964
0 0.28072916666666664 0.6134259259259258 0.04583333333333333 0.17314814814814813
0 0.2942708333333333 0.6337962962962963 0.046875 0.17314814814814813
0 0.5479166666666666 0.6398148148148148 0.034375 0.18703703703703703
0 0.5794270833333333 0.6361111111111111 0.033854166666666664 0.1759259259259259
5 0.6515625 0.6388888888888888 0.03020833333333333 0.1759259259259259
0 0.7307291666666667 0.5203703703703704 0.02395833333333333 0.0962962962962963
5 0.7283854166666667 0.48009259259259257 0.025520833333333333 0.07685185185185185
0 0.6143229166666667 0.6393518518518518 0.03177083333333333 0.1787037037037037
0 0.6885416666666666 0.9680555555555556 0.05416666666666666 0.06574074074074074
0 0.6140625 0.9657407407407407 0.0625 0.07037037037037037
0 0.4658854166666666 0.6314814814814815 0.0265625 0.137037037037037
0 0.4979166666666666 0.6138888888888888 0.035416666666666666 0.16296296296296295
0 0.5390625 0.6606481481481481 0.0375 0.16018518518518518
0 0.740625 0.6342592592592592 0.034375 0.14629629629629629
0 0.6421875 0.6166666666666666 0.03020833333333333 0.14074074074074075
0 0.6830729166666666 0.6148148148148148 0.0421875 0.16296296296296295
0 0.77578125 0.6328703703703703 0.03177083333333333 0.14907407407407408
5 0.64765625 0.6023148148148147 0.0296875 0.14351851851851852
0 0.9401041666666666 0.7458333333333333 0.05833333333333333 0.20462962962962963
0 0.9322916666666666 0.7305555555555555 0.03958333333333333 0.18703703703703703
0 0.5171875 0.9564814814814815 0.06145833333333332 0.08888888888888888
0 0.21171875 0.8013888888888887 0.049479166666666664 0.23796296296296293
0 0.26119791666666664 0.8092592592592591 0.0484375 0.2185185185185185
0 0.23307291666666666 0.8722222222222221 0.0578125 0.23148148148148148
0 0.10755208333333333 0.8125 0.03802083333333333 0.21018518518518517
0 0.12369791666666666 0.8597222222222222 0.0484375 0.24351851851851852
0 0.48359375 0.6671296296296296 0.03802083333333333 0.17685185185185184
0 0.7713541666666667 0.6777777777777777 0.03958333333333333 0.17962962962962964
0 0.6075520833333333 0.7199074074074074 0.04010416666666666 0.20277777777777778
0 0.6372395833333333 0.7254629629629629 0.0328125 0.1787037037037037
0 0.5494791666666666 0.687962962962963 0.04479166666666666 0.15925925925925927
0 0.7921875 0.7203703703703703 0.034375 0.11851851851851851
0 0.7395833333333333 0.7263888888888889 0.040625 0.15462962962962962
0 0.8854166666666666 0.7578703703703703 0.0625 0.21944444444444441
0 0.90859375 0.7523148148148147 0.05572916666666666 0.21018518518518517
0 0.7729166666666667 0.7138888888888888 0.03958333333333333 0.18703703703703703
0 0.5916666666666666 0.5671296296296295 0.029166666666666664 0.1324074074074074
0 0.5640625 0.5532407407407407 0.03333333333333333 0.1398148148148148
0 0.4546875 0.5550925925925926 0.03333333333333333 0.14351851851851852
0 0.5864583333333333 0.5884259259259259 0.04375 0.15833333333333333
0 0.5354166666666667 0.524074074074074 0.021875 0.1037037037037037
0 0.5135416666666667 0.5175925925925926 0.03020833333333333 0.1074074074074074
0 0.4815104166666666 0.5097222222222222 0.03072916666666666 0.12129629629629628
0 0.4369791666666667 0.5111111111111111 0.03020833333333333 0.11296296296296296
0 0.4109375 0.5106481481481481 0.025 0.11574074074074074
0 0.5028645833333333 0.4902777777777777 0.025520833333333333 0.11018518518518519
0 0.4770833333333333 0.48703703703703705 0.02395833333333333 0.11296296296296296
0 0.4572916666666666 0.48472222222222217 0.026041666666666664 0.12314814814814815
0 0.4411458333333333 0.4898148148148148 0.02395833333333333 0.11481481481481481
0 0.4028645833333333 0.4796296296296296 0.024479166666666666 0.10925925925925925
0 0.4294270833333333 0.4703703703703703 0.025520833333333333 0.1074074074074074
0 0.51875 0.5157407407407407 0.021875 0.1074074074074074
5 0.7104166666666667 0.49120370370370364 0.02395833333333333 0.06574074074074074
0 0.4111979166666666 0.47175925925925916 0.0234375 0.12314814814814815
0 0.7559895833333333 0.43981481481481477 0.01927083333333333 0.07407407407407407
0 0.7640625 0.43472222222222223 0.02708333333333333 0.0824074074074074
5 0.7760416666666667 0.5208333333333333 0.03020833333333333 0.08796296296296295
5 0.5692708333333333 0.46342592592592585 0.025 0.11018518518518519
