0 0.28203125 0.6462962962962961 0.0484375 0.1907407407407407
0 0.3416666666666667 0.6462962962962963 0.04375 0.19814814814814813
0 0.4145833333333333 0.6537037037037037 0.034375 0.17407407407407408
0 0.5317708333333333 0.6152777777777778 0.035416666666666666 0.18055555555555552
0 0.5617187499999999 0.6138888888888888 0.033854166666666664 0.1759259259259259
5 0.6513020833333333 0.6231481481481481 0.027604166666666662 0.1685185185185185
0 0.7776041666666667 0.5041666666666667 0.02395833333333333 0.09351851851851851
5 0.7161458333333333 0.46805555555555556 0.026041666666666664 0.07685185185185185
0 0.6161458333333333 0.6268518518518518 0.03854166666666666 0.1685185185185185
0 0.71953125 0.8925925925925926 0.056770833333333326 0.21296296296296294
0 0.6684895833333333 0.8930555555555555 0.0640625 0.21574074074074073
0 0.46640625 0.5768518518518518 0.0234375 0.11296296296296296
0 0.4950520833333333 0.5648148148148148 0.03177083333333333 0.15185185185185185
0 0.4677083333333333 0.6124999999999999 0.03020833333333333 0.15462962962962962
0 0.5989583333333333 0.5976851851851852 0.03333333333333333 0.14537037037037037
0 0.5276041666666667 0.5638888888888889 0.026041666666666664 0.13518518518518519
0 0.5625 0.5694444444444444 0.034375 0.1537037037037037
0 0.6239583333333333 0.5949074074074073 0.03125 0.14907407407407408
0 0.84609375 0.7134259259259259 0.07135416666666666 0.21018518518518517
5 0.63828125 0.5921296296296296 0.0296875 0.14351851851851852
0 0.8513020833333333 0.7032407407407406 0.03697916666666666 0.19907407407407407
0 0.8734375 0.7027777777777777 0.04791666666666666 0.1925925925925926
0 0.753125 0.6888888888888889 0.05625 0.18703703703703703
0 0.8065104166666666 0.6810185185185185 0.0578125 0.18981481481481483
0 0.8252604166666666 0.6685185185185185 0.033854166666666664 0.17777777777777776
0 0.9473958333333332 0.7342592592592593 0.06145833333333332 0.18703703703703703
0 0.5934895833333333 0.8865740740740741 0.06197916666666666 0.225
0 0.8583333333333334 0.673148148148148 0.041666666666666664 0.17407407407407408
0 0.13098958333333333 0.860648148148148 0.058854166666666666 0.24537037037037038
0 0.1880208333333333 0.8787037037037037 0.055208333333333325 0.2444444444444444
0 0.12942708333333333 0.9175925925925925 0.0546875 0.16666666666666666
0 0.15286458333333333 0.8101851851851851 0.04010416666666666 0.20370370370370366
0 0.20572916666666666 0.825462962962963 0.053125 0.22685185185185186
0 0.6177083333333333 0.7143518518518518 0.040625 0.18796296296296294
0 0.775 0.7287037037037036 0.05208333333333333 0.20370370370370366
0 0.6895833333333333 0.7254629629629629 0.04895833333333333 0.20462962962962963
0 0.690625 0.7226851851851851 0.0375 0.18055555555555552
0 0.73046875 0.7212962962962962 0.0421875 0.17222222222222222
0 0.8078125 0.7611111111111111 0.042708333333333334 0.13148148148148148
0 0.8843749999999998 0.7648148148148148 0.04583333333333333 0.1685185185185185
0 0.8885416666666666 0.7444444444444444 0.051041666666666666 0.19814814814814813
0 0.5536458333333333 0.5143518518518518 0.028125 0.10648148148148147
0 0.5223958333333333 0.5078703703703704 0.03333333333333333 0.12685185185185183
0 0.43203125 0.5101851851851851 0.0296875 0.13518518518518519
0 0.7455729166666666 0.5847222222222221 0.04010416666666666 0.16018518518518518
0 0.4958333333333333 0.4916666666666666 0.022916666666666665 0.09259259259259259
0 0.4703125 0.4851851851851852 0.03020833333333333 0.1074074074074074
0 0.4354166666666666 0.47870370370370374 0.029166666666666664 0.11296296296296296
0 0.4109375 0.4810185185185185 0.03020833333333333 0.11203703703703702
0 0.40078125 0.4768518518518518 0.02239583333333333 0.1074074074074074
0 0.4098958333333333 0.4662037037037036 0.02395833333333333 0.11018518518518519
0 0.4822916666666666 0.4810185185185185 0.025 0.10462962962962963
5 0.7015625 0.48009259259259257 0.02395833333333333 0.06574074074074074
0 0.7486979166666667 0.4287037037037037 0.01927083333333333 0.07407407407407407
0 0.753125 0.4291666666666666 0.02708333333333333 0.0824074074074074
5 0.7651041666666667 0.5097222222222222 0.03020833333333333 0.08796296296296295
5 0.559375 0.44907407407407407 0.028125 0.10925925925925925
