0 0.25260416666666663 0.6310185185185184 0.05 0.16574074074074072
0 0.565625 0.6439814814814815 0.034375 0.18796296296296294
0 0.5966145833333333 0.6481481481481481 0.033854166666666664 0.17962962962962964
5 0.6604166666666667 0.6481481481481481 0.03020833333333333 0.1759259259259259
0 0.7375 0.5203703703703704 0.02395833333333333 0.0962962962962963
5 0.7361979166666667 0.4837962962962963 0.025520833333333333 0.07685185185185185
0 0.62265625 0.6444444444444444 0.03177083333333333 0.17962962962962964
0 0.4783854166666666 0.649537037037037 0.027604166666666662 0.13796296296296295
0 0.5132812499999999 0.6356481481481481 0.03697916666666666 0.16944444444444445
0 0.6002604166666666 0.6810185185185185 0.04010416666666666 0.16574074074074072
0 0.7945312499999999 0.6574074074074073 0.033854166666666664 0.15740740740740738
0 0.7130208333333333 0.6356481481481481 0.029166666666666664 0.1509259259259259
0 0.7484375 0.6319444444444444 0.040625 0.16574074074074072
0 0.8302083333333332 0.6569444444444443 0.0375 0.16759259259259257
5 0.65703125 0.6018518518518519 0.027604166666666662 0.14259259259259258
0 0.2442708333333333 0.7828703703703703 0.04895833333333333 0.22685185185185186
0 0.28541666666666665 0.7861111111111111 0.04375 0.20370370370370366
0 0.271875 0.8435185185185186 0.05625 0.22222222222222224
0 0.13854166666666667 0.8060185185185185 0.03958333333333333 0.21018518518518517
0 0.14140625 0.8870370370370371 0.05364583333333332 0.22777777777777777
0 0.4598958333333333 0.6587962962962963 0.03229166666666666 0.16759259259259257
0 0.7729166666666666 0.6749999999999999 0.0375 0.18518518518518517
0 0.6161458333333333 0.7231481481481481 0.03958333333333333 0.20370370370370366
0 0.6552083333333333 0.7342592592592592 0.0375 0.18518518518518517
0 0.4973958333333333 0.6759259259259258 0.041666666666666664 0.15555555555555553
0 0.79296875 0.7152777777777778 0.0296875 0.11759259259259258
0 0.77109375 0.7069444444444444 0.0390625 0.15462962962962962
0 0.8343749999999999 0.7384259259259259 0.04895833333333333 0.21388888888888888
0 0.8729166666666666 0.7412037037037036 0.041666666666666664 0.20462962962962963
0 0.9770833333333334 0.7754629629629629 0.041666666666666664 0.20462962962962963
0 0.7989583333333333 0.6976851851851851 0.03854166666666666 0.1787037037037037
0 0.6111979166666667 0.5814814814814815 0.03177083333333333 0.13148148148148148
0 0.5828125 0.5708333333333333 0.0375 0.14351851851851852
0 0.4598958333333333 0.5763888888888888 0.03333333333333333 0.14907407407407408
0 0.5338541666666666 0.5953703703703703 0.04479166666666666 0.15740740740740738
0 0.5505208333333333 0.5393518518518519 0.022916666666666665 0.10462962962962963
0 0.5286458333333333 0.5393518518518519 0.03020833333333333 0.12685185185185183
0 0.50078125 0.5231481481481481 0.03177083333333333 0.12037037037037038
0 0.44765625 0.5259259259259259 0.03177083333333333 0.11851851851851851
0 0.4140625 0.523611111111111 0.025 0.11574074074074074
0 0.5278645833333333 0.5078703703703704 0.027604166666666662 0.11574074074074074
0 0.5026041666666667 0.49722222222222223 0.02395833333333333 0.11296296296296296
0 0.4822916666666666 0.49907407407407406 0.025 0.12962962962962962
0 0.4627604166666667 0.5023148148148149 0.025520833333333333 0.11574074074074074
0 0.4234375 0.4921296296296296 0.02708333333333333 0.12314814814814815
0 0.4744791666666666 0.47870370370370374 0.026041666666666664 0.1074074074074074
0 0.5299479166666666 0.524074074074074 0.021354166666666667 0.1074074074074074
5 0.7208333333333333 0.4921296296296296 0.02395833333333333 0.06574074074074074
0 0.4541666666666666 0.4810185185185185 0.026041666666666664 0.12314814814814815
0 0.76328125 0.4416666666666666 0.01927083333333333 0.07407407407407407
0 0.771875 0.43657407407407406 0.02708333333333333 0.0824074074074074
5 0.7833333333333333 0.524537037037037 0.03020833333333333 0.08796296296296295
5 0.5770833333333333 0.46712962962962956 0.026041666666666664 0.11018518518518519
