0 0.5682291666666666 0.6717592592592593 0.0375 0.19907407407407407
0 0.5893229166666666 0.6833333333333332 0.04010416666666666 0.19629629629629627
5 0.6572916666666667 0.6458333333333333 0.03333333333333333 0.17685185185185184
0 0.7427083333333333 0.513888888888889 0.02395833333333333 0.0962962962962963
5 0.7502604166666667 0.47824074074074074 0.025520833333333333 0.07685185185185185
0 0.5950520833333333 0.6472222222222221 0.03697916666666666 0.17407407407407408
0 0.5151041666666667 0.6828703703703703 0.02708333333333333 0.1509259259259259
0 0.5786458333333333 0.6606481481481481 0.05625 0.18055555555555552
0 0.70703125 0.7074074074074074 0.03802083333333333 0.1759259259259259
0 0.8630208333333332 0.687962962962963 0.0375 0.17777777777777776
0 0.8598958333333332 0.6574074074074074 0.03020833333333333 0.15185185185185185
0 0.853125 0.6523148148148148 0.03854166666666666 0.16759259259259257
0 0.8953125 0.6861111111111111 0.0375 0.18333333333333332
5 0.6682291666666667 0.6041666666666666 0.02708333333333333 0.14351851851851852
0 0.284375 0.7439814814814814 0.04479166666666666 0.21018518518518517
0 0.3223958333333333 0.7476851851851852 0.042708333333333334 0.19537037037037036
0 0.3208333333333333 0.7902777777777776 0.05208333333333333 0.20277777777777778
0 0.20963541666666666 0.7657407407407406 0.04427083333333333 0.1925925925925926
0 0.10078125 0.923148148148148 0.0671875 0.15555555555555553
0 0.4466145833333333 0.6208333333333333 0.033854166666666664 0.16018518518518518
0 0.7591145833333333 0.6462962962962963 0.033854166666666664 0.18148148148148147
0 0.6541666666666666 0.7254629629629629 0.04791666666666666 0.20462962962962963
0 0.6794270833333333 0.7407407407407407 0.043229166666666666 0.18703703703703703
0 0.4067708333333333 0.6435185185185184 0.042708333333333334 0.14814814814814814
0 0.7924479166666666 0.6842592592592592 0.0296875 0.11851851851851851
0 0.7838541666666666 0.673611111111111 0.035416666666666666 0.14537037037037037
0 0.83359375 0.7041666666666666 0.04635416666666666 0.2009259259259259
0 0.8388020833333332 0.7027777777777777 0.04114583333333333 0.20185185185185187
0 0.8348958333333334 0.7259259259259259 0.05416666666666666 0.20555555555555555
0 0.8114583333333332 0.6680555555555554 0.03645833333333333 0.1787037037037037
0 0.88203125 0.7324074074074074 0.0421875 0.18888888888888888
0 0.6479166666666666 0.5967592592592592 0.03229166666666666 0.1324074074074074
0 0.63046875 0.5958333333333333 0.03802083333333333 0.16018518518518518
0 0.4752604166666667 0.6069444444444444 0.034895833333333334 0.16018518518518518
0 0.4447916666666666 0.5726851851851851 0.04375 0.15648148148148147
0 0.5807291666666666 0.5592592592592591 0.028125 0.1037037037037037
0 0.54375 0.5541666666666667 0.03020833333333333 0.12685185185185183
0 0.51328125 0.5337962962962962 0.03177083333333333 0.1287037037037037
0 0.4575520833333333 0.5416666666666667 0.0328125 0.12037037037037038
0 0.4213541666666666 0.5393518518518519 0.025 0.12685185185185183
0 0.5598958333333333 0.5199074074074075 0.028125 0.11574074074074074
0 0.5299479166666666 0.5171296296296296 0.027604166666666662 0.12129629629629628
0 0.5130208333333333 0.5106481481481481 0.026041666666666664 0.13055555555555556
0 0.4888020833333333 0.5162037037037036 0.025520833333333333 0.12129629629629628
0 0.4260416666666666 0.5087962962962962 0.028125 0.11574074074074074
0 0.53203125 0.49074074074074076 0.027604166666666662 0.1074074074074074
0 0.459375 0.4916666666666667 0.03020833333333333 0.12037037037037038
0 0.4455729166666666 0.4736111111111111 0.021354166666666667 0.09907407407407406
0 0.4364583333333333 0.47824074074074063 0.026041666666666664 0.10462962962962963
0 0.5424479166666666 0.5398148148148147 0.021354166666666667 0.1074074074074074
5 0.7270833333333333 0.48749999999999993 0.02395833333333333 0.06574074074074074
0 0.5151041666666666 0.4935185185185185 0.026041666666666664 0.12407407407407407
0 0.7739583333333333 0.44259259259259254 0.019791666666666666 0.07407407407407407
0 0.7859375 0.44027777777777777 0.02708333333333333 0.0824074074074074
5 0.7872395833333333 0.5180555555555555 0.0296875 0.08796296296296295
5 0.5828125 0.4624999999999999 0.026041666666666664 0.11018518518518519
