0 0.25546875 0.6194444444444444 0.04635416666666666 0.17962962962962964
0 0.31354166666666666 0.6203703703703703 0.03958333333333333 0.18703703703703703
0 0.34296874999999993 0.6444444444444444 0.03802083333333333 0.1685185185185185
0 0.5372395833333333 0.625 0.034895833333333334 0.18703703703703703
0 0.5697916666666666 0.6259259259259259 0.03229166666666666 0.17962962962962964
5 0.6408854166666667 0.6287037037037038 0.028645833333333332 0.17037037037037037
0 0.740625 0.5157407407407407 0.02395833333333333 0.0962962962962963
5 0.7216145833333333 0.47453703703703703 0.025520833333333333 0.07685185185185185
0 0.60703125 0.6365740740740741 0.0359375 0.1787037037037037
0 0.6968749999999999 0.9319444444444445 0.06354166666666666 0.13796296296296295
0 0.6289062499999999 0.9296296296296296 0.07135416666666666 0.14074074074074075
0 0.4609374999999999 0.6097222222222222 0.026041666666666664 0.11759259259259258
0 0.49140624999999993 0.587962962962963 0.033854166666666664 0.15925925925925927
0 0.4854166666666667 0.6407407407407406 0.03645833333333333 0.1611111111111111
0 0.6786458333333333 0.6148148148148147 0.034375 0.14629629629629629
0 0.5661458333333333 0.5953703703703703 0.02708333333333333 0.137037037037037
0 0.6151041666666667 0.6009259259259259 0.042708333333333334 0.16296296296296295
0 0.70703125 0.6134259259259258 0.03177083333333333 0.14907407407407408
5 0.6393229166666666 0.599537037037037 0.0296875 0.14351851851851852
0 0.8520833333333332 0.7282407407407406 0.0375 0.20462962962962963
0 0.8794270833333332 0.7166666666666666 0.05052083333333333 0.19444444444444445
0 0.8614583333333332 0.7060185185185185 0.034375 0.18796296296296294
0 0.5544270833333333 0.9263888888888887 0.0609375 0.14907407407407408
0 0.9013020833333332 0.7125 0.0421875 0.18796296296296294
0 0.17838541666666666 0.8263888888888887 0.0546875 0.2398148148148148
0 0.22656249999999994 0.8356481481481481 0.05208333333333333 0.225
0 0.17864583333333334 0.8949074074074073 0.0625 0.21203703703703702
0 0.10104166666666665 0.8069444444444445 0.0375 0.21018518518518517
0 0.10807291666666667 0.8296296296296296 0.04114583333333333 0.23888888888888887
0 0.5325520833333333 0.686574074074074 0.04010416666666666 0.18796296296296294
0 0.7481770833333333 0.7 0.04427083333333333 0.1907407407407407
0 0.615625 0.7180555555555556 0.042708333333333334 0.2009259259259259
0 0.6348958333333333 0.7203703703703703 0.03645833333333333 0.17962962962962964
0 0.6255208333333333 0.6986111111111111 0.03645833333333333 0.16203703703703703
0 0.7755208333333333 0.7430555555555555 0.034375 0.1287037037037037
0 0.7445312499999999 0.75 0.04635416666666666 0.1685185185185185
0 0.7734375 0.7324074074074074 0.040625 0.19629629629629627
0 0.5703125 0.538888888888889 0.03020833333333333 0.10925925925925925
0 0.540625 0.5324074074074073 0.03645833333333333 0.1259259259259259
0 0.4421875 0.5342592592592592 0.03020833333333333 0.13518518518518519
0 0.6572916666666666 0.5921296296296296 0.040625 0.16203703703703703
0 0.5197916666666667 0.512962962962963 0.019791666666666666 0.1
0 0.490625 0.5037037037037038 0.03020833333333333 0.1074074074074074
0 0.4578124999999999 0.4976851851851851 0.029166666666666664 0.12129629629629628
0 0.4255208333333333 0.49537037037037035 0.03020833333333333 0.11296296296296296
0 0.4049479166666667 0.49444444444444446 0.025520833333333333 0.11296296296296296
0 0.4651041666666666 0.47638888888888886 0.025 0.11018518518518519
0 0.4359375 0.47407407407407404 0.02395833333333333 0.11296296296296296
0 0.4229166666666666 0.4708333333333333 0.021875 0.12314814814814815
0 0.4075520833333333 0.475925925925926 0.0234375 0.11296296296296296
0 0.5 0.49490740740740735 0.025 0.10462962962962963
5 0.7028645833333333 0.48287037037037034 0.0234375 0.06574074074074074
0 0.7510416666666666 0.43611111111111106 0.019791666666666666 0.07407407407407407
0 0.7546875 0.43194444444444435 0.02708333333333333 0.0824074074074074
5 0.7684895833333333 0.5162037037037037 0.0296875 0.08796296296296295
5 0.56328125 0.45833333333333337 0.0265625 0.10925925925925925
