0 0.2791666666666667 0.6379629629629628 0.046875 0.1907407407407407
0 0.3380208333333333 0.6425925925925926 0.04375 0.1925925925925926
0 0.4052083333333333 0.6537037037037037 0.0375 0.1759259259259259
0 0.5317708333333333 0.6175925925925926 0.035416666666666666 0.18148148148148147
0 0.56015625 0.6143518518518518 0.0328125 0.17685185185185184
5 0.6489583333333333 0.624074074074074 0.028125 0.1685185185185185
0 0.7723958333333333 0.5041666666666667 0.02395833333333333 0.09351851851851851
5 0.7171874999999999 0.46805555555555556 0.026041666666666664 0.07685185185185185
0 0.6119791666666666 0.6268518518518518 0.03854166666666666 0.1685185185185185
0 0.7197916666666666 0.9013888888888888 0.06041666666666666 0.19722222222222222
0 0.6625 0.8981481481481481 0.065625 0.20555555555555555
0 0.46640625 0.5796296296296296 0.0234375 0.11296296296296296
0 0.4934895833333333 0.5694444444444444 0.0328125 0.1537037037037037
0 0.4703125 0.6171296296296296 0.03020833333333333 0.15462962962962962
0 0.6111979166666666 0.599537037037037 0.033854166666666664 0.14537037037037037
0 0.5294270833333333 0.5675925925925925 0.025520833333333333 0.13518518518518519
0 0.5718749999999999 0.5740740740740741 0.035416666666666666 0.1611111111111111
0 0.63515625 0.5976851851851851 0.03177083333333333 0.14907407407407408
0 0.8697916666666666 0.7152777777777778 0.06875 0.21388888888888888
5 0.63828125 0.5921296296296296 0.0296875 0.14351851851851852
0 0.8721354166666666 0.7074074074074074 0.0421875 0.19814814814814813
0 0.8955729166666666 0.7087962962962963 0.04739583333333333 0.19537037037037036
0 0.7713541666666667 0.6944444444444444 0.05208333333333333 0.18703703703703703
0 0.8143229166666666 0.6861111111111111 0.06510416666666666 0.18888888888888888
0 0.8260416666666666 0.6759259259259258 0.03333333333333333 0.18703703703703703
0 0.5885416666666666 0.8916666666666666 0.0625 0.2148148148148148
0 0.8651041666666666 0.6782407407407407 0.041666666666666664 0.1787037037037037
0 0.13932291666666666 0.8546296296296296 0.056770833333333326 0.2444444444444444
0 0.19479166666666664 0.8708333333333332 0.05416666666666666 0.2398148148148148
0 0.13776041666666666 0.913425925925926 0.0546875 0.175
0 0.134375 0.8060185185185185 0.05208333333333333 0.20462962962962963
0 0.1828125 0.8273148148148147 0.07708333333333332 0.22129629629629627
0 0.6028645833333333 0.711574074074074 0.04010416666666666 0.18796296296296294
0 0.7640625 0.7249999999999999 0.05208333333333333 0.20370370370370366
0 0.6721354166666667 0.7226851851851851 0.04739583333333333 0.20462962962962963
0 0.6763020833333333 0.7189814814814814 0.03802083333333333 0.1787037037037037
0 0.7138020833333333 0.7171296296296296 0.04114583333333333 0.17129629629629628
0 0.7947916666666666 0.7564814814814814 0.041666666666666664 0.12962962962962962
0 0.8544270833333332 0.7625 0.0515625 0.16574074074074072
0 0.86015625 0.7379629629629629 0.05260416666666666 0.19814814814814813
0 0.5559895833333333 0.5171296296296296 0.027604166666666662 0.10648148148148147
0 0.5252604166666667 0.5106481481481482 0.034895833333333334 0.12685185185185183
0 0.4330729166666666 0.5129629629629628 0.0296875 0.13518518518518519
0 0.7307291666666667 0.5828703703703704 0.040625 0.16018518518518518
0 0.50078125 0.4981481481481481 0.0234375 0.09814814814814814
0 0.4734375 0.4851851851851852 0.03020833333333333 0.1074074074074074
0 0.4421874999999999 0.4814814814814815 0.029166666666666664 0.11296296296296296
0 0.4171875 0.4805555555555555 0.03020833333333333 0.10555555555555556
0 0.403125 0.48009259259259257 0.025 0.11203703703703702
0 0.42057291666666663 0.46805555555555556 0.0234375 0.11018518518518519
0 0.4859375 0.48472222222222217 0.025 0.10462962962962963
5 0.7015625 0.48009259259259257 0.02395833333333333 0.06574074074074074
0 0.74921875 0.4305555555555555 0.01927083333333333 0.07407407407407407
0 0.7526041666666667 0.4300925925925926 0.02708333333333333 0.0824074074074074
5 0.7651041666666667 0.5115740740740741 0.03020833333333333 0.08796296296296295
5 0.5604166666666666 0.4481481481481481 0.028125 0.10925925925925925
