0 0.2421875 0.7819444444444444 0.06354166666666666 0.23425925925925925
0 0.29791666666666666 0.7833333333333333 0.055208333333333325 0.22962962962962963
0 0.3473958333333333 0.7587962962962963 0.042708333333333334 0.2064814814814815
0 0.3294270833333333 0.875 0.0609375 0.24814814814814815
0 0.39322916666666663 0.8712962962962962 0.05833333333333333 0.22962962962962963
0 0.66328125 0.6763888888888888 0.04427083333333333 0.19537037037037036
0 0.6674479166666666 0.6787037037037037 0.03697916666666666 0.19444444444444445
5 0.6598958333333333 0.6425925925925926 0.029166666666666664 0.1685185185185185
0 0.8036458333333332 0.5379629629629629 0.028125 0.09259259259259259
5 0.7161458333333333 0.4935185185185185 0.026041666666666664 0.07592592592592592
0 0.6458333333333333 0.662037037037037 0.034375 0.18148148148148147
0 0.8432291666666666 0.7046296296296296 0.04583333333333333 0.18703703703703703
0 0.7638020833333333 0.7504629629629629 0.0453125 0.2064814814814815
0 0.6994791666666667 0.7555555555555555 0.04583333333333333 0.2074074074074074
0 0.8333333333333334 0.6893518518518519 0.041666666666666664 0.18425925925925926
0 0.446875 0.538425925925926 0.02395833333333333 0.10833333333333332
0 0.47526041666666663 0.5263888888888889 0.03072916666666666 0.12685185185185183
0 0.4328125 0.5634259259259259 0.02708333333333333 0.1287037037037037
0 0.4927083333333333 0.55 0.03125 0.12407407407407407
0 0.4999999999999999 0.5282407407407407 0.026041666666666664 0.12129629629629628
0 0.5447916666666666 0.5296296296296296 0.03125 0.1259259259259259
0 0.5208333333333333 0.5499999999999999 0.03020833333333333 0.12962962962962962
0 0.4890624999999999 0.6467592592592593 0.04479166666666666 0.1824074074074074
5 0.6401041666666666 0.6171296296296296 0.029166666666666664 0.14351851851851852
0 0.5078125 0.6462962962962963 0.03645833333333333 0.17407407407407408
0 0.5445312499999999 0.6421296296296296 0.033854166666666664 0.16018518518518518
0 0.5671875 0.6189814814814814 0.03229166666666666 0.15462962962962962
0 0.6002604166666667 0.6185185185185185 0.034895833333333334 0.15740740740740738
0 0.6002604166666666 0.6032407407407406 0.0296875 0.1361111111111111
0 0.5528645833333333 0.6824074074074074 0.04427083333333333 0.1685185185185185
0 0.5822916666666667 0.6981481481481481 0.029166666666666664 0.12962962962962962
0 0.6536458333333333 0.6976851851851851 0.040625 0.1935185185185185
0 0.6541666666666666 0.7527777777777777 0.04479166666666666 0.21666666666666665
0 0.6692708333333333 0.6050925925925925 0.029166666666666664 0.14351851851851852
0 0.7328125 0.6504629629629629 0.0375 0.16759259259259257
0 0.7013020833333333 0.7087962962962963 0.04427083333333333 0.16203703703703703
0 0.01484375 0.9458333333333332 0.028645833333333332 0.11018518518518519
0 0.05052083333333333 0.9662037037037037 0.04791666666666666 0.06944444444444445
0 0.61015625 0.836111111111111 0.0515625 0.20370370370370366
0 0.778125 0.8166666666666667 0.051041666666666666 0.21296296296296294
0 0.4546874999999999 0.48657407407407405 0.03854166666666666 0.10462962962962963
0 0.4125 0.4833333333333334 0.03333333333333333 0.12777777777777777
5 0.7036458333333333 0.5060185185185184 0.02395833333333333 0.06574074074074074
0 0.7151041666666667 0.4629629629629629 0.026041666666666664 0.09074074074074073
0 0.7354166666666667 0.46342592592592596 0.03020833333333333 0.08981481481481482
5 0.7640625 0.5328703703703703 0.03125 0.08796296296296295
5 0.5557291666666667 0.47453703703703703 0.02395833333333333 0.11018518518518519
