0 0.20572916666666666 0.874537037037037 0.06770833333333333 0.25277777777777777
0 0.2614583333333333 0.874074074074074 0.059375 0.25
0 0.2856770833333333 0.8453703703703702 0.05052083333333333 0.22407407407407404
0 0.37213541666666666 0.8222222222222222 0.0546875 0.22222222222222224
0 0.4153645833333333 0.8231481481481481 0.0515625 0.20185185185185187
0 0.77734375 0.7388888888888888 0.04739583333333333 0.2111111111111111
0 0.7921875 0.7310185185185184 0.042708333333333334 0.20462962962962963
5 0.6645833333333333 0.673148148148148 0.03020833333333333 0.1685185185185185
0 0.80546875 0.5694444444444444 0.027604166666666662 0.09259259259259259
5 0.7205729166666666 0.5120370370370371 0.027604166666666662 0.07592592592592592
0 0.7158854166666666 0.7106481481481481 0.0421875 0.1824074074074074
0 0.8192708333333332 0.7041666666666667 0.042708333333333334 0.17685185185185184
0 0.6916666666666667 0.7328703703703703 0.041666666666666664 0.1935185185185185
0 0.61953125 0.725462962962963 0.0390625 0.18981481481481483
0 0.7919270833333333 0.6791666666666666 0.04010416666666666 0.16574074074074072
0 0.4354166666666667 0.5402777777777777 0.02395833333333333 0.09907407407407406
0 0.4611979166666667 0.5199074074074074 0.025520833333333333 0.11203703703703702
0 0.4317708333333333 0.5648148148148148 0.026041666666666664 0.12407407407407407
0 0.4588541666666667 0.5513888888888888 0.03020833333333333 0.12314814814814815
0 0.4822916666666666 0.5268518518518518 0.026041666666666664 0.11296296296296296
0 0.51953125 0.5319444444444444 0.0296875 0.12129629629629628
0 0.4875 0.5513888888888888 0.03020833333333333 0.1287037037037037
0 0.4546875 0.6310185185185185 0.034375 0.17129629629629628
5 0.6458333333333333 0.638425925925926 0.029166666666666664 0.1398148148148148
0 0.4828125 0.6337962962962963 0.03125 0.16203703703703703
0 0.5127604166666667 0.6333333333333332 0.03177083333333333 0.14629629629629629
0 0.5380208333333333 0.6092592592592592 0.03229166666666666 0.13518518518518519
0 0.5690104166666667 0.6055555555555555 0.034895833333333334 0.13518518518518519
0 0.5604166666666667 0.6 0.02708333333333333 0.1259259259259259
0 0.5205729166666666 0.6597222222222222 0.0421875 0.15648148148148147
0 0.546875 0.6777777777777777 0.02708333333333333 0.12962962962962962
0 0.5692708333333333 0.6847222222222221 0.03854166666666666 0.1787037037037037
0 0.5830729166666666 0.7351851851851852 0.04010416666666666 0.19814814814814813
0 0.5953125 0.6027777777777776 0.03020833333333333 0.14074074074074075
0 0.6333333333333333 0.6462962962962963 0.03229166666666666 0.1685185185185185
0 0.6119791666666666 0.6953703703703703 0.03854166666666666 0.15740740740740738
0 0.8651041666666666 0.8685185185185185 0.065625 0.20370370370370366
5 0.70625 0.5319444444444443 0.02395833333333333 0.06574074074074074
0 0.675 0.4898148148148148 0.02708333333333333 0.09074074074074073
0 0.7023437499999999 0.48657407407407405 0.03072916666666666 0.09166666666666666
5 0.76953125 0.5597222222222222 0.03177083333333333 0.08796296296296295
5 0.5635416666666667 0.5032407407407407 0.02395833333333333 0.11018518518518519
