0 0.2786458333333333 0.6379629629629628 0.046875 0.1907407407407407
0 0.3375 0.6416666666666666 0.04375 0.1925925925925926
0 0.4041666666666666 0.6532407407407408 0.0375 0.17685185185185184
0 0.5317708333333333 0.6185185185185185 0.035416666666666666 0.18148148148148147
0 0.56015625 0.6143518518518518 0.0328125 0.17685185185185184
5 0.6486979166666667 0.624074074074074 0.027604166666666662 0.1685185185185185
0 0.7713541666666667 0.5041666666666667 0.02395833333333333 0.09351851851851851
5 0.7177083333333333 0.46805555555555556 0.026041666666666664 0.07685185185185185
0 0.6109374999999999 0.6273148148148148 0.03854166666666666 0.16944444444444445
0 0.7200520833333333 0.9027777777777777 0.0609375 0.19444444444444445
0 0.6611979166666666 0.899074074074074 0.0671875 0.20370370370370366
0 0.46640625 0.5805555555555555 0.0234375 0.11296296296296296
0 0.4934895833333333 0.5699074074074073 0.0328125 0.15462962962962962
0 0.4703125 0.6180555555555556 0.03020833333333333 0.15462962962962962
0 0.6130208333333333 0.6 0.03333333333333333 0.14629629629629629
0 0.5296874999999999 0.5675925925925925 0.026041666666666664 0.13518518518518519
0 0.5734374999999999 0.5754629629629628 0.035416666666666666 0.16203703703703703
0 0.63671875 0.5986111111111111 0.03177083333333333 0.14907407407407408
0 0.8729166666666666 0.7157407407407407 0.06875 0.2148148148148148
5 0.63828125 0.5921296296296296 0.0296875 0.14351851851851852
0 0.8749999999999998 0.7074074074074074 0.042708333333333334 0.19814814814814813
0 0.89921875 0.7097222222222223 0.0484375 0.19537037037037036
0 0.7747395833333333 0.6944444444444444 0.049479166666666664 0.18703703703703703
0 0.81484375 0.6875 0.0640625 0.18981481481481483
0 0.8265624999999999 0.6773148148148148 0.03333333333333333 0.18796296296296294
0 0.5875 0.8925925925925926 0.0625 0.21296296296296294
0 0.8661458333333334 0.6791666666666666 0.041666666666666664 0.1787037037037037
0 0.1403645833333333 0.8537037037037036 0.056770833333333326 0.2444444444444444
0 0.19583333333333333 0.8694444444444445 0.05416666666666666 0.23888888888888887
0 0.13880208333333333 0.912962962962963 0.0546875 0.1759259259259259
0 0.13229166666666664 0.8060185185185185 0.051041666666666666 0.20462962962962963
0 0.18125 0.8277777777777777 0.078125 0.22037037037037038
0 0.6007812499999999 0.7106481481481481 0.04010416666666666 0.18796296296296294
0 0.7630208333333333 0.724074074074074 0.051041666666666666 0.20370370370370366
0 0.6700520833333333 0.7222222222222221 0.04635416666666666 0.20555555555555555
0 0.6747395833333333 0.7189814814814814 0.03802083333333333 0.1787037037037037
0 0.7114583333333333 0.7162037037037037 0.041666666666666664 0.17129629629629628
0 0.7934895833333333 0.7564814814814814 0.04114583333333333 0.12962962962962962
0 0.8513020833333332 0.7625 0.05052083333333333 0.16759259259259257
0 0.8567708333333333 0.7370370370370369 0.05208333333333333 0.19814814814814813
0 0.55625 0.5180555555555555 0.028125 0.10648148148148147
0 0.52578125 0.5115740740740741 0.034895833333333334 0.12685185185185183
0 0.4330729166666666 0.5129629629629628 0.0296875 0.13518518518518519
0 0.7286458333333333 0.5828703703703704 0.040625 0.16018518518518518
0 0.50078125 0.4981481481481481 0.0234375 0.09814814814814814
0 0.4734375 0.4851851851851852 0.03020833333333333 0.1074074074074074
0 0.4432291666666666 0.4814814814814815 0.029166666666666664 0.11296296296296296
0 0.4182291666666667 0.4805555555555555 0.03020833333333333 0.10555555555555556
0 0.40390625 0.4810185185185185 0.025520833333333333 0.11203703703703702
0 0.4216145833333333 0.46805555555555556 0.0234375 0.11018518518518519
0 0.4864583333333333 0.48472222222222217 0.025 0.10462962962962963
5 0.7015625 0.48009259259259257 0.02395833333333333 0.06574074074074074
0 0.74921875 0.4305555555555555 0.01927083333333333 0.07407407407407407
0 0.7526041666666667 0.4300925925925926 0.02708333333333333 0.0824074074074074
5 0.7651041666666667 0.5115740740740741 0.03020833333333333 0.08796296296296295
5 0.5604166666666666 0.4481481481481481 0.028125 0.10925925925925925
