0 0.25390625 0.736574074074074 0.0546875 0.2064814814814815
0 0.31953124999999993 0.7337962962962962 0.05052083333333333 0.22314814814814815
0 0.37760416666666663 0.7162037037037037 0.03958333333333333 0.1935185185185185
0 0.2864583333333333 0.899074074074074 0.06458333333333333 0.20185185185185187
0 0.35104166666666664 0.9041666666666666 0.06354166666666666 0.18981481481481483
0 0.5916666666666666 0.6499999999999999 0.041666666666666664 0.1925925925925926
0 0.6005208333333333 0.6467592592592593 0.035416666666666666 0.17685185185185184
5 0.6463541666666666 0.6296296296296295 0.028125 0.1685185185185185
0 0.78984375 0.5296296296296296 0.025520833333333333 0.09259259259259259
5 0.7078125 0.4828703703703704 0.026041666666666664 0.07685185185185185
0 0.6221354166666667 0.6523148148148148 0.03177083333333333 0.1824074074074074
0 0.9171875 0.7157407407407407 0.051041666666666666 0.1925925925925926
0 0.7421874999999999 0.7837962962962963 0.041666666666666664 0.225
0 0.6984374999999999 0.7902777777777777 0.04791666666666666 0.225
0 0.8911458333333334 0.7023148148148148 0.04791666666666666 0.19537037037037036
0 0.4513020833333333 0.5421296296296296 0.0234375 0.11203703703703702
0 0.47265625 0.5337962962962963 0.0296875 0.1398148148148148
0 0.4302083333333333 0.5708333333333332 0.03020833333333333 0.13425925925925924
0 0.5041666666666667 0.5606481481481481 0.03333333333333333 0.1361111111111111
0 0.50234375 0.5328703703703704 0.025520833333333333 0.12129629629629628
0 0.53515625 0.5375 0.03177083333333333 0.13425925925925924
0 0.5338541666666667 0.5555555555555556 0.03020833333333333 0.12962962962962962
0 0.5450520833333333 0.6699074074074074 0.04010416666666666 0.19537037037037036
5 0.6260416666666666 0.6050925925925925 0.029166666666666664 0.14351851851851852
0 0.5544270833333333 0.6694444444444445 0.04739583333333333 0.18333333333333332
0 0.5778645833333333 0.6648148148148147 0.03802083333333333 0.17407407407407408
0 0.5393229166666667 0.6333333333333333 0.03177083333333333 0.16296296296296295
0 0.6666666666666667 0.6231481481481481 0.03645833333333333 0.15740740740740738
0 0.6627604166666667 0.6194444444444445 0.03177083333333333 0.15185185185185185
0 0.6346354166666666 0.6986111111111111 0.04635416666666666 0.17314814814814813
0 0.6585937499999999 0.7106481481481481 0.033854166666666664 0.13425925925925924
0 0.7559895833333333 0.7069444444444444 0.05572916666666666 0.19907407407407407
0 0.6455729166666666 0.7893518518518519 0.04635416666666666 0.2324074074074074
0 0.7364583333333333 0.6180555555555556 0.034375 0.15648148148148147
0 0.7893229166666667 0.6615740740740741 0.0421875 0.1787037037037037
0 0.80546875 0.7171296296296296 0.0421875 0.17685185185185184
0 0.026562499999999996 0.9226851851851852 0.05208333333333333 0.15648148148148147
0 0.059375 0.9398148148148147 0.05416666666666666 0.1222222222222222
0 0.4208333333333333 0.825 0.05416666666666666 0.20370370370370366
0 0.6002604166666666 0.8194444444444443 0.0640625 0.2185185185185185
0 0.8869791666666667 0.7893518518518519 0.06979166666666667 0.21018518518518517
0 0.9682291666666666 0.7648148148148147 0.046875 0.2148148148148148
0 0.9635416666666666 0.7615740740740741 0.03854166666666666 0.2009259259259259
0 0.4768229166666666 0.4884259259259259 0.0328125 0.10462962962962963
0 0.4499999999999999 0.4819444444444444 0.03229166666666666 0.12314814814814815
0 0.38046875 0.47638888888888886 0.0296875 0.12314814814814815
0 0.3809895833333333 0.48240740740740734 0.027604166666666662 0.09074074074074073
5 0.6911458333333333 0.49120370370370364 0.02395833333333333 0.06574074074074074
0 0.7255208333333333 0.4499999999999999 0.02395833333333333 0.08518518518518518
0 0.7473958333333333 0.4421296296296296 0.028125 0.08981481481481482
5 0.7505208333333333 0.5199074074074074 0.03020833333333333 0.08796296296296295
5 0.5375 0.46342592592592585 0.02395833333333333 0.11018518518518519
