0 0.5807291666666667 0.6597222222222222 0.03333333333333333 0.1935185185185185
0 0.6078125 0.6666666666666666 0.03645833333333333 0.18703703703703703
5 0.6666666666666666 0.6476851851851853 0.03125 0.17685185185185184
0 0.7442708333333333 0.5185185185185185 0.02395833333333333 0.0962962962962963
5 0.7455729166666667 0.48194444444444445 0.025520833333333333 0.07685185185185185
0 0.6171874999999999 0.6462962962962963 0.03229166666666666 0.1759259259259259
0 0.50625 0.6694444444444444 0.02708333333333333 0.15
0 0.5432291666666667 0.6523148148148148 0.035416666666666666 0.17685185185185184
0 0.6653645833333333 0.6953703703703703 0.0390625 0.16666666666666666
0 0.84375 0.674537037037037 0.03854166666666666 0.16203703703703703
0 0.8046875 0.6523148148148148 0.03020833333333333 0.1509259259259259
0 0.8229166666666666 0.648611111111111 0.03958333333333333 0.16759259259259257
0 0.8744791666666666 0.6768518518518518 0.0375 0.17407407407407408
5 0.6635416666666667 0.6050925925925925 0.02708333333333333 0.14351851851851852
0 0.2708333333333333 0.7546296296296295 0.04583333333333333 0.2111111111111111
0 0.30963541666666666 0.7652777777777777 0.0421875 0.20462962962962963
0 0.30338541666666663 0.8083333333333333 0.05260416666666666 0.2111111111111111
0 0.1921875 0.7759259259259259 0.04375 0.19814814814814813
0 0.13515625 0.9092592592592592 0.05989583333333333 0.18148148148148147
0 0.4515625 0.6356481481481481 0.034375 0.16574074074074072
0 0.7736979166666667 0.662037037037037 0.033854166666666664 0.18518518518518517
0 0.6289062499999999 0.7263888888888889 0.04010416666666666 0.20462962962962963
0 0.66640625 0.7375 0.0421875 0.18425925925925926
0 0.4453125 0.6550925925925926 0.040625 0.15462962962962962
0 0.79140625 0.6958333333333333 0.0296875 0.11759259259259258
0 0.7843749999999999 0.6898148148148148 0.035416666666666666 0.15185185185185185
0 0.8182291666666666 0.7194444444444444 0.04583333333333333 0.20185185185185187
0 0.8463541666666666 0.7199074074074073 0.046875 0.2009259259259259
0 0.8895833333333332 0.7518518518518518 0.053125 0.20925925925925926
0 0.8049479166666667 0.6824074074074074 0.03802083333333333 0.17962962962962964
0 0.9380208333333334 0.7550925925925925 0.04479166666666666 0.19166666666666665
0 0.6325520833333333 0.5912037037037037 0.03177083333333333 0.1324074074074074
0 0.6067708333333333 0.5833333333333333 0.03854166666666666 0.14629629629629629
0 0.4661458333333333 0.5916666666666667 0.034375 0.15740740740740738
0 0.4963541666666666 0.5800925925925926 0.04479166666666666 0.15648148148148147
0 0.5736979166666667 0.5499999999999999 0.025520833333333333 0.1037037037037037
0 0.54140625 0.548611111111111 0.0296875 0.12685185185185183
0 0.5140624999999999 0.5282407407407407 0.03229166666666666 0.12314814814814815
0 0.4591145833333333 0.5342592592592592 0.03177083333333333 0.11851851851851851
0 0.41640625 0.5314814814814814 0.025520833333333333 0.12407407407407407
0 0.5510416666666667 0.514351851851852 0.028125 0.11574074074074074
0 0.5244791666666667 0.5092592592592593 0.02395833333333333 0.11296296296296296
0 0.50546875 0.5092592592592593 0.025520833333333333 0.12962962962962962
0 0.4859374999999999 0.5115740740740741 0.026041666666666664 0.12129629629629628
0 0.4296875 0.5050925925925925 0.028125 0.11574074074074074
0 0.5143229166666666 0.4888888888888888 0.0265625 0.1074074074074074
0 0.4458333333333333 0.48240740740740745 0.02395833333333333 0.12037037037037038
0 0.4161458333333333 0.46712962962962956 0.019791666666666666 0.09907407407407406
0 0.5395833333333333 0.5314814814814814 0.021875 0.1074074074074074
5 0.7265625 0.49120370370370364 0.02395833333333333 0.06574074074074074
0 0.4908854166666667 0.4851851851851851 0.025520833333333333 0.12407407407407407
0 0.7713541666666666 0.44351851851851853 0.019791666666666666 0.07407407407407407
0 0.7802083333333333 0.4393518518518518 0.02708333333333333 0.0824074074074074
5 0.790625 0.523611111111111 0.03020833333333333 0.08796296296296295
5 0.5861979166666667 0.4652777777777777 0.025520833333333333 0.11018518518518519
