0 0.24140624999999996 0.7893518518518517 0.06302083333333333 0.23425925925925925
0 0.2966145833333333 0.7962962962962963 0.0546875 0.2444444444444444
0 0.34765624999999994 0.7652777777777777 0.04427083333333333 0.21018518518518517
0 0.33463541666666663 0.8689814814814815 0.058854166666666666 0.24537037037037038
0 0.3963541666666667 0.8675925925925926 0.05833333333333333 0.22777777777777777
0 0.67265625 0.6800925925925926 0.04427083333333333 0.19537037037037036
0 0.6755208333333333 0.6842592592592591 0.03645833333333333 0.19629629629629627
5 0.66171875 0.6444444444444444 0.0296875 0.1685185185185185
0 0.8046875 0.5425925925925925 0.028125 0.09259259259259259
5 0.7182291666666666 0.4962962962962963 0.026041666666666664 0.07592592592592592
0 0.6473958333333333 0.6657407407407407 0.034375 0.18148148148148147
0 0.8408854166666666 0.7050925925925926 0.04114583333333333 0.18796296296296294
0 0.7606770833333333 0.7495370370370369 0.04427083333333333 0.20462962962962963
0 0.6950520833333333 0.7541666666666667 0.0421875 0.2064814814814815
0 0.8328125 0.6875 0.040625 0.18425925925925926
0 0.4466145833333333 0.537962962962963 0.0234375 0.1074074074074074
0 0.47526041666666663 0.5263888888888889 0.03072916666666666 0.12685185185185183
0 0.4338541666666667 0.5634259259259259 0.02708333333333333 0.1287037037037037
0 0.49088541666666663 0.5509259259259258 0.03072916666666666 0.12407407407407407
0 0.4999999999999999 0.5273148148148147 0.026041666666666664 0.12129629629629628
0 0.5440104166666667 0.5305555555555556 0.03177083333333333 0.1259259259259259
0 0.5192708333333333 0.5518518518518518 0.03020833333333333 0.12962962962962962
0 0.4846354166666667 0.6449074074074074 0.04427083333333333 0.1824074074074074
5 0.6411458333333333 0.6189814814814815 0.029166666666666664 0.14351851851851852
0 0.50625 0.6439814814814814 0.03645833333333333 0.17314814814814813
0 0.5419270833333333 0.6393518518518518 0.033854166666666664 0.15648148148148147
0 0.5682291666666666 0.6189814814814814 0.03229166666666666 0.15462962962962962
0 0.5968749999999999 0.6171296296296296 0.035416666666666666 0.15648148148148147
0 0.5958333333333333 0.6004629629629629 0.029166666666666664 0.1287037037037037
0 0.54921875 0.6805555555555556 0.04427083333333333 0.1685185185185185
0 0.578125 0.6972222222222222 0.03125 0.12962962962962962
0 0.6458333333333333 0.6976851851851851 0.040625 0.1935185185185185
0 0.6513020833333333 0.7513888888888889 0.0453125 0.21388888888888888
0 0.6619791666666666 0.6041666666666666 0.029166666666666664 0.14351851851851852
0 0.7252604166666666 0.6527777777777778 0.03697916666666666 0.1685185185185185
0 0.68984375 0.7083333333333333 0.04114583333333333 0.16666666666666666
0 0.013541666666666665 0.9476851851851851 0.026041666666666664 0.10462962962962963
0 0.0484375 0.9708333333333332 0.04375 0.06018518518518519
0 0.6343749999999999 0.8384259259259259 0.06041666666666666 0.20462962962962963
0 0.7981770833333333 0.8245370370370371 0.0640625 0.21203703703703702
0 0.4486979166666667 0.48749999999999993 0.03177083333333333 0.10462962962962963
0 0.4080729166666666 0.4837962962962963 0.03072916666666666 0.1287037037037037
5 0.7046875 0.5097222222222222 0.02395833333333333 0.06574074074074074
0 0.7135416666666666 0.4657407407407407 0.026041666666666664 0.09074074074074073
0 0.7341145833333333 0.46620370370370373 0.0296875 0.08981481481481482
5 0.7651041666666666 0.5356481481481481 0.03125 0.08796296296296295
5 0.5567708333333333 0.47824074074074063 0.02395833333333333 0.11018518518518519
