0 0.19375 0.8768518518518519 0.06770833333333333 0.24814814814814815
0 0.25260416666666663 0.8736111111111111 0.06041666666666666 0.25277777777777777
0 0.2731770833333333 0.8453703703703702 0.05052083333333333 0.22592592592592592
0 0.9802083333333333 0.8949074074074073 0.03854166666666666 0.21203703703703702
0 0.37109375 0.8050925925925926 0.05260416666666666 0.21759259259259256
0 0.4177083333333333 0.8106481481481481 0.051041666666666666 0.2009259259259259
0 0.7895833333333333 0.7379629629629629 0.04791666666666666 0.2148148148148148
0 0.8026041666666666 0.7277777777777777 0.042708333333333334 0.20185185185185187
5 0.6622395833333333 0.6675925925925925 0.0296875 0.1685185185185185
0 0.8033854166666666 0.5629629629629629 0.027604166666666662 0.09259259259259259
5 0.7190104166666667 0.5074074074074073 0.027604166666666662 0.07592592592592592
0 0.7283854166666667 0.7078703703703704 0.04427083333333333 0.18425925925925926
0 0.8083333333333332 0.6898148148148148 0.042708333333333334 0.1685185185185185
0 0.6760416666666667 0.7208333333333333 0.041666666666666664 0.19537037037037036
0 0.6083333333333333 0.7138888888888888 0.03958333333333333 0.18888888888888888
0 0.7828125 0.6643518518518519 0.03958333333333333 0.16574074074074072
0 0.428125 0.5319444444444443 0.02395833333333333 0.09907407407407406
0 0.4552083333333333 0.5097222222222222 0.026041666666666664 0.11203703703703702
0 0.42734375 0.5546296296296296 0.025520833333333333 0.12407407407407407
0 0.4546875 0.5416666666666666 0.03020833333333333 0.12407407407407407
0 0.4786458333333333 0.5185185185185185 0.026041666666666664 0.11296296296296296
0 0.5130208333333333 0.5203703703703704 0.028125 0.12037037037037038
0 0.4828125 0.5412037037037036 0.03020833333333333 0.1287037037037037
0 0.4463541666666667 0.6203703703703703 0.042708333333333334 0.16666666666666666
5 0.6427083333333333 0.6342592592592592 0.029166666666666664 0.14074074074074075
0 0.4802083333333333 0.6226851851851851 0.03125 0.16203703703703703
0 0.50703125 0.6231481481481481 0.03177083333333333 0.14629629629629629
0 0.53203125 0.6009259259259259 0.0328125 0.13518518518518519
0 0.56328125 0.5962962962962962 0.03177083333333333 0.13518518518518519
0 0.5565104166666666 0.586111111111111 0.027604166666666662 0.1222222222222222
0 0.51484375 0.6467592592592593 0.03802083333333333 0.15648148148148147
0 0.5427083333333333 0.6648148148148147 0.02708333333333333 0.1259259259259259
0 0.5614583333333333 0.6717592592592592 0.0375 0.1787037037037037
0 0.5671875 0.7138888888888888 0.03958333333333333 0.19814814814814813
0 0.5911458333333333 0.5916666666666666 0.03020833333333333 0.14074074074074075
0 0.6184895833333333 0.6300925925925925 0.033854166666666664 0.15462962962962962
0 0.6054687499999999 0.6824074074074074 0.04010416666666666 0.1537037037037037
0 0.8947916666666667 0.8592592592592592 0.04791666666666666 0.20370370370370366
5 0.7046875 0.5254629629629629 0.02395833333333333 0.06574074074074074
0 0.6700520833333333 0.48703703703703694 0.027604166666666662 0.09074074074074073
0 0.6940104166666667 0.4814814814814815 0.03177083333333333 0.09444444444444444
5 0.7666666666666666 0.5513888888888888 0.03125 0.08796296296296295
5 0.5627604166666667 0.4976851851851851 0.0234375 0.11018518518518519
