0 0.2869791666666667 0.6583333333333333 0.053125 0.19444444444444445
0 0.3434895833333333 0.6629629629629629 0.04427083333333333 0.20370370370370366
0 0.4325520833333333 0.6601851851851851 0.03697916666666666 0.17962962962962964
0 0.18854166666666666 0.9587962962962961 0.06354166666666666 0.0824074074074074
0 0.28515625 0.9643518518518517 0.0671875 0.07314814814814814
0 0.53125 0.612037037037037 0.0375 0.17962962962962964
0 0.5609375 0.611111111111111 0.034375 0.17407407407407408
5 0.6539062499999999 0.6231481481481481 0.027604166666666662 0.1685185185185185
0 0.7927083333333333 0.5101851851851851 0.02395833333333333 0.09259259259259259
5 0.7114583333333333 0.46990740740740744 0.026041666666666664 0.07685185185185185
0 0.6216145833333333 0.6337962962962963 0.03697916666666666 0.175
0 0.7286458333333333 0.875 0.055208333333333325 0.25
0 0.6768229166666667 0.875462962962963 0.06302083333333333 0.24537037037037038
0 0.4622395833333333 0.5657407407407408 0.0234375 0.11296296296296296
0 0.4940104166666666 0.5518518518518519 0.0296875 0.14629629629629629
0 0.4557291666666667 0.5972222222222222 0.03020833333333333 0.14444444444444443
0 0.5614583333333333 0.5810185185185185 0.034375 0.14351851851851852
0 0.5192708333333333 0.5555555555555556 0.026041666666666664 0.13518518518518519
0 0.5385416666666666 0.5532407407407407 0.03229166666666666 0.14537037037037037
0 0.5890625 0.5814814814814814 0.03125 0.14814814814814814
0 0.7541666666666667 0.7037037037037036 0.053125 0.20555555555555555
5 0.6341145833333333 0.5921296296296296 0.0296875 0.14351851851851852
0 0.7661458333333333 0.6962962962962962 0.042708333333333334 0.1907407407407407
0 0.7945312499999999 0.6949074074074074 0.04635416666666666 0.18425925925925926
0 0.6802083333333333 0.6773148148148148 0.04895833333333333 0.18055555555555552
0 0.7838541666666666 0.6569444444444443 0.041666666666666664 0.16759259259259257
0 0.8033854166666666 0.6578703703703703 0.03177083333333333 0.16759259259259257
0 0.859375 0.7194444444444443 0.05625 0.18703703703703703
0 0.8848958333333332 0.7305555555555555 0.0375 0.14259259259259258
0 0.5989583333333333 0.8703703703703702 0.05625 0.2574074074074074
0 0.8322916666666667 0.6509259259259259 0.040625 0.17222222222222222
0 0.9526041666666666 0.7018518518518518 0.04375 0.19814814814814813
0 0.10026041666666666 0.8796296296296295 0.0640625 0.24074074074074076
0 0.1598958333333333 0.8930555555555555 0.055208333333333325 0.21574074074074073
0 0.09505208333333333 0.9356481481481481 0.0546875 0.13055555555555556
0 0.20260416666666664 0.8050925925925926 0.05416666666666666 0.20462962962962963
0 0.3028645833333333 0.8212962962962962 0.06822916666666666 0.22037037037037038
0 0.6666666666666666 0.7254629629629629 0.040625 0.1935185185185185
0 0.8354166666666666 0.7449074074074074 0.051041666666666666 0.2064814814814815
0 0.7445312499999999 0.735648148148148 0.049479166666666664 0.21203703703703702
0 0.7494791666666667 0.7328703703703703 0.03645833333333333 0.1861111111111111
0 0.7851562499999999 0.7342592592592593 0.04635416666666666 0.1759259259259259
0 0.8718749999999998 0.7689814814814815 0.042708333333333334 0.1324074074074074
0 0.959375 0.7694444444444444 0.04791666666666666 0.16666666666666666
0 0.9697916666666666 0.7541666666666667 0.04375 0.21203703703703702
0 0.5359375 0.5023148148148148 0.028125 0.10648148148148147
0 0.5059895833333333 0.4981481481481481 0.03177083333333333 0.1259259259259259
0 0.4252604166666666 0.5 0.0296875 0.1259259259259259
0 0.7932291666666667 0.5726851851851852 0.03229166666666666 0.1398148148148148
0 0.47135416666666663 0.4851851851851851 0.022916666666666665 0.09074074074074073
0 0.45078125 0.4805555555555555 0.025520833333333333 0.10185185185185183
0 0.4067708333333333 0.4722222222222222 0.029166666666666664 0.11296296296296296
0 0.4583333333333333 0.47175925925925927 0.025 0.10462962962962963
5 0.6958333333333333 0.48287037037037034 0.02395833333333333 0.06574074074074074
0 0.75 0.42777777777777776 0.01875 0.07407407407407407
0 0.7552083333333333 0.42824074074074076 0.02708333333333333 0.0824074074074074
5 0.7598958333333333 0.5106481481481481 0.03020833333333333 0.08796296296296295
5 0.5513020833333333 0.4537037037037036 0.025520833333333333 0.11296296296296296
