0 0.5778645833333333 0.6564814814814814 0.033854166666666664 0.1925925925925926
0 0.6072916666666666 0.6625 0.035416666666666666 0.18425925925925926
5 0.6666666666666666 0.6476851851851853 0.03125 0.17685185185185184
0 0.7434895833333333 0.5194444444444445 0.0234375 0.0962962962962963
5 0.7442708333333333 0.48194444444444445 0.025 0.07685185185185185
0 0.6203124999999999 0.6462962962962963 0.03229166666666666 0.1759259259259259
0 0.5033854166666666 0.6671296296296296 0.027604166666666662 0.1472222222222222
0 0.5390624999999999 0.65 0.035416666666666666 0.1759259259259259
0 0.6575520833333333 0.6935185185185184 0.04010416666666666 0.16666666666666666
0 0.8375 0.6722222222222223 0.03854166666666666 0.16296296296296295
0 0.7921875 0.648611111111111 0.03020833333333333 0.1509259259259259
0 0.8130208333333332 0.6476851851851851 0.03958333333333333 0.16759259259259257
0 0.8692708333333332 0.6745370370370369 0.0375 0.17314814814814813
5 0.6630208333333333 0.6050925925925925 0.02708333333333333 0.14351851851851852
0 0.26822916666666663 0.7587962962962963 0.04583333333333333 0.21388888888888888
0 0.30807291666666664 0.7685185185185184 0.0421875 0.20370370370370366
0 0.3 0.8152777777777777 0.053125 0.21944444444444441
0 0.18802083333333333 0.7782407407407408 0.04375 0.2009259259259259
0 0.13854166666666665 0.9050925925925926 0.06145833333333332 0.19166666666666665
0 0.4526041666666666 0.6393518518518518 0.034375 0.16759259259259257
0 0.7752604166666666 0.6629629629629629 0.033854166666666664 0.18518518518518517
0 0.62578125 0.7254629629629629 0.04010416666666666 0.20462962962962963
0 0.6635416666666666 0.7384259259259259 0.040625 0.18425925925925926
0 0.4528645833333333 0.6587962962962963 0.04114583333333333 0.15648148148148147
0 0.79140625 0.6986111111111111 0.0296875 0.11759259259259258
0 0.7846354166666666 0.6921296296296295 0.0359375 0.15277777777777776
0 0.8161458333333332 0.7240740740740741 0.04583333333333333 0.20185185185185187
0 0.85078125 0.7236111111111111 0.0453125 0.2009259259259259
0 0.9023437499999998 0.7564814814814815 0.05364583333333332 0.20925925925925926
0 0.8049479166666667 0.6842592592592591 0.03802083333333333 0.17962962962962964
0 0.9486979166666666 0.7597222222222222 0.049479166666666664 0.1935185185185185
0 0.6296875 0.5907407407407408 0.03229166666666666 0.13148148148148148
0 0.6026041666666666 0.5824074074074075 0.03854166666666666 0.14629629629629629
0 0.4645833333333333 0.5879629629629629 0.034375 0.1537037037037037
0 0.5020833333333333 0.5819444444444444 0.04479166666666666 0.15648148148148147
0 0.5705729166666667 0.549074074074074 0.025520833333333333 0.1037037037037037
0 0.5408854166666666 0.5476851851851852 0.0296875 0.12685185185185183
0 0.5122395833333333 0.5268518518518518 0.03177083333333333 0.12037037037037038
0 0.4580729166666667 0.5342592592592592 0.03177083333333333 0.11851851851851851
0 0.4158854166666667 0.5296296296296296 0.025520833333333333 0.1222222222222222
0 0.546875 0.514351851851852 0.028125 0.11574074074074074
0 0.521875 0.5083333333333333 0.02395833333333333 0.11296296296296296
0 0.5033854166666667 0.5083333333333333 0.025520833333333333 0.12962962962962962
0 0.4843749999999999 0.5115740740740741 0.026041666666666664 0.12129629629629628
0 0.4286458333333333 0.5050925925925925 0.028125 0.11574074074074074
0 0.5098958333333333 0.487962962962963 0.026041666666666664 0.1074074074074074
0 0.4427083333333333 0.4805555555555555 0.02395833333333333 0.12037037037037038
0 0.5385416666666666 0.5305555555555556 0.021875 0.1074074074074074
5 0.7255208333333333 0.49120370370370364 0.02395833333333333 0.06574074074074074
0 0.4872395833333333 0.4851851851851851 0.025520833333333333 0.12407407407407407
0 0.7708333333333333 0.44351851851851853 0.019791666666666666 0.07407407407407407
0 0.7791666666666667 0.4384259259259259 0.02708333333333333 0.0824074074074074
5 0.7901041666666667 0.524537037037037 0.03020833333333333 0.08796296296296295
5 0.58515625 0.4652777777777777 0.025520833333333333 0.11018518518518519
