0 0.26692708333333337 0.6287037037037037 0.04635416666666666 0.17962962962962964
0 0.32760416666666664 0.6324074074074073 0.042708333333333334 0.1907407407407407
0 0.37526041666666665 0.6476851851851851 0.03802083333333333 0.16759259259259257
0 0.5338541666666666 0.6231481481481481 0.035416666666666666 0.18518518518518517
0 0.5588541666666667 0.6199074074074075 0.03125 0.17685185185185184
5 0.6429687499999999 0.6259259259259259 0.027604166666666662 0.1685185185185185
0 0.7526041666666667 0.512962962962963 0.02395833333333333 0.0962962962962963
5 0.71953125 0.4708333333333333 0.025520833333333333 0.07685185185185185
0 0.603125 0.6342592592592593 0.03645833333333333 0.1759259259259259
0 0.7083333333333333 0.9175925925925925 0.059375 0.16666666666666666
0 0.6408854166666667 0.9111111111111111 0.06927083333333332 0.1759259259259259
0 0.4653645833333333 0.5893518518518518 0.0234375 0.11388888888888889
0 0.490625 0.5805555555555555 0.034375 0.15925925925925927
0 0.4763020833333333 0.6305555555555555 0.03177083333333333 0.15925925925925927
0 0.64375 0.6074074074074074 0.034375 0.14629629629629629
0 0.5388020833333333 0.5833333333333333 0.025520833333333333 0.13518518518518519
0 0.5895833333333333 0.5884259259259259 0.03645833333333333 0.16203703703703703
0 0.6690104166666667 0.6041666666666666 0.03177083333333333 0.14907407407407408
5 0.63828125 0.5939814814814814 0.0296875 0.14351851851851852
0 0.9299479166666667 0.7254629629629629 0.05052083333333333 0.19722222222222222
0 0.8145833333333332 0.711574074074074 0.05 0.19166666666666665
0 0.8364583333333334 0.7032407407407407 0.051041666666666666 0.18796296296296294
0 0.8421875 0.6939814814814815 0.034375 0.18796296296296294
0 0.56953125 0.9097222222222221 0.0609375 0.1824074074074074
0 0.8768229166666666 0.6939814814814815 0.0421875 0.1824074074074074
0 0.159375 0.837037037037037 0.05625 0.22962962962962963
0 0.21328125 0.8527777777777779 0.0546875 0.23703703703703702
0 0.15677083333333333 0.9046296296296296 0.057291666666666664 0.1925925925925926
0 0.10651041666666668 0.8041666666666666 0.03802083333333333 0.20462962962962963
0 0.12395833333333332 0.826388888888889 0.05833333333333333 0.2287037037037037
0 0.5645833333333333 0.6976851851851851 0.04479166666666666 0.18796296296296294
0 0.74375 0.7124999999999999 0.04583333333333333 0.19907407407407407
0 0.6325520833333333 0.7194444444444443 0.049479166666666664 0.19814814814814813
0 0.6486979166666667 0.7166666666666666 0.03697916666666666 0.17962962962962964
0 0.6674479166666666 0.7083333333333333 0.04635416666666666 0.16296296296296295
0 0.7721354166666666 0.7495370370370369 0.033854166666666664 0.1287037037037037
0 0.7921875 0.7648148148148148 0.03958333333333333 0.1759259259259259
0 0.8080729166666666 0.735648148148148 0.04635416666666666 0.19722222222222222
0 0.5625 0.5263888888888888 0.028125 0.10648148148148147
0 0.5309895833333333 0.5199074074074075 0.034895833333333334 0.12685185185185183
0 0.4359375 0.524074074074074 0.03020833333333333 0.13518518518518519
0 0.6927083333333333 0.5875 0.040625 0.16203703703703703
0 0.5096354166666666 0.5050925925925925 0.0234375 0.09907407407407406
0 0.48125 0.4962962962962963 0.03020833333333333 0.1074074074074074
0 0.44791666666666663 0.4893518518518519 0.029166666666666664 0.12129629629629628
0 0.4229166666666667 0.48611111111111105 0.03020833333333333 0.1074074074074074
0 0.40390625 0.4847222222222222 0.025520833333333333 0.11203703703703702
0 0.4421875 0.47175925925925916 0.02395833333333333 0.11018518518518519
0 0.41015625 0.46759259259259256 0.0234375 0.11296296296296296
0 0.39947916666666666 0.4643518518518518 0.022916666666666665 0.12314814814814815
0 0.490625 0.4893518518518518 0.025 0.10462962962962963
5 0.7020833333333333 0.4810185185185184 0.02395833333333333 0.06574074074074074
0 0.7502604166666667 0.4333333333333333 0.01927083333333333 0.07407407407407407
0 0.7510416666666667 0.4300925925925926 0.02708333333333333 0.0824074074074074
5 0.7651041666666667 0.5143518518518518 0.03020833333333333 0.08796296296296295
5 0.5614583333333333 0.45092592592592595 0.028125 0.10925925925925925
