0 0.5723958333333333 0.650462962962963 0.034375 0.18796296296296294
0 0.6067708333333333 0.6569444444444444 0.034375 0.1824074074074074
5 0.6661458333333333 0.6481481481481481 0.03020833333333333 0.1759259259259259
0 0.7419270833333333 0.5203703703703704 0.0234375 0.0962962962962963
5 0.7416666666666666 0.4828703703703704 0.025 0.07685185185185185
0 0.6249999999999999 0.6462962962962961 0.03229166666666666 0.17777777777777776
0 0.4971354166666666 0.6611111111111111 0.027604166666666662 0.14259259259259258
0 0.5309895833333333 0.6453703703703704 0.0359375 0.17407407407407408
0 0.6403645833333333 0.6893518518518518 0.0421875 0.16574074074074072
0 0.8234375 0.6671296296296296 0.03854166666666666 0.16203703703703703
0 0.7658854166666667 0.6449074074074074 0.0296875 0.1509259259259259
0 0.7916666666666667 0.6439814814814814 0.03958333333333333 0.16759259259259257
0 0.8567708333333333 0.6685185185185185 0.0375 0.1685185185185185
5 0.6606770833333333 0.6032407407407407 0.027604166666666662 0.14351851851851852
0 0.26197916666666665 0.7675925925925926 0.04583333333333333 0.2185185185185185
0 0.29999999999999993 0.7759259259259259 0.042708333333333334 0.20185185185185187
0 0.28984375 0.8245370370370371 0.05572916666666666 0.22129629629629627
0 0.17213541666666665 0.7875 0.0421875 0.2064814814814815
0 0.14427083333333332 0.8981481481481481 0.06354166666666666 0.2
0 0.4526041666666666 0.648611111111111 0.034375 0.16759259259259257
0 0.7768229166666666 0.6666666666666666 0.033854166666666664 0.18518518518518517
0 0.6200520833333333 0.724537037037037 0.04010416666666666 0.20462962962962963
0 0.65625 0.7398148148148147 0.0375 0.18518518518518517
0 0.4692708333333333 0.6671296296296296 0.042708333333333334 0.15648148148148147
0 0.7916666666666667 0.7050925925925926 0.03020833333333333 0.11759259259259258
0 0.7825520833333333 0.6958333333333333 0.0359375 0.15462962962962962
0 0.8216145833333334 0.7300925925925925 0.04635416666666666 0.20833333333333331
0 0.8611979166666666 0.7324074074074074 0.0421875 0.20185185185185187
0 0.9255208333333332 0.763888888888889 0.055208333333333325 0.2148148148148148
0 0.8052083333333332 0.6893518518518518 0.0375 0.1787037037037037
0 0.9645833333333333 0.7666666666666666 0.05416666666666666 0.19444444444444445
0 0.6234374999999999 0.5898148148148148 0.03229166666666666 0.13148148148148148
0 0.5953124999999999 0.5796296296296296 0.03854166666666666 0.14629629629629629
0 0.4619791666666667 0.5828703703703704 0.03333333333333333 0.14907407407407408
0 0.5145833333333333 0.586574074074074 0.04479166666666666 0.15648148148148147
0 0.5635416666666666 0.5472222222222222 0.025 0.1037037037037037
0 0.5390625 0.5458333333333333 0.03020833333333333 0.12685185185185183
0 0.50859375 0.5268518518518518 0.03177083333333333 0.12037037037037038
0 0.4559895833333333 0.5342592592592592 0.03177083333333333 0.11851851851851851
0 0.4151041666666666 0.5273148148148147 0.026041666666666664 0.12129629629629628
0 0.5403645833333333 0.5125 0.027604166666666662 0.11574074074074074
0 0.5161458333333333 0.5055555555555555 0.02395833333333333 0.11296296296296296
0 0.4968749999999999 0.5055555555555555 0.026041666666666664 0.12962962962962962
0 0.4786458333333333 0.5097222222222222 0.026041666666666664 0.12129629629629628
0 0.4278645833333333 0.500462962962963 0.027604166666666662 0.11574074074074074
0 0.4984374999999999 0.4842592592592593 0.026041666666666664 0.1074074074074074
0 0.4317708333333333 0.4731481481481482 0.02395833333333333 0.1074074074074074
0 0.5359375 0.5287037037037037 0.021875 0.1074074074074074
5 0.7223958333333333 0.49120370370370364 0.02395833333333333 0.06574074074074074
0 0.4763020833333333 0.4851851851851851 0.025520833333333333 0.12407407407407407
0 0.7684895833333333 0.44351851851851853 0.01927083333333333 0.07407407407407407
0 0.7765625 0.4375 0.02708333333333333 0.0824074074074074
5 0.7880208333333333 0.524537037037037 0.03020833333333333 0.08796296296296295
5 0.5833333333333333 0.4662037037037036 0.026041666666666664 0.11018518518518519
