0 0.21614583333333334 0.8685185185185185 0.06666666666666667 0.25370370370370365
0 0.271875 0.8703703703703702 0.059375 0.25925925925925924
0 0.2989583333333333 0.8328703703703703 0.051041666666666666 0.22129629629629627
0 0.36874999999999997 0.8402777777777777 0.055208333333333325 0.2287037037037037
0 0.4098958333333333 0.8449074074074072 0.05416666666666666 0.20833333333333331
0 0.7505208333333333 0.7310185185185185 0.051041666666666666 0.2009259259259259
0 0.7596354166666666 0.725 0.0421875 0.19629629629629627
5 0.6627604166666666 0.6787037037037036 0.0296875 0.1685185185185185
0 0.8065104166666666 0.5666666666666667 0.027604166666666662 0.09259259259259259
5 0.7223958333333333 0.5189814814814815 0.02708333333333333 0.07685185185185185
0 0.6942708333333333 0.7097222222222223 0.041666666666666664 0.1824074074074074
0 0.8283854166666667 0.7148148148148147 0.04114583333333333 0.18518518518518517
0 0.7182291666666666 0.7439814814814815 0.04791666666666666 0.19537037037037036
0 0.6440104166666666 0.7412037037037036 0.0421875 0.1935185185185185
0 0.80390625 0.6902777777777777 0.04010416666666666 0.16574074074074072
0 0.4421875 0.5467592592592592 0.02395833333333333 0.10277777777777777
0 0.4690104166666666 0.5300925925925926 0.027604166666666662 0.11388888888888889
0 0.4317708333333333 0.575 0.026041666666666664 0.12407407407407407
0 0.4687499999999999 0.562037037037037 0.03229166666666666 0.12407407407407407
0 0.48828125 0.537037037037037 0.025520833333333333 0.11296296296296296
0 0.52890625 0.5430555555555555 0.0296875 0.12314814814814815
0 0.4979166666666667 0.5592592592592591 0.03020833333333333 0.12962962962962962
0 0.4645833333333333 0.6467592592592591 0.04479166666666666 0.17129629629629628
5 0.6471354166666666 0.6430555555555555 0.027604166666666662 0.14351851851851852
0 0.4861979166666667 0.6453703703703704 0.03177083333333333 0.1648148148148148
0 0.5213541666666667 0.6425925925925926 0.03333333333333333 0.14814814814814814
0 0.546875 0.6231481481481481 0.03125 0.1388888888888889
0 0.5802083333333333 0.6171296296296296 0.035416666666666666 0.13425925925925924
0 0.5677083333333333 0.6069444444444445 0.02708333333333333 0.12685185185185183
0 0.5249999999999999 0.675 0.041666666666666664 0.16296296296296295
0 0.5541666666666667 0.6898148148148148 0.02708333333333333 0.12962962962962962
0 0.5809895833333333 0.7004629629629628 0.03802083333333333 0.1935185185185185
0 0.6088541666666666 0.7435185185185185 0.040625 0.19814814814814813
0 0.5984375 0.6157407407407407 0.03020833333333333 0.14074074074074075
0 0.6515625 0.6578703703703703 0.034375 0.16759259259259257
0 0.6268229166666666 0.711574074074074 0.03697916666666666 0.16203703703703703
0 0.8075520833333334 0.8657407407407407 0.04635416666666666 0.20370370370370366
0 0.9531249999999998 0.8402777777777779 0.06770833333333333 0.2064814814814815
5 0.70859375 0.5328703703703703 0.0234375 0.06574074074074074
0 0.6848958333333333 0.49074074074074064 0.026041666666666664 0.09074074074074073
0 0.7138020833333333 0.48842592592592593 0.0296875 0.08981481481481482
5 0.7692708333333333 0.5606481481481481 0.03125 0.08796296296296295
5 0.56328125 0.5069444444444444 0.0234375 0.11018518518518519
