0 0.56953125 0.6675925925925925 0.0359375 0.19814814814814813
0 0.59296875 0.6800925925925926 0.0390625 0.19537037037037036
5 0.6596354166666666 0.6458333333333333 0.0328125 0.17685185185185184
0 0.7447916666666667 0.5157407407407407 0.02395833333333333 0.0962962962962963
5 0.7494791666666666 0.4791666666666667 0.025 0.07685185185185185
0 0.603125 0.6462962962962963 0.03333333333333333 0.17407407407407408
0 0.5125 0.6805555555555556 0.02708333333333333 0.15185185185185185
0 0.5697916666666666 0.6587962962962963 0.051041666666666666 0.18055555555555552
0 0.7015625 0.7074074074074074 0.03958333333333333 0.1759259259259259
0 0.8598958333333332 0.6856481481481481 0.0375 0.175
0 0.8510416666666666 0.6564814814814814 0.03020833333333333 0.15185185185185185
0 0.8494791666666666 0.6504629629629629 0.03854166666666666 0.16759259259259257
0 0.8921875 0.6847222222222221 0.0375 0.18055555555555552
5 0.6677083333333333 0.6041666666666666 0.02708333333333333 0.14351851851851852
0 0.28072916666666664 0.7435185185185185 0.04479166666666666 0.20925925925925926
0 0.31979166666666664 0.7509259259259259 0.042708333333333334 0.19814814814814813
0 0.3161458333333333 0.7898148148148147 0.05208333333333333 0.20370370370370366
0 0.2075520833333333 0.7666666666666666 0.04427083333333333 0.1925925925925926
0 0.11197916666666666 0.9194444444444445 0.06875 0.1611111111111111
0 0.4473958333333333 0.6226851851851851 0.03333333333333333 0.16018518518518518
0 0.7622395833333333 0.649537037037037 0.033854166666666664 0.1824074074074074
0 0.6468749999999999 0.7254629629629629 0.041666666666666664 0.20462962962962963
0 0.6739583333333333 0.7398148148148148 0.04479166666666666 0.18703703703703703
0 0.4135416666666666 0.6458333333333333 0.041666666666666664 0.1472222222222222
0 0.79140625 0.686574074074074 0.0296875 0.11759259259259258
0 0.7794270833333333 0.6763888888888888 0.0359375 0.1472222222222222
0 0.83046875 0.7060185185185185 0.04635416666666666 0.2009259259259259
0 0.8388020833333332 0.7037037037037037 0.04114583333333333 0.20185185185185187
0 0.8437499999999998 0.7333333333333333 0.055208333333333325 0.20555555555555555
0 0.8083333333333332 0.6717592592592592 0.03645833333333333 0.1787037037037037
0 0.8908854166666667 0.736574074074074 0.0421875 0.18981481481481483
0 0.6447916666666667 0.5949074074074073 0.03229166666666666 0.1324074074074074
0 0.6236979166666667 0.5949074074074073 0.03802083333333333 0.16018518518518518
0 0.47265625 0.6023148148148147 0.034895833333333334 0.16018518518518518
0 0.4567708333333333 0.5773148148148148 0.04375 0.15648148148148147
0 0.5817708333333333 0.5592592592592591 0.028125 0.1037037037037037
0 0.5458333333333333 0.5550925925925926 0.03020833333333333 0.12685185185185183
0 0.51484375 0.5328703703703703 0.03177083333333333 0.1287037037037037
0 0.46015625 0.5388888888888889 0.03177083333333333 0.11851851851851851
0 0.4203125 0.5375 0.025 0.12685185185185183
0 0.55625 0.5185185185185185 0.028125 0.11481481481481481
0 0.5322916666666667 0.5180555555555555 0.02708333333333333 0.12129629629629628
0 0.5093749999999999 0.5106481481481481 0.026041666666666664 0.13055555555555556
0 0.4927083333333333 0.5180555555555555 0.026041666666666664 0.12129629629629628
0 0.4291666666666666 0.5087962962962962 0.028125 0.11574074074074074
0 0.5294270833333333 0.4898148148148148 0.027604166666666662 0.1074074074074074
0 0.4588541666666667 0.48888888888888893 0.03020833333333333 0.12037037037037038
0 0.4393229166666666 0.4708333333333333 0.021354166666666667 0.09907407407407406
0 0.4309895833333333 0.47592592592592586 0.0265625 0.1037037037037037
0 0.5421875 0.537037037037037 0.021875 0.1074074074074074
5 0.728125 0.4884259259259259 0.02395833333333333 0.06574074074074074
0 0.51015625 0.4916666666666666 0.025520833333333333 0.12407407407407407
0 0.7734374999999999 0.44259259259259254 0.019791666666666666 0.07407407407407407
0 0.7848958333333333 0.44027777777777777 0.02708333333333333 0.0824074074074074
5 0.7895833333333333 0.5180555555555555 0.03020833333333333 0.08796296296296295
5 0.5843749999999999 0.4652777777777777 0.026041666666666664 0.11018518518518519
