0 0.26692708333333337 0.6129629629629629 0.043229166666666666 0.17407407407407408
0 0.2703125 0.6398148148148148 0.05 0.1759259259259259
0 0.5583333333333333 0.6412037037037037 0.034375 0.18796296296296294
0 0.58671875 0.6412037037037037 0.033854166666666664 0.17685185185185184
5 0.6552083333333333 0.6444444444444445 0.03020833333333333 0.1759259259259259
0 0.7338541666666667 0.5203703703703704 0.02395833333333333 0.0962962962962963
5 0.73203125 0.4828703703703704 0.025520833333333333 0.07685185185185185
0 0.6184895833333333 0.6421296296296296 0.03177083333333333 0.1787037037037037
0 0.46744791666666663 0.6402777777777777 0.027604166666666662 0.13796296296296295
0 0.5023437499999999 0.624074074074074 0.03697916666666666 0.1648148148148148
0 0.5677083333333333 0.6689814814814815 0.03958333333333333 0.1638888888888889
0 0.7640625 0.6425925925925926 0.034375 0.14629629629629629
0 0.6723958333333333 0.6263888888888889 0.029166666666666664 0.1509259259259259
0 0.7124999999999999 0.6217592592592592 0.041666666666666664 0.1638888888888889
0 0.8020833333333333 0.6425925925925926 0.03333333333333333 0.15555555555555553
5 0.6533854166666666 0.6018518518518519 0.027604166666666662 0.14259259259259258
0 0.9645833333333332 0.7402777777777778 0.04583333333333333 0.1935185185185185
0 0.5104166666666667 0.9717592592592592 0.06145833333333332 0.05833333333333333
0 0.22864583333333335 0.7925925925925925 0.04791666666666666 0.2333333333333333
0 0.2708333333333333 0.8 0.04895833333333333 0.2148148148148148
0 0.25104166666666666 0.8587962962962962 0.05625 0.2287037037037037
0 0.11614583333333332 0.8046296296296296 0.03958333333333333 0.20925925925925926
0 0.13255208333333332 0.8796296296296295 0.05572916666666666 0.24259259259259255
0 0.4736979166666666 0.662962962962963 0.03072916666666666 0.1759259259259259
0 0.7739583333333333 0.6768518518518518 0.040625 0.18148148148148147
0 0.6119791666666667 0.7217592592592592 0.03958333333333333 0.20277777777777778
0 0.6489583333333333 0.7287037037037036 0.03645833333333333 0.18148148148148147
0 0.5247395833333333 0.6796296296296296 0.03802083333333333 0.1537037037037037
0 0.7989583333333333 0.7175925925925926 0.034375 0.11851851851851851
0 0.7544270833333333 0.7162037037037037 0.04010416666666666 0.15462962962962962
0 0.85859375 0.7518518518518518 0.049479166666666664 0.2185185185185185
0 0.8901041666666666 0.7504629629629629 0.046875 0.21018518518518517
0 0.7859375 0.7037037037037036 0.040625 0.18148148148148147
0 0.6015625 0.5726851851851852 0.03020833333333333 0.1324074074074074
0 0.5721354166666666 0.5597222222222222 0.0359375 0.1398148148148148
0 0.4572916666666667 0.5652777777777777 0.03333333333333333 0.1472222222222222
0 0.5609374999999999 0.5916666666666667 0.04479166666666666 0.15740740740740738
0 0.53984375 0.5282407407407407 0.0234375 0.10462962962962963
0 0.51953125 0.5231481481481481 0.0296875 0.11481481481481481
0 0.49296875 0.5157407407407407 0.0328125 0.12037037037037038
0 0.4437499999999999 0.5162037037037036 0.03229166666666666 0.11203703703703702
0 0.4140625 0.5152777777777777 0.025 0.11574074074074074
0 0.5156249999999999 0.4972222222222221 0.026041666666666664 0.11111111111111112
0 0.4885416666666667 0.4916666666666666 0.02395833333333333 0.11296296296296296
0 0.47135416666666663 0.49074074074074076 0.026041666666666664 0.12407407407407407
0 0.4502604166666667 0.4958333333333334 0.025520833333333333 0.11574074074074074
0 0.4151041666666667 0.48240740740740745 0.02708333333333333 0.10925925925925925
0 0.4494791666666666 0.475 0.026041666666666664 0.1074074074074074
0 0.5255208333333333 0.5185185185185185 0.021875 0.1074074074074074
5 0.7145833333333333 0.4921296296296296 0.02395833333333333 0.06574074074074074
0 0.4330729166666666 0.4726851851851851 0.024479166666666666 0.12314814814814815
0 0.7593749999999999 0.44074074074074077 0.019791666666666666 0.07407407407407407
0 0.7677083333333333 0.4356481481481481 0.02708333333333333 0.0824074074074074
5 0.7796875 0.5208333333333333 0.03020833333333333 0.08796296296296295
5 0.5721354166666667 0.4643518518518518 0.025520833333333333 0.11018518518518519
