0 0.5651041666666666 0.6805555555555556 0.03854166666666666 0.2
0 0.5919270833333333 0.6907407407407407 0.0421875 0.19814814814814813
5 0.6546875 0.6449074074074074 0.034375 0.1787037037037037
0 0.7515625 0.524074074074074 0.02395833333333333 0.0962962962962963
5 0.7513020833333333 0.4773148148148148 0.025520833333333333 0.07685185185185185
0 0.5924479166666666 0.6537037037037037 0.0390625 0.17407407407407408
0 0.5317708333333333 0.6879629629629629 0.02708333333333333 0.14814814814814814
0 0.6010416666666666 0.6685185185185185 0.05 0.18333333333333332
0 0.7221354166666666 0.711111111111111 0.0359375 0.17962962962962964
0 0.8703125 0.6907407407407407 0.0375 0.16666666666666666
0 0.8770833333333332 0.6601851851851852 0.03020833333333333 0.15185185185185185
0 0.8601562499999998 0.6550925925925926 0.03802083333333333 0.16759259259259257
0 0.9033854166666666 0.6888888888888889 0.03802083333333333 0.18518518518518517
5 0.6697916666666667 0.6041666666666666 0.02708333333333333 0.14351851851851852
0 0.29140625 0.7453703703703703 0.04427083333333333 0.2111111111111111
0 0.3247395833333333 0.749537037037037 0.0421875 0.18796296296296294
0 0.32968749999999997 0.7916666666666666 0.05208333333333333 0.2
0 0.21223958333333331 0.7666666666666666 0.04427083333333333 0.18888888888888888
0 0.08802083333333333 0.9328703703703702 0.059375 0.13425925925925924
0 0.4502604166666666 0.6217592592592592 0.033854166666666664 0.15833333333333333
0 0.7622395833333333 0.6444444444444444 0.033854166666666664 0.18148148148148147
0 0.66796875 0.724537037037037 0.0515625 0.20462962962962963
0 0.6979166666666667 0.7407407407407407 0.03645833333333333 0.18703703703703703
0 0.4067708333333333 0.6481481481481481 0.042708333333333334 0.14814814814814814
0 0.7958333333333333 0.6796296296296296 0.03020833333333333 0.11851851851851851
0 0.7950520833333333 0.6689814814814815 0.034895833333333334 0.14351851851851852
0 0.84375 0.7018518518518518 0.04479166666666666 0.20185185185185187
0 0.8388020833333332 0.701388888888889 0.04114583333333333 0.20277777777777778
0 0.82265625 0.7199074074074074 0.05364583333333332 0.20833333333333331
0 0.8166666666666667 0.6634259259259259 0.03645833333333333 0.1787037037037037
0 0.8705729166666666 0.7282407407407406 0.04739583333333333 0.1861111111111111
0 0.6619791666666666 0.600925925925926 0.03229166666666666 0.13333333333333333
0 0.6421874999999999 0.5986111111111111 0.03854166666666666 0.16018518518518518
0 0.48203125 0.6157407407407407 0.0359375 0.16296296296296295
0 0.4354166666666666 0.5810185185185185 0.04375 0.15648148148148147
0 0.5869791666666666 0.5675925925925925 0.026041666666666664 0.1037037037037037
0 0.5510416666666667 0.5643518518518518 0.03020833333333333 0.12685185185185183
0 0.5184895833333333 0.5402777777777776 0.03177083333333333 0.1287037037037037
0 0.4619791666666667 0.549074074074074 0.03333333333333333 0.12037037037037038
0 0.4255208333333333 0.5476851851851852 0.025 0.12685185185185183
0 0.56875 0.5226851851851851 0.028125 0.11574074074074074
0 0.5401041666666666 0.523611111111111 0.028125 0.12129629629629628
0 0.5200520833333333 0.5166666666666666 0.025520833333333333 0.12962962962962962
0 0.4979166666666666 0.525462962962963 0.026041666666666664 0.12129629629629628
0 0.43125 0.5199074074074075 0.028125 0.11574074074074074
0 0.5442708333333333 0.5018518518518518 0.028125 0.1074074074074074
0 0.4604166666666667 0.4967592592592592 0.03020833333333333 0.12129629629629628
0 0.4611979166666666 0.47824074074074074 0.021354166666666667 0.09907407407407406
0 0.4510416666666666 0.48749999999999993 0.025 0.10462962962962963
0 0.4190104166666666 0.47638888888888886 0.0234375 0.11759259259259258
0 0.5460937499999999 0.5462962962962963 0.021354166666666667 0.1074074074074074
5 0.7307291666666667 0.4884259259259259 0.02395833333333333 0.06574074074074074
0 0.5234374999999999 0.4981481481481481 0.026041666666666664 0.12407407407407407
0 0.7747395833333333 0.4416666666666666 0.01927083333333333 0.07407407407407407
0 0.7880208333333333 0.4412037037037037 0.02708333333333333 0.0824074074074074
5 0.7940104166666666 0.5180555555555555 0.0296875 0.08796296296296295
5 0.5890624999999999 0.4662037037037036 0.026041666666666664 0.11018518518518519
