0 0.23151041666666666 0.8324074074074073 0.0671875 0.24259259259259255
0 0.28854166666666664 0.8402777777777777 0.055208333333333325 0.2509259259259259
0 0.32760416666666664 0.8041666666666666 0.046875 0.21388888888888888
0 0.35416666666666663 0.851388888888889 0.055208333333333325 0.23425925925925925
0 0.4049479166666667 0.8569444444444443 0.056770833333333326 0.21944444444444441
0 0.7166666666666666 0.7074074074074075 0.046875 0.19629629629629627
0 0.721875 0.7018518518518518 0.03958333333333333 0.1925925925925926
5 0.665625 0.6638888888888889 0.03020833333333333 0.1685185185185185
0 0.8075520833333334 0.5583333333333333 0.027604166666666662 0.09259259259259259
5 0.7221354166666666 0.5078703703703703 0.0265625 0.07685185185185185
0 0.6666666666666667 0.6888888888888889 0.03333333333333333 0.18148148148148147
0 0.8328124999999998 0.7138888888888888 0.03958333333333333 0.18333333333333332
0 0.7489583333333333 0.7453703703703703 0.04583333333333333 0.2
0 0.6755208333333333 0.7425925925925926 0.04583333333333333 0.19629629629629627
0 0.8200520833333333 0.6949074074074073 0.04010416666666666 0.1787037037037037
0 0.4453125 0.5430555555555555 0.02395833333333333 0.10648148148148147
0 0.4736979166666666 0.5300925925925926 0.0296875 0.12129629629629628
0 0.434375 0.5699074074074073 0.02708333333333333 0.125
0 0.4825520833333333 0.5592592592592592 0.03072916666666666 0.12407407407407407
0 0.4984374999999999 0.5351851851851852 0.026041666666666664 0.11296296296296296
0 0.5388020833333333 0.5375 0.03072916666666666 0.125
0 0.5109375 0.5583333333333333 0.03020833333333333 0.12962962962962962
0 0.4739583333333333 0.648611111111111 0.03958333333333333 0.175
5 0.6479166666666666 0.6347222222222222 0.029166666666666664 0.14351851851851852
0 0.4997395833333333 0.6449074074074074 0.043229166666666666 0.16574074074074072
0 0.5333333333333333 0.6407407407407407 0.034375 0.15185185185185185
0 0.5591145833333333 0.624074074074074 0.03177083333333333 0.14074074074074075
0 0.5901041666666667 0.6217592592592592 0.03229166666666666 0.1509259259259259
0 0.5752604166666667 0.6055555555555555 0.028645833333333332 0.1259259259259259
0 0.5330729166666667 0.6787037037037036 0.04427083333333333 0.16666666666666666
0 0.5669270833333333 0.6986111111111111 0.03177083333333333 0.1287037037037037
0 0.6072916666666666 0.7055555555555555 0.040625 0.1925925925925926
0 0.6346354166666666 0.7504629629629629 0.043229166666666666 0.20462962962962963
0 0.6229166666666667 0.6124999999999999 0.03020833333333333 0.14166666666666666
0 0.6919270833333333 0.6629629629629629 0.034895833333333334 0.1685185185185185
0 0.6533854166666666 0.7129629629629629 0.03697916666666666 0.16666666666666666
0 0.010156249999999999 0.9643518518518517 0.01927083333333333 0.07314814814814814
0 0.7252604166666666 0.8555555555555555 0.05260416666666666 0.20370370370370366
0 0.8794270833333332 0.8296296296296296 0.05052083333333333 0.2111111111111111
0 0.4203124999999999 0.5023148148148148 0.026041666666666664 0.10462962962962963
5 0.7104166666666667 0.5226851851851851 0.02395833333333333 0.06574074074074074
0 0.7010416666666666 0.4814814814814814 0.026041666666666664 0.09074074074074073
0 0.7252604166666666 0.4791666666666667 0.0296875 0.08981481481481482
5 0.7692708333333333 0.549537037037037 0.03125 0.08796296296296295
5 0.5625 0.4958333333333333 0.02395833333333333 0.11018518518518519
