0 0.2294270833333333 0.8449074074074074 0.0640625 0.24722222222222218
0 0.2864583333333333 0.8472222222222221 0.055208333333333325 0.25370370370370365
0 0.32473958333333336 0.8106481481481481 0.04635416666666666 0.21574074074074073
0 0.35963541666666665 0.850462962962963 0.0546875 0.23425925925925925
0 0.4049479166666667 0.8560185185185183 0.056770833333333326 0.21759259259259256
0 0.7216145833333333 0.7134259259259259 0.04635416666666666 0.19907407407407407
0 0.73203125 0.7101851851851851 0.0421875 0.19629629629629627
5 0.6658854166666666 0.6685185185185185 0.0296875 0.1685185185185185
0 0.8075520833333334 0.5601851851851851 0.027604166666666662 0.09259259259259259
5 0.7221354166666666 0.5101851851851852 0.0265625 0.07592592592592592
0 0.6718749999999999 0.6944444444444444 0.035416666666666666 0.18148148148148147
0 0.8312499999999998 0.7148148148148148 0.03958333333333333 0.18333333333333332
0 0.7437499999999999 0.7458333333333333 0.04791666666666666 0.19907407407407407
0 0.6708333333333333 0.7458333333333333 0.04375 0.19537037037037036
0 0.81640625 0.6958333333333333 0.04010416666666666 0.17685185185185184
0 0.4453125 0.5458333333333333 0.02395833333333333 0.10648148148148147
0 0.4731770833333333 0.5310185185185186 0.0296875 0.11944444444444444
0 0.4348958333333333 0.5722222222222222 0.02708333333333333 0.12407407407407407
0 0.4807291666666666 0.562037037037037 0.03125 0.12407407407407407
0 0.4963541666666666 0.5351851851851852 0.026041666666666664 0.11296296296296296
0 0.5377604166666666 0.5398148148148147 0.03072916666666666 0.12407407407407407
0 0.5088541666666667 0.5592592592592591 0.03020833333333333 0.12962962962962962
0 0.4726562499999999 0.6504629629629629 0.03697916666666666 0.17314814814814813
5 0.6489583333333333 0.6384259259259258 0.029166666666666664 0.14351851851851852
0 0.4958333333333333 0.6458333333333333 0.03958333333333333 0.16574074074074072
0 0.5307291666666666 0.6416666666666667 0.034375 0.15185185185185185
0 0.5565104166666667 0.625 0.03177083333333333 0.1388888888888889
0 0.5864583333333333 0.6208333333333333 0.03229166666666666 0.1509259259259259
0 0.5739583333333333 0.6069444444444445 0.028125 0.12685185185185183
0 0.5315104166666667 0.6805555555555556 0.043229166666666666 0.1648148148148148
0 0.5653645833333333 0.6976851851851851 0.03177083333333333 0.1287037037037037
0 0.6010416666666666 0.7064814814814814 0.040625 0.1925925925925926
0 0.6307291666666666 0.7509259259259259 0.040625 0.20370370370370366
0 0.6171875 0.6148148148148147 0.03020833333333333 0.14074074074074075
0 0.6859375 0.6648148148148147 0.034375 0.1685185185185185
0 0.6486979166666667 0.7157407407407408 0.03697916666666666 0.1648148148148148
0 0.7427083333333333 0.8629629629629629 0.053125 0.20370370370370366
0 0.89609375 0.8375 0.06197916666666666 0.21018518518518517
0 0.4151041666666666 0.5041666666666667 0.026041666666666664 0.10462962962962963
5 0.7104166666666667 0.5254629629629629 0.02395833333333333 0.06574074074074074
0 0.6989583333333333 0.4851851851851851 0.026041666666666664 0.09074074074074073
0 0.72265625 0.4810185185185185 0.0296875 0.08981481481481482
5 0.7692708333333333 0.5523148148148148 0.03125 0.08796296296296295
5 0.5625 0.499537037037037 0.02395833333333333 0.11018518518518519
