0 0.14479166666666665 0.875925925925926 0.07291666666666666 0.24814814814814815
0 0.21796875 0.8763888888888889 0.0640625 0.24907407407407406
0 0.23958333333333331 0.8467592592592592 0.05208333333333333 0.2398148148148148
0 0.8921875 0.8861111111111111 0.05625 0.22962962962962963
0 0.3723958333333333 0.7402777777777778 0.05 0.2064814814814815
0 0.41875 0.7412037037037036 0.04895833333333333 0.19166666666666665
0 0.8440104166666667 0.7342592592592592 0.0578125 0.22222222222222224
0 0.8796874999999998 0.7217592592592592 0.03958333333333333 0.20462962962962963
5 0.6572916666666667 0.6333333333333333 0.03020833333333333 0.1685185185185185
0 0.7973958333333333 0.5231481481481481 0.02708333333333333 0.09259259259259259
5 0.7135416666666667 0.47777777777777775 0.03020833333333333 0.07592592592592592
0 0.7783854166666667 0.6888888888888889 0.04114583333333333 0.1925925925925926
0 0.7684895833333333 0.6351851851851852 0.0421875 0.1648148148148148
0 0.63046875 0.6583333333333333 0.0359375 0.18148148148148147
0 0.5596354166666667 0.6574074074074073 0.04427083333333333 0.17962962962962964
0 0.7385416666666667 0.6175925925925926 0.035416666666666666 0.1648148148148148
0 0.3997395833333333 0.48703703703703705 0.0234375 0.09814814814814814
0 0.4161458333333333 0.4712962962962962 0.026041666666666664 0.10925925925925925
0 0.4236979166666667 0.5111111111111111 0.025520833333333333 0.12407407407407407
0 0.43671875 0.49907407407407406 0.0265625 0.12407407407407407
0 0.4432291666666666 0.475 0.028125 0.11296296296296296
0 0.4770833333333333 0.47870370370370363 0.029166666666666664 0.12407407407407407
0 0.4705729166666667 0.49444444444444435 0.028645833333333332 0.11666666666666665
0 0.43828125 0.5689814814814815 0.034895833333333334 0.15833333333333333
5 0.6317708333333333 0.6050925925925925 0.029166666666666664 0.15462962962962962
0 0.46796875 0.5717592592592593 0.0328125 0.1509259259259259
0 0.4932291666666666 0.5722222222222222 0.03229166666666666 0.14074074074074075
0 0.5093749999999999 0.5523148148148147 0.03229166666666666 0.13425925925925924
0 0.5427083333333333 0.5449074074074074 0.03125 0.125
0 0.5369791666666666 0.5351851851851851 0.028125 0.11851851851851851
0 0.5083333333333333 0.5967592592592592 0.04375 0.1509259259259259
0 0.5302083333333333 0.6092592592592592 0.028125 0.10925925925925925
0 0.5403645833333333 0.6157407407407407 0.03802083333333333 0.1759259259259259
0 0.5187499999999999 0.6564814814814814 0.03854166666666666 0.18888888888888888
0 0.5716145833333333 0.5472222222222223 0.028645833333333332 0.1388888888888889
0 0.58828125 0.5888888888888888 0.03802083333333333 0.17037037037037037
0 0.5799479166666667 0.6300925925925925 0.03802083333333333 0.1509259259259259
5 0.6971354166666666 0.4921296296296296 0.0234375 0.06574074074074074
0 0.6458333333333333 0.45972222222222225 0.028125 0.08981481481481482
0 0.6611979166666666 0.4574074074074074 0.033854166666666664 0.09814814814814814
5 0.7619791666666667 0.5208333333333333 0.03125 0.08796296296296295
5 0.5588541666666667 0.4643518518518518 0.02395833333333333 0.11018518518518519
