0 0.5721354166666667 0.6662037037037036 0.034895833333333334 0.19722222222222222
0 0.59609375 0.6782407407407407 0.0390625 0.1935185185185185
5 0.6611979166666666 0.6467592592592593 0.0328125 0.17685185185185184
0 0.7466145833333333 0.5175925925925926 0.024479166666666666 0.0962962962962963
5 0.7489583333333333 0.48009259259259257 0.025 0.07685185185185185
0 0.6072916666666666 0.6462962962962963 0.03229166666666666 0.17407407407407408
0 0.5119791666666667 0.6787037037037037 0.02708333333333333 0.15185185185185185
0 0.5661458333333333 0.6606481481481481 0.03958333333333333 0.1824074074074074
0 0.69765625 0.7074074074074074 0.04114583333333333 0.1759259259259259
0 0.8575520833333332 0.6842592592592591 0.03802083333333333 0.17222222222222222
0 0.8453124999999998 0.6574074074074074 0.03020833333333333 0.15185185185185185
0 0.8466145833333332 0.649537037037037 0.0390625 0.16759259259259257
0 0.8901041666666666 0.6842592592592591 0.0375 0.17962962962962964
5 0.6671875 0.6041666666666666 0.02708333333333333 0.14351851851851852
0 0.27890625 0.7449074074074074 0.0453125 0.21018518518518517
0 0.31796875 0.7537037037037037 0.0421875 0.2
0 0.31406249999999997 0.7925925925925925 0.05208333333333333 0.20370370370370366
0 0.2059895833333333 0.7666666666666666 0.04427083333333333 0.1925925925925926
0 0.12135416666666665 0.9185185185185185 0.06979166666666667 0.16296296296296295
0 0.4481770833333333 0.6245370370370369 0.033854166666666664 0.16018518518518518
0 0.7645833333333333 0.6523148148148148 0.034375 0.1824074074074074
0 0.6427083333333333 0.7263888888888889 0.040625 0.20462962962962963
0 0.6731770833333333 0.7384259259259258 0.04427083333333333 0.1861111111111111
0 0.41875 0.6472222222222221 0.040625 0.14629629629629629
0 0.79140625 0.6884259259259259 0.0296875 0.11759259259259258
0 0.7809895833333333 0.6791666666666666 0.0359375 0.1472222222222222
0 0.8278645833333333 0.7078703703703704 0.04635416666666666 0.2009259259259259
0 0.8393229166666666 0.7055555555555555 0.04114583333333333 0.20185185185185187
0 0.8513020833333332 0.7374999999999999 0.056770833333333326 0.20462962962962963
0 0.8072916666666666 0.673611111111111 0.03645833333333333 0.1787037037037037
0 0.9028645833333334 0.7435185185185185 0.04635416666666666 0.18703703703703703
0 0.6427083333333333 0.5939814814814814 0.03229166666666666 0.1324074074074074
0 0.6205729166666667 0.5925925925925926 0.03802083333333333 0.15740740740740738
0 0.4744791666666666 0.6023148148148147 0.034375 0.16018518518518518
0 0.4638020833333333 0.5773148148148148 0.04427083333333333 0.15648148148148147
0 0.5822916666666667 0.5592592592592591 0.028125 0.1037037037037037
0 0.5458333333333333 0.5550925925925926 0.03020833333333333 0.12685185185185183
0 0.5158854166666667 0.5319444444444443 0.03177083333333333 0.1287037037037037
0 0.4604166666666666 0.537962962962963 0.03125 0.11851851851851851
0 0.4192708333333333 0.5365740740740741 0.025 0.12685185185185183
0 0.5578125 0.5157407407407407 0.028125 0.11481481481481481
0 0.5309895833333333 0.5162037037037037 0.0265625 0.11944444444444444
0 0.5093749999999999 0.5106481481481481 0.026041666666666664 0.13055555555555556
0 0.4932291666666666 0.5171296296296296 0.026041666666666664 0.12129629629629628
0 0.43125 0.5087962962962962 0.028125 0.11574074074074074
0 0.5273437499999999 0.4893518518518518 0.027604166666666662 0.10648148148148147
0 0.4580729166666666 0.48703703703703705 0.0296875 0.12037037037037038
0 0.4369791666666667 0.46805555555555556 0.020833333333333332 0.09907407407407406
0 0.4276041666666667 0.4749999999999999 0.02708333333333333 0.1037037037037037
0 0.54375 0.5361111111111111 0.021875 0.1074074074074074
5 0.7291666666666667 0.4893518518518518 0.02395833333333333 0.06574074074074074
0 0.5065104166666667 0.4898148148148148 0.025520833333333333 0.12407407407407407
0 0.7731770833333333 0.44259259259259254 0.01927083333333333 0.07407407407407407
0 0.784375 0.44027777777777777 0.02708333333333333 0.0824074074074074
5 0.7921875 0.5189814814814815 0.03020833333333333 0.08796296296296295
5 0.5869791666666666 0.4662037037037036 0.026041666666666664 0.11018518518518519
