0 0.20104166666666667 0.874537037037037 0.06770833333333333 0.25277777777777777
0 0.2572916666666667 0.874074074074074 0.059375000000000004 0.25
0 0.2794270833333333 0.8462962962962962 0.050520833333333334 0.22407407407407404
0 0.9833333333333334 0.8949074074074074 0.03229166666666667 0.21203703703703702
0 0.371875 0.8148148148148148 0.053125 0.22037037037037036
0 0.41640625 0.8166666666666667 0.051562500000000004 0.20185185185185184
0 0.7841145833333334 0.7398148148148148 0.04635416666666667 0.2148148148148148
0 0.7973958333333334 0.7291666666666666 0.042708333333333334 0.20277777777777778
0 0.6635416666666666 0.6703703703703704 0.030208333333333334 0.1685185185185185
0 0.8044270833333333 0.5666666666666667 0.02760416666666667 0.09259259259259259
0 0.71953125 0.5097222222222222 0.02760416666666667 0.07685185185185185
0 0.7221354166666666 0.7092592592592591 0.043229166666666666 0.18333333333333332
0 0.8140625 0.6972222222222222 0.042708333333333334 0.1722222222222222
0 0.6838541666666667 0.7268518518518519 0.041666666666666664 0.19444444444444445
0 0.6140625000000001 0.7194444444444444 0.03958333333333334 0.18888888888888886
0 0.7877604166666669 0.6726851851851852 0.04010416666666666 0.16574074074074074
0 0.4317708333333333 0.5365740740740741 0.02395833333333333 0.09907407407407406
0 0.45807291666666666 0.5143518518518518 0.025520833333333333 0.11203703703703702
0 0.42994791666666665 0.5601851851851851 0.025520833333333333 0.12407407407407406
0 0.4565104166666667 0.5472222222222223 0.029687500000000002 0.12407407407407406
0 0.48046875 0.5222222222222223 0.025520833333333333 0.11296296296296296
0 0.5171875 0.5268518518518518 0.030208333333333334 0.12037037037037036
0 0.48515625 0.5458333333333333 0.029687500000000002 0.12870370370370368
0 0.4505208333333333 0.625462962962963 0.03854166666666667 0.16944444444444443
0 0.6447916666666667 0.6365740740740741 0.029166666666666667 0.1361111111111111
0 0.4817708333333333 0.6282407407407408 0.03125 0.16203703703703703
0 0.5096354166666667 0.6287037037037035 0.03177083333333333 0.14629629629629629
0 0.5354166666666667 0.6046296296296296 0.03229166666666667 0.13518518518518519
0 0.5674479166666667 0.5990740740740741 0.03802083333333334 0.13518518518518519
0 0.5583333333333333 0.5930555555555554 0.027083333333333334 0.125
0 0.51796875 0.6532407407407407 0.04010416666666666 0.15648148148148147
0 0.5447916666666667 0.6726851851851853 0.027083333333333334 0.12870370370370368
0 0.5653645833333334 0.6782407407407407 0.03802083333333334 0.1787037037037037
0 0.5750000000000001 0.7240740740740741 0.03958333333333334 0.19814814814814813
0 0.5932291666666666 0.5972222222222222 0.030208333333333334 0.14074074074074075
0 0.62578125 0.637962962962963 0.0328125 0.1611111111111111
0 0.60859375 0.6888888888888888 0.0390625 0.15555555555555553
0 0.88203125 0.8666666666666667 0.06510416666666667 0.2037037037037037
0 0.70546875 0.5282407407407407 0.0234375 0.06574074074074074
0 0.6723958333333334 0.4888888888888889 0.027083333333333334 0.09074074074074073
0 0.6984375 0.4842592592592592 0.03125 0.09259259259259259
0 0.7677083333333334 0.5560185185185185 0.03125 0.08796296296296297
0 0.5632812500000001 0.5013888888888888 0.0234375 0.11018518518518518
