0 0.2791666666666667 0.7027777777777777 0.05416666666666666 0.2074074074074074
0 0.3403645833333333 0.7023148148148148 0.05052083333333333 0.21759259259259256
0 0.403125 0.6930555555555555 0.035416666666666666 0.18981481481481483
0 0.23776041666666664 0.923611111111111 0.07239583333333333 0.15462962962962962
0 0.3203125 0.9296296296296296 0.05416666666666666 0.14074074074074075
0 0.5499999999999999 0.6324074074074073 0.041666666666666664 0.18518518518518517
0 0.5679687499999999 0.6337962962962963 0.033854166666666664 0.18796296296296294
5 0.6473958333333333 0.6305555555555555 0.028125 0.1685185185185185
0 0.79140625 0.524537037037037 0.025520833333333333 0.09351851851851851
5 0.7052083333333333 0.47824074074074074 0.026041666666666664 0.07685185185185185
0 0.6236979166666667 0.6518518518518518 0.03802083333333333 0.18148148148148147
0 0.7364583333333333 0.8328703703703703 0.04583333333333333 0.2398148148148148
0 0.6846354166666667 0.8296296296296296 0.056770833333333326 0.23888888888888887
0 0.4559895833333333 0.5592592592592592 0.0234375 0.11296296296296296
0 0.4820312499999999 0.5439814814814815 0.03072916666666666 0.14351851851851852
0 0.4419270833333333 0.5875 0.0296875 0.13796296296296295
0 0.52578125 0.5726851851851851 0.0296875 0.14351851851851852
0 0.5062499999999999 0.5499999999999999 0.026041666666666664 0.13518518518518519
0 0.5330729166666666 0.5472222222222222 0.0296875 0.14074074074074075
0 0.5518229166666666 0.5666666666666667 0.0328125 0.12962962962962962
0 0.6127604166666666 0.6972222222222222 0.05572916666666666 0.20185185185185187
5 0.6263020833333333 0.6013888888888889 0.0296875 0.14351851851851852
0 0.6377604166666667 0.6888888888888889 0.04427083333333333 0.1907407407407407
0 0.6619791666666666 0.6828703703703703 0.03854166666666666 0.17314814814814813
0 0.5611979166666666 0.662962962962963 0.04010416666666666 0.1759259259259259
0 0.7260416666666667 0.6347222222222222 0.03645833333333333 0.15833333333333333
0 0.7427083333333333 0.6370370370370371 0.03020833333333333 0.15185185185185185
0 0.740625 0.711574074074074 0.05208333333333333 0.1824074074074074
0 0.7580729166666667 0.725 0.033854166666666664 0.14074074074074075
0 0.8513020833333332 0.7143518518518518 0.0609375 0.19907407407407407
0 0.6268229166666666 0.8328703703703704 0.049479166666666664 0.25462962962962965
0 0.7776041666666667 0.6398148148148148 0.040625 0.17037037037037037
0 0.8424479166666666 0.6875 0.04635416666666666 0.18981481481481483
0 0.91875 0.7240740740740741 0.04479166666666666 0.18148148148148147
0 0.051302083333333325 0.9023148148148147 0.0578125 0.19537037037037036
0 0.09661458333333332 0.9171296296296296 0.0546875 0.16574074074074072
0 0.03984375 0.9726851851851851 0.05260416666666666 0.05648148148148148
0 0.30416666666666664 0.8199074074074074 0.05 0.20462962962962963
0 0.4614583333333333 0.8282407407407408 0.05416666666666666 0.225
0 0.7703125 0.7652777777777777 0.04375 0.21018518518518517
0 0.9622395833333333 0.7583333333333333 0.04739583333333333 0.20370370370370366
0 0.8533854166666666 0.7555555555555555 0.056770833333333326 0.2111111111111111
0 0.8572916666666666 0.749074074074074 0.04375 0.19629629629629627
0 0.8916666666666666 0.7467592592592591 0.03854166666666666 0.1787037037037037
0 0.5046875 0.5032407407407408 0.03229166666666666 0.10648148148148147
0 0.4765624999999999 0.4930555555555555 0.03229166666666666 0.12314814814814815
0 0.4059895833333333 0.4898148148148148 0.0328125 0.12407407407407407
0 0.4182291666666666 0.4851851851851851 0.026041666666666664 0.09074074074074073
0 0.4041666666666666 0.4768518518518518 0.025 0.10185185185185183
0 0.4083333333333333 0.4837962962962963 0.025 0.11203703703703702
5 0.690625 0.48611111111111105 0.02395833333333333 0.06666666666666667
0 0.7421875 0.44074074074074077 0.01875 0.07407407407407407
0 0.7513020833333333 0.4444444444444445 0.027604166666666662 0.08888888888888888
5 0.7510416666666667 0.5180555555555555 0.03020833333333333 0.08796296296296295
5 0.5385416666666667 0.4643518518518518 0.02395833333333333 0.11018518518518519
