0 0.2481770833333333 0.7416666666666666 0.0578125 0.21666666666666665
0 0.3145833333333333 0.7486111111111111 0.051041666666666666 0.2324074074074074
0 0.36822916666666666 0.7240740740740741 0.03958333333333333 0.19814814814814813
0 0.3 0.8930555555555555 0.0625 0.21388888888888888
0 0.36171875 0.8976851851851851 0.06197916666666666 0.20462962962962963
0 0.6052083333333333 0.6555555555555556 0.042708333333333334 0.1925925925925926
0 0.61640625 0.6518518518518518 0.0390625 0.17962962962962964
5 0.6484375 0.6314814814814815 0.028125 0.1685185185185185
0 0.7919270833333333 0.5296296296296296 0.025520833333333333 0.09259259259259259
5 0.7088541666666666 0.4837962962962963 0.026041666666666664 0.07685185185185185
0 0.6281249999999999 0.6532407407407408 0.03229166666666666 0.1824074074074074
0 0.89296875 0.7138888888888888 0.0546875 0.18888888888888888
0 0.7455729166666666 0.775462962962963 0.0421875 0.22129629629629627
0 0.7015624999999999 0.7810185185185186 0.04791666666666666 0.21944444444444441
0 0.8734374999999999 0.6995370370370371 0.04895833333333333 0.1935185185185185
0 0.4502604166666666 0.5402777777777776 0.0234375 0.11018518518518519
0 0.4739583333333333 0.5305555555555556 0.03125 0.137037037037037
0 0.4294270833333333 0.5675925925925925 0.028645833333333332 0.13333333333333333
0 0.4999999999999999 0.5564814814814814 0.03229166666666666 0.13518518518518519
0 0.50078125 0.5328703703703704 0.025520833333333333 0.12129629629629628
0 0.5393229166666667 0.5333333333333333 0.03177083333333333 0.13148148148148148
0 0.5317708333333333 0.5555555555555556 0.03020833333333333 0.12962962962962962
0 0.5276041666666667 0.6638888888888889 0.05208333333333333 0.1925925925925926
5 0.6281249999999999 0.6050925925925925 0.029166666666666664 0.14351851851851852
0 0.5388020833333333 0.6648148148148147 0.03802083333333333 0.18703703703703703
0 0.5671875 0.6611111111111111 0.03645833333333333 0.17407407407407408
0 0.5463541666666666 0.6310185185185185 0.03125 0.16203703703703703
0 0.6466145833333333 0.6222222222222222 0.0359375 0.15740740740740738
0 0.6494791666666666 0.6175925925925926 0.03125 0.15185185185185185
0 0.6070312499999999 0.6953703703703703 0.04635416666666666 0.17407407407407408
0 0.6390625 0.7050925925925926 0.034375 0.13425925925925924
0 0.7278645833333333 0.7069444444444445 0.0515625 0.20277777777777778
0 0.6510416666666666 0.7777777777777778 0.046875 0.22407407407407404
0 0.7216145833333333 0.610648148148148 0.0296875 0.14351851851851852
0 0.7744791666666667 0.6560185185185186 0.04583333333333333 0.17129629629629628
0 0.7815104166666667 0.7157407407407408 0.05364583333333332 0.1759259259259259
0 0.02421875 0.9291666666666668 0.04739583333333333 0.14351851851851852
0 0.05182291666666666 0.9476851851851851 0.0578125 0.10648148148148147
0 0.4643229166666666 0.825925925925926 0.058854166666666666 0.20370370370370366
0 0.6427083333333333 0.8203703703703702 0.06979166666666667 0.2148148148148148
0 0.9317708333333332 0.7962962962962962 0.06458333333333333 0.20925925925925926
0 0.4716145833333333 0.4884259259259259 0.03072916666666666 0.10462962962962963
0 0.4442708333333333 0.4810185185185185 0.03229166666666666 0.12314814814814815
5 0.6932291666666667 0.49120370370370364 0.02395833333333333 0.06574074074074074
0 0.7236979166666666 0.45092592592592584 0.024479166666666666 0.08703703703703704
0 0.7453125 0.4458333333333333 0.03020833333333333 0.08981481481481482
5 0.7526041666666667 0.5217592592592593 0.03020833333333333 0.08796296296296295
5 0.5395833333333333 0.46712962962962956 0.02395833333333333 0.11018518518518519
