0 0.5786458333333333 0.6638888888888889 0.03333333333333333 0.19629629629629627
0 0.6028645833333334 0.673148148148148 0.03802083333333334 0.19074074074074074
0 0.6651041666666667 0.6467592592592593 0.03229166666666667 0.17685185185185184
0 0.7455729166666667 0.5175925925925926 0.02447916666666667 0.0962962962962963
0 0.74765625 0.48101851851851846 0.025520833333333333 0.07685185185185185
0 0.6119791666666669 0.6462962962962963 0.03229166666666667 0.17407407407407408
0 0.5109374999999999 0.674074074074074 0.027083333333333334 0.1537037037037037
0 0.5557291666666667 0.6574074074074073 0.035416666666666666 0.1796296296296296
0 0.6830729166666667 0.7013888888888888 0.04010416666666666 0.17129629629629628
0 0.8520833333333334 0.6796296296296297 0.03854166666666667 0.16666666666666666
0 0.8317708333333333 0.6601851851851852 0.030208333333333334 0.15185185185185185
0 0.8380208333333334 0.6476851851851851 0.03958333333333334 0.1675925925925926
0 0.884375 0.6814814814814815 0.0375 0.17592592592592593
0 0.665625 0.6050925925925926 0.027083333333333334 0.14351851851851852
0 0.2752604166666667 0.749074074074074 0.0453125 0.20925925925925926
0 0.3138020833333333 0.7597222222222222 0.0421875 0.2046296296296296
0 0.3091145833333333 0.799074074074074 0.05260416666666667 0.2037037037037037
0 0.19843750000000002 0.7703703703703704 0.043750000000000004 0.1925925925925926
0 0.12890625 0.9134259259259259 0.06406250000000001 0.17314814814814813
0 0.4497395833333333 0.6287037037037037 0.033854166666666664 0.1611111111111111
0 0.7703125000000001 0.6587962962962963 0.034374999999999996 0.18425925925925926
0 0.6351562500000001 0.7273148148148147 0.04010416666666666 0.2046296296296296
0 0.6716145833333333 0.736574074074074 0.044270833333333336 0.18425925925925926
0 0.4309895833333333 0.6513888888888888 0.04010416666666666 0.1472222222222222
0 0.7914062500000001 0.6921296296296297 0.029687500000000002 0.1175925925925926
0 0.7838541666666666 0.6847222222222221 0.035416666666666666 0.14907407407407408
0 0.8223958333333333 0.711574074074074 0.04583333333333334 0.20092592592592592
0 0.8427083333333334 0.712037037037037 0.043750000000000004 0.20185185185185184
0 0.8692708333333334 0.7439814814814815 0.058333333333333334 0.20648148148148146
0 0.8059895833333334 0.6777777777777777 0.03697916666666667 0.1796296296296296
0 0.9166666666666666 0.7472222222222221 0.046875 0.19074074074074074
0 0.6380208333333335 0.5921296296296297 0.03229166666666667 0.1324074074074074
0 0.6143229166666666 0.5875 0.03802083333333334 0.15092592592592594
0 0.4708333333333333 0.5976851851851851 0.034374999999999996 0.16018518518518518
0 0.4809895833333333 0.5773148148148147 0.044270833333333336 0.15648148148148147
0 0.5791666666666666 0.5546296296296295 0.027083333333333334 0.10370370370370369
0 0.5440104166666666 0.5523148148148148 0.029687500000000002 0.12685185185185185
0 0.5171875 0.5300925925925927 0.03229166666666667 0.12685185185185185
0 0.46015625000000004 0.5351851851851851 0.03177083333333333 0.11851851851851851
0 0.4174479166666667 0.5347222222222221 0.025520833333333333 0.12685185185185185
0 0.5552083333333333 0.5152777777777777 0.028125 0.11574074074074073
0 0.5286458333333334 0.5115740740740741 0.02395833333333333 0.11574074074074073
0 0.5096354166666667 0.5101851851851852 0.025520833333333333 0.12962962962962962
0 0.4895833333333333 0.5125 0.026041666666666668 0.12129629629629629
0 0.43072916666666666 0.5050925925925925 0.028125 0.11574074074074073
0 0.5221354166666666 0.4888888888888889 0.02760416666666667 0.1074074074074074
0 0.4526041666666667 0.48518518518518516 0.026041666666666668 0.12037037037037036
0 0.4291666666666667 0.4643518518518518 0.020833333333333332 0.09907407407407406
0 0.5421874999999999 0.5342592592592593 0.021875000000000002 0.1074074074074074
0 0.7296875 0.4912037037037037 0.02395833333333333 0.06574074074074074
0 0.4986979166666667 0.48703703703703705 0.025520833333333333 0.12407407407407406
0 0.7723958333333334 0.44351851851851853 0.01979166666666667 0.07407407407407408
0 0.7822916666666667 0.4393518518518518 0.027083333333333334 0.0824074074074074
0 0.7916666666666666 0.5217592592592593 0.030208333333333334 0.08796296296296297
0 0.5872395833333334 0.46527777777777773 0.025520833333333333 0.11018518518518518
