0 0.2817708333333333 0.6407407407407406 0.046875 0.1907407407407407
0 0.3395833333333333 0.6439814814814815 0.04375 0.19537037037037036
0 0.4078125 0.6555555555555556 0.0375 0.17407407407407408
0 0.5317708333333333 0.6166666666666666 0.035416666666666666 0.18148148148148147
0 0.5604166666666667 0.6143518518518518 0.03333333333333333 0.17685185185185184
5 0.65 0.6231481481481481 0.028125 0.1685185185185185
0 0.7744791666666667 0.5041666666666667 0.02395833333333333 0.09351851851851851
5 0.7166666666666666 0.46805555555555556 0.026041666666666664 0.07685185185185185
0 0.6140625 0.6268518518518518 0.03854166666666666 0.1685185185185185
0 0.71953125 0.8972222222222221 0.058854166666666666 0.20370370370370366
0 0.6656249999999999 0.8953703703703704 0.06354166666666666 0.2111111111111111
0 0.46640625 0.5787037037037037 0.0234375 0.11296296296296296
0 0.4942708333333333 0.5675925925925925 0.03229166666666666 0.1537037037037037
0 0.4692708333333333 0.6152777777777778 0.03020833333333333 0.15462962962962962
0 0.6059895833333333 0.5986111111111111 0.033854166666666664 0.14537037037037037
0 0.5286458333333333 0.5657407407407407 0.026041666666666664 0.13518518518518519
0 0.56796875 0.5722222222222222 0.034895833333333334 0.15740740740740738
0 0.6302083333333333 0.5967592592592592 0.03125 0.14907407407407408
0 0.8609374999999998 0.7134259259259259 0.06770833333333333 0.21018518518518517
5 0.63828125 0.5921296296296296 0.0296875 0.14351851851851852
0 0.86328125 0.7055555555555555 0.04010416666666666 0.19814814814814813
0 0.8848958333333334 0.7060185185185185 0.04479166666666666 0.19537037037037036
0 0.7611979166666667 0.6939814814814815 0.05989583333333333 0.18796296296296294
0 0.8114583333333334 0.6837962962962962 0.06354166666666666 0.18796296296296294
0 0.82578125 0.6726851851851852 0.033854166666666664 0.1824074074074074
0 0.9606770833333333 0.7351851851851852 0.058854166666666666 0.18703703703703703
0 0.5908854166666667 0.8888888888888887 0.06302083333333333 0.22037037037037038
0 0.8625 0.6759259259259258 0.041666666666666664 0.1759259259259259
0 0.13567708333333334 0.8569444444444445 0.0578125 0.24537037037037038
0 0.19192708333333333 0.874074074074074 0.0546875 0.24259259259259255
0 0.13463541666666665 0.9148148148148147 0.0546875 0.17222222222222222
0 0.1421875 0.8069444444444445 0.04895833333333333 0.20462962962962963
0 0.190625 0.826388888888889 0.07083333333333333 0.225
0 0.609375 0.7134259259259259 0.040625 0.18796296296296294
0 0.7674479166666666 0.7268518518518519 0.0546875 0.20370370370370366
0 0.6786458333333333 0.724537037037037 0.05 0.20462962962962963
0 0.68203125 0.7199074074074073 0.03802083333333333 0.1787037037037037
0 0.72109375 0.7189814814814814 0.0421875 0.17129629629629628
0 0.8 0.7583333333333333 0.042708333333333334 0.12962962962962962
0 0.8666666666666666 0.7634259259259258 0.041666666666666664 0.16574074074074072
0 0.8723958333333333 0.7407407407407407 0.05208333333333333 0.19814814814814813
0 0.5549479166666667 0.5162037037037037 0.027604166666666662 0.10648148148148147
0 0.52421875 0.5097222222222222 0.033854166666666664 0.12685185185185183
0 0.4325520833333333 0.5111111111111111 0.0296875 0.13518518518518519
0 0.7369791666666666 0.5828703703703704 0.040625 0.16018518518518518
0 0.49869791666666663 0.4953703703703704 0.0234375 0.0962962962962963
0 0.471875 0.4851851851851852 0.03020833333333333 0.1074074074074074
0 0.4393229166666666 0.4805555555555555 0.0296875 0.11296296296296296
0 0.4145833333333333 0.4805555555555555 0.03020833333333333 0.10925925925925925
0 0.4020833333333333 0.47870370370370363 0.02395833333333333 0.10925925925925925
0 0.4161458333333333 0.46712962962962956 0.02395833333333333 0.11018518518518519
0 0.484375 0.48287037037037034 0.025 0.10462962962962963
5 0.7015625 0.48009259259259257 0.02395833333333333 0.06574074074074074
0 0.7489583333333333 0.4296296296296296 0.01875 0.07407407407407407
0 0.7526041666666667 0.4291666666666666 0.02708333333333333 0.0824074074074074
5 0.7651041666666667 0.5106481481481481 0.03020833333333333 0.08796296296296295
5 0.5604166666666666 0.4481481481481481 0.028125 0.10925925925925925
