0 0.26484375 0.6129629629629629 0.0421875 0.17407407407407408
0 0.2671875 0.6384259259259258 0.05 0.175
0 0.5598958333333333 0.6412037037037037 0.034375 0.18796296296296294
0 0.5882812499999999 0.6421296296296296 0.033854166666666664 0.17685185185185184
5 0.6557291666666667 0.6453703703703704 0.03020833333333333 0.1759259259259259
0 0.734375 0.5203703703703704 0.02395833333333333 0.0962962962962963
5 0.7325520833333333 0.4828703703703704 0.025520833333333333 0.07685185185185185
0 0.6190104166666667 0.6425925925925926 0.03177083333333333 0.17962962962962964
0 0.46744791666666663 0.6412037037037037 0.027604166666666662 0.13796296296296295
0 0.5028645833333333 0.625925925925926 0.03697916666666666 0.1648148148148148
0 0.5723958333333333 0.6708333333333333 0.03958333333333333 0.1638888888888889
0 0.7677083333333333 0.6435185185185185 0.034375 0.14629629629629629
0 0.6776041666666666 0.6273148148148148 0.029166666666666664 0.1509259259259259
0 0.7171874999999999 0.6226851851851852 0.041666666666666664 0.1638888888888889
0 0.80625 0.6449074074074075 0.034375 0.15833333333333333
5 0.6546875 0.6018518518518519 0.02708333333333333 0.14259259259259258
0 0.9703124999999998 0.7402777777777778 0.042708333333333334 0.19537037037037036
0 0.23177083333333334 0.7912037037037037 0.04791666666666666 0.2324074074074074
0 0.271875 0.7976851851851852 0.04895833333333333 0.21203703703703702
0 0.253125 0.8564814814814815 0.05625 0.22777777777777777
0 0.11822916666666668 0.8055555555555556 0.03958333333333333 0.20925925925925926
0 0.13411458333333331 0.8791666666666667 0.05572916666666666 0.24166666666666664
0 0.47265625 0.662962962962963 0.0296875 0.1759259259259259
0 0.7739583333333333 0.6773148148148148 0.040625 0.1824074074074074
0 0.6130208333333333 0.7231481481481481 0.03958333333333333 0.20370370370370366
0 0.6513020833333333 0.7296296296296296 0.03697916666666666 0.18148148148148147
0 0.52109375 0.6796296296296296 0.0390625 0.1537037037037037
0 0.8005208333333332 0.7175925925925926 0.034375 0.11851851851851851
0 0.7570312499999999 0.7152777777777777 0.04010416666666666 0.15462962962962962
0 0.8549479166666666 0.7504629629629629 0.0484375 0.21759259259259256
0 0.8880208333333334 0.7504629629629629 0.04479166666666666 0.21018518518518517
0 0.7880208333333333 0.7023148148148148 0.040625 0.18055555555555552
0 0.603125 0.5736111111111111 0.03020833333333333 0.1324074074074074
0 0.5734375 0.561574074074074 0.03645833333333333 0.1398148148148148
0 0.4572916666666667 0.5675925925925925 0.03333333333333333 0.14814814814814814
0 0.55703125 0.5916666666666667 0.04427083333333333 0.15740740740740738
0 0.54140625 0.5300925925925926 0.0234375 0.10462962962962963
0 0.5205729166666666 0.5254629629629629 0.0296875 0.11759259259259258
0 0.4940104166666666 0.5166666666666667 0.0328125 0.12037037037037038
0 0.4442708333333333 0.5175925925925926 0.03229166666666666 0.11296296296296296
0 0.4140625 0.5162037037037036 0.025 0.11574074074074074
0 0.5171875 0.49861111111111106 0.02708333333333333 0.11203703703703702
0 0.490625 0.4925925925925926 0.02395833333333333 0.11296296296296296
0 0.4723958333333333 0.4912037037037037 0.026041666666666664 0.125
0 0.4518229166666667 0.4976851851851851 0.025520833333333333 0.11574074074074074
0 0.4161458333333333 0.4833333333333333 0.02708333333333333 0.11111111111111112
0 0.4526041666666666 0.475925925925926 0.026041666666666664 0.1074074074074074
0 0.5260416666666666 0.5194444444444445 0.021875 0.1074074074074074
5 0.7151041666666667 0.49305555555555547 0.02395833333333333 0.06574074074074074
0 0.4359375 0.4726851851851851 0.025 0.12314814814814815
0 0.7596354166666667 0.44074074074074077 0.01927083333333333 0.07407407407407407
0 0.7682291666666667 0.4356481481481481 0.02708333333333333 0.0824074074074074
5 0.7802083333333333 0.5217592592592593 0.03020833333333333 0.08796296296296295
5 0.57265625 0.4652777777777777 0.025520833333333333 0.11018518518518519
