0 0.5692708333333333 0.6476851851851851 0.034375 0.18796296296296294
0 0.6036458333333333 0.6532407407407408 0.034375 0.1824074074074074
5 0.6640625 0.6481481481481481 0.03020833333333333 0.1759259259259259
0 0.7401041666666667 0.5203703703703704 0.02395833333333333 0.0962962962962963
5 0.7393229166666667 0.4828703703703704 0.025520833333333333 0.07685185185185185
0 0.6249999999999999 0.6458333333333333 0.03229166666666666 0.1787037037037037
0 0.4916666666666666 0.6560185185185186 0.028125 0.1398148148148148
0 0.5244791666666667 0.6416666666666666 0.03645833333333333 0.17222222222222222
0 0.6213541666666667 0.686574074074074 0.041666666666666664 0.16574074074074072
0 0.8138020833333333 0.6648148148148147 0.0359375 0.16296296296296295
0 0.7455729166666666 0.6412037037037037 0.0296875 0.1509259259259259
0 0.7747395833333333 0.6388888888888888 0.04010416666666666 0.16666666666666666
0 0.8473958333333332 0.6648148148148147 0.0375 0.1685185185185185
5 0.6591145833333333 0.6023148148148147 0.027604166666666662 0.14351851851851852
0 0.25494791666666666 0.7731481481481481 0.04739583333333333 0.22222222222222224
0 0.2958333333333333 0.7824074074074073 0.042708333333333334 0.20370370370370366
0 0.28229166666666666 0.8310185185185185 0.057291666666666664 0.22129629629629627
0 0.16145833333333331 0.798611111111111 0.040625 0.21018518518518517
0 0.14401041666666664 0.8939814814814815 0.0640625 0.21388888888888888
0 0.4539062499999999 0.6541666666666666 0.033854166666666664 0.16759259259259257
0 0.7749999999999999 0.6703703703703703 0.035416666666666666 0.18518518518518517
0 0.6184895833333333 0.724074074074074 0.04010416666666666 0.20370370370370366
0 0.6557291666666666 0.7379629629629629 0.0375 0.18518518518518517
0 0.47890625 0.6699074074074074 0.04114583333333333 0.15648148148148147
0 0.7921875 0.7087962962962963 0.03020833333333333 0.11759259259259258
0 0.77890625 0.6981481481481481 0.0359375 0.1537037037037037
0 0.8260416666666666 0.7351851851851852 0.046875 0.21296296296296294
0 0.8645833333333334 0.7351851851851852 0.041666666666666664 0.20185185185185187
0 0.9531249999999998 0.7699074074074074 0.06770833333333333 0.21203703703703702
0 0.80390625 0.6930555555555554 0.03802083333333333 0.1787037037037037
0 0.9807291666666667 0.7717592592592591 0.03333333333333333 0.19907407407407407
0 0.6187499999999999 0.587037037037037 0.03229166666666666 0.13148148148148148
0 0.5911458333333333 0.5777777777777777 0.0375 0.14629629629629629
0 0.4598958333333333 0.5810185185185185 0.03333333333333333 0.14907407407407408
0 0.5208333333333333 0.5907407407407408 0.04479166666666666 0.15740740740740738
0 0.55859375 0.5453703703703703 0.0234375 0.1037037037037037
0 0.5354166666666667 0.5449074074074074 0.03020833333333333 0.12685185185185183
0 0.50546875 0.5268518518518518 0.03177083333333333 0.12037037037037038
0 0.4528645833333333 0.5305555555555556 0.03177083333333333 0.11851851851851851
0 0.4145833333333333 0.5259259259259259 0.026041666666666664 0.12037037037037038
0 0.5367187499999999 0.5115740740740741 0.027604166666666662 0.11574074074074074
0 0.5114583333333333 0.5037037037037038 0.02395833333333333 0.11296296296296296
0 0.4916666666666666 0.5027777777777778 0.026041666666666664 0.12962962962962962
0 0.4734374999999999 0.5078703703703703 0.026041666666666664 0.11944444444444444
0 0.4265625 0.49537037037037035 0.02708333333333333 0.11666666666666665
0 0.4893229166666667 0.48240740740740745 0.025520833333333333 0.1074074074074074
0 0.4223958333333333 0.4671296296296297 0.02395833333333333 0.09537037037037036
0 0.5335937499999999 0.5268518518518518 0.021354166666666667 0.1074074074074074
5 0.7223958333333333 0.49120370370370364 0.02395833333333333 0.06574074074074074
0 0.4684895833333333 0.4851851851851851 0.025520833333333333 0.12407407407407407
0 0.76640625 0.44259259259259254 0.01927083333333333 0.07407407407407407
0 0.7744791666666667 0.4375 0.02708333333333333 0.0824074074074074
5 0.7864583333333333 0.524537037037037 0.03020833333333333 0.08796296296296295
5 0.5817708333333333 0.46712962962962956 0.026041666666666664 0.11018518518518519
