0 0.2674479166666667 0.6296296296296295 0.04635416666666666 0.17962962962962964
0 0.32812499999999994 0.6324074074074073 0.042708333333333334 0.1907407407407407
0 0.37760416666666663 0.6476851851851851 0.03958333333333333 0.16759259259259257
0 0.5333333333333333 0.6226851851851851 0.035416666666666666 0.18425925925925926
0 0.5588541666666667 0.6194444444444445 0.03125 0.1759259259259259
5 0.6432291666666666 0.6259259259259259 0.028125 0.1685185185185185
0 0.7536458333333333 0.5125 0.02395833333333333 0.09537037037037036
5 0.71953125 0.4708333333333333 0.025520833333333333 0.07685185185185185
0 0.6033854166666666 0.6333333333333333 0.03697916666666666 0.1759259259259259
0 0.709375 0.9166666666666667 0.05833333333333333 0.1685185185185185
0 0.6419270833333333 0.9106481481481481 0.0703125 0.17685185185185184
0 0.465625 0.587962962962963 0.02395833333333333 0.11296296296296296
0 0.4901041666666666 0.5796296296296296 0.034375 0.15925925925925927
0 0.4760416666666666 0.6305555555555555 0.03125 0.15925925925925927
0 0.6416666666666666 0.6074074074074074 0.034375 0.14629629629629629
0 0.53828125 0.5824074074074074 0.025520833333333333 0.13518518518518519
0 0.5885416666666666 0.5875 0.035416666666666666 0.16203703703703703
0 0.6669270833333333 0.6041666666666666 0.03177083333333333 0.14907407407407408
0 0.9322916666666666 0.7296296296296296 0.06770833333333333 0.22222222222222224
5 0.63828125 0.5939814814814814 0.0296875 0.14351851851851852
0 0.9260416666666667 0.7240740740740741 0.05208333333333333 0.19814814814814813
0 0.9494791666666667 0.7222222222222221 0.06354166666666666 0.1907407407407407
0 0.8127604166666667 0.7101851851851851 0.049479166666666664 0.1907407407407407
0 0.8351562499999998 0.7027777777777777 0.05052083333333333 0.18703703703703703
0 0.8411458333333333 0.6930555555555555 0.034375 0.18796296296296294
0 0.57109375 0.9087962962962962 0.0609375 0.18425925925925926
0 0.87578125 0.6935185185185185 0.0421875 0.18148148148148147
0 0.15833333333333333 0.837962962962963 0.05625 0.22962962962962963
0 0.21276041666666665 0.8537037037037036 0.0546875 0.23703703703703702
0 0.15572916666666664 0.9055555555555556 0.05625 0.1907407407407407
0 0.10807291666666667 0.8046296296296296 0.03802083333333333 0.20370370370370366
0 0.12604166666666666 0.8268518518518517 0.06041666666666666 0.22777777777777777
0 0.56640625 0.6976851851851851 0.04427083333333333 0.18796296296296294
0 0.7447916666666667 0.7134259259259259 0.04583333333333333 0.19907407407407407
0 0.6343749999999999 0.7194444444444443 0.051041666666666666 0.19814814814814813
0 0.65 0.7171296296296296 0.0375 0.1787037037037037
0 0.6697916666666667 0.7087962962962963 0.04583333333333333 0.1638888888888889
0 0.7731770833333333 0.7504629629629629 0.033854166666666664 0.1287037037037037
0 0.7953125 0.7638888888888888 0.042708333333333334 0.1759259259259259
0 0.8104166666666666 0.735648148148148 0.046875 0.19722222222222222
0 0.5622395833333333 0.5263888888888888 0.027604166666666662 0.10648148148148147
0 0.5307291666666666 0.5194444444444445 0.034375 0.1259259259259259
0 0.4359375 0.5231481481481481 0.03020833333333333 0.13518518518518519
0 0.6947916666666666 0.587037037037037 0.040625 0.1611111111111111
0 0.5091145833333333 0.5046296296296295 0.0234375 0.09814814814814814
0 0.4807291666666667 0.49537037037037035 0.03020833333333333 0.1074074074074074
0 0.4473958333333333 0.4893518518518519 0.029166666666666664 0.12129629629629628
0 0.4229166666666667 0.4856481481481481 0.03020833333333333 0.10648148148148147
0 0.40390625 0.4847222222222222 0.025520833333333333 0.11203703703703702
0 0.4411458333333333 0.47175925925925916 0.02395833333333333 0.11018518518518519
0 0.40885416666666663 0.46759259259259256 0.022916666666666665 0.11296296296296296
0 0.3984375 0.46388888888888885 0.022916666666666665 0.12407407407407407
0 0.4901041666666666 0.4884259259259259 0.025 0.10462962962962963
5 0.7020833333333333 0.4810185185185184 0.02395833333333333 0.06574074074074074
0 0.7502604166666667 0.4333333333333333 0.01927083333333333 0.07407407407407407
0 0.7510416666666667 0.4300925925925926 0.02708333333333333 0.0824074074074074
5 0.7651041666666667 0.5143518518518518 0.03020833333333333 0.08796296296296295
5 0.5614583333333333 0.45092592592592595 0.028125 0.10925925925925925
