0 0.5684895833333333 0.674537037037037 0.03802083333333333 0.19907407407407407
0 0.590625 0.6847222222222221 0.040625 0.19722222222222222
5 0.65625 0.6458333333333333 0.03333333333333333 0.17685185185185184
0 0.7453125 0.5166666666666667 0.02395833333333333 0.0962962962962963
5 0.7505208333333333 0.47824074074074074 0.025 0.07685185185185185
0 0.5947916666666666 0.649074074074074 0.03854166666666666 0.17407407407407408
0 0.5203125 0.6842592592592592 0.02708333333333333 0.15
0 0.58515625 0.662962962962963 0.0546875 0.18148148148148147
0 0.7098958333333333 0.7074074074074074 0.0375 0.1759259259259259
0 0.8651041666666666 0.6893518518518518 0.0375 0.17685185185185184
0 0.8645833333333333 0.6583333333333333 0.03020833333333333 0.15185185185185185
0 0.8552083333333333 0.6523148148148148 0.03854166666666666 0.16759259259259257
0 0.8963541666666666 0.686574074074074 0.0375 0.18425925925925926
5 0.66875 0.6041666666666666 0.02708333333333333 0.14351851851851852
0 0.28645833333333337 0.7449074074074074 0.04479166666666666 0.21018518518518517
0 0.32343749999999993 0.7472222222222221 0.042708333333333334 0.1925925925925926
0 0.32343749999999993 0.7907407407407407 0.05208333333333333 0.20185185185185187
0 0.2106770833333333 0.7657407407407406 0.04427083333333333 0.1925925925925926
0 0.09765624999999999 0.9259259259259259 0.06614583333333332 0.15
0 0.4471354166666666 0.6208333333333333 0.033854166666666664 0.16018518518518518
0 0.7596354166666666 0.6453703703703704 0.033854166666666664 0.18148148148148147
0 0.6578124999999999 0.7254629629629629 0.051041666666666666 0.20462962962962963
0 0.6846354166666667 0.7407407407407407 0.04114583333333333 0.18703703703703703
0 0.4067708333333333 0.6444444444444444 0.042708333333333334 0.14814814814814814
0 0.7934895833333333 0.6828703703703703 0.0296875 0.11759259259259258
0 0.7872395833333333 0.6717592592592593 0.0359375 0.14537037037037037
0 0.8354166666666666 0.7032407407407407 0.046875 0.2009259259259259
0 0.8388020833333332 0.7023148148148147 0.04114583333333333 0.20277777777777778
0 0.8309895833333332 0.7231481481481481 0.05364583333333332 0.20555555555555555
0 0.8125 0.6671296296296296 0.03645833333333333 0.1787037037037037
0 0.8794270833333334 0.7314814814814815 0.043229166666666666 0.18888888888888888
0 0.6515624999999999 0.5976851851851852 0.03229166666666666 0.1324074074074074
0 0.6338541666666666 0.5967592592592592 0.03854166666666666 0.16018518518518518
0 0.4776041666666666 0.610648148148148 0.034375 0.16018518518518518
0 0.4421875 0.5745370370370371 0.04375 0.15648148148148147
0 0.5822916666666667 0.5611111111111111 0.02708333333333333 0.1037037037037037
0 0.5458333333333333 0.5569444444444445 0.03020833333333333 0.12685185185185183
0 0.5143229166666667 0.5356481481481481 0.03177083333333333 0.1287037037037037
0 0.45859375 0.5435185185185185 0.0328125 0.12037037037037038
0 0.4223958333333333 0.5402777777777777 0.025 0.12685185185185183
0 0.5625 0.5208333333333334 0.028125 0.11574074074074074
0 0.5330729166666666 0.5189814814814815 0.027604166666666662 0.12129629629629628
0 0.5156249999999999 0.5120370370370371 0.026041666666666664 0.12962962962962962
0 0.4924479166666667 0.5189814814814815 0.025520833333333333 0.12129629629629628
0 0.4276041666666666 0.5125 0.028125 0.11574074074074074
0 0.5351562499999999 0.4935185185185185 0.027604166666666662 0.1074074074074074
0 0.4598958333333333 0.4930555555555555 0.03020833333333333 0.12129629629629628
0 0.4497395833333333 0.47453703703703703 0.021354166666666667 0.09907407407407406
0 0.4411458333333333 0.4819444444444444 0.026041666666666664 0.10462962962962963
0 0.5434895833333333 0.5416666666666667 0.021354166666666667 0.1074074074074074
5 0.728125 0.48749999999999993 0.02395833333333333 0.06574074074074074
0 0.5174479166666667 0.49537037037037035 0.025520833333333333 0.12407407407407407
0 0.77421875 0.4416666666666666 0.01927083333333333 0.07407407407407407
0 0.7864583333333333 0.4412037037037037 0.02708333333333333 0.0824074074074074
5 0.78984375 0.5180555555555555 0.0296875 0.08796296296296295
5 0.5848958333333333 0.4643518518518518 0.026041666666666664 0.11018518518518519
