0 0.2138020833333333 0.8694444444444445 0.06927083333333332 0.25370370370370365
0 0.26953125 0.8722222222222221 0.058854166666666666 0.25555555555555554
0 0.296875 0.8388888888888889 0.051041666666666666 0.22407407407407404
0 0.3690104166666667 0.837962962962963 0.05572916666666666 0.22777777777777777
0 0.41015625 0.8416666666666666 0.05364583333333332 0.2074074074074074
0 0.7544270833333333 0.7328703703703703 0.0515625 0.2009259259259259
0 0.7630208333333333 0.7268518518518517 0.042708333333333334 0.19629629629629627
5 0.6622395833333333 0.6796296296296296 0.0296875 0.1685185185185185
0 0.8065104166666666 0.5666666666666667 0.027604166666666662 0.09259259259259259
5 0.7221354166666666 0.5189814814814815 0.027604166666666662 0.07685185185185185
0 0.6973958333333333 0.7101851851851851 0.041666666666666664 0.18148148148148147
0 0.8276041666666666 0.7138888888888888 0.041666666666666664 0.18518518518518517
0 0.7143229166666666 0.7430555555555556 0.04635416666666666 0.19537037037037036
0 0.63984375 0.7398148148148148 0.04114583333333333 0.1925925925925926
0 0.8018229166666666 0.6884259259259259 0.04010416666666666 0.16574074074074072
0 0.4411458333333333 0.5458333333333332 0.02395833333333333 0.10277777777777777
0 0.4677083333333333 0.5291666666666667 0.02708333333333333 0.11388888888888889
0 0.4317708333333333 0.5731481481481481 0.026041666666666664 0.12407407407407407
0 0.4666666666666666 0.561574074074074 0.03229166666666666 0.12314814814814815
0 0.4872395833333333 0.537037037037037 0.025520833333333333 0.11296296296296296
0 0.52734375 0.5421296296296296 0.0296875 0.12314814814814815
0 0.49609375 0.5587962962962962 0.0296875 0.1287037037037037
0 0.4638020833333333 0.6444444444444445 0.0421875 0.17037037037037037
5 0.6466145833333333 0.6439814814814815 0.027604166666666662 0.14351851851851852
0 0.48515625 0.6439814814814815 0.03177083333333333 0.1638888888888889
0 0.5205729166666666 0.6425925925925926 0.0328125 0.14814814814814814
0 0.5453125 0.6212962962962962 0.03125 0.1388888888888889
0 0.5783854166666667 0.6162037037037036 0.034895833333333334 0.13425925925925924
0 0.5666666666666667 0.6060185185185185 0.02708333333333333 0.12685185185185183
0 0.5244791666666666 0.674074074074074 0.041666666666666664 0.16296296296296295
0 0.5526041666666667 0.6879629629629629 0.02708333333333333 0.12962962962962962
0 0.5786458333333333 0.6995370370370371 0.0375 0.1935185185185185
0 0.6057291666666667 0.7425925925925926 0.040625 0.19814814814814813
0 0.5984375 0.6138888888888889 0.03020833333333333 0.14074074074074075
0 0.646875 0.6578703703703703 0.034375 0.16759259259259257
0 0.6242187499999999 0.7101851851851851 0.03697916666666666 0.1611111111111111
0 0.81640625 0.8666666666666666 0.05364583333333332 0.20370370370370366
0 0.9580729166666666 0.8384259259259259 0.0671875 0.2064814814814815
5 0.7083333333333333 0.5328703703703703 0.02395833333333333 0.06574074074074074
0 0.6833333333333333 0.4916666666666666 0.026041666666666664 0.09074074074074073
0 0.7127604166666666 0.4893518518518519 0.0296875 0.08981481481481482
5 0.7692708333333333 0.5625 0.03125 0.08796296296296295
5 0.5638020833333333 0.5069444444444444 0.0234375 0.11018518518518519
