0 0.25520833333333337 0.7296296296296296 0.05416666666666666 0.20925925925925926
0 0.3208333333333333 0.7296296296296296 0.05 0.22037037037037038
0 0.37916666666666665 0.7134259259259259 0.03958333333333333 0.1935185185185185
0 0.28229166666666666 0.900462962962963 0.06458333333333333 0.19907407407407407
0 0.34765624999999994 0.9064814814814814 0.06302083333333333 0.18518518518518517
0 0.5880208333333333 0.648611111111111 0.041666666666666664 0.19166666666666665
0 0.5966145833333333 0.6453703703703704 0.034895833333333334 0.17777777777777776
5 0.6463541666666666 0.6305555555555555 0.028125 0.1685185185185185
0 0.7893229166666667 0.5296296296296296 0.025520833333333333 0.09259259259259259
5 0.7072916666666667 0.4828703703703704 0.026041666666666664 0.07685185185185185
0 0.6210937499999999 0.6523148148148148 0.033854166666666664 0.1824074074074074
0 0.9205729166666666 0.7157407407407407 0.0484375 0.1925925925925926
0 0.7416666666666666 0.7861111111111111 0.041666666666666664 0.22592592592592592
0 0.6973958333333333 0.7939814814814815 0.04791666666666666 0.22685185185185186
0 0.8963541666666666 0.7037037037037036 0.04791666666666666 0.19629629629629627
0 0.4513020833333333 0.5425925925925925 0.0234375 0.11296296296296296
0 0.4731770833333333 0.5337962962962963 0.0296875 0.1398148148148148
0 0.4307291666666667 0.5722222222222222 0.03020833333333333 0.13518518518518519
0 0.5046875 0.5601851851851851 0.03333333333333333 0.137037037037037
0 0.5028645833333333 0.5328703703703704 0.025520833333333333 0.12129629629629628
0 0.5343749999999999 0.5388888888888889 0.03229166666666666 0.13518518518518519
0 0.534375 0.5555555555555556 0.03020833333333333 0.12962962962962962
0 0.5486979166666666 0.6712962962962963 0.043229166666666666 0.1925925925925926
5 0.6255208333333333 0.6050925925925925 0.029166666666666664 0.14351851851851852
0 0.5598958333333333 0.6699074074074074 0.04479166666666666 0.18425925925925926
0 0.5822916666666667 0.6671296296296296 0.0375 0.17314814814814813
0 0.5377604166666667 0.6375 0.034895833333333334 0.16574074074074072
0 0.6713541666666667 0.624074074074074 0.03645833333333333 0.15740740740740738
0 0.6692708333333333 0.6212962962962962 0.03125 0.15185185185185185
0 0.6424479166666666 0.699537037037037 0.04635416666666666 0.17314814814814813
0 0.6638020833333333 0.7125 0.033854166666666664 0.13425925925925924
0 0.7630208333333333 0.7074074074074074 0.05625 0.19814814814814813
0 0.6442708333333333 0.7916666666666666 0.046875 0.2333333333333333
0 0.7401041666666667 0.6212962962962962 0.03645833333333333 0.1611111111111111
0 0.79296875 0.6643518518518519 0.0421875 0.18055555555555552
0 0.8130208333333332 0.7175925925925926 0.04895833333333333 0.1759259259259259
0 0.02708333333333333 0.9212962962962962 0.053125 0.15925925925925927
0 0.06145833333333332 0.937962962962963 0.053125 0.1259259259259259
0 0.4046875 0.8222222222222222 0.053125 0.20370370370370366
0 0.58984375 0.8194444444444444 0.06927083333333332 0.21666666666666665
0 0.88125 0.787962962962963 0.059375 0.20925925925925926
0 0.9606770833333333 0.7648148148148148 0.04635416666666666 0.21666666666666665
0 0.9544270833333333 0.7597222222222222 0.0390625 0.2009259259259259
0 0.4799479166666666 0.4888888888888888 0.0390625 0.10555555555555556
0 0.4515624999999999 0.48287037037037034 0.03229166666666666 0.12314814814814815
0 0.38203124999999993 0.47870370370370363 0.028645833333333332 0.12407407407407407
0 0.38437499999999997 0.48240740740740734 0.02708333333333333 0.09074074074074073
5 0.690625 0.4902777777777777 0.02395833333333333 0.06574074074074074
0 0.72578125 0.449537037037037 0.0234375 0.08425925925925926
0 0.7473958333333333 0.4421296296296296 0.028125 0.08981481481481482
5 0.75 0.5199074074074074 0.03020833333333333 0.08796296296296295
5 0.5369791666666667 0.46342592592592585 0.02395833333333333 0.11018518518518519
