0 0.24635416666666665 0.6300925925925925 0.05 0.16574074074074074
0 0.5671875000000001 0.6458333333333333 0.034374999999999996 0.18796296296296294
0 0.59921875 0.65 0.033854166666666664 0.18148148148148147
0 0.6614583333333334 0.6481481481481481 0.030208333333333334 0.17592592592592593
0 0.73828125 0.5203703703703704 0.0234375 0.0962962962962963
0 0.7372395833333334 0.48379629629629634 0.025520833333333333 0.07685185185185185
0 0.6239583333333334 0.6453703703703703 0.03229166666666667 0.1796296296296296
0 0.4838541666666667 0.6513888888888888 0.028125 0.13796296296296295
0 0.5182291666666666 0.6379629629629628 0.036458333333333336 0.17037037037037037
0 0.6072916666666667 0.6828703703703703 0.040625 0.16574074074074074
0 0.8028645833333334 0.6611111111111111 0.033854166666666664 0.1611111111111111
0 0.7247395833333334 0.6375 0.029687500000000002 0.15092592592592594
0 0.7580729166666667 0.6347222222222222 0.04010416666666666 0.16574074074074074
0 0.8369791666666667 0.6606481481481481 0.0375 0.1675925925925926
0 0.6578125 0.6023148148148147 0.027083333333333334 0.14351851851851852
0 0.24817708333333335 0.7796296296296297 0.0484375 0.22592592592592592
0 0.29010416666666666 0.7851851851851852 0.042708333333333334 0.2037037037037037
0 0.2760416666666667 0.8393518518518518 0.05625 0.22129629629629627
0 0.14479166666666665 0.8060185185185185 0.03958333333333334 0.21018518518518517
0 0.14218750000000002 0.8893518518518518 0.057291666666666664 0.22314814814814812
0 0.45755208333333336 0.6569444444444444 0.0328125 0.1675925925925926
0 0.7729166666666667 0.674074074074074 0.036458333333333336 0.18518518518518517
0 0.6171875 0.7240740740740741 0.03958333333333334 0.2037037037037037
0 0.6557291666666667 0.736111111111111 0.0375 0.18518518518518517
0 0.4903645833333333 0.674074074074074 0.04114583333333334 0.15555555555555553
0 0.7927083333333333 0.7125 0.030208333333333334 0.1175925925925926
0 0.7739583333333334 0.7037037037037036 0.0375 0.1537037037037037
0 0.83046875 0.7370370370370369 0.0484375 0.21296296296296294
0 0.8682291666666666 0.7379629629629629 0.041666666666666664 0.20185185185185184
0 0.9716145833333334 0.7717592592592593 0.050520833333333334 0.21203703703703702
0 0.8013020833333333 0.6958333333333333 0.03802083333333334 0.1787037037037037
0 0.9914062499999999 0.7731481481481481 0.017187499999999998 0.19074074074074074
0 0.6140625000000001 0.5833333333333334 0.03229166666666667 0.13148148148148148
0 0.5864583333333333 0.5740740740740741 0.0375 0.14444444444444443
0 0.4598958333333333 0.5782407407407407 0.03333333333333333 0.14907407407407408
0 0.5276041666666667 0.5953703703703703 0.04479166666666667 0.1574074074074074
0 0.5536458333333333 0.5421296296296295 0.02291666666666667 0.10462962962962963
0 0.5317708333333334 0.5439814814814814 0.030208333333333334 0.12685185185185185
0 0.5023437500000001 0.5249999999999999 0.03177083333333333 0.12037037037037036
0 0.44973958333333336 0.5277777777777778 0.03177083333333333 0.11851851851851851
0 0.41432291666666665 0.524537037037037 0.025520833333333333 0.1175925925925926
0 0.5309895833333333 0.5087962962962963 0.02760416666666667 0.11574074074074073
0 0.5062500000000001 0.5 0.02395833333333333 0.11296296296296296
0 0.4856770833333333 0.5009259259259259 0.025520833333333333 0.12962962962962962
0 0.4666666666666667 0.5041666666666667 0.026041666666666668 0.1175925925925926
0 0.4244791666666667 0.4930555555555555 0.027083333333333334 0.12129629629629629
0 0.4799479166666667 0.4796296296296296 0.025520833333333333 0.1074074074074074
0 0.5315104166666667 0.5249999999999999 0.021354166666666667 0.1074074074074074
0 0.7223958333333335 0.4912037037037037 0.02395833333333333 0.06574074074074074
0 0.45937500000000003 0.4824074074074074 0.026041666666666668 0.12407407407407406
0 0.7643229166666669 0.4416666666666666 0.019270833333333334 0.07407407407407408
0 0.7729166666666667 0.43657407407407406 0.027083333333333334 0.0824074074074074
0 0.7843749999999999 0.524537037037037 0.030208333333333334 0.08796296296296297
0 0.5786458333333333 0.4671296296296296 0.026041666666666668 0.11018518518518518
