0 0.1739583333333333 0.8731481481481481 0.06770833333333333 0.25370370370370365
0 0.24322916666666666 0.8736111111111111 0.0625 0.25462962962962965
0 0.2606770833333333 0.8412037037037037 0.05052083333333333 0.23425925925925925
0 0.9518229166666666 0.888888888888889 0.05260416666666666 0.2185185185185185
0 0.3708333333333333 0.7833333333333332 0.05208333333333333 0.2148148148148148
0 0.4151041666666666 0.7837962962962963 0.051041666666666666 0.2009259259259259
0 0.803125 0.7328703703703704 0.051041666666666666 0.21574074074074073
0 0.8205729166666667 0.7268518518518519 0.04635416666666666 0.20370370370370366
5 0.6604166666666667 0.6564814814814814 0.03020833333333333 0.1685185185185185
0 0.80234375 0.5537037037037036 0.027604166666666662 0.09259259259259259
5 0.7174479166666666 0.5 0.027604166666666662 0.07592592592592592
0 0.7421874999999999 0.7004629629629628 0.041666666666666664 0.1861111111111111
0 0.7950520833333333 0.6717592592592592 0.0421875 0.16574074074074072
0 0.6619791666666666 0.6962962962962963 0.041666666666666664 0.18888888888888888
0 0.590625 0.6953703703703703 0.03854166666666666 0.18518518518518517
0 0.76875 0.649074074074074 0.03958333333333333 0.17222222222222222
0 0.4182291666666667 0.5157407407407406 0.02395833333333333 0.09814814814814814
0 0.4442708333333333 0.4930555555555555 0.026041666666666664 0.11203703703703702
0 0.42447916666666663 0.5398148148148147 0.025 0.12407407407407407
0 0.45 0.5282407407407407 0.03125 0.12314814814814815
0 0.46796875 0.5027777777777778 0.025520833333333333 0.11296296296296296
0 0.5036458333333333 0.5060185185185185 0.02395833333333333 0.12129629629629628
0 0.4781249999999999 0.5231481481481481 0.03229166666666666 0.12407407407407407
0 0.4403645833333333 0.600925925925926 0.04010416666666666 0.1648148148148148
5 0.6380208333333333 0.6189814814814815 0.029166666666666664 0.14351851851851852
0 0.4786458333333333 0.6032407407407407 0.03229166666666666 0.15833333333333333
0 0.5026041666666666 0.6069444444444445 0.03125 0.14537037037037037
0 0.5239583333333333 0.5810185185185185 0.03229166666666666 0.13425925925925924
0 0.5567708333333333 0.5791666666666666 0.03229166666666666 0.1287037037037037
0 0.5515625 0.5685185185185185 0.028125 0.11851851851851851
0 0.5091145833333333 0.6291666666666667 0.0390625 0.15462962962962962
0 0.5369791666666667 0.6458333333333333 0.02708333333333333 0.11944444444444444
0 0.5520833333333333 0.6550925925925926 0.0375 0.1787037037037037
0 0.5479166666666666 0.6962962962962963 0.040625 0.1925925925925926
0 0.5859375 0.575925925925926 0.03020833333333333 0.14074074074074075
0 0.6028645833333333 0.6134259259259258 0.033854166666666664 0.15648148148148147
0 0.5984375 0.6638888888888889 0.041666666666666664 0.1537037037037037
0 0.9403645833333334 0.8472222222222221 0.05572916666666666 0.20185185185185187
5 0.7026041666666667 0.5162037037037036 0.02395833333333333 0.06574074074074074
0 0.6619791666666666 0.47453703703703703 0.028125 0.08981481481481482
0 0.6838541666666667 0.475 0.03333333333333333 0.0962962962962963
5 0.765625 0.5402777777777777 0.03125 0.08796296296296295
5 0.5619791666666667 0.4856481481481481 0.02395833333333333 0.11018518518518519
