0 0.15755208333333331 0.875 0.06927083333333332 0.2518518518518518
0 0.22890625 0.874074074074074 0.06302083333333333 0.25370370370370365
0 0.25078125 0.8407407407407407 0.049479166666666664 0.23888888888888887
0 0.9109375 0.8865740740740741 0.05625 0.2287037037037037
0 0.3723958333333333 0.7555555555555555 0.05 0.2074074074074074
0 0.4182291666666666 0.7569444444444444 0.05 0.1935185185185185
0 0.8205729166666667 0.7337962962962963 0.05052083333333333 0.21944444444444441
0 0.8583333333333332 0.7226851851851851 0.040625 0.20462962962962963
5 0.6583333333333333 0.6425925925925926 0.03020833333333333 0.1685185185185185
0 0.8005208333333332 0.5351851851851851 0.02708333333333333 0.09259259259259259
5 0.7151041666666667 0.48703703703703705 0.029166666666666664 0.07592592592592592
0 0.7606770833333333 0.6884259259259259 0.0421875 0.1861111111111111
0 0.778125 0.648611111111111 0.041666666666666664 0.16574074074074072
0 0.6440104166666666 0.6712962962962962 0.0390625 0.18518518518518517
0 0.57109375 0.674074074074074 0.043229166666666666 0.18148148148148147
0 0.7515624999999999 0.6282407407407407 0.03854166666666666 0.16574074074074072
0 0.4067708333333333 0.4972222222222221 0.02395833333333333 0.09814814814814814
0 0.4281249999999999 0.47777777777777775 0.026041666666666664 0.11111111111111112
0 0.42447916666666663 0.5212962962962963 0.025 0.12407407407407407
0 0.44296875 0.5115740740740741 0.028645833333333332 0.12314814814814815
0 0.4536458333333333 0.4851851851851852 0.028125 0.11296296296296296
0 0.4903645833333333 0.4833333333333333 0.027604166666666662 0.12037037037037038
0 0.4734374999999999 0.5037037037037038 0.03229166666666666 0.11851851851851851
0 0.4359374999999999 0.5800925925925926 0.035416666666666666 0.16018518518518518
5 0.6338541666666666 0.6092592592592593 0.029166666666666664 0.15
0 0.4734375 0.5851851851851851 0.03333333333333333 0.1537037037037037
0 0.49609375 0.5856481481481481 0.03177083333333333 0.14166666666666666
0 0.5174479166666666 0.561574074074074 0.033854166666666664 0.13425925925925924
0 0.5486979166666667 0.5560185185185185 0.03177083333333333 0.12685185185185183
0 0.5427083333333333 0.5462962962962963 0.028125 0.11851851851851851
0 0.5072916666666666 0.6083333333333333 0.04375 0.15185185185185185
0 0.5325520833333333 0.624074074074074 0.027604166666666662 0.11296296296296296
0 0.54375 0.6277777777777778 0.03854166666666666 0.1759259259259259
0 0.5317708333333333 0.6712962962962963 0.03854166666666666 0.1925925925925926
0 0.57890625 0.5564814814814815 0.0296875 0.14074074074074075
0 0.5940104166666667 0.5972222222222222 0.034895833333333334 0.17037037037037037
0 0.5872395833333333 0.6421296296296296 0.0390625 0.15277777777777776
5 0.6994791666666667 0.5023148148148147 0.02395833333333333 0.06574074074074074
0 0.6520833333333333 0.46342592592592596 0.028125 0.08981481481481482
0 0.6708333333333333 0.46296296296296297 0.03333333333333333 0.0962962962962963
5 0.7640625 0.525462962962963 0.03125 0.08796296296296295
5 0.5598958333333333 0.4708333333333333 0.02395833333333333 0.11018518518518519
