0 0.22578125 0.850462962962963 0.06302083333333333 0.24907407407407406
0 0.2825520833333333 0.8555555555555555 0.056770833333333326 0.25555555555555554
0 0.3145833333333333 0.8226851851851851 0.04895833333333333 0.21759259259259256
0 0.36588541666666663 0.850462962962963 0.0546875 0.23425925925925925
0 0.40625 0.8527777777777776 0.05625 0.2148148148148148
0 0.7302083333333333 0.7217592592592592 0.046875 0.2009259259259259
0 0.7421875 0.7157407407407407 0.042708333333333334 0.19629629629629627
5 0.66640625 0.675 0.0296875 0.1685185185185185
0 0.80703125 0.562037037037037 0.027604166666666662 0.09259259259259259
5 0.7223958333333333 0.513425925925926 0.02708333333333333 0.07685185185185185
0 0.6794270833333333 0.7027777777777777 0.0390625 0.18148148148148147
0 0.8309895833333334 0.7157407407407407 0.04010416666666666 0.18518518518518517
0 0.7356770833333333 0.7467592592592591 0.05052083333333333 0.19722222222222222
0 0.6630208333333333 0.7476851851851852 0.04375 0.19537037037037036
0 0.8111979166666666 0.6981481481481481 0.04010416666666666 0.17407407407407408
0 0.4453125 0.549537037037037 0.02395833333333333 0.10648148148148147
0 0.4723958333333333 0.5328703703703704 0.029166666666666664 0.11574074074074074
0 0.4348958333333333 0.5745370370370371 0.02708333333333333 0.12314814814814815
0 0.4776041666666666 0.5648148148148148 0.03229166666666666 0.12407407407407407
0 0.4932291666666666 0.5361111111111111 0.026041666666666664 0.11296296296296296
0 0.5361979166666666 0.5439814814814814 0.0296875 0.12314814814814815
0 0.5057291666666667 0.5592592592592591 0.03020833333333333 0.12962962962962962
0 0.4692708333333333 0.6504629629629629 0.04375 0.17314814814814813
5 0.6486979166666667 0.6412037037037036 0.028645833333333332 0.14351851851851852
0 0.4901041666666666 0.648611111111111 0.034375 0.16574074074074072
0 0.5260416666666666 0.6425925925925926 0.034375 0.15185185185185185
0 0.5533854166666667 0.625 0.03177083333333333 0.1388888888888889
0 0.5841145833333333 0.6208333333333333 0.033854166666666664 0.14351851851851852
0 0.5721354166666666 0.6087962962962963 0.027604166666666662 0.12685185185185183
0 0.5291666666666667 0.6824074074074074 0.042708333333333334 0.16296296296296295
0 0.5622395833333333 0.6962962962962963 0.028645833333333332 0.12962962962962962
0 0.5937499999999999 0.7055555555555555 0.03854166666666666 0.1925925925925926
0 0.6226562499999999 0.749074074074074 0.04010416666666666 0.20185185185185187
0 0.6098958333333333 0.6148148148148147 0.03020833333333333 0.14074074074074075
0 0.6744791666666666 0.6611111111111111 0.034375 0.1685185185185185
0 0.6398437499999999 0.7166666666666667 0.03697916666666666 0.1648148148148148
0 0.7677083333333333 0.8638888888888889 0.04791666666666666 0.20370370370370366
0 0.9132812499999998 0.8393518518518519 0.05052083333333333 0.21203703703703702
0 0.4078125 0.5074074074074073 0.026041666666666664 0.1037037037037037
5 0.7104166666666667 0.5310185185185184 0.02395833333333333 0.06574074074074074
0 0.6937499999999999 0.48703703703703694 0.026041666666666664 0.09074074074074073
0 0.71953125 0.4837962962962963 0.0296875 0.08981481481481482
5 0.7692708333333333 0.5550925925925926 0.03125 0.08796296296296295
5 0.5627604166666667 0.5041666666666667 0.0234375 0.11018518518518519
