0 0.27708333333333335 0.6361111111111111 0.046875 0.19074074074074074
0 0.3364583333333333 0.6407407407407407 0.043750000000000004 0.19074074074074074
0 0.4018229166666667 0.6527777777777778 0.035937500000000004 0.17777777777777776
0 0.5317708333333334 0.6189814814814815 0.035416666666666666 0.1824074074074074
0 0.5604166666666667 0.6143518518518518 0.03229166666666667 0.17685185185185184
0 0.6479166666666666 0.624074074074074 0.028125 0.1685185185185185
0 0.7692708333333335 0.5050925925925926 0.02395833333333333 0.09351851851851851
0 0.7177083333333334 0.4680555555555555 0.026041666666666668 0.07685185185185185
0 0.609375 0.6273148148148149 0.03854166666666667 0.16944444444444443
0 0.7195312500000001 0.9050925925925924 0.0609375 0.19166666666666668
0 0.65859375 0.9009259259259258 0.06927083333333334 0.2
0 0.46640625 0.5805555555555555 0.0234375 0.11296296296296296
0 0.49296875 0.5712962962962963 0.0328125 0.15555555555555553
0 0.4713541666666667 0.6199074074074074 0.030208333333333334 0.15462962962962962
0 0.61640625 0.6 0.033854166666666664 0.14629629629629629
0 0.5302083333333334 0.5685185185185184 0.026041666666666668 0.13518518518518519
0 0.5750000000000001 0.5763888888888888 0.035416666666666666 0.16203703703703703
0 0.63984375 0.599537037037037 0.03177083333333333 0.14907407407407408
0 0.8786458333333333 0.7171296296296297 0.06979166666666667 0.2175925925925926
0 0.63828125 0.5930555555555554 0.029687500000000002 0.14351851851851852
0 0.8807291666666667 0.7083333333333333 0.04479166666666667 0.19814814814814813
0 0.9059895833333335 0.711574074074074 0.050520833333333334 0.19537037037037036
0 0.7815104166666667 0.6944444444444443 0.044270833333333336 0.18703703703703703
0 0.8161458333333333 0.6898148148148148 0.06145833333333334 0.1925925925925926
0 0.828125 0.6791666666666666 0.03333333333333333 0.18796296296296294
0 0.5861979166666667 0.8944444444444444 0.06197916666666667 0.20925925925925926
0 0.8682291666666666 0.6805555555555555 0.041666666666666664 0.1796296296296296
0 0.14244791666666667 0.8518518518518517 0.05677083333333334 0.24259259259259258
0 0.19791666666666666 0.8680555555555555 0.05416666666666667 0.23796296296296296
0 0.14088541666666668 0.912037037037037 0.0546875 0.17777777777777776
0 0.12812500000000002 0.8060185185185185 0.04895833333333334 0.2046296296296296
0 0.17265625 0.825925925925926 0.06822916666666667 0.22037037037037036
0 0.5966145833333334 0.7097222222222221 0.04010416666666666 0.18796296296296294
0 0.7609375 0.7231481481481481 0.04895833333333334 0.2037037037037037
0 0.665625 0.7212962962962962 0.04479166666666667 0.20555555555555555
0 0.6716145833333333 0.7189814814814814 0.03802083333333334 0.1787037037037037
0 0.7065104166666666 0.7152777777777778 0.04114583333333334 0.17129629629629628
0 0.7908854166666667 0.7555555555555554 0.04010416666666666 0.12962962962962962
0 0.8447916666666666 0.7625 0.04895833333333334 0.16944444444444443
0 0.8510416666666666 0.737037037037037 0.051041666666666666 0.19814814814814813
0 0.5570312500000001 0.5189814814814814 0.02760416666666667 0.10648148148148147
0 0.5265625 0.5125 0.035416666666666666 0.12685185185185185
0 0.43359375 0.5138888888888888 0.029687500000000002 0.13518518518518519
0 0.7244791666666666 0.5828703703703704 0.040625 0.16018518518518518
0 0.5018229166666667 0.49907407407407406 0.0234375 0.09814814814814814
0 0.47447916666666673 0.4851851851851851 0.030208333333333334 0.1074074074074074
0 0.44531250000000006 0.4824074074074074 0.029166666666666667 0.11296296296296296
0 0.4192708333333333 0.4810185185185185 0.030208333333333334 0.10462962962962963
0 0.40390624999999997 0.4810185185185185 0.025520833333333333 0.11203703703703702
0 0.4236979166666667 0.46898148148148144 0.0234375 0.11018518518518518
0 0.3911458333333333 0.46296296296296297 0.02291666666666667 0.11296296296296296
0 0.4869791666666667 0.48564814814814816 0.025 0.10462962962962963
0 0.7015625000000001 0.48009259259259257 0.02395833333333333 0.06574074074074074
0 0.74921875 0.4305555555555555 0.019270833333333334 0.07407407407407408
0 0.7526041666666669 0.4300925925925926 0.027083333333333334 0.0824074074074074
0 0.7651041666666666 0.5115740740740741 0.030208333333333334 0.08796296296296297
0 0.5604166666666667 0.44907407407407407 0.028125 0.10925925925925925
