0 0.5768229166666666 0.6550925925925926 0.033854166666666664 0.19166666666666665
0 0.6072916666666666 0.6606481481481481 0.035416666666666666 0.18425925925925926
5 0.6669270833333333 0.6476851851851853 0.03072916666666666 0.17685185185185184
0 0.74296875 0.5194444444444445 0.0234375 0.0962962962962963
5 0.74375 0.48194444444444445 0.025 0.07685185185185185
0 0.6213541666666667 0.6462962962962963 0.03229166666666666 0.1759259259259259
0 0.5020833333333333 0.6657407407407406 0.02708333333333333 0.14629629629629629
0 0.5372395833333333 0.649074074074074 0.0359375 0.1759259259259259
0 0.6536458333333333 0.6925925925925925 0.040625 0.16666666666666666
0 0.834375 0.6708333333333333 0.03854166666666666 0.16203703703703703
0 0.7864583333333333 0.6476851851851853 0.03020833333333333 0.1509259259259259
0 0.8083333333333332 0.6467592592592593 0.03958333333333333 0.16759259259259257
0 0.8666666666666666 0.673148148148148 0.0375 0.17222222222222222
5 0.6625 0.6041666666666666 0.02708333333333333 0.14351851851851852
0 0.26666666666666666 0.7601851851851851 0.04583333333333333 0.2148148148148148
0 0.3059895833333333 0.7699074074074075 0.0421875 0.20277777777777778
0 0.2981770833333333 0.8180555555555555 0.05364583333333332 0.22129629629629627
0 0.18385416666666665 0.7800925925925926 0.04375 0.2009259259259259
0 0.140625 0.9023148148148147 0.0625 0.19722222222222222
0 0.4526041666666666 0.6412037037037036 0.034375 0.16759259259259257
0 0.7760416666666666 0.6638888888888889 0.034375 0.18518518518518517
0 0.6242187499999999 0.7254629629629629 0.04010416666666666 0.20462962962962963
0 0.6617187499999999 0.7388888888888888 0.04010416666666666 0.18518518518518517
0 0.45624999999999993 0.6606481481481481 0.041666666666666664 0.15648148148148147
0 0.79140625 0.7004629629629628 0.0296875 0.11759259259259258
0 0.7846354166666666 0.6935185185185184 0.0359375 0.1537037037037037
0 0.8171875 0.7249999999999999 0.04583333333333333 0.20370370370370366
0 0.853125 0.725462962962963 0.04479166666666666 0.2009259259259259
0 0.9091145833333334 0.7601851851851851 0.058854166666666666 0.21296296296296294
0 0.8049479166666667 0.6856481481481481 0.03802083333333333 0.1787037037037037
0 0.9518229166666666 0.7606481481481481 0.049479166666666664 0.1935185185185185
0 0.6283854166666667 0.5907407407407408 0.03177083333333333 0.13148148148148148
0 0.6005208333333333 0.5814814814814815 0.03854166666666666 0.14629629629629629
0 0.4640625 0.587037037037037 0.034375 0.15185185185185185
0 0.5046875 0.5828703703703704 0.04479166666666666 0.15648148148148147
0 0.5690104166666667 0.549074074074074 0.025520833333333333 0.1037037037037037
0 0.540625 0.5467592592592593 0.03020833333333333 0.12685185185185183
0 0.51171875 0.5268518518518518 0.03177083333333333 0.12037037037037038
0 0.4575520833333333 0.5342592592592592 0.03177083333333333 0.11851851851851851
0 0.4156249999999999 0.5287037037037037 0.026041666666666664 0.1222222222222222
0 0.5447916666666666 0.514351851851852 0.028125 0.11574074074074074
0 0.5205729166666666 0.5074074074074073 0.0234375 0.11296296296296296
0 0.5026041666666666 0.5083333333333333 0.026041666666666664 0.12962962962962962
0 0.4828124999999999 0.5106481481481481 0.026041666666666664 0.12129629629629628
0 0.4286458333333333 0.5050925925925925 0.028125 0.11574074074074074
0 0.5072916666666666 0.48703703703703705 0.026041666666666664 0.1074074074074074
0 0.4411458333333333 0.4796296296296297 0.02395833333333333 0.12037037037037038
0 0.5380208333333333 0.5305555555555556 0.021875 0.1074074074074074
5 0.7244791666666667 0.49120370370370364 0.02395833333333333 0.06574074074074074
0 0.4846354166666667 0.4851851851851851 0.025520833333333333 0.12407407407407407
0 0.7708333333333333 0.44444444444444436 0.019791666666666666 0.07407407407407407
0 0.7786458333333333 0.4384259259259259 0.02708333333333333 0.0824074074074074
5 0.7895833333333333 0.524537037037037 0.03020833333333333 0.08796296296296295
5 0.5848958333333333 0.4652777777777777 0.026041666666666664 0.11018518518518519
