0 0.22760416666666666 0.6064814814814814 0.04583333333333333 0.17962962962962964
0 0.2856770833333333 0.6138888888888888 0.04427083333333333 0.17407407407407408
0 0.29921875 0.6347222222222222 0.04635416666666666 0.17314814814814813
0 0.5447916666666666 0.6398148148148148 0.034375 0.18703703703703703
0 0.5783854166666667 0.6351851851851851 0.033854166666666664 0.17777777777777776
5 0.6510416666666667 0.637962962962963 0.03020833333333333 0.1759259259259259
0 0.7307291666666667 0.5203703703703704 0.02395833333333333 0.0962962962962963
5 0.72734375 0.48009259259259257 0.025520833333333333 0.07685185185185185
0 0.61328125 0.6384259259259258 0.03177083333333333 0.1787037037037037
0 0.6901041666666666 0.9638888888888888 0.06041666666666666 0.07407407407407407
0 0.6151041666666667 0.9601851851851851 0.06458333333333333 0.08148148148148147
0 0.4645833333333333 0.6277777777777778 0.026041666666666664 0.137037037037037
0 0.4966145833333333 0.610648148148148 0.034895833333333334 0.16203703703703703
0 0.5307291666666667 0.6587962962962962 0.03645833333333333 0.16018518518518518
0 0.7333333333333333 0.6324074074074074 0.034375 0.14629629629629629
0 0.6328125 0.6134259259259258 0.03020833333333333 0.13796296296296295
0 0.6747395833333333 0.6129629629629629 0.0421875 0.16296296296296295
0 0.7677083333333333 0.6300925925925925 0.03125 0.14907407407407408
5 0.6458333333333333 0.6023148148148147 0.03020833333333333 0.14351851851851852
0 0.9291666666666666 0.7407407407407407 0.05833333333333333 0.19814814814814813
0 0.9609375 0.7435185185185185 0.057291666666666664 0.19629629629629627
0 0.9205729166666666 0.7291666666666666 0.03802083333333333 0.18796296296296294
0 0.5213541666666667 0.9532407407407406 0.06145833333333332 0.09537037037037036
0 0.975 0.7226851851851851 0.0375 0.18796296296296294
0 0.20729166666666665 0.8032407407407407 0.051041666666666666 0.23796296296296293
0 0.25729166666666664 0.812037037037037 0.04791666666666666 0.2185185185185185
0 0.22604166666666664 0.8768518518518519 0.059375 0.23148148148148148
0 0.10625 0.811574074074074 0.0375 0.21018518518518517
0 0.12265625 0.8550925925925925 0.0484375 0.24351851851851852
0 0.4877604166666666 0.6699074074074074 0.0390625 0.1787037037037037
0 0.7690104166666666 0.6814814814814815 0.04010416666666666 0.18333333333333332
0 0.6072916666666667 0.7217592592592592 0.03958333333333333 0.20277777777777778
0 0.6354166666666666 0.7254629629629629 0.03229166666666666 0.1787037037037037
0 0.5583333333333333 0.6893518518518518 0.04479166666666666 0.16018518518518518
0 0.7901041666666666 0.7231481481481481 0.034375 0.11851851851851851
0 0.7348958333333333 0.7273148148148147 0.040625 0.15462962962962962
0 0.8973958333333332 0.7611111111111111 0.0625 0.22037037037037038
0 0.9218749999999998 0.7560185185185184 0.05208333333333333 0.21018518518518517
0 0.7697916666666667 0.7157407407407407 0.03958333333333333 0.18703703703703703
0 0.5885416666666666 0.5662037037037038 0.029166666666666664 0.1324074074074074
0 0.5606770833333333 0.5504629629629629 0.034895833333333334 0.1398148148148148
0 0.453125 0.5532407407407407 0.03333333333333333 0.14351851851851852
0 0.5955729166666666 0.5907407407407407 0.043229166666666666 0.15925925925925927
0 0.5330729166666667 0.524074074074074 0.02239583333333333 0.1037037037037037
0 0.5104166666666667 0.5148148148148148 0.03020833333333333 0.1074074074074074
0 0.478125 0.5078703703703704 0.03020833333333333 0.12129629629629628
0 0.4356770833333333 0.5092592592592593 0.0296875 0.11296296296296296
0 0.4098958333333333 0.5097222222222222 0.025 0.11574074074074074
0 0.4986979166666667 0.4884259259259259 0.025520833333333333 0.11018518518518519
0 0.4734375 0.4851851851851852 0.02395833333333333 0.11296296296296296
0 0.4546874999999999 0.48287037037037034 0.026041666666666664 0.12314814814814815
0 0.4372395833333333 0.48888888888888893 0.0234375 0.11481481481481481
0 0.39947916666666666 0.4796296296296296 0.02395833333333333 0.10925925925925925
0 0.4231770833333333 0.4703703703703703 0.025520833333333333 0.1074074074074074
0 0.51640625 0.5148148148148148 0.02239583333333333 0.1074074074074074
5 0.709375 0.4921296296296296 0.02395833333333333 0.06574074074074074
0 0.40390625 0.4708333333333333 0.0234375 0.12314814814814815
0 0.7552083333333333 0.43888888888888883 0.019791666666666666 0.07407407407407407
0 0.7630208333333333 0.4337962962962963 0.02708333333333333 0.0824074074074074
5 0.7739583333333333 0.5208333333333333 0.03020833333333333 0.08796296296296295
5 0.5682291666666666 0.46342592592592585 0.025 0.11018518518518519
