0 0.2390625 0.7958333333333332 0.0625 0.23425925925925925
0 0.2958333333333333 0.8046296296296296 0.055208333333333325 0.2462962962962963
0 0.34479166666666666 0.7745370370370369 0.04479166666666666 0.21018518518518517
0 0.33984375 0.8634259259259259 0.05572916666666666 0.24166666666666664
0 0.39973958333333337 0.8643518518518519 0.058854166666666666 0.225
0 0.6838541666666667 0.6861111111111111 0.04479166666666666 0.19444444444444445
0 0.6848958333333333 0.688425925925926 0.03645833333333333 0.19537037037037036
5 0.6630208333333333 0.6472222222222223 0.03020833333333333 0.1685185185185185
0 0.80546875 0.5462962962962963 0.027604166666666662 0.09259259259259259
5 0.7197916666666666 0.49907407407407406 0.026041666666666664 0.07592592592592592
0 0.6489583333333333 0.6703703703703703 0.03333333333333333 0.18148148148148147
0 0.8385416666666666 0.7064814814814814 0.03958333333333333 0.18703703703703703
0 0.7578125 0.7481481481481481 0.04375 0.20370370370370366
0 0.6919270833333333 0.7518518518518518 0.04114583333333333 0.20555555555555555
0 0.8309895833333334 0.6879629629629629 0.04010416666666666 0.18518518518518517
0 0.4466145833333333 0.537962962962963 0.0234375 0.1074074074074074
0 0.47526041666666663 0.5263888888888889 0.03072916666666666 0.12685185185185183
0 0.4338541666666667 0.5648148148148147 0.02708333333333333 0.12777777777777777
0 0.4895833333333333 0.5509259259259258 0.03020833333333333 0.12407407407407407
0 0.4994791666666666 0.5291666666666666 0.026041666666666664 0.11944444444444444
0 0.54296875 0.5314814814814814 0.03177083333333333 0.1259259259259259
0 0.5177083333333333 0.5537037037037036 0.03020833333333333 0.12962962962962962
0 0.4802083333333333 0.6439814814814815 0.042708333333333334 0.1824074074074074
5 0.6427083333333333 0.6217592592592592 0.029166666666666664 0.14351851851851852
0 0.5049479166666666 0.6430555555555555 0.03697916666666666 0.17314814814814813
0 0.5393229166666667 0.6365740740740741 0.033854166666666664 0.15277777777777776
0 0.5677083333333333 0.6175925925925926 0.03229166666666666 0.1537037037037037
0 0.59375 0.6162037037037037 0.03645833333333333 0.15648148148148147
0 0.590625 0.600925925925926 0.029166666666666664 0.1259259259259259
0 0.5455729166666667 0.6796296296296296 0.04427083333333333 0.1685185185185185
0 0.5744791666666667 0.6967592592592592 0.03229166666666666 0.1287037037037037
0 0.6385416666666666 0.6981481481481481 0.040625 0.1925925925925926
0 0.6484375 0.7495370370370369 0.046875 0.21018518518518517
0 0.6536458333333333 0.6050925925925925 0.029166666666666664 0.14351851851851852
0 0.7177083333333333 0.6550925925925926 0.03645833333333333 0.16759259259259257
0 0.6817708333333333 0.7097222222222221 0.0375 0.17129629629629628
0 0.012499999999999999 0.9518518518518517 0.02395833333333333 0.0962962962962963
0 0.04635416666666666 0.975462962962963 0.03958333333333333 0.050925925925925916
0 0.6536458333333333 0.8393518518518519 0.04895833333333333 0.20462962962962963
0 0.8153645833333332 0.8236111111111111 0.0640625 0.21388888888888888
0 0.4416666666666666 0.49027777777777776 0.026041666666666664 0.10462962962962963
0 0.4033854166666666 0.4837962962962963 0.027604166666666662 0.1287037037037037
5 0.70625 0.5134259259259258 0.02395833333333333 0.06574074074074074
0 0.7109374999999999 0.4694444444444444 0.026041666666666664 0.09074074074074073
0 0.7325520833333333 0.46990740740740744 0.0296875 0.08981481481481482
5 0.7661458333333333 0.5393518518518519 0.03125 0.08796296296296295
5 0.5580729166666666 0.48287037037037034 0.0234375 0.11018518518518519
