0 0.5796874999999999 0.6611111111111111 0.03333333333333333 0.19444444444444445
0 0.6080729166666666 0.6699074074074074 0.03697916666666667 0.18796296296296294
0 0.6664062500000001 0.6476851851851853 0.03177083333333333 0.17685185185185184
0 0.7447916666666666 0.5185185185185185 0.02395833333333333 0.0962962962962963
0 0.7463541666666667 0.4819444444444444 0.025 0.07685185185185185
0 0.6156250000000001 0.6467592592592593 0.03229166666666667 0.175
0 0.5083333333333333 0.6712962962962963 0.027083333333333334 0.15185185185185185
0 0.5479166666666667 0.6541666666666667 0.035416666666666666 0.1787037037037037
0 0.6713541666666666 0.6967592592592593 0.03854166666666667 0.1675925925925926
0 0.8484375 0.6768518518518518 0.03854166666666667 0.16296296296296295
0 0.8151041666666666 0.6550925925925927 0.030208333333333334 0.15092592592592594
0 0.8291666666666667 0.648611111111111 0.03958333333333334 0.1675925925925926
0 0.878125 0.6782407407407407 0.0375 0.175
0 0.6645833333333334 0.6050925925925926 0.027083333333333334 0.14351851851851852
0 0.27265625 0.7523148148148148 0.0453125 0.21018518518518517
0 0.3111979166666667 0.7634259259259258 0.0421875 0.2046296296296296
0 0.3059895833333333 0.8037037037037036 0.05260416666666667 0.2037037037037037
0 0.19427083333333336 0.7736111111111109 0.043750000000000004 0.19537037037037036
0 0.1328125 0.9106481481481481 0.06145833333333334 0.1787037037037037
0 0.45078125 0.6328703703703703 0.033854166666666664 0.16388888888888886
0 0.77265625 0.6611111111111111 0.033854166666666664 0.18518518518518517
0 0.6309895833333334 0.7263888888888889 0.04010416666666666 0.2046296296296296
0 0.6690104166666666 0.736574074074074 0.043229166666666666 0.18425925925925926
0 0.43984375 0.6537037037037037 0.04010416666666666 0.15185185185185185
0 0.7914062500000001 0.6949074074074074 0.029687500000000002 0.1175925925925926
0 0.7841145833333334 0.6875 0.035937500000000004 0.15092592592592594
0 0.8197916666666666 0.7162037037037037 0.04583333333333334 0.20092592592592592
0 0.8447916666666666 0.7166666666666667 0.04583333333333334 0.20185185185185184
0 0.88046875 0.749074074074074 0.05572916666666666 0.20925925925925926
0 0.8049479166666667 0.6805555555555555 0.03802083333333334 0.1796296296296296
0 0.92890625 0.7513888888888888 0.04010416666666666 0.1898148148148148
0 0.6346354166666667 0.5912037037037037 0.03177083333333333 0.1324074074074074
0 0.6098958333333334 0.5842592592592591 0.03854166666666667 0.14629629629629629
0 0.46718750000000003 0.5939814814814814 0.034374999999999996 0.16018518518518518
0 0.49218750000000006 0.5782407407407407 0.04479166666666667 0.15648148148148147
0 0.5760416666666667 0.5509259259259259 0.026041666666666668 0.10370370370370369
0 0.5424479166666667 0.549537037037037 0.029687500000000002 0.12685185185185185
0 0.5151041666666667 0.5287037037037037 0.03229166666666667 0.12407407407407406
0 0.46015625000000004 0.5342592592592593 0.03177083333333333 0.11851851851851851
0 0.4166666666666667 0.5319444444444444 0.026041666666666668 0.125
0 0.5536458333333333 0.5152777777777777 0.028125 0.11574074074074073
0 0.5263020833333334 0.5092592592592592 0.0234375 0.11296296296296296
0 0.5070312499999999 0.5092592592592592 0.025520833333333333 0.12962962962962962
0 0.4869791666666667 0.5125 0.026041666666666668 0.12129629629629629
0 0.4302083333333333 0.5050925925925925 0.028125 0.11574074074074073
0 0.5171875 0.4888888888888889 0.027083333333333334 0.1074074074074074
0 0.44843750000000004 0.4833333333333333 0.02395833333333333 0.12037037037037036
0 0.42083333333333334 0.4662037037037037 0.01979166666666667 0.09907407407407406
0 0.540625 0.5324074074074073 0.021875000000000002 0.1074074074074074
0 0.7276041666666667 0.4912037037037037 0.02395833333333333 0.06574074074074074
0 0.4940104166666667 0.48611111111111105 0.025520833333333333 0.12407407407407406
0 0.7716145833333334 0.44351851851851853 0.019270833333333334 0.07407407407407408
0 0.7807291666666667 0.4393518518518518 0.027083333333333334 0.0824074074074074
0 0.7911458333333333 0.5226851851851851 0.030208333333333334 0.08796296296296297
0 0.5867187500000001 0.46527777777777773 0.025520833333333333 0.11018518518518518
