0 0.5757812499999999 0.6648148148148147 0.033854166666666664 0.19629629629629627
0 0.5999999999999999 0.6754629629629629 0.03854166666666666 0.19166666666666665
5 0.6635416666666666 0.6467592592592593 0.03229166666666666 0.17685185185185184
0 0.7460937499999999 0.5175925925925926 0.024479166666666666 0.0962962962962963
5 0.7481770833333333 0.48009259259259257 0.025520833333333333 0.07685185185185185
0 0.6098958333333333 0.6462962962962963 0.03229166666666666 0.17407407407407408
0 0.5114583333333333 0.6763888888888889 0.02708333333333333 0.15277777777777776
0 0.5604166666666666 0.6592592592592592 0.035416666666666666 0.18148148148148147
0 0.6903645833333333 0.7046296296296296 0.04114583333333333 0.17407407407407408
0 0.8544270833333332 0.6814814814814815 0.03802083333333333 0.1685185185185185
0 0.8374999999999998 0.6592592592592592 0.03020833333333333 0.15185185185185185
0 0.8427083333333332 0.6476851851851851 0.03958333333333333 0.16759259259259257
0 0.8875 0.6828703703703703 0.0375 0.17685185185185184
5 0.6661458333333333 0.6050925925925925 0.02708333333333333 0.14351851851851852
0 0.27682291666666664 0.7472222222222221 0.0453125 0.20925925925925926
0 0.3153645833333333 0.7574074074074073 0.0421875 0.20370370370370366
0 0.3114583333333333 0.7962962962962962 0.05208333333333333 0.20370370370370366
0 0.2020833333333333 0.7685185185185184 0.04375 0.1925925925925926
0 0.12578125 0.9157407407407409 0.06614583333333332 0.1685185185185185
0 0.4489583333333333 0.6263888888888889 0.03333333333333333 0.16018518518518518
0 0.7677083333333333 0.6560185185185186 0.034375 0.18425925925925926
0 0.6382812499999999 0.7263888888888889 0.04010416666666666 0.20462962962962963
0 0.6723958333333333 0.7379629629629629 0.04479166666666666 0.18518518518518517
0 0.4255208333333333 0.649537037037037 0.03958333333333333 0.14537037037037037
0 0.79140625 0.6902777777777778 0.0296875 0.11759259259259258
0 0.7830729166666666 0.6824074074074074 0.0359375 0.14814814814814814
0 0.8244791666666667 0.7097222222222223 0.04583333333333333 0.2009259259259259
0 0.8411458333333333 0.7092592592592593 0.042708333333333334 0.20185185185185187
0 0.8627604166666666 0.7412037037037036 0.058854166666666666 0.20462962962962963
0 0.8065104166666666 0.6759259259259258 0.03697916666666666 0.17962962962962964
0 0.909375 0.7444444444444444 0.051041666666666666 0.1907407407407407
0 0.6401041666666666 0.5930555555555556 0.03229166666666666 0.1324074074074074
0 0.6171874999999999 0.5898148148148148 0.03854166666666666 0.1537037037037037
0 0.4729166666666666 0.599537037037037 0.034375 0.16018518518518518
0 0.4736979166666667 0.5773148148148148 0.04427083333333333 0.15648148148148147
0 0.5809895833333333 0.5564814814814814 0.027604166666666662 0.1037037037037037
0 0.5447916666666667 0.5532407407407407 0.03020833333333333 0.12685185185185183
0 0.5177083333333333 0.5310185185185184 0.03229166666666666 0.1287037037037037
0 0.4604166666666666 0.5361111111111111 0.03125 0.11851851851851851
0 0.41796875 0.5356481481481482 0.025520833333333333 0.12685185185185183
0 0.55625 0.5152777777777777 0.028125 0.11574074074074074
0 0.5296875 0.5134259259259258 0.025 0.11759259259259258
0 0.5096354166666667 0.5106481481481481 0.025520833333333333 0.13055555555555556
0 0.4911458333333333 0.514351851851852 0.026041666666666664 0.12129629629629628
0 0.43125 0.5060185185185185 0.028125 0.11574074074074074
0 0.525 0.4893518518518518 0.028125 0.10648148148148147
0 0.4549479166666666 0.48611111111111105 0.027604166666666662 0.12037037037037038
0 0.4333333333333333 0.4643518518518518 0.020833333333333332 0.09907407407407406
0 0.4236979166666666 0.47407407407407404 0.027604166666666662 0.1037037037037037
0 0.5432291666666667 0.5351851851851852 0.021875 0.1074074074074074
5 0.7307291666666667 0.49120370370370364 0.02395833333333333 0.06574074074074074
0 0.5018229166666667 0.4879629629629629 0.025520833333333333 0.12407407407407407
0 0.77265625 0.44259259259259254 0.01927083333333333 0.07407407407407407
0 0.7828125 0.4393518518518518 0.02708333333333333 0.0824074074074074
5 0.7921875 0.5208333333333333 0.03020833333333333 0.08796296296296295
5 0.5874999999999999 0.4662037037037036 0.026041666666666664 0.11018518518518519
