0 0.2375 0.798611111111111 0.0625 0.23425925925925925
0 0.2953125 0.8092592592592591 0.055208333333333325 0.2462962962962963
0 0.34375 0.7782407407407407 0.04479166666666666 0.21018518518518517
0 0.3421875 0.861574074074074 0.055208333333333325 0.2398148148148148
0 0.40104166666666663 0.8629629629629629 0.059375 0.22407407407407404
0 0.68828125 0.687962962962963 0.0453125 0.19444444444444445
0 0.6890625 0.6888888888888889 0.03645833333333333 0.19444444444444445
5 0.6635416666666667 0.649074074074074 0.03020833333333333 0.1685185185185185
0 0.8057291666666666 0.548148148148148 0.028125 0.09259259259259259
5 0.7203124999999999 0.5 0.026041666666666664 0.07592592592592592
0 0.6505208333333333 0.6722222222222223 0.03333333333333333 0.18148148148148147
0 0.8380208333333332 0.7074074074074074 0.03958333333333333 0.18703703703703703
0 0.7572916666666666 0.7476851851851851 0.04375 0.20277777777777778
0 0.6919270833333333 0.7509259259259259 0.0453125 0.20370370370370366
0 0.8299479166666666 0.6888888888888889 0.04010416666666666 0.18333333333333332
0 0.44609375 0.5384259259259259 0.0234375 0.10648148148148147
0 0.47526041666666663 0.5263888888888889 0.03072916666666666 0.12685185185185183
0 0.4338541666666667 0.5648148148148147 0.02708333333333333 0.12777777777777777
0 0.4890625 0.5509259259259258 0.03020833333333333 0.12407407407407407
0 0.4994791666666666 0.5296296296296296 0.026041666666666664 0.11851851851851851
0 0.5424479166666667 0.5314814814814814 0.03177083333333333 0.1259259259259259
0 0.5171875 0.5546296296296296 0.03020833333333333 0.12962962962962962
0 0.4789062499999999 0.6439814814814815 0.04635416666666666 0.1824074074074074
5 0.6432291666666666 0.6226851851851851 0.029166666666666664 0.14351851851851852
0 0.5041666666666667 0.6421296296296296 0.0375 0.17314814814814813
0 0.5388020833333333 0.6361111111111111 0.033854166666666664 0.15185185185185185
0 0.5661458333333333 0.6162037037037036 0.03229166666666666 0.15462962962962962
0 0.5927083333333333 0.6162037037037037 0.035416666666666666 0.15648148148148147
0 0.5885416666666666 0.601388888888889 0.029166666666666664 0.12685185185185183
0 0.54453125 0.6796296296296296 0.04427083333333333 0.1685185185185185
0 0.5734374999999999 0.6976851851851851 0.03229166666666666 0.1287037037037037
0 0.6354166666666666 0.6990740740740741 0.040625 0.1925925925925926
0 0.6471354166666667 0.749074074074074 0.04739583333333333 0.20925925925925926
0 0.6494791666666666 0.6060185185185185 0.029166666666666664 0.14351851851851852
0 0.7145833333333333 0.6560185185185186 0.03645833333333333 0.16759259259259257
0 0.6783854166666666 0.7101851851851851 0.03697916666666666 0.17222222222222222
0 0.011979166666666666 0.9532407407407408 0.022916666666666665 0.09351851851851851
0 0.045572916666666664 0.9773148148148147 0.03802083333333333 0.04722222222222222
0 0.6625 0.8412037037037037 0.053125 0.20462962962962963
0 0.8244791666666667 0.8236111111111111 0.0625 0.21388888888888888
0 0.4390624999999999 0.4921296296296296 0.026041666666666664 0.10462962962962963
0 0.4015625 0.4833333333333334 0.02708333333333333 0.12777777777777777
5 0.7067708333333333 0.5143518518518518 0.02395833333333333 0.06574074074074074
0 0.7098958333333333 0.4703703703703703 0.026041666666666664 0.09074074074074073
0 0.73203125 0.4708333333333333 0.0296875 0.08981481481481482
5 0.7666666666666666 0.5402777777777777 0.03125 0.08796296296296295
5 0.55859375 0.48472222222222217 0.0234375 0.11018518518518519
