0 0.2713541666666667 0.6129629629629629 0.04375 0.17407407407407408
0 0.27604166666666663 0.6412037037037037 0.04895833333333333 0.17685185185185184
0 0.5552083333333333 0.6407407407407407 0.034375 0.18703703703703703
0 0.5841145833333333 0.6393518518518518 0.033854166666666664 0.17685185185185184
5 0.6536458333333333 0.6425925925925926 0.03020833333333333 0.1759259259259259
0 0.7330729166666666 0.5203703703703704 0.0234375 0.0962962962962963
5 0.7309895833333333 0.48194444444444445 0.025520833333333333 0.07685185185185185
0 0.6174479166666667 0.6421296296296296 0.03177083333333333 0.1787037037037037
0 0.6098958333333333 0.9740740740740741 0.05833333333333333 0.0537037037037037
0 0.46744791666666663 0.6379629629629628 0.027604166666666662 0.137037037037037
0 0.5010416666666667 0.6203703703703705 0.03645833333333333 0.1648148148148148
0 0.55859375 0.6657407407407407 0.0390625 0.16296296296296295
0 0.7567708333333333 0.6398148148148147 0.034375 0.14629629629629629
0 0.6619791666666666 0.625462962962963 0.029166666666666664 0.1509259259259259
0 0.7028645833333333 0.6189814814814815 0.0421875 0.1638888888888889
0 0.7940104166666667 0.637962962962963 0.03177083333333333 0.15
5 0.6515625 0.6018518518518519 0.028125 0.14259259259259258
0 0.9645833333333333 0.7513888888888889 0.057291666666666664 0.20462962962962963
0 0.9531249999999998 0.7402777777777777 0.05208333333333333 0.19166666666666665
0 0.5125 0.9671296296296296 0.06145833333333332 0.06759259259259259
0 0.2234375 0.7953703703703703 0.04791666666666666 0.23518518518518516
0 0.26874999999999993 0.8037037037037036 0.04895833333333333 0.22222222222222224
0 0.24609374999999994 0.8629629629629629 0.056770833333333326 0.22962962962962963
0 0.11302083333333332 0.8055555555555556 0.03958333333333333 0.20925925925925926
0 0.12916666666666665 0.8726851851851851 0.053125 0.24351851851851852
0 0.4768229166666666 0.6643518518518519 0.0328125 0.17685185185185184
0 0.7736979166666667 0.6759259259259258 0.04010416666666666 0.17962962962962964
0 0.6104166666666667 0.7199074074074074 0.03958333333333333 0.20277777777777778
0 0.6440104166666667 0.7273148148148147 0.034895833333333334 0.18055555555555552
0 0.53203125 0.6814814814814814 0.0390625 0.15555555555555553
0 0.796875 0.7175925925925926 0.034375 0.11851851851851851
0 0.7494791666666666 0.7189814814814814 0.040625 0.15462962962962962
0 0.8666666666666666 0.7537037037037037 0.05416666666666666 0.2185185185185185
0 0.8945312499999998 0.7504629629629629 0.05052083333333333 0.21018518518518517
0 0.7817708333333333 0.7074074074074075 0.040625 0.18333333333333332
0 0.5986979166666666 0.5699074074074073 0.0296875 0.1324074074074074
0 0.56953125 0.5578703703703705 0.034895833333333334 0.1398148148148148
0 0.4570312499999999 0.561574074074074 0.033854166666666664 0.14537037037037037
0 0.5684895833333333 0.5898148148148148 0.04427083333333333 0.15740740740740738
0 0.5380208333333333 0.5263888888888888 0.022916666666666665 0.10462962962962963
0 0.5177083333333333 0.5208333333333333 0.03020833333333333 0.11203703703703702
0 0.48984375 0.513425925925926 0.0328125 0.12129629629629628
0 0.44140625 0.5143518518518518 0.03177083333333333 0.11203703703703702
0 0.4130208333333333 0.513425925925926 0.025 0.11574074074074074
0 0.5122395833333333 0.4939814814814814 0.025520833333333333 0.11018518518518519
0 0.4848958333333333 0.4916666666666666 0.02395833333333333 0.11296296296296296
0 0.4666666666666666 0.4888888888888888 0.026041666666666664 0.12407407407407407
0 0.4476562499999999 0.49398148148148147 0.024479166666666666 0.11574074074074074
0 0.4111979166666666 0.4814814814814815 0.0265625 0.10925925925925925
0 0.4432291666666666 0.4731481481481482 0.026041666666666664 0.1074074074074074
0 0.5234375 0.5175925925925926 0.021875 0.1074074074074074
5 0.7130208333333333 0.49120370370370364 0.02395833333333333 0.06574074074074074
0 0.4265625 0.4726851851851851 0.02395833333333333 0.12314814814814815
0 0.7583333333333333 0.43981481481481477 0.019791666666666666 0.07407407407407407
0 0.7666666666666667 0.43472222222222223 0.02708333333333333 0.0824074074074074
5 0.7791666666666667 0.5208333333333333 0.03020833333333333 0.08796296296296295
5 0.5708333333333333 0.4643518518518518 0.025 0.11018518518518519
