0 0.14947916666666666 0.875925925925926 0.07291666666666666 0.24814814814814815
0 0.221875 0.875462962962963 0.06354166666666666 0.2509259259259259
0 0.24348958333333331 0.8439814814814814 0.05052083333333333 0.2398148148148148
0 0.8973958333333332 0.8865740740740741 0.05833333333333333 0.2287037037037037
0 0.3723958333333333 0.7425925925925926 0.05 0.2074074074074074
0 0.41875 0.7467592592592591 0.04895833333333333 0.19166666666666665
0 0.8364583333333332 0.7347222222222222 0.055208333333333325 0.22129629629629627
0 0.8723958333333333 0.7217592592592592 0.03958333333333333 0.20462962962962963
5 0.6575520833333333 0.6361111111111111 0.0296875 0.1685185185185185
0 0.7984375 0.5277777777777778 0.02708333333333333 0.09259259259259259
5 0.7140624999999999 0.4805555555555555 0.029166666666666664 0.07592592592592592
0 0.7723958333333333 0.6879629629629629 0.041666666666666664 0.1907407407407407
0 0.7716145833333333 0.6398148148148148 0.0421875 0.1648148148148148
0 0.6351562499999999 0.662962962962963 0.03697916666666666 0.18333333333333332
0 0.5635416666666667 0.662962962962963 0.04583333333333333 0.18148148148148147
0 0.74296875 0.6212962962962962 0.03697916666666666 0.1648148148148148
0 0.4020833333333333 0.4898148148148148 0.02395833333333333 0.09814814814814814
0 0.4203124999999999 0.4736111111111111 0.026041666666666664 0.11018518518518519
0 0.4239583333333333 0.5148148148148148 0.025 0.12407407407407407
0 0.4390625 0.5032407407407407 0.02708333333333333 0.12314814814814815
0 0.446875 0.47870370370370374 0.028125 0.11296296296296296
0 0.4815104166666667 0.48009259259259257 0.028645833333333332 0.12314814814814815
0 0.4713541666666667 0.4972222222222221 0.03020833333333333 0.11666666666666665
0 0.4372395833333333 0.5726851851851852 0.034895833333333334 0.15833333333333333
5 0.6325520833333333 0.6060185185185185 0.0296875 0.15277777777777776
0 0.4700520833333333 0.576388888888889 0.0328125 0.15277777777777776
0 0.4940104166666667 0.576388888888889 0.03177083333333333 0.1398148148148148
0 0.51171875 0.5560185185185185 0.03177083333333333 0.13425925925925924
0 0.5447916666666666 0.548148148148148 0.03125 0.12407407407407407
0 0.5388020833333333 0.538425925925926 0.028645833333333332 0.11944444444444444
0 0.5078125 0.600462962962963 0.04375 0.1509259259259259
0 0.5309895833333333 0.6138888888888888 0.027604166666666662 0.11111111111111112
0 0.5416666666666666 0.6194444444444445 0.03854166666666666 0.1759259259259259
0 0.5229166666666666 0.6611111111111111 0.03854166666666666 0.1907407407407407
0 0.5739583333333333 0.55 0.029166666666666664 0.1388888888888889
0 0.5903645833333333 0.5916666666666667 0.03697916666666666 0.17037037037037037
0 0.5822916666666667 0.6342592592592593 0.03854166666666666 0.15185185185185185
5 0.6979166666666667 0.4958333333333333 0.02395833333333333 0.06574074074074074
0 0.6479166666666666 0.4606481481481482 0.028125 0.08981481481481482
0 0.6645833333333333 0.4587962962962962 0.03333333333333333 0.09722222222222222
5 0.7630208333333333 0.5226851851851853 0.03125 0.08796296296296295
5 0.5588541666666667 0.4662037037037036 0.02395833333333333 0.11018518518518519
