0 0.23854166666666665 0.7976851851851852 0.0625 0.23425925925925925
0 0.2953125 0.8074074074074075 0.055208333333333325 0.2462962962962963
0 0.34427083333333336 0.7763888888888888 0.04479166666666666 0.21018518518518517
0 0.34088541666666666 0.862037037037037 0.05572916666666666 0.24074074074074076
0 0.4002604166666666 0.8634259259259259 0.058854166666666666 0.225
0 0.6861979166666666 0.687037037037037 0.0453125 0.19444444444444445
0 0.6869791666666667 0.6888888888888889 0.03645833333333333 0.19444444444444445
5 0.6630208333333333 0.6481481481481481 0.03020833333333333 0.1685185185185185
0 0.8057291666666666 0.5472222222222222 0.028125 0.09259259259259259
5 0.7203124999999999 0.49907407407407406 0.026041666666666664 0.07592592592592592
0 0.6494791666666667 0.6712962962962963 0.03333333333333333 0.18148148148148147
0 0.8385416666666666 0.7074074074074074 0.03958333333333333 0.18703703703703703
0 0.7578125 0.7476851851851851 0.04375 0.20277777777777778
0 0.6919270833333333 0.7513888888888889 0.043229166666666666 0.20462962962962963
0 0.83046875 0.688425925925926 0.04010416666666666 0.18425925925925926
0 0.4466145833333333 0.5384259259259259 0.0234375 0.10648148148148147
0 0.47526041666666663 0.5263888888888889 0.03072916666666666 0.12685185185185183
0 0.4338541666666667 0.5648148148148147 0.02708333333333333 0.12777777777777777
0 0.4890625 0.5509259259259258 0.03020833333333333 0.12407407407407407
0 0.4994791666666666 0.5291666666666666 0.026041666666666664 0.11944444444444444
0 0.54296875 0.5314814814814814 0.03177083333333333 0.1259259259259259
0 0.5171875 0.5546296296296296 0.03020833333333333 0.12962962962962962
0 0.4794270833333333 0.6439814814814815 0.04427083333333333 0.1824074074074074
5 0.6432291666666666 0.6226851851851851 0.029166666666666664 0.14351851851851852
0 0.5046875 0.6421296296296296 0.0375 0.17314814814814813
0 0.5393229166666667 0.6361111111111111 0.033854166666666664 0.15185185185185185
0 0.5666666666666667 0.6166666666666666 0.03229166666666666 0.1537037037037037
0 0.5932291666666667 0.6162037037037037 0.03645833333333333 0.15648148148148147
0 0.5895833333333333 0.601388888888889 0.029166666666666664 0.12685185185185183
0 0.5450520833333333 0.6796296296296296 0.04427083333333333 0.1685185185185185
0 0.5739583333333333 0.6967592592592592 0.03229166666666666 0.1287037037037037
0 0.6375 0.6990740740740741 0.040625 0.1925925925925926
0 0.6479166666666666 0.7495370370370369 0.046875 0.21018518518518517
0 0.6515624999999999 0.6050925925925925 0.029166666666666664 0.14351851851851852
0 0.7161458333333333 0.6555555555555556 0.03645833333333333 0.1685185185185185
0 0.68046875 0.7101851851851851 0.03697916666666666 0.17222222222222222
0 0.012239583333333333 0.9523148148148147 0.0234375 0.09537037037037036
0 0.04583333333333333 0.9763888888888888 0.03854166666666666 0.04907407407407407
0 0.6578124999999999 0.8402777777777777 0.051041666666666666 0.20462962962962963
0 0.8200520833333332 0.8236111111111111 0.06302083333333333 0.21388888888888888
0 0.44062499999999993 0.49120370370370364 0.026041666666666664 0.10462962962962963
0 0.4026041666666667 0.4837962962962963 0.02708333333333333 0.1287037037037037
5 0.70625 0.5134259259259258 0.02395833333333333 0.06574074074074074
0 0.7104166666666666 0.4703703703703703 0.026041666666666664 0.09074074074074073
0 0.7325520833333333 0.46990740740740744 0.0296875 0.08981481481481482
5 0.7666666666666666 0.5393518518518519 0.03125 0.08796296296296295
5 0.5583333333333333 0.4837962962962963 0.02395833333333333 0.11018518518518519
