0 0.2872395833333333 0.673148148148148 0.05260416666666666 0.19814814814814813
0 0.34322916666666664 0.6768518518518518 0.04479166666666666 0.2074074074074074
0 0.4255208333333333 0.6689814814814815 0.03645833333333333 0.1824074074074074
0 0.20208333333333334 0.9453703703703702 0.07291666666666666 0.11111111111111112
0 0.29713541666666665 0.95 0.06927083333333332 0.10185185185185183
0 0.5307291666666667 0.6166666666666666 0.03958333333333333 0.17962962962962964
0 0.5575520833333333 0.6157407407407407 0.033854166666666664 0.17222222222222222
5 0.6526041666666667 0.625 0.028125 0.1685185185185185
0 0.7940104166666666 0.5157407407407406 0.024479166666666666 0.09259259259259259
5 0.7088541666666666 0.47175925925925927 0.026041666666666664 0.07685185185185185
0 0.6226562499999999 0.6398148148148147 0.03697916666666666 0.17777777777777776
0 0.7348958333333333 0.8638888888888889 0.05208333333333333 0.25370370370370365
0 0.6770833333333333 0.8601851851851852 0.057291666666666664 0.24814814814814815
0 0.46015625 0.562962962962963 0.0234375 0.11296296296296296
0 0.4911458333333333 0.5472222222222222 0.03020833333333333 0.14629629629629629
0 0.453125 0.5967592592592592 0.03020833333333333 0.14351851851851852
0 0.5445312499999999 0.5777777777777777 0.033854166666666664 0.14629629629629629
0 0.5140624999999999 0.5518518518518518 0.026041666666666664 0.13518518518518519
0 0.5348958333333333 0.549537037037037 0.03020833333333333 0.14351851851851852
0 0.5760416666666666 0.5759259259259258 0.03229166666666666 0.14259259259259258
0 0.70390625 0.7037037037037036 0.0453125 0.20555555555555555
5 0.63046875 0.5958333333333333 0.0296875 0.14351851851851852
0 0.72421875 0.6935185185185184 0.0421875 0.1907407407407407
0 0.7455729166666666 0.6893518518518518 0.0421875 0.1787037037037037
0 0.6325520833333333 0.6703703703703703 0.0515625 0.1759259259259259
0 0.7716145833333333 0.6532407407407408 0.04010416666666666 0.16944444444444445
0 0.784375 0.6472222222222223 0.03125 0.1648148148148148
0 0.8114583333333332 0.7157407407407407 0.05208333333333333 0.18518518518518517
0 0.8411458333333333 0.7273148148148147 0.0375 0.1398148148148148
0 0.9492187499999998 0.7134259259259259 0.05989583333333333 0.19907407407407407
0 0.6057291666666667 0.8583333333333332 0.05625 0.26296296296296295
0 0.8174479166666666 0.6458333333333333 0.04010416666666666 0.17129629629629628
0 0.9026041666666667 0.6990740740740741 0.04583333333333333 0.19629629629629627
0 0.08098958333333332 0.8861111111111111 0.058854166666666666 0.22592592592592592
0 0.1375 0.9009259259259259 0.055208333333333325 0.2
0 0.07682291666666666 0.9467592592592592 0.0546875 0.10648148148148147
0 0.2333333333333333 0.811574074074074 0.04375 0.20462962962962963
0 0.35390625 0.825 0.056770833333333326 0.22592592592592592
0 0.6981770833333333 0.7430555555555556 0.04010416666666666 0.20462962962962963
0 0.87734375 0.7467592592592592 0.0484375 0.2064814814814815
0 0.7856770833333333 0.7412037037037036 0.04739583333333333 0.21203703703703702
0 0.7846354166666666 0.737037037037037 0.04010416666666666 0.19629629629629627
0 0.8208333333333332 0.7384259259259258 0.04583333333333333 0.17314814814814813
0 0.9114583333333333 0.775462962962963 0.042708333333333334 0.1324074074074074
0 0.5229166666666666 0.5013888888888889 0.03125 0.10648148148148147
0 0.4968749999999999 0.4939814814814814 0.03229166666666666 0.12314814814814815
0 0.41796875 0.4962962962962963 0.0296875 0.1259259259259259
0 0.81328125 0.5675925925925925 0.03072916666666666 0.14074074074074075
0 0.4536458333333333 0.4879629629629629 0.02395833333333333 0.09074074074074073
0 0.4369791666666666 0.4768518518518518 0.026041666666666664 0.10185185185185183
0 0.39166666666666666 0.46990740740740733 0.029166666666666664 0.11203703703703702
0 0.4390625 0.47824074074074074 0.025 0.11203703703703702
5 0.6932291666666667 0.48379629629629617 0.02395833333333333 0.06574074074074074
0 0.7473958333333333 0.43240740740740735 0.01875 0.07407407407407407
0 0.75625 0.42824074074074076 0.02708333333333333 0.0824074074074074
5 0.7572916666666667 0.5115740740740741 0.03020833333333333 0.08796296296296295
5 0.54609375 0.4569444444444444 0.0234375 0.11018518518518519
