0 0.22135416666666666 0.8601851851851852 0.06354166666666666 0.25
0 0.278125 0.860648148148148 0.059375 0.2564814814814815
0 0.30572916666666666 0.825462962962963 0.051041666666666666 0.21759259259259256
0 0.3684895833333333 0.8467592592592592 0.0546875 0.2324074074074074
0 0.4080729166666666 0.849537037037037 0.0546875 0.21203703703703702
0 0.7403645833333333 0.7263888888888889 0.0484375 0.2009259259259259
0 0.7510416666666667 0.7203703703703702 0.042708333333333334 0.19629629629629627
5 0.6643229166666667 0.6768518518518518 0.0296875 0.1685185185185185
0 0.8065104166666666 0.5638888888888889 0.027604166666666662 0.09259259259259259
5 0.7223958333333333 0.5162037037037037 0.02708333333333333 0.07685185185185185
0 0.6864583333333333 0.7087962962962963 0.041666666666666664 0.1824074074074074
0 0.8307291666666666 0.7166666666666666 0.040625 0.18703703703703703
0 0.7276041666666666 0.7467592592592592 0.051041666666666666 0.19537037037037036
0 0.6541666666666666 0.7449074074074074 0.04375 0.19537037037037036
0 0.8075520833333334 0.6939814814814815 0.04010416666666666 0.16944444444444445
0 0.44375 0.5476851851851852 0.02395833333333333 0.10462962962962963
0 0.47109375 0.5328703703703703 0.028645833333333332 0.11388888888888889
0 0.4330729166666666 0.575 0.0265625 0.12407407407407407
0 0.4729166666666666 0.5634259259259259 0.03229166666666666 0.12314814814814815
0 0.4908854166666667 0.5361111111111111 0.025520833333333333 0.11296296296296296
0 0.5328124999999999 0.5439814814814814 0.029166666666666664 0.12314814814814815
0 0.5020833333333333 0.5592592592592591 0.03020833333333333 0.12962962962962962
0 0.4666666666666667 0.6504629629629629 0.04895833333333333 0.17314814814814813
5 0.6479166666666666 0.6421296296296296 0.028125 0.14351851851851852
0 0.4890624999999999 0.648611111111111 0.03229166666666666 0.16574074074074072
0 0.5236979166666667 0.6430555555555555 0.033854166666666664 0.1509259259259259
0 0.5502604166666667 0.625462962962963 0.03177083333333333 0.1398148148148148
0 0.5825520833333333 0.6208333333333333 0.034895833333333334 0.13796296296296295
0 0.5703125 0.6097222222222223 0.02708333333333333 0.12685185185185183
0 0.5268229166666666 0.6787037037037037 0.0421875 0.16296296296296295
0 0.5588541666666667 0.6944444444444444 0.02708333333333333 0.12962962962962962
0 0.5875 0.7032407407407407 0.0375 0.1935185185185185
0 0.6158854166666666 0.7462962962962962 0.04010416666666666 0.2
0 0.6036458333333333 0.6157407407407407 0.03020833333333333 0.14074074074074075
0 0.6640625 0.6592592592592592 0.034375 0.1685185185185185
0 0.6330729166666667 0.7152777777777778 0.03697916666666666 0.1638888888888889
0 0.7893229166666667 0.8657407407407407 0.0578125 0.20370370370370366
0 0.93828125 0.8388888888888888 0.058854166666666666 0.2074074074074074
0 0.4028645833333333 0.5078703703703703 0.025520833333333333 0.10462962962962963
5 0.709375 0.5319444444444443 0.02395833333333333 0.06574074074074074
0 0.6895833333333333 0.4888888888888888 0.026041666666666664 0.09074074074074073
0 0.71640625 0.48564814814814816 0.0296875 0.08981481481481482
5 0.7692708333333333 0.5578703703703703 0.03125 0.08796296296296295
5 0.5630208333333333 0.5069444444444444 0.022916666666666665 0.11018518518518519
