0 0.2341145833333333 0.8222222222222222 0.0671875 0.24259259259259255
0 0.29062499999999997 0.8328703703703703 0.055208333333333325 0.24907407407407406
0 0.3286458333333333 0.7949074074074074 0.04583333333333333 0.21018518518518517
0 0.34843749999999996 0.8532407407407406 0.055208333333333325 0.23425925925925925
0 0.4049479166666667 0.8578703703703703 0.056770833333333326 0.22129629629629627
0 0.7119791666666666 0.7013888888888888 0.046875 0.1935185185185185
0 0.7119791666666667 0.6939814814814815 0.03645833333333333 0.18796296296296294
5 0.665625 0.6601851851851851 0.03020833333333333 0.1685185185185185
0 0.8080729166666666 0.5574074074074074 0.027604166666666662 0.09259259259259259
5 0.7218749999999999 0.5055555555555555 0.026041666666666664 0.07592592592592592
0 0.6625 0.6842592592592592 0.03333333333333333 0.18148148148148147
0 0.8338541666666666 0.712037037037037 0.03958333333333333 0.18333333333333332
0 0.7546875 0.7449074074074074 0.04375 0.2009259259259259
0 0.6848958333333333 0.7444444444444445 0.05416666666666666 0.19629629629629627
0 0.8236979166666666 0.6935185185185185 0.04010416666666666 0.18148148148148147
0 0.4453125 0.5412037037037037 0.02395833333333333 0.10648148148148147
0 0.47421875 0.5291666666666666 0.0296875 0.12314814814814815
0 0.4338541666666667 0.5680555555555555 0.02708333333333333 0.125
0 0.484375 0.5564814814814814 0.03020833333333333 0.12407407407407407
0 0.4984374999999999 0.5333333333333333 0.026041666666666664 0.11481481481481481
0 0.5401041666666666 0.5351851851851852 0.03125 0.1259259259259259
0 0.5130208333333333 0.5583333333333333 0.03020833333333333 0.12962962962962962
0 0.4749999999999999 0.6472222222222221 0.04479166666666666 0.17777777777777776
5 0.6473958333333333 0.6310185185185185 0.029166666666666664 0.14351851851851852
0 0.5023437499999999 0.6421296296296296 0.043229166666666666 0.16759259259259257
0 0.5359375 0.6398148148148148 0.034375 0.15185185185185185
0 0.5619791666666666 0.624074074074074 0.03229166666666666 0.14444444444444443
0 0.5911458333333333 0.6203703703703703 0.03229166666666666 0.15185185185185185
0 0.5765624999999999 0.6046296296296296 0.029166666666666664 0.1259259259259259
0 0.5356770833333333 0.6782407407407407 0.04427083333333333 0.16759259259259257
0 0.5684895833333333 0.699537037037037 0.03177083333333333 0.1287037037037037
0 0.6135416666666667 0.7046296296296296 0.040625 0.1925925925925926
0 0.6385416666666666 0.749074074074074 0.04479166666666666 0.20555555555555555
0 0.62890625 0.611111111111111 0.0296875 0.14259259259259258
0 0.6979166666666666 0.6611111111111111 0.035416666666666666 0.1685185185185185
0 0.6585937499999999 0.7097222222222223 0.03697916666666666 0.16944444444444445
0 0.010156249999999999 0.961111111111111 0.01927083333333333 0.07777777777777777
0 0.7052083333333333 0.8490740740740741 0.053125 0.20370370370370366
0 0.8643229166666666 0.8282407407407406 0.0578125 0.21203703703703702
0 0.4260416666666666 0.5004629629629629 0.026041666666666664 0.10462962962962963
0 0.3942708333333333 0.4884259259259259 0.025 0.11759259259259258
5 0.7104166666666667 0.5189814814814814 0.02395833333333333 0.06574074074074074
0 0.7031249999999999 0.47870370370370363 0.026041666666666664 0.09074074074074073
0 0.72734375 0.4773148148148148 0.0296875 0.08981481481481482
5 0.76875 0.5476851851851852 0.03125 0.08796296296296295
5 0.5625 0.4930555555555555 0.02395833333333333 0.11018518518518519
