0 0.24817708333333335 0.6194444444444444 0.04635416666666666 0.17962962962962964
0 0.30781249999999993 0.6189814814814814 0.03958333333333333 0.1787037037037037
0 0.3302083333333333 0.6435185185185185 0.04479166666666666 0.1685185185185185
0 0.5388020833333333 0.6259259259259259 0.034895833333333334 0.18703703703703703
0 0.5729166666666666 0.6296296296296295 0.034375 0.17962962962962964
5 0.64453125 0.6314814814814814 0.028645833333333332 0.17222222222222222
0 0.7364583333333333 0.5185185185185185 0.02395833333333333 0.0962962962962963
5 0.72265625 0.475462962962963 0.025520833333333333 0.07685185185185185
0 0.6083333333333333 0.6365740740740741 0.034375 0.1787037037037037
0 0.6937499999999999 0.9398148148148147 0.06354166666666666 0.1222222222222222
0 0.6229166666666666 0.9402777777777777 0.06979166666666667 0.11944444444444444
0 0.4609374999999999 0.612037037037037 0.026041666666666664 0.11851851851851851
0 0.4953125 0.5944444444444443 0.034375 0.1611111111111111
0 0.4916666666666667 0.6467592592592593 0.03645833333333333 0.16203703703703703
0 0.6932291666666666 0.6194444444444445 0.034375 0.14629629629629629
0 0.5807291666666666 0.600462962962963 0.028125 0.13796296296296295
0 0.6296875 0.6074074074074074 0.042708333333333334 0.16296296296296295
0 0.7231770833333333 0.6171296296296296 0.03177083333333333 0.14907407407407408
5 0.6401041666666667 0.6023148148148147 0.03020833333333333 0.14351851851851852
0 0.8708333333333332 0.7342592592592592 0.046875 0.20370370370370366
0 0.89140625 0.724537037037037 0.0546875 0.19537037037037036
0 0.8760416666666666 0.7152777777777778 0.034375 0.18796296296296294
0 0.5466145833333333 0.9342592592592591 0.0609375 0.13333333333333333
0 0.9151041666666666 0.7180555555555556 0.042708333333333334 0.18796296296296294
0 0.18593749999999998 0.8199074074074074 0.05416666666666666 0.24166666666666664
0 0.2325520833333333 0.8310185185185185 0.05052083333333333 0.225
0 0.19114583333333332 0.8921296296296296 0.0625 0.21759259259259256
0 0.10260416666666665 0.8078703703703705 0.0375 0.21018518518518517
0 0.10911458333333332 0.8319444444444443 0.04635416666666666 0.23796296296296293
0 0.5197916666666667 0.6837962962962962 0.042708333333333334 0.18796296296296294
0 0.7497395833333333 0.6976851851851852 0.04114583333333333 0.18981481481481483
0 0.61015625 0.7189814814814814 0.04010416666666666 0.20277777777777778
0 0.6317708333333333 0.7222222222222221 0.035416666666666666 0.17962962962962964
0 0.60625 0.6949074074074073 0.03645833333333333 0.16203703703703703
0 0.7791666666666666 0.7398148148148148 0.034375 0.12962962962962962
0 0.7361979166666666 0.7472222222222222 0.04010416666666666 0.1648148148148148
0 0.9588541666666666 0.7731481481481481 0.06770833333333333 0.2185185185185185
0 0.7619791666666667 0.7287037037037036 0.040625 0.19629629629629627
0 0.5739583333333333 0.5449074074074074 0.029166666666666664 0.11388888888888889
0 0.54609375 0.5379629629629629 0.03802083333333333 0.12962962962962962
0 0.44609375 0.538425925925926 0.03177083333333333 0.13425925925925924
0 0.6416666666666666 0.5935185185185186 0.040625 0.16296296296296295
0 0.5229166666666667 0.5166666666666667 0.020833333333333332 0.10185185185185183
0 0.4958333333333333 0.5064814814814815 0.03020833333333333 0.1074074074074074
0 0.4627604166666666 0.5023148148148147 0.0296875 0.12129629629629628
0 0.4270833333333333 0.49907407407407406 0.03020833333333333 0.11296296296296296
0 0.4067708333333333 0.5 0.026041666666666664 0.11296296296296296
0 0.4739583333333333 0.4814814814814815 0.026041666666666664 0.10925925925925925
0 0.4466145833333333 0.4768518518518518 0.0234375 0.11296296296296296
0 0.4309895833333333 0.47453703703703703 0.021354166666666667 0.12314814814814815
0 0.4156249999999999 0.48009259259259257 0.022916666666666665 0.11388888888888889
0 0.50390625 0.49861111111111106 0.025520833333333333 0.10462962962962963
5 0.7044270833333333 0.48657407407407405 0.0234375 0.06574074074074074
0 0.7515624999999999 0.437037037037037 0.019791666666666666 0.07407407407407407
0 0.7567708333333333 0.43194444444444435 0.02708333333333333 0.0824074074074074
5 0.7697916666666667 0.5171296296296296 0.03020833333333333 0.08796296296296295
5 0.5640625 0.462037037037037 0.025 0.10925925925925925
