0 0.16848958333333333 0.874074074074074 0.0671875 0.25370370370370365
0 0.2390625 0.8726851851851851 0.0625 0.2564814814814815
0 0.25859374999999996 0.8402777777777777 0.05052083333333333 0.2361111111111111
0 0.9385416666666666 0.8870370370370371 0.053125 0.22407407407407404
0 0.37135416666666665 0.774537037037037 0.05208333333333333 0.21388888888888888
0 0.4171875 0.7787037037037037 0.051041666666666666 0.19814814814814813
0 0.8080729166666666 0.7328703703703704 0.05052083333333333 0.21574074074074073
0 0.8322916666666667 0.7236111111111111 0.042708333333333334 0.20277777777777778
5 0.6598958333333333 0.6527777777777778 0.03020833333333333 0.1685185185185185
0 0.80390625 0.548148148148148 0.027604166666666662 0.09259259259259259
5 0.7166666666666666 0.4962962962962963 0.028125 0.07592592592592592
0 0.7479166666666666 0.6967592592592592 0.041666666666666664 0.1861111111111111
0 0.78984375 0.6643518518518519 0.0421875 0.16574074074074072
0 0.6562499999999999 0.6856481481481481 0.041666666666666664 0.1861111111111111
0 0.5825520833333333 0.686574074074074 0.03802083333333333 0.1824074074074074
0 0.76328125 0.6375 0.0390625 0.16944444444444445
0 0.4145833333333333 0.5101851851851851 0.02395833333333333 0.09814814814814814
0 0.44010416666666663 0.48657407407407405 0.026041666666666664 0.11203703703703702
0 0.42447916666666663 0.5342592592592592 0.025 0.12407407407407407
0 0.4476562499999999 0.5226851851851851 0.03072916666666666 0.12314814814814815
0 0.4630208333333333 0.4958333333333333 0.026041666666666664 0.11203703703703702
0 0.4994791666666666 0.49861111111111106 0.025 0.12129629629629628
0 0.4765625 0.5157407407407406 0.03333333333333333 0.1222222222222222
0 0.4388020833333333 0.5916666666666667 0.03697916666666666 0.1648148148148148
5 0.6364583333333333 0.6138888888888888 0.029166666666666664 0.14444444444444443
0 0.4770833333333333 0.5976851851851851 0.03229166666666666 0.15648148148148147
0 0.50078125 0.6009259259259259 0.03177083333333333 0.14444444444444443
0 0.5213541666666666 0.576388888888889 0.03125 0.13425925925925924
0 0.5536458333333333 0.5708333333333333 0.03229166666666666 0.12685185185185183
0 0.5489583333333333 0.562037037037037 0.028125 0.11851851851851851
0 0.5078124999999999 0.6217592592592591 0.041666666666666664 0.15277777777777776
0 0.5351562499999999 0.6384259259259258 0.027604166666666662 0.11759259259259258
0 0.5486979166666667 0.6476851851851851 0.03802083333333333 0.1787037037037037
0 0.5411458333333333 0.6861111111111111 0.03854166666666666 0.1925925925925926
0 0.584375 0.5694444444444444 0.03020833333333333 0.14074074074074075
0 0.6002604166666666 0.6083333333333333 0.033854166666666664 0.1611111111111111
0 0.5947916666666667 0.6550925925925926 0.03958333333333333 0.15277777777777776
0 0.9588541666666666 0.8398148148148147 0.05208333333333333 0.20185185185185187
5 0.7015625 0.5115740740740741 0.02395833333333333 0.06574074074074074
0 0.6588541666666666 0.4689814814814815 0.028125 0.08981481481481482
0 0.6796875 0.47129629629629627 0.03333333333333333 0.0962962962962963
5 0.765625 0.5347222222222222 0.03125 0.08796296296296295
5 0.5614583333333333 0.4810185185185184 0.02395833333333333 0.11018518518518519
