0 0.575 0.6652777777777776 0.034375 0.19722222222222222
0 0.5989583333333333 0.6759259259259258 0.03854166666666666 0.1925925925925926
5 0.6630208333333333 0.6467592592592593 0.03229166666666666 0.17685185185185184
0 0.7460937499999999 0.5175925925925926 0.024479166666666666 0.0962962962962963
5 0.7484375 0.48009259259259257 0.025 0.07685185185185185
0 0.6093749999999999 0.6462962962962963 0.03229166666666666 0.17407407407407408
0 0.5114583333333333 0.6763888888888889 0.02708333333333333 0.15277777777777776
0 0.5619791666666666 0.6601851851851851 0.035416666666666666 0.18148148148148147
0 0.6927083333333333 0.7060185185185185 0.041666666666666664 0.175
0 0.8552083333333333 0.6819444444444445 0.03854166666666666 0.16944444444444445
0 0.8395833333333332 0.6583333333333333 0.03020833333333333 0.15185185185185185
0 0.8437499999999998 0.6476851851851851 0.03958333333333333 0.16759259259259257
0 0.8880208333333333 0.6833333333333332 0.0375 0.17777777777777776
5 0.6666666666666667 0.6050925925925925 0.02708333333333333 0.14351851851851852
0 0.27734375 0.7467592592592591 0.0453125 0.21018518518518517
0 0.31588541666666664 0.7564814814814815 0.0421875 0.20185185185185187
0 0.31197916666666664 0.7953703703703703 0.05208333333333333 0.20370370370370366
0 0.20338541666666665 0.7685185185185184 0.04427083333333333 0.1925925925925926
0 0.12473958333333332 0.9162037037037039 0.0671875 0.16759259259259257
0 0.4489583333333333 0.6254629629629629 0.03333333333333333 0.16018518518518518
0 0.7671875 0.6550925925925926 0.034375 0.18425925925925926
0 0.6393229166666666 0.7263888888888889 0.04010416666666666 0.20462962962962963
0 0.67265625 0.7379629629629629 0.04427083333333333 0.18518518518518517
0 0.4236979166666666 0.649074074074074 0.04010416666666666 0.14629629629629629
0 0.79140625 0.6902777777777778 0.0296875 0.11759259259259258
0 0.7825520833333333 0.6814814814814814 0.0359375 0.14814814814814814
0 0.8255208333333333 0.7087962962962963 0.04583333333333333 0.2009259259259259
0 0.8408854166666666 0.7083333333333333 0.0421875 0.20185185185185187
0 0.8598958333333332 0.7402777777777777 0.05833333333333333 0.20462962962962963
0 0.8065104166666666 0.6754629629629629 0.03697916666666666 0.1787037037037037
0 0.90703125 0.7444444444444444 0.05260416666666666 0.1907407407407407
0 0.6408854166666667 0.5939814814814814 0.03177083333333333 0.1324074074074074
0 0.61796875 0.5902777777777778 0.03802083333333333 0.15462962962962962
0 0.4739583333333333 0.6004629629629629 0.034375 0.16018518518518518
0 0.47109375 0.5773148148148148 0.04427083333333333 0.15648148148148147
0 0.5815104166666666 0.5574074074074074 0.027604166666666662 0.1037037037037037
0 0.5450520833333333 0.5532407407407407 0.0296875 0.12685185185185183
0 0.5171874999999999 0.5310185185185184 0.03229166666666666 0.1287037037037037
0 0.4604166666666666 0.537037037037037 0.03125 0.11851851851851851
0 0.4184895833333333 0.5356481481481482 0.025520833333333333 0.12685185185185183
0 0.5567708333333333 0.5152777777777777 0.028125 0.11574074074074074
0 0.5299479166666667 0.5143518518518518 0.025520833333333333 0.11759259259259258
0 0.5096354166666667 0.5106481481481481 0.025520833333333333 0.13055555555555556
0 0.4916666666666666 0.5152777777777777 0.026041666666666664 0.12129629629629628
0 0.43125 0.5069444444444444 0.028125 0.11574074074074074
0 0.5255208333333333 0.4893518518518518 0.028125 0.10648148148148147
0 0.45572916666666663 0.48611111111111105 0.028125 0.12037037037037038
0 0.434375 0.4652777777777778 0.020833333333333332 0.09907407407407406
0 0.4244791666666667 0.47407407407407404 0.02708333333333333 0.1037037037037037
0 0.5432291666666667 0.5351851851851852 0.021875 0.1074074074074074
5 0.7302083333333333 0.4902777777777777 0.02395833333333333 0.06574074074074074
0 0.5028645833333333 0.4879629629629629 0.025520833333333333 0.12407407407407407
0 0.77265625 0.44259259259259254 0.01927083333333333 0.07407407407407407
0 0.7833333333333333 0.44027777777777777 0.02708333333333333 0.0824074074074074
5 0.7927083333333333 0.5208333333333333 0.03020833333333333 0.08796296296296295
5 0.5874999999999999 0.4662037037037036 0.026041666666666664 0.11018518518518519
