0 0.15260416666666665 0.875925925925926 0.07291666666666666 0.24814814814814815
0 0.2247395833333333 0.875462962962963 0.06302083333333333 0.2509259259259259
0 0.24609375 0.8421296296296296 0.049479166666666664 0.2398148148148148
0 0.9020833333333333 0.8865740740740741 0.057291666666666664 0.2287037037037037
0 0.3723958333333333 0.7453703703703703 0.05 0.2074074074074074
0 0.4184895833333333 0.7499999999999999 0.049479166666666664 0.1925925925925926
0 0.8309895833333332 0.7342592592592593 0.05364583333333332 0.22037037037037038
0 0.8671874999999998 0.7217592592592592 0.03958333333333333 0.20462962962962963
5 0.6578125 0.6388888888888888 0.03020833333333333 0.1685185185185185
0 0.7992187499999999 0.5305555555555556 0.027604166666666662 0.09259259259259259
5 0.7143229166666666 0.48240740740740745 0.0296875 0.07592592592592592
0 0.7682291666666666 0.687962962962963 0.041666666666666664 0.18888888888888888
0 0.7739583333333333 0.6430555555555555 0.041666666666666664 0.16574074074074072
0 0.6385416666666666 0.6657407407407406 0.0375 0.18518518518518517
0 0.5666666666666667 0.6685185185185185 0.04583333333333333 0.18148148148148147
0 0.7458333333333333 0.624074074074074 0.0375 0.1648148148148148
0 0.4036458333333333 0.4925925925925926 0.02395833333333333 0.09814814814814814
0 0.4229166666666666 0.475 0.026041666666666664 0.11111111111111112
0 0.4239583333333333 0.5166666666666666 0.025 0.12407407407407407
0 0.440625 0.5060185185185185 0.028125 0.12314814814814815
0 0.4489583333333333 0.4805555555555555 0.028125 0.11296296296296296
0 0.484375 0.4814814814814814 0.028125 0.1222222222222222
0 0.4721354166666666 0.499537037037037 0.03072916666666666 0.11759259259259258
0 0.43671875 0.575462962962963 0.034895833333333334 0.15833333333333333
5 0.6330729166666667 0.6074074074074074 0.0296875 0.15185185185185185
0 0.4713541666666667 0.5796296296296296 0.03333333333333333 0.1537037037037037
0 0.49453125 0.5791666666666667 0.03177083333333333 0.1398148148148148
0 0.5135416666666666 0.5578703703703705 0.03229166666666666 0.13425925925925924
0 0.5463541666666666 0.5509259259259258 0.03125 0.12407407407407407
0 0.5401041666666666 0.5407407407407407 0.028125 0.11851851851851851
0 0.5078125 0.6032407407407407 0.04375 0.1509259259259259
0 0.5315104166666667 0.6171296296296296 0.027604166666666662 0.11203703703703702
0 0.5421874999999999 0.6222222222222222 0.03854166666666666 0.1759259259259259
0 0.5260416666666666 0.6643518518518519 0.03854166666666666 0.19166666666666665
0 0.57578125 0.5523148148148148 0.0296875 0.1398148148148148
0 0.59140625 0.5935185185185186 0.0359375 0.17037037037037037
0 0.5838541666666666 0.6370370370370371 0.03854166666666666 0.15185185185185185
5 0.6984375 0.4976851851851851 0.02395833333333333 0.06574074074074074
0 0.6494791666666666 0.461574074074074 0.028125 0.08981481481481482
0 0.6666666666666667 0.45925925925925926 0.03333333333333333 0.0962962962962963
5 0.7635416666666666 0.523611111111111 0.03125 0.08796296296296295
5 0.559375 0.46712962962962956 0.02395833333333333 0.11018518518518519
