0 0.20260416666666664 0.874074074074074 0.06770833333333333 0.25370370370370365
0 0.2583333333333333 0.874074074074074 0.059375 0.25
0 0.2809895833333333 0.8462962962962962 0.05052083333333333 0.22407407407407404
0 0.9841145833333333 0.8949074074074073 0.03072916666666666 0.21203703703703702
0 0.371875 0.8171296296296295 0.053125 0.22129629629629627
0 0.4161458333333333 0.8185185185185185 0.051041666666666666 0.20185185185185187
0 0.7830729166666666 0.7407407407407407 0.04635416666666666 0.2148148148148148
0 0.7958333333333333 0.7296296296296296 0.042708333333333334 0.20370370370370366
5 0.6640625 0.6712962962962963 0.03020833333333333 0.1685185185185185
0 0.8044270833333333 0.5666666666666667 0.027604166666666662 0.09259259259259259
5 0.7200520833333333 0.5101851851851852 0.027604166666666662 0.07592592592592592
0 0.7205729166666666 0.7092592592592593 0.043229166666666666 0.18333333333333332
0 0.8151041666666666 0.6990740740740741 0.042708333333333334 0.17407407407407408
0 0.6859374999999999 0.7287037037037037 0.041666666666666664 0.19444444444444445
0 0.615625 0.7208333333333333 0.03958333333333333 0.18981481481481483
0 0.7888020833333333 0.6745370370370369 0.04010416666666666 0.16574074074074072
0 0.4322916666666667 0.5375 0.02395833333333333 0.09907407407407406
0 0.4588541666666666 0.5162037037037036 0.026041666666666664 0.11203703703703702
0 0.43046875 0.562037037037037 0.025520833333333333 0.12407407407407407
0 0.45703125 0.549074074074074 0.0296875 0.12407407407407407
0 0.4807291666666666 0.5231481481481481 0.026041666666666664 0.11296296296296296
0 0.5177083333333333 0.5277777777777778 0.03020833333333333 0.12037037037037038
0 0.4856770833333333 0.5476851851851852 0.0296875 0.1287037037037037
0 0.4515625 0.6268518518518518 0.0375 0.17037037037037037
5 0.6453125 0.6379629629629628 0.029166666666666664 0.13518518518518519
0 0.4817708333333333 0.6291666666666667 0.03125 0.16203703703703703
0 0.51015625 0.6296296296296295 0.03177083333333333 0.14629629629629629
0 0.5359375 0.6055555555555555 0.03229166666666666 0.13518518518518519
0 0.5677083333333333 0.5999999999999999 0.0375 0.13518518518518519
0 0.5588541666666667 0.5949074074074073 0.02708333333333333 0.125
0 0.51875 0.6550925925925926 0.040625 0.15648148148148147
0 0.5453125 0.6745370370370369 0.02708333333333333 0.1287037037037037
0 0.56640625 0.6800925925925926 0.03802083333333333 0.1787037037037037
0 0.5768229166666666 0.7268518518518519 0.04010416666666666 0.19814814814814813
0 0.59375 0.5990740740740741 0.03020833333333333 0.14074074074074075
0 0.62734375 0.6398148148148148 0.0328125 0.16296296296296295
0 0.6096354166666667 0.6907407407407407 0.0390625 0.15555555555555553
0 0.8789062499999998 0.8685185185185185 0.06927083333333332 0.20370370370370366
5 0.7057291666666667 0.5291666666666666 0.02395833333333333 0.06574074074074074
0 0.6729166666666667 0.4888888888888888 0.02708333333333333 0.09074074074074073
0 0.6994791666666667 0.4851851851851851 0.03125 0.09259259259259259
5 0.76796875 0.5569444444444445 0.03177083333333333 0.08796296296296295
5 0.56328125 0.5013888888888889 0.0234375 0.11018518518518519
