0 0.24557291666666664 0.7486111111111111 0.058854166666666666 0.22129629629629627
0 0.31223958333333335 0.7587962962962963 0.049479166666666664 0.2324074074074074
0 0.3651041666666667 0.7333333333333333 0.040625 0.20370370370370366
0 0.3067708333333333 0.889351851851852 0.06145833333333332 0.22314814814814815
0 0.3677083333333333 0.8939814814814813 0.06145833333333332 0.21203703703703702
0 0.6143229166666667 0.6587962962962963 0.04427083333333333 0.1935185185185185
0 0.6278645833333333 0.6560185185185186 0.04114583333333333 0.18425925925925926
5 0.6515625 0.6351851851851851 0.028125 0.1685185185185185
0 0.79296875 0.5296296296296296 0.025520833333333333 0.09259259259259259
5 0.7098958333333333 0.4847222222222222 0.026041666666666664 0.07685185185185185
0 0.6325520833333333 0.6532407407407408 0.034895833333333334 0.1824074074074074
0 0.8763020833333334 0.7125 0.05572916666666666 0.18796296296296294
0 0.75 0.7689814814814815 0.04375 0.22129629629629627
0 0.7026041666666666 0.7726851851851851 0.04791666666666666 0.21759259259259256
0 0.8614583333333332 0.6962962962962962 0.046875 0.1907407407407407
0 0.4494791666666667 0.5393518518518519 0.02395833333333333 0.11018518518518519
0 0.4747395833333333 0.5291666666666666 0.03177083333333333 0.13425925925925924
0 0.4294270833333333 0.5657407407407408 0.027604166666666662 0.13148148148148148
0 0.4979166666666666 0.5537037037037037 0.03125 0.13333333333333333
0 0.4999999999999999 0.5328703703703704 0.026041666666666664 0.12129629629629628
0 0.5434895833333333 0.5314814814814814 0.03177083333333333 0.13148148148148148
0 0.5286458333333333 0.5509259259259258 0.03020833333333333 0.12962962962962962
0 0.5184895833333333 0.6592592592592592 0.04635416666666666 0.18888888888888888
5 0.6296875 0.6060185185185185 0.029166666666666664 0.14351851851851852
0 0.5296875 0.6615740740740741 0.03645833333333333 0.18055555555555552
0 0.5627604166666667 0.6555555555555556 0.0359375 0.17037037037037037
0 0.5515625 0.6277777777777778 0.03125 0.1611111111111111
0 0.6315104166666666 0.624074074074074 0.0359375 0.15740740740740738
0 0.6401041666666666 0.6175925925925926 0.03125 0.15185185185185185
0 0.59296875 0.6925925925925925 0.0453125 0.17407407407407408
0 0.6260416666666667 0.7046296296296296 0.03645833333333333 0.13518518518518519
0 0.7093749999999999 0.7060185185185185 0.04791666666666666 0.2009259259259259
0 0.6541666666666666 0.7712962962962963 0.046875 0.22407407407407404
0 0.7111979166666667 0.6097222222222223 0.0296875 0.14351851851851852
0 0.7692708333333333 0.6523148148148148 0.041666666666666664 0.16944444444444445
0 0.7692708333333333 0.7129629629629629 0.04895833333333333 0.17407407407407408
0 0.022395833333333334 0.9347222222222221 0.04375 0.1324074074074074
0 0.046875 0.9523148148148147 0.06041666666666666 0.09722222222222222
0 0.4919270833333333 0.825925925925926 0.06302083333333333 0.20370370370370366
0 0.6723958333333333 0.8180555555555555 0.05833333333333333 0.21759259259259256
0 0.95234375 0.8032407407407407 0.0546875 0.21018518518518517
0 0.4682291666666666 0.4893518518518518 0.03229166666666666 0.10462962962962963
0 0.4390624999999999 0.4810185185185185 0.03229166666666666 0.12314814814814815
5 0.6942708333333333 0.49120370370370364 0.02395833333333333 0.06574074074074074
0 0.72265625 0.45185185185185184 0.025520833333333333 0.08888888888888888
0 0.7432291666666667 0.4486111111111112 0.03020833333333333 0.08981481481481482
5 0.7541666666666667 0.5226851851851853 0.03020833333333333 0.08796296296296295
5 0.5427083333333333 0.46712962962962956 0.02395833333333333 0.11018518518518519
