0 0.26588541666666665 0.6129629629629629 0.0421875 0.17407407407407408
0 0.26875 0.6388888888888888 0.05 0.1759259259259259
0 0.5588541666666667 0.6412037037037037 0.034375 0.18796296296296294
0 0.5875 0.6416666666666666 0.034375 0.17777777777777776
5 0.6557291666666667 0.6444444444444445 0.03020833333333333 0.1759259259259259
0 0.734375 0.5203703703703704 0.02395833333333333 0.0962962962962963
5 0.73203125 0.4828703703703704 0.025520833333333333 0.07685185185185185
0 0.6184895833333333 0.6421296296296296 0.03177083333333333 0.1787037037037037
0 0.46744791666666663 0.6407407407407407 0.027604166666666662 0.137037037037037
0 0.5028645833333333 0.625 0.03697916666666666 0.1648148148148148
0 0.5703125 0.6699074074074074 0.03958333333333333 0.1638888888888889
0 0.7661458333333333 0.6425925925925926 0.034375 0.14629629629629629
0 0.6749999999999999 0.6263888888888889 0.029166666666666664 0.1509259259259259
0 0.71484375 0.6226851851851852 0.04114583333333333 0.1638888888888889
0 0.80390625 0.6439814814814815 0.033854166666666664 0.15648148148148147
5 0.6539062499999999 0.6018518518518519 0.027604166666666662 0.14259259259259258
0 0.9674479166666666 0.7402777777777778 0.04427083333333333 0.19537037037037036
0 0.5098958333333333 0.9731481481481481 0.06145833333333332 0.05555555555555556
0 0.23020833333333335 0.7916666666666666 0.04791666666666666 0.2333333333333333
0 0.2713541666666667 0.798611111111111 0.04895833333333333 0.21388888888888888
0 0.2520833333333333 0.8574074074074074 0.05625 0.22777777777777777
0 0.1171875 0.8055555555555556 0.03958333333333333 0.20925925925925926
0 0.13307291666666665 0.8791666666666667 0.05572916666666666 0.24166666666666664
0 0.4729166666666667 0.662962962962963 0.03020833333333333 0.1759259259259259
0 0.7739583333333333 0.6768518518518518 0.040625 0.18148148148148147
0 0.6125 0.7222222222222221 0.03958333333333333 0.20370370370370366
0 0.65 0.7296296296296296 0.03645833333333333 0.18148148148148147
0 0.5229166666666666 0.6796296296296296 0.03854166666666666 0.1537037037037037
0 0.7994791666666666 0.7175925925925926 0.034375 0.11851851851851851
0 0.7554687499999999 0.7152777777777777 0.04010416666666666 0.15462962962962962
0 0.85703125 0.7518518518518518 0.0484375 0.2185185185185185
0 0.8890624999999999 0.7504629629629629 0.04583333333333333 0.21018518518518517
0 0.7869791666666666 0.7032407407407406 0.040625 0.18055555555555552
0 0.60234375 0.5726851851851852 0.0296875 0.1324074074074074
0 0.57265625 0.5606481481481482 0.0359375 0.1398148148148148
0 0.4572916666666667 0.5666666666666667 0.03333333333333333 0.14814814814814814
0 0.5588541666666667 0.5916666666666667 0.04479166666666666 0.15740740740740738
0 0.5403645833333333 0.5291666666666666 0.0234375 0.10462962962962963
0 0.5200520833333333 0.524074074074074 0.0296875 0.11666666666666665
0 0.4934895833333333 0.5162037037037036 0.0328125 0.12129629629629628
0 0.4437499999999999 0.5166666666666666 0.03229166666666666 0.11296296296296296
0 0.4140625 0.5162037037037036 0.025 0.11574074074074074
0 0.51640625 0.4976851851851851 0.0265625 0.11203703703703702
0 0.4895833333333333 0.4925925925925926 0.02395833333333333 0.11296296296296296
0 0.47187499999999993 0.49074074074074076 0.026041666666666664 0.12407407407407407
0 0.45078125 0.4967592592592592 0.025520833333333333 0.11574074074074074
0 0.415625 0.48287037037037034 0.02708333333333333 0.11018518518518519
0 0.4510416666666666 0.475 0.026041666666666664 0.1074074074074074
0 0.5260416666666666 0.5194444444444445 0.021875 0.1074074074074074
5 0.7151041666666667 0.49305555555555547 0.02395833333333333 0.06574074074074074
0 0.4348958333333333 0.4726851851851851 0.025 0.12314814814814815
0 0.7596354166666667 0.44074074074074077 0.01927083333333333 0.07407407407407407
0 0.7677083333333333 0.4356481481481481 0.02708333333333333 0.0824074074074074
5 0.7796875 0.5208333333333333 0.03020833333333333 0.08796296296296295
5 0.5723958333333333 0.4652777777777777 0.025 0.11018518518518519
