0 0.28385416666666663 0.6518518518518518 0.05 0.1907407407407407
0 0.3427083333333333 0.6513888888888888 0.04375 0.19907407407407407
0 0.4247395833333333 0.6555555555555556 0.04114583333333333 0.17037037037037037
0 0.17473958333333334 0.9759259259259258 0.0421875 0.04814814814814815
0 0.5317708333333333 0.611574074074074 0.035416666666666666 0.18055555555555552
0 0.5627604166666667 0.6134259259259258 0.033854166666666664 0.175
5 0.6539062499999999 0.6222222222222222 0.027604166666666662 0.1685185185185185
0 0.7854166666666667 0.5060185185185185 0.02395833333333333 0.09351851851851851
5 0.7145833333333333 0.4689814814814815 0.026041666666666664 0.07685185185185185
0 0.6205729166666667 0.6282407407407407 0.03802083333333333 0.16759259259259257
0 0.7257812499999999 0.8856481481481481 0.05260416666666666 0.22685185185185186
0 0.6744791666666666 0.8870370370370371 0.065625 0.22777777777777777
0 0.46484375 0.5731481481481481 0.0234375 0.11296296296296296
0 0.4942708333333333 0.5611111111111111 0.03125 0.15
0 0.4640625 0.6069444444444444 0.03020833333333333 0.14907407407407408
0 0.584375 0.5902777777777778 0.03645833333333333 0.14351851851851852
0 0.5252604166666667 0.5601851851851851 0.025520833333333333 0.13518518518518519
0 0.5507812499999999 0.563425925925926 0.033854166666666664 0.14537037037037037
0 0.6098958333333333 0.5875 0.03125 0.14907407407407408
0 0.8270833333333332 0.7064814814814814 0.055208333333333325 0.20555555555555555
5 0.63828125 0.5912037037037037 0.0296875 0.14351851851851852
0 0.8216145833333333 0.700925925925926 0.03802083333333333 0.19629629629629627
0 0.8486979166666666 0.700462962962963 0.03802083333333333 0.18981481481481483
0 0.7252604166666666 0.6851851851851851 0.043229166666666666 0.18518518518518517
0 0.7953124999999999 0.6749999999999999 0.04479166666666666 0.1907407407407407
0 0.8223958333333332 0.6606481481481481 0.03333333333333333 0.16759259259259257
0 0.9169270833333332 0.7300925925925925 0.06302083333333333 0.18796296296296294
0 0.9427083333333334 0.7388888888888889 0.03854166666666666 0.14629629629629629
0 0.5997395833333333 0.8824074074074074 0.058854166666666666 0.23518518518518516
0 0.8505208333333334 0.6634259259259259 0.041666666666666664 0.17314814814814813
0 0.12057291666666665 0.8671296296296296 0.06197916666666666 0.24537037037037038
0 0.18124999999999997 0.8828703703703704 0.05416666666666666 0.2361111111111111
0 0.11744791666666665 0.924074074074074 0.0546875 0.1537037037037037
0 0.17630208333333333 0.8050925925925926 0.04635416666666666 0.20462962962962963
0 0.2419270833333333 0.825462962962963 0.06927083333333332 0.22129629629629627
0 0.634375 0.7152777777777778 0.040625 0.1935185185185185
0 0.7921875 0.7314814814814814 0.05625 0.20370370370370366
0 0.70859375 0.7287037037037036 0.04739583333333333 0.20925925925925926
0 0.7098958333333333 0.7291666666666666 0.03645833333333333 0.18425925925925926
0 0.7518229166666666 0.7268518518518519 0.0421875 0.1759259259259259
0 0.8265624999999999 0.7662037037037037 0.042708333333333334 0.1324074074074074
0 0.9036458333333334 0.7671296296296296 0.05416666666666666 0.16759259259259257
0 0.9208333333333332 0.7462962962962962 0.05 0.19814814814814813
0 0.5494791666666666 0.5097222222222222 0.028125 0.10648148148148147
0 0.5174479166666667 0.5041666666666667 0.03177083333333333 0.12685185185185183
0 0.4309895833333333 0.5037037037037037 0.0296875 0.12777777777777777
0 0.7630208333333333 0.5824074074074074 0.0375 0.1537037037037037
0 0.4885416666666666 0.4879629629629629 0.022916666666666665 0.09074074074074073
0 0.4640625 0.48472222222222217 0.028125 0.10462962962962963
0 0.4263020833333333 0.4768518518518518 0.0296875 0.11296296296296296
0 0.4026041666666666 0.4773148148148148 0.029166666666666664 0.11203703703703702
0 0.39166666666666666 0.47407407407407404 0.021875 0.1074074074074074
0 0.3958333333333333 0.46342592592592585 0.02395833333333333 0.11018518518518519
0 0.47890625 0.47638888888888886 0.025520833333333333 0.10462962962962963
5 0.7 0.48009259259259257 0.02395833333333333 0.06574074074074074
0 0.7484375 0.42777777777777776 0.01875 0.07407407407407407
0 0.7541666666666667 0.4291666666666666 0.02708333333333333 0.0824074074074074
5 0.7635416666666667 0.5097222222222222 0.03020833333333333 0.08796296296296295
5 0.5572916666666666 0.45185185185185184 0.028125 0.10925925925925925
