0 0.24166666666666664 0.6148148148148148 0.04583333333333333 0.17962962962962964
0 0.303125 0.6171296296296296 0.03958333333333333 0.1787037037037037
0 0.32083333333333336 0.6412037037037037 0.04479166666666666 0.16944444444444445
0 0.5401041666666666 0.6268518518518518 0.034375 0.18703703703703703
0 0.575 0.6324074074074073 0.034375 0.18148148148148147
5 0.6473958333333333 0.6333333333333333 0.029166666666666664 0.17407407407407408
0 0.734375 0.5203703703703704 0.02395833333333333 0.0962962962962963
5 0.7231770833333333 0.4763888888888889 0.025520833333333333 0.07685185185185185
0 0.609375 0.6365740740740741 0.03333333333333333 0.1787037037037037
0 0.6903645833333333 0.9453703703703702 0.06302083333333333 0.11111111111111112
0 0.6203125 0.9453703703703702 0.06875 0.11111111111111112
0 0.4614583333333333 0.6157407407407407 0.026041666666666664 0.1259259259259259
0 0.4955729166666666 0.5990740740740741 0.033854166666666664 0.1611111111111111
0 0.4973958333333333 0.6513888888888888 0.03645833333333333 0.16203703703703703
0 0.7041666666666666 0.6231481481481481 0.034375 0.14629629629629629
0 0.59296875 0.6041666666666666 0.028645833333333332 0.13796296296296295
0 0.6421875 0.6083333333333333 0.042708333333333334 0.16296296296296295
0 0.7354166666666666 0.6208333333333333 0.03125 0.14907407407407408
5 0.6416666666666667 0.6023148148148147 0.03020833333333333 0.14351851851851852
0 0.8859375 0.7375 0.05625 0.2009259259259259
0 0.9106770833333334 0.7287037037037036 0.05572916666666666 0.19629629629629627
0 0.8859375 0.7171296296296296 0.034375 0.18796296296296294
0 0.5388020833333333 0.9398148148148147 0.0609375 0.1222222222222222
0 0.9260416666666667 0.7212962962962963 0.042708333333333334 0.18703703703703703
0 0.19114583333333332 0.8143518518518518 0.05416666666666666 0.2398148148148148
0 0.23723958333333334 0.8282407407407406 0.049479166666666664 0.22685185185185186
0 0.2 0.889351851851852 0.0625 0.22314814814814815
0 0.10364583333333333 0.8087962962962962 0.0375 0.21018518518518517
0 0.11119791666666665 0.8347222222222221 0.049479166666666664 0.23796296296296293
0 0.5091145833333333 0.6796296296296296 0.0421875 0.18518518518518517
0 0.7541666666666667 0.6949074074074074 0.040625 0.18981481481481483
0 0.6059895833333333 0.7203703703703703 0.03802083333333333 0.20370370370370366
0 0.6302083333333333 0.7222222222222221 0.03229166666666666 0.17962962962962964
0 0.5934895833333333 0.6930555555555555 0.03802083333333333 0.16203703703703703
0 0.7830729166666666 0.7379629629629629 0.033854166666666664 0.12962962962962962
0 0.73203125 0.7439814814814815 0.0390625 0.15833333333333333
0 0.9424479166666666 0.7712962962962963 0.06510416666666666 0.22037037037037038
0 0.9713541666666666 0.7657407407407406 0.04895833333333333 0.20925925925925926
0 0.7622395833333333 0.7249999999999999 0.04010416666666666 0.1925925925925926
0 0.5778645833333333 0.549537037037037 0.0296875 0.11759259259259258
0 0.5497395833333333 0.5412037037037036 0.03802083333333333 0.13425925925925924
0 0.4497395833333333 0.5412037037037036 0.033854166666666664 0.13425925925925924
0 0.6302083333333333 0.5944444444444444 0.040625 0.16296296296296295
0 0.5252604166666667 0.5203703703703704 0.02239583333333333 0.1037037037037037
0 0.4994791666666667 0.5083333333333333 0.03020833333333333 0.1074074074074074
0 0.46640625 0.5041666666666667 0.0296875 0.12129629629629628
0 0.4296875 0.500925925925926 0.03020833333333333 0.11296296296296296
0 0.4075520833333333 0.5018518518518518 0.025520833333333333 0.11296296296296296
0 0.48203125 0.4833333333333334 0.025520833333333333 0.10925925925925925
0 0.4552083333333333 0.4805555555555555 0.02395833333333333 0.11296296296296296
0 0.43619791666666663 0.4773148148148148 0.021354166666666667 0.12314814814814815
0 0.4213541666666666 0.4833333333333333 0.022916666666666665 0.11481481481481481
0 0.3973958333333333 0.46296296296296297 0.025 0.1074074074074074
0 0.5078125 0.5023148148148148 0.025 0.10648148148148147
5 0.7057291666666667 0.4884259259259259 0.02395833333333333 0.06574074074074074
0 0.7515624999999999 0.4379629629629629 0.019791666666666666 0.07407407407407407
0 0.7588541666666667 0.43287037037037035 0.02708333333333333 0.0824074074074074
5 0.7713541666666667 0.5189814814814815 0.03020833333333333 0.08796296296296295
5 0.5651041666666666 0.46296296296296297 0.025 0.10925925925925925
