0 0.26510416666666664 0.7199074074074073 0.05416666666666666 0.21018518518518517
0 0.3302083333333333 0.7189814814814814 0.05 0.21759259259259256
0 0.3885416666666667 0.7018518518518518 0.03958333333333333 0.1907407407407407
0 0.2653645833333333 0.9087962962962962 0.06927083333333332 0.1824074074074074
0 0.334375 0.9157407407407409 0.06041666666666666 0.1685185185185185
0 0.5723958333333333 0.6435185185185185 0.041666666666666664 0.18888888888888888
0 0.5807291666666667 0.6425925925925926 0.03333333333333333 0.18148148148148147
5 0.6453125 0.6314814814814815 0.028125 0.1685185185185185
0 0.78984375 0.5277777777777778 0.025520833333333333 0.09259259259259259
5 0.7062499999999999 0.4810185185185185 0.026041666666666664 0.07685185185185185
0 0.61953125 0.6518518518518518 0.03802083333333333 0.18148148148148147
0 0.7359375 0.8064814814814815 0.04375 0.22962962962962963
0 0.6901041666666666 0.8074074074074075 0.04791666666666666 0.2333333333333333
0 0.93203125 0.7074074074074074 0.06197916666666666 0.1925925925925926
0 0.4528645833333333 0.55 0.0234375 0.11296296296296296
0 0.4763020833333333 0.5356481481481482 0.03072916666666666 0.1398148148148148
0 0.4338541666666667 0.5768518518518518 0.03020833333333333 0.137037037037037
0 0.5109375 0.5634259259259259 0.03333333333333333 0.13796296296296295
0 0.50390625 0.5388888888888889 0.025520833333333333 0.1259259259259259
0 0.5312499999999999 0.5449074074074074 0.03229166666666666 0.1398148148148148
0 0.5380208333333333 0.5583333333333333 0.03020833333333333 0.12962962962962962
0 0.5671875 0.6856481481481481 0.05416666666666666 0.20277777777777778
5 0.6236979166666666 0.6050925925925925 0.0296875 0.14351851851851852
0 0.5861979166666667 0.6791666666666667 0.0421875 0.18981481481481483
0 0.6075520833333333 0.6782407407407407 0.0359375 0.17314814814814813
0 0.5364583333333333 0.6458333333333333 0.034375 0.175
0 0.6927083333333333 0.6277777777777778 0.03645833333333333 0.15740740740740738
0 0.6986979166666666 0.6277777777777778 0.03072916666666666 0.15185185185185185
0 0.678125 0.7074074074074074 0.04375 0.1759259259259259
0 0.6958333333333333 0.7212962962962962 0.03333333333333333 0.13518518518518519
0 0.7924479166666667 0.7129629629629629 0.056770833333333326 0.19814814814814813
0 0.6385416666666666 0.8055555555555556 0.046875 0.24074074074074076
0 0.7546875 0.6324074074074074 0.03958333333333333 0.17037037037037037
0 0.809375 0.6782407407407407 0.042708333333333334 0.1861111111111111
0 0.8536458333333332 0.7199074074074074 0.06145833333333332 0.17685185185185184
0 0.029947916666666664 0.9143518518518517 0.056770833333333326 0.17129629629629628
0 0.07213541666666666 0.9287037037037038 0.05364583333333332 0.14259259259259258
0 0.36588541666666663 0.8212962962962962 0.04739583333333333 0.20370370370370366
0 0.5419270833333333 0.825 0.07239583333333333 0.22037037037037038
0 0.8330729166666666 0.7810185185185184 0.0546875 0.21018518518518517
0 0.9192708333333333 0.7611111111111111 0.05 0.21296296296296294
0 0.9153645833333334 0.7574074074074073 0.043229166666666666 0.2
0 0.9546874999999998 0.7527777777777778 0.03645833333333333 0.18703703703703703
0 0.4888020833333333 0.4935185185185185 0.0578125 0.10925925925925925
0 0.4630208333333333 0.48657407407407405 0.03229166666666666 0.12314814814814815
0 0.39088541666666665 0.48240740740740734 0.027604166666666662 0.12407407407407407
0 0.4 0.48240740740740734 0.025 0.09074074074074073
0 0.38515625 0.4731481481481481 0.025520833333333333 0.1037037037037037
0 0.3880208333333333 0.47453703703703703 0.025 0.11203703703703702
5 0.6890625 0.4888888888888888 0.02395833333333333 0.06666666666666667
0 0.7294270833333333 0.44722222222222224 0.02239583333333333 0.08148148148148147
0 0.7484375 0.44675925925925924 0.028125 0.08981481481481482
5 0.7484375 0.5199074074074074 0.03020833333333333 0.08796296296296295
5 0.5369791666666667 0.4662037037037036 0.02395833333333333 0.11018518518518519
