0 0.20651041666666664 0.875 0.0671875 0.2518518518518518
0 0.26197916666666665 0.874074074074074 0.059375 0.25
0 0.2869791666666667 0.8444444444444443 0.051041666666666666 0.22407407407407404
0 0.37213541666666666 0.8236111111111111 0.05572916666666666 0.22314814814814815
0 0.4151041666666666 0.825 0.051041666666666666 0.20185185185185187
0 0.7755208333333333 0.7384259259259258 0.04791666666666666 0.21018518518518517
0 0.7895833333333333 0.7305555555555554 0.042708333333333334 0.20370370370370366
5 0.6645833333333333 0.674074074074074 0.03020833333333333 0.1685185185185185
0 0.80546875 0.5703703703703703 0.027604166666666662 0.09259259259259259
5 0.7205729166666666 0.5125 0.027604166666666662 0.07685185185185185
0 0.7143229166666666 0.7106481481481481 0.0421875 0.1824074074074074
0 0.8203125 0.7064814814814815 0.042708333333333334 0.17777777777777776
0 0.6932291666666666 0.7342592592592593 0.041666666666666664 0.19444444444444445
0 0.6208333333333333 0.7268518518518519 0.03958333333333333 0.1907407407407407
0 0.7929687499999999 0.6800925925925926 0.04010416666666666 0.16574074074074072
0 0.4359375 0.5412037037037036 0.02395833333333333 0.09907407407407406
0 0.46171875 0.5208333333333333 0.025520833333333333 0.11203703703703702
0 0.4317708333333333 0.5657407407407407 0.026041666666666664 0.12407407407407407
0 0.459375 0.5523148148148148 0.03020833333333333 0.12314814814814815
0 0.4825520833333333 0.5277777777777778 0.025520833333333333 0.11296296296296296
0 0.5200520833333333 0.5328703703703704 0.0296875 0.12129629629629628
0 0.48828125 0.5523148148148148 0.0296875 0.1287037037037037
0 0.4549479166666667 0.6324074074074073 0.034895833333333334 0.17222222222222222
5 0.64609375 0.6384259259259258 0.0296875 0.14166666666666666
0 0.4833333333333333 0.6347222222222222 0.03125 0.16203703703703703
0 0.51328125 0.6351851851851851 0.03177083333333333 0.14629629629629629
0 0.5388020833333333 0.611111111111111 0.03177083333333333 0.13518518518518519
0 0.5695312499999999 0.6074074074074074 0.033854166666666664 0.13518518518518519
0 0.5609375 0.6023148148148147 0.02708333333333333 0.12685185185185183
0 0.52109375 0.6611111111111111 0.0421875 0.15740740740740738
0 0.5473958333333333 0.6787037037037036 0.02708333333333333 0.12962962962962962
0 0.5703124999999999 0.686574074074074 0.03854166666666666 0.1787037037037037
0 0.5846354166666666 0.7351851851851852 0.04010416666666666 0.19814814814814813
0 0.5958333333333333 0.6046296296296296 0.03020833333333333 0.14074074074074075
0 0.6343749999999999 0.6472222222222223 0.03229166666666666 0.1685185185185185
0 0.6130208333333333 0.6972222222222222 0.03854166666666666 0.15740740740740738
0 0.8604166666666666 0.8685185185185185 0.06458333333333333 0.20370370370370366
5 0.7065104166666666 0.5328703703703703 0.0234375 0.06574074074074074
0 0.6755208333333333 0.49074074074074064 0.02708333333333333 0.09074074074074073
0 0.7036458333333333 0.48749999999999993 0.03020833333333333 0.09166666666666666
5 0.7700520833333333 0.5606481481481481 0.03177083333333333 0.08796296296296295
5 0.5638020833333333 0.5032407407407407 0.0234375 0.11018518518518519
