0 0.14635416666666665 0.875925925925926 0.07291666666666666 0.24814814814814815
0 0.21927083333333336 0.875925925925926 0.06354166666666666 0.25
0 0.24088541666666666 0.8458333333333332 0.0515625 0.2398148148148148
0 0.89375 0.8861111111111111 0.057291666666666664 0.22962962962962963
0 0.3723958333333333 0.7412037037037036 0.05 0.2064814814814815
0 0.41875 0.7430555555555555 0.04895833333333333 0.19166666666666665
0 0.8414062499999998 0.7342592592592592 0.056770833333333326 0.22222222222222224
0 0.8776041666666666 0.7217592592592592 0.03958333333333333 0.20462962962962963
5 0.6572916666666667 0.6342592592592593 0.03020833333333333 0.1685185185185185
0 0.7979166666666667 0.525 0.02708333333333333 0.09259259259259259
5 0.7138020833333333 0.47870370370370374 0.0296875 0.07592592592592592
0 0.7763020833333333 0.6884259259259259 0.04114583333333333 0.19166666666666665
0 0.76953125 0.6370370370370371 0.0421875 0.1648148148148148
0 0.63203125 0.6601851851851851 0.0359375 0.18148148148148147
0 0.5606770833333333 0.6587962962962963 0.0453125 0.18055555555555552
0 0.7401041666666666 0.6189814814814814 0.035416666666666666 0.16574074074074072
0 0.4002604166666666 0.4879629629629629 0.0234375 0.09814814814814814
0 0.4177083333333333 0.47175925925925916 0.026041666666666664 0.11018518518518519
0 0.4236979166666667 0.5120370370370371 0.025520833333333333 0.12407407407407407
0 0.4375 0.5004629629629629 0.02708333333333333 0.12314814814814815
0 0.4442708333333333 0.475925925925926 0.028125 0.11296296296296296
0 0.4786458333333333 0.47870370370370363 0.029166666666666664 0.12407407407407407
0 0.4708333333333333 0.49537037037037035 0.029166666666666664 0.11666666666666665
0 0.4380208333333333 0.5699074074074074 0.035416666666666666 0.15833333333333333
5 0.63203125 0.6055555555555554 0.0296875 0.1537037037037037
0 0.4687499999999999 0.5731481481481482 0.03229166666666666 0.15185185185185185
0 0.4934895833333333 0.5736111111111111 0.03177083333333333 0.1398148148148148
0 0.51015625 0.5541666666666666 0.03177083333333333 0.13425925925925924
0 0.5434895833333333 0.5458333333333333 0.03177083333333333 0.125
0 0.5375 0.5361111111111111 0.028125 0.11851851851851851
0 0.5078125 0.5976851851851852 0.04375 0.1509259259259259
0 0.5302083333333333 0.610648148148148 0.028125 0.11018518518518519
0 0.5408854166666667 0.6166666666666666 0.03802083333333333 0.1759259259259259
0 0.5203125 0.6578703703703704 0.03854166666666666 0.18981481481481483
0 0.5723958333333333 0.5481481481481482 0.029166666666666664 0.1388888888888889
0 0.5890625 0.5898148148148148 0.0375 0.17037037037037037
0 0.5807291666666666 0.6314814814814815 0.03854166666666666 0.15185185185185185
5 0.6973958333333333 0.49305555555555547 0.02395833333333333 0.06574074074074074
0 0.6463541666666666 0.45972222222222225 0.028125 0.08981481481481482
0 0.6625 0.4583333333333333 0.03333333333333333 0.09814814814814814
5 0.7625 0.5217592592592593 0.03125 0.08796296296296295
5 0.5588541666666667 0.4643518518518518 0.02395833333333333 0.11018518518518519
