0 0.284375 0.6518518518518518 0.05 0.1907407407407407
0 0.34322916666666664 0.6523148148148148 0.04375 0.19907407407407407
0 0.42734375 0.6560185185185186 0.04427083333333333 0.16944444444444445
0 0.17526041666666667 0.9731481481481481 0.04739583333333333 0.0537037037037037
0 0.5317708333333333 0.6101851851851852 0.035416666666666666 0.17962962962962964
0 0.5622395833333333 0.6125 0.033854166666666664 0.17685185185185184
5 0.6544270833333333 0.6222222222222222 0.027604166666666662 0.1685185185185185
0 0.7864583333333333 0.5060185185185185 0.02395833333333333 0.09351851851851851
5 0.7140624999999999 0.4689814814814815 0.026041666666666664 0.07685185185185185
0 0.6205729166666667 0.6291666666666667 0.03802083333333333 0.16944444444444445
0 0.72578125 0.8837962962962962 0.05364583333333332 0.23055555555555554
0 0.675 0.8856481481481481 0.06458333333333333 0.23055555555555554
0 0.4643229166666666 0.5722222222222222 0.0234375 0.11296296296296296
0 0.4940104166666667 0.5587962962962962 0.03177083333333333 0.14907407407407408
0 0.4630208333333333 0.6050925925925925 0.03020833333333333 0.1472222222222222
0 0.5799479166666667 0.5879629629629629 0.03802083333333333 0.14259259259259258
0 0.5244791666666666 0.5583333333333333 0.026041666666666664 0.13518518518518519
0 0.5486979166666666 0.561574074074074 0.033854166666666664 0.14537037037037037
0 0.6052083333333333 0.5856481481481481 0.03125 0.14907407407407408
0 0.8140625 0.7064814814814814 0.05416666666666666 0.20555555555555555
5 0.6377604166666666 0.5912037037037037 0.0296875 0.14351851851851852
0 0.81171875 0.7 0.0390625 0.19444444444444445
0 0.8382812499999999 0.6990740740740741 0.03802083333333333 0.18703703703703703
0 0.7171875 0.6824074074074074 0.03958333333333333 0.18518518518518517
0 0.79296875 0.6703703703703703 0.04427083333333333 0.18518518518518517
0 0.8190104166666666 0.6606481481481481 0.0328125 0.16759259259259257
0 0.9062499999999998 0.7282407407407407 0.06145833333333332 0.18796296296296294
0 0.9309895833333333 0.7379629629629629 0.03802083333333333 0.14629629629629629
0 0.5994791666666667 0.8800925925925925 0.05833333333333333 0.2398148148148148
0 0.8479166666666667 0.6597222222222221 0.041666666666666664 0.17314814814814813
0 0.1171875 0.8699074074074072 0.0625 0.24537037037037038
0 0.17786458333333333 0.8842592592592592 0.0546875 0.2333333333333333
0 0.11328125 0.9259259259259259 0.0546875 0.15
0 0.18333333333333332 0.8032407407407407 0.04375 0.20462962962962963
0 0.2515625 0.8236111111111111 0.053125 0.22314814814814815
0 0.6403645833333333 0.7189814814814814 0.04010416666666666 0.1935185185185185
0 0.7984375 0.7324074074074074 0.05625 0.20370370370370366
0 0.7153645833333333 0.7300925925925925 0.04635416666666666 0.21018518518518517
0 0.7166666666666667 0.7305555555555554 0.03645833333333333 0.18518518518518517
0 0.7570312499999999 0.7277777777777777 0.043229166666666666 0.1759259259259259
0 0.8333333333333333 0.7662037037037037 0.042708333333333334 0.1324074074074074
0 0.9166666666666666 0.7675925925925926 0.051041666666666666 0.1685185185185185
0 0.9296875 0.7444444444444444 0.05 0.19814814814814813
0 0.5473958333333333 0.5087962962962963 0.028125 0.10648148148148147
0 0.5151041666666666 0.5032407407407408 0.03125 0.12685185185185183
0 0.4309895833333333 0.5018518518518518 0.0296875 0.1259259259259259
0 0.7674479166666667 0.5787037037037036 0.034895833333333334 0.14814814814814814
0 0.4859374999999999 0.4879629629629629 0.022916666666666665 0.09074074074074073
0 0.4619791666666667 0.48472222222222217 0.02708333333333333 0.10462962962962963
0 0.4229166666666666 0.4768518518518518 0.029166666666666664 0.11296296296296296
0 0.4 0.47638888888888886 0.029166666666666664 0.11203703703703702
0 0.3880208333333333 0.4731481481481482 0.021875 0.1074074074074074
0 0.3911458333333333 0.4624999999999999 0.02395833333333333 0.11018518518518519
0 0.4778645833333333 0.47453703703703703 0.025520833333333333 0.10462962962962963
5 0.6994791666666667 0.4810185185185184 0.02395833333333333 0.06574074074074074
0 0.7484375 0.42777777777777776 0.01875 0.07407407407407407
0 0.7541666666666667 0.4291666666666666 0.02708333333333333 0.0824074074074074
5 0.7630208333333333 0.5097222222222222 0.03020833333333333 0.08796296296296295
5 0.5567708333333333 0.4527777777777778 0.028125 0.10925925925925925
