0 0.2203125 0.861574074074074 0.06458333333333333 0.2509259259259259
0 0.2770833333333333 0.8629629629629629 0.059375 0.2574074074074074
0 0.30416666666666664 0.825462962962963 0.051041666666666666 0.21759259259259256
0 0.3684895833333333 0.8453703703703702 0.0546875 0.23148148148148148
0 0.40859375 0.8490740740740741 0.0546875 0.2111111111111111
0 0.7424479166666667 0.7273148148148147 0.049479166666666664 0.2009259259259259
0 0.7526041666666667 0.7212962962962962 0.042708333333333334 0.19629629629629627
5 0.6643229166666667 0.6768518518518518 0.0296875 0.1685185185185185
0 0.8065104166666666 0.5648148148148148 0.027604166666666662 0.09259259259259259
5 0.7223958333333333 0.5166666666666667 0.02708333333333333 0.07592592592592592
0 0.6880208333333333 0.7087962962962963 0.041666666666666664 0.1824074074074074
0 0.8307291666666666 0.7171296296296296 0.040625 0.18796296296296294
0 0.72578125 0.7462962962962962 0.05052083333333333 0.19629629629629627
0 0.6526041666666667 0.7449074074074074 0.04375 0.19537037037037036
0 0.8065104166666666 0.6930555555555555 0.04010416666666666 0.16944444444444445
0 0.4432291666666667 0.5476851851851852 0.02395833333333333 0.10462962962962963
0 0.4705729166666667 0.5324074074074074 0.028645833333333332 0.11481481481481481
0 0.4325520833333333 0.575 0.0265625 0.12407407407407407
0 0.4723958333333333 0.5634259259259259 0.03229166666666666 0.12314814814814815
0 0.4903645833333333 0.537037037037037 0.025520833333333333 0.11296296296296296
0 0.53203125 0.5439814814814814 0.0296875 0.12314814814814815
0 0.5010416666666667 0.5592592592592591 0.03020833333333333 0.12962962962962962
0 0.4661458333333333 0.6504629629629629 0.05 0.17314814814814813
5 0.6479166666666666 0.6421296296296296 0.028125 0.14351851851851852
0 0.4893229166666667 0.648611111111111 0.03177083333333333 0.16574074074074072
0 0.5231770833333333 0.6425925925925926 0.033854166666666664 0.15
0 0.5494791666666666 0.625462962962963 0.03125 0.1398148148148148
0 0.5822916666666667 0.6199074074074074 0.035416666666666666 0.1361111111111111
0 0.5697916666666667 0.6087962962962963 0.02708333333333333 0.12685185185185183
0 0.5268229166666666 0.6777777777777778 0.0421875 0.16296296296296295
0 0.5578125 0.6935185185185184 0.02708333333333333 0.12962962962962962
0 0.5861979166666667 0.7032407407407407 0.03802083333333333 0.1935185185185185
0 0.6145833333333333 0.7453703703703703 0.040625 0.2
0 0.6026041666666667 0.6157407407407407 0.03020833333333333 0.14074074074074075
0 0.6614583333333333 0.6592592592592592 0.034375 0.1685185185185185
0 0.6320312499999999 0.7143518518518518 0.03697916666666666 0.1638888888888889
0 0.7927083333333333 0.8657407407407407 0.05416666666666666 0.20370370370370366
0 0.94140625 0.8393518518518519 0.0609375 0.2064814814814815
0 0.4020833333333333 0.5083333333333333 0.025 0.10555555555555556
5 0.709375 0.5319444444444443 0.02395833333333333 0.06574074074074074
0 0.6885416666666666 0.4888888888888888 0.026041666666666664 0.09074074074074073
0 0.7158854166666666 0.48657407407407405 0.0296875 0.08981481481481482
5 0.7692708333333333 0.5587962962962962 0.03125 0.08796296296296295
5 0.5630208333333333 0.5069444444444444 0.022916666666666665 0.11018518518518519
