0 0.8513020833333333 0.5671296296296297 0.025520833333333333 0.11574074074074073
0 0.7468750000000001 0.5578703703703703 0.021875000000000002 0.11388888888888889
0 0.178125 0.537962962962963 0.014583333333333334 0.06481481481481481
0 0.6236979166666666 0.5384259259259259 0.018229166666666668 0.08425925925925926
0 0.6354166666666669 0.5208333333333334 0.011458333333333334 0.058333333333333334
0 0.2869791666666667 0.4930555555555555 0.00625 0.032407407407407406
0 0.12760416666666666 0.537037037037037 0.009375 0.059259259259259255
0 0.46953125 0.48935185185185187 0.009895833333333335 0.04351851851851852
0 0.17239583333333336 0.538425925925926 0.009375 0.06574074074074074
0 0.17473958333333336 0.5472222222222223 0.011979166666666666 0.06111111111111111
0 0.12291666666666667 0.5393518518518517 0.0125 0.06759259259259259
0 0.14401041666666667 0.5342592592592592 0.013020833333333334 0.06296296296296296
0 0.5023437500000001 0.5083333333333333 0.010937500000000001 0.0537037037037037
0 0.5648437500000001 0.5074074074074074 0.011979166666666666 0.05555555555555555
0 0.5541666666666667 0.5101851851851851 0.011458333333333334 0.0574074074074074
0 0.65234375 0.5148148148148147 0.015104166666666667 0.0685185185185185
0 0.6010416666666667 0.5046296296296295 0.008333333333333333 0.0574074074074074
0 0.61484375 0.5041666666666667 0.015104166666666667 0.06018518518518518
0 0.5106770833333334 0.5060185185185184 0.008854166666666666 0.05648148148148148
