0 0.8489583333333334 0.5810185185185185 0.028125 0.13796296296296295
0 0.9203125 0.549537037037037 0.01979166666666667 0.0898148148148148
0 0.8888020833333333 0.5351851851851851 0.0203125 0.08888888888888888
0 0.19713541666666667 0.5694444444444444 0.022395833333333334 0.10925925925925925
0 0.2234375 0.5703703703703703 0.02395833333333333 0.10925925925925925
0 0.3013020833333333 0.5458333333333333 0.016145833333333335 0.0861111111111111
0 0.2864583333333333 0.548611111111111 0.016666666666666666 0.0824074074074074
0 0.33125 0.5421296296296296 0.016666666666666666 0.0824074074074074
0 0.31796875 0.5430555555555555 0.016145833333333335 0.09166666666666666
0 0.8338541666666667 0.499537037037037 0.011458333333333334 0.045370370370370366
0 0.73203125 0.5 0.011979166666666666 0.05555555555555555
0 0.8270833333333334 0.5009259259259259 0.010416666666666666 0.05
0 0.5442708333333334 0.4722222222222222 0.008333333333333333 0.029629629629629627
0 0.28020833333333334 0.5231481481481481 0.011458333333333334 0.07777777777777777
0 0.29062499999999997 0.5333333333333333 0.015625 0.09074074074074073
0 0.6458333333333334 0.4754629629629629 0.008333333333333333 0.03796296296296296
0 0.8736979166666666 0.49861111111111106 0.016145833333333335 0.05277777777777778
0 0.4122395833333333 0.4930555555555555 0.008854166666666666 0.047222222222222214
0 0.43020833333333336 0.4976851851851851 0.009375 0.04907407407407407
0 0.39453125000000006 0.4907407407407407 0.010937500000000001 0.04814814814814815
0 0.6666666666666669 0.48194444444444445 0.011458333333333334 0.04351851851851852
0 0.6776041666666666 0.48333333333333334 0.009375 0.046296296296296294
0 0.7270833333333334 0.49212962962962964 0.011458333333333334 0.047222222222222214
0 0.2736979166666667 0.5402777777777777 0.015104166666666667 0.06944444444444443
0 0.7799479166666666 0.48981481481481476 0.009895833333333335 0.04814814814814815
