0 0.026562500000000003 0.7416666666666667 0.025 0.16666666666666666
0 0.6716145833333333 0.5407407407407407 0.009895833333333335 0.05185185185185184
0 0.0046875 0.7476851851851851 0.01875 0.15833333333333333
0 0.001041666666666667 0.7615740740740741 0.017708333333333333 0.15648148148148147
0 0.72421875 0.5328703703703703 0.010937500000000001 0.05648148148148148
0 0.8289062500000001 0.5740740740740741 0.019270833333333334 0.09074074074074073
0 0.803125 0.5736111111111111 0.01979166666666667 0.0824074074074074
0 0.7861979166666666 0.5824074074074074 0.013020833333333334 0.08703703703703704
0 0.7937500000000001 0.5777777777777777 0.016666666666666666 0.08888888888888888
0 0.71484375 0.5337962962962962 0.010937500000000001 0.054629629629629625
0 0.7080729166666667 0.5291666666666666 0.016145833333333335 0.05648148148148148
0 0.7817708333333334 0.775 0.04479166666666667 0.2111111111111111
0 0.8369791666666666 0.736111111111111 0.051041666666666666 0.2
0 0.7083333333333334 0.6916666666666665 0.03333333333333333 0.18888888888888886
0 0.8195312499999999 0.5847222222222223 0.017187499999999998 0.09351851851851851
0 0.72578125 0.7041666666666667 0.03072916666666667 0.20277777777777778
0 0.7486979166666666 0.5847222222222223 0.018229166666666668 0.08425925925925926
0 0.77109375 0.5847222222222223 0.022395833333333334 0.08425925925925926
0 0.8864583333333333 0.6351851851851851 0.026041666666666668 0.12962962962962962
0 0.8455729166666667 0.7189814814814814 0.0390625 0.20277777777777778
0 0.9127604166666669 0.6287037037037037 0.02447916666666667 0.12222222222222222
0 0.8911458333333333 0.6125 0.025 0.1175925925925926
0 0.7283854166666667 0.5833333333333333 0.025520833333333333 0.0962962962962963
