0 0.9052083333333334 0.5949074074074073 0.03333333333333333 0.17314814814814813
0 0.11510416666666667 0.6009259259259259 0.01875 0.0962962962962963
0 0.9216145833333333 0.6731481481481482 0.0546875 0.2111111111111111
0 0.5372395833333333 0.49675925925925923 0.010937500000000001 0.03796296296296296
0 0.10260416666666668 0.600925925925926 0.016666666666666666 0.09444444444444443
0 0.10338541666666667 0.6129629629629628 0.015104166666666667 0.0962962962962963
0 0.03072916666666667 0.6087962962962963 0.01979166666666667 0.09537037037037037
0 0.653125 0.5662037037037037 0.02291666666666667 0.09907407407407406
0 0.659375 0.5532407407407407 0.020833333333333332 0.11574074074074073
0 0.022395833333333334 0.6101851851851853 0.020833333333333332 0.10185185185185185
0 0.5877604166666667 0.5254629629629629 0.019270833333333334 0.07129629629629629
0 0.5697916666666667 0.5189814814814814 0.0125 0.06018518518518518
0 0.6028645833333334 0.5259259259259259 0.013020833333333334 0.07037037037037037
