0 0.7481770833333334 0.576388888888889 0.02447916666666667 0.1361111111111111
0 0.06875 0.5847222222222223 0.01875 0.0861111111111111
0 0.68359375 0.5921296296296297 0.03177083333333333 0.1324074074074074
0 0.5690104166666667 0.5412037037037037 0.016145833333333335 0.08055555555555555
0 0.44921875 0.5013888888888889 0.009895833333333335 0.045370370370370366
0 0.6192708333333333 0.5222222222222223 0.0125 0.07777777777777777
0 0.06276041666666667 0.5856481481481481 0.0140625 0.08425925925925926
0 0.0625 0.5967592592592592 0.014583333333333334 0.0824074074074074
0 0.00026041666666666726 0.5916666666666667 0.010937500000000001 0.08333333333333333
0 0.52734375 0.5171296296296296 0.011979166666666666 0.06388888888888888
0 0.5682291666666667 0.5425925925925925 0.016666666666666666 0.07962962962962963
0 0.20416666666666666 0.5111111111111111 0.008333333333333333 0.03333333333333333
0 0.5830729166666667 0.5375 0.018229166666666668 0.0861111111111111
0 0.59765625 0.5351851851851852 0.022395833333333334 0.08703703703703704
0 0.5424479166666667 0.5194444444444444 0.015104166666666667 0.06481481481481481
0 0.5611979166666666 0.5157407407407407 0.011979166666666666 0.06666666666666667
0 0.4752604166666667 0.5208333333333333 0.013020833333333334 0.06203703703703703
