0 0.8255208333333335 0.5810185185185185 0.027083333333333334 0.13055555555555556
0 0.8979166666666666 0.5504629629629628 0.02291666666666667 0.08796296296296297
0 0.8700520833333334 0.5347222222222221 0.019270833333333334 0.08425925925925926
0 0.21302083333333335 0.5712962962962963 0.020833333333333332 0.10555555555555556
0 0.2375 0.5745370370370371 0.02395833333333333 0.11018518518518518
0 0.3127604166666667 0.5472222222222222 0.017187499999999998 0.08148148148148147
0 0.2984375 0.5527777777777777 0.015625 0.07962962962962963
0 0.33880208333333334 0.5365740740740741 0.016145833333333335 0.0787037037037037
0 0.32317708333333334 0.5421296296296296 0.0140625 0.0787037037037037
0 0.8317708333333335 0.5046296296296297 0.011458333333333334 0.04259259259259259
0 0.7236979166666667 0.5027777777777778 0.010937500000000001 0.05555555555555555
0 0.8276041666666666 0.5083333333333333 0.0125 0.04814814814814815
0 0.5513020833333334 0.47870370370370363 0.0067708333333333336 0.027777777777777776
0 0.2924479166666667 0.5310185185185186 0.009895833333333335 0.0787037037037037
0 0.3013020833333333 0.5375 0.0140625 0.08796296296296297
0 0.6447916666666667 0.48148148148148145 0.008333333333333333 0.03703703703703704
0 0.8760416666666667 0.5013888888888889 0.016666666666666666 0.05092592592592592
0 0.41484375 0.500462962962963 0.008854166666666666 0.047222222222222214
0 0.4330729166666667 0.5027777777777778 0.009895833333333335 0.05
0 0.39817708333333335 0.4958333333333333 0.010937500000000001 0.045370370370370366
0 0.7283854166666667 0.4939814814814814 0.010937500000000001 0.041666666666666664
0 0.2893229166666667 0.5444444444444444 0.015104166666666667 0.06666666666666667
0 0.7794270833333333 0.4972222222222221 0.009895833333333335 0.04814814814814815
