0 0.14036458333333335 0.6476851851851853 0.019270833333333334 0.12685185185185185
0 0.6416666666666666 0.5134259259259258 0.0125 0.05277777777777778
0 0.1234375 0.6509259259259258 0.020833333333333332 0.12222222222222222
0 0.12786458333333334 0.6620370370370369 0.017187499999999998 0.12037037037037036
0 0.1203125 0.6703703703703704 0.015625 0.11666666666666667
0 0.030208333333333334 0.6629629629629629 0.026041666666666668 0.12037037037037036
0 0.6963541666666666 0.5037037037037037 0.010416666666666666 0.0537037037037037
0 0.6815104166666666 0.5050925925925925 0.011979166666666666 0.054629629629629625
0 0.6690104166666667 0.5013888888888889 0.0140625 0.05277777777777778
0 0.75234375 0.6291666666666667 0.0328125 0.1361111111111111
0 0.8187500000000001 0.610648148148148 0.027083333333333334 0.13796296296296295
0 0.73203125 0.6083333333333332 0.0328125 0.13888888888888887
0 0.76171875 0.537037037037037 0.015104166666666667 0.07592592592592592
0 0.9294270833333335 0.5537037037037037 0.019270833333333334 0.09444444444444443
0 0.7604166666666669 0.6083333333333333 0.03229166666666667 0.15185185185185185
0 0.021354166666666667 0.6648148148148147 0.028125 0.12962962962962962
0 0.7307291666666667 0.5388888888888889 0.017708333333333333 0.07592592592592592
0 0.7510416666666666 0.5361111111111111 0.015625 0.06296296296296296
0 0.7742187500000001 0.5537037037037037 0.0140625 0.07222222222222222
0 0.8067708333333333 0.6027777777777779 0.017708333333333333 0.137037037037037
0 0.7984375 0.5532407407407407 0.014583333333333334 0.07129629629629629
0 0.6947916666666667 0.5351851851851852 0.021875000000000002 0.07037037037037037
0 0.7208333333333334 0.538425925925926 0.013541666666666667 0.058333333333333334
0 0.7114583333333334 0.537962962962963 0.0125 0.059259259259259255
