0 0.8523437500000001 0.5842592592592593 0.0421875 0.1648148148148148
0 0.10286458333333333 0.6 0.018229166666666668 0.09444444444444443
0 0.8440104166666667 0.6402777777777777 0.033854166666666664 0.18055555555555552
0 0.51328125 0.5009259259259259 0.013020833333333334 0.04444444444444444
0 0.70703125 0.5282407407407407 0.016145833333333335 0.08055555555555555
0 0.090625 0.599537037037037 0.015625 0.09166666666666666
0 0.09088541666666668 0.6125 0.015104166666666667 0.09351851851851851
0 0.022395833333333334 0.6069444444444444 0.015625 0.09166666666666666
0 0.6338541666666667 0.5560185185185186 0.021875000000000002 0.09537037037037037
0 0.25286458333333334 0.5148148148148148 0.0078125 0.03888888888888888
0 0.5927083333333334 0.5078703703703703 0.014583333333333334 0.06018518518518518
0 0.6575520833333334 0.548148148148148 0.018229166666666668 0.1074074074074074
0 0.0125 0.6074074074074074 0.01875 0.09444444444444443
0 0.5643229166666667 0.5249999999999999 0.019270833333333334 0.07037037037037037
0 0.5414062500000001 0.5222222222222221 0.013020833333333334 0.06481481481481481
0 0.57734375 0.5259259259259259 0.010937500000000001 0.06666666666666667
