0 0.64140625 0.5148148148148147 0.009895833333333335 0.0537037037037037
0 0.7567708333333334 0.5708333333333333 0.025 0.11203703703703702
0 0.7328125 0.5652777777777778 0.02291666666666667 0.09722222222222222
0 0.7130208333333333 0.5717592592592593 0.014583333333333334 0.10277777777777777
0 0.7229166666666667 0.5722222222222222 0.02291666666666667 0.10185185185185185
0 0.6322916666666666 0.5171296296296296 0.014583333333333334 0.06574074074074074
0 0.6859375 0.8861111111111111 0.0625 0.3055555555555555
0 0.6736979166666667 0.8324074074074074 0.059895833333333336 0.28518518518518515
0 0.5447916666666667 0.736111111111111 0.042708333333333334 0.23888888888888887
0 0.746875 0.5708333333333333 0.017708333333333333 0.09351851851851851
0 0.5687500000000001 0.75 0.05520833333333334 0.25925925925925924
0 0.6526041666666667 0.5782407407407407 0.02395833333333333 0.10833333333333334
0 0.6841145833333334 0.5754629629629628 0.0265625 0.11203703703703702
0 0.8963541666666667 0.650462962962963 0.03333333333333333 0.16574074074074074
0 0.69921875 0.798148148148148 0.0484375 0.25740740740740736
0 0.9249999999999999 0.6435185185185185 0.04583333333333334 0.14259259259259258
0 0.8885416666666667 0.6231481481481481 0.03125 0.15185185185185185
0 0.6497395833333334 0.5648148148148148 0.025520833333333333 0.09814814814814814
