0 0.8828125 0.6180555555555555 0.034374999999999996 0.16388888888888886
0 0.9364583333333334 0.5601851851851851 0.02395833333333333 0.09259259259259259
0 0.9018229166666667 0.5388888888888889 0.019270833333333334 0.09259259259259259
0 0.14947916666666666 0.5736111111111111 0.02395833333333333 0.11944444444444444
0 0.17682291666666666 0.5800925925925925 0.0265625 0.1175925925925926
0 0.25911458333333337 0.5569444444444444 0.022395833333333334 0.09722222222222222
0 0.2421875 0.5606481481481481 0.016666666666666666 0.09351851851851851
0 0.2947916666666667 0.538888888888889 0.01875 0.09074074074074073
0 0.2825520833333333 0.5523148148148148 0.019270833333333334 0.10277777777777777
0 0.8234375 0.5027777777777778 0.0125 0.046296296296296294
0 0.7265625 0.5078703703703703 0.0125 0.058333333333333334
0 0.81015625 0.5032407407407408 0.010937500000000001 0.04907407407407407
0 0.5177083333333333 0.4699074074074074 0.007291666666666667 0.0287037037037037
0 0.2421875 0.5277777777777778 0.011458333333333334 0.07777777777777777
0 0.37890625 0.487962962962963 0.0078125 0.03888888888888888
0 0.24505208333333334 0.5476851851851852 0.016145833333333335 0.09722222222222222
0 0.6315104166666669 0.4759259259259259 0.008854166666666666 0.03703703703703704
0 0.3919270833333334 0.4930555555555555 0.010937500000000001 0.05092592592592592
0 0.4067708333333333 0.5 0.010416666666666666 0.05185185185185184
0 0.36875 0.4921296296296296 0.010416666666666666 0.05648148148148148
0 0.8169270833333333 0.49861111111111106 0.011979166666666666 0.054629629629629625
0 0.821875 0.4972222222222222 0.008333333333333333 0.0537037037037037
0 0.6552083333333334 0.48935185185185187 0.011458333333333334 0.04351851851851852
0 0.6653645833333334 0.4916666666666666 0.009895833333333335 0.04444444444444444
0 0.7083333333333334 0.4930555555555555 0.0125 0.045370370370370366
0 0.73671875 0.49999999999999994 0.011979166666666666 0.04814814814814815
0 0.225 0.5555555555555556 0.015625 0.07777777777777777
0 0.8299479166666667 0.5004629629629629 0.013020833333333334 0.04907407407407407
