0 0.9768229166666667 0.7657407407407407 0.0609375 0.27777777777777773
0 0.9026041666666667 0.5717592592592592 0.03229166666666667 0.10462962962962963
0 0.8333333333333334 0.5611111111111111 0.02291666666666667 0.1074074074074074
0 0.004687500000000001 0.6458333333333334 0.030208333333333334 0.14351851851851852
0 0.09166666666666667 0.5967592592592592 0.02291666666666667 0.12129629629629629
0 0.03671875 0.6407407407407407 0.03072916666666667 0.1537037037037037
0 0.7109375 0.5203703703703704 0.013541666666666667 0.05
0 0.6622395833333334 0.5328703703703703 0.016145833333333335 0.07314814814814814
0 0.7119791666666666 0.5134259259259258 0.010416666666666666 0.05277777777777778
0 0.38385416666666666 0.4888888888888888 0.007291666666666667 0.03148148148148148
0 0.03307291666666667 0.5837962962962963 0.0234375 0.11018518518518518
0 0.2390625 0.5185185185185185 0.009375 0.0537037037037037
0 0.0 0.6361111111111111 0.02447916666666667 0.14814814814814817
0 0.534375 0.48935185185185187 0.008333333333333333 0.03796296296296296
0 0.7338541666666666 0.512962962962963 0.0125 0.06481481481481481
0 0.27005208333333336 0.5203703703703704 0.009895833333333335 0.059259259259259255
0 0.27578125000000003 0.5268518518518518 0.010937500000000001 0.06111111111111111
0 0.228125 0.5231481481481481 0.011458333333333334 0.06296296296296296
0 0.25234375000000003 0.5143518518518518 0.010937500000000001 0.05648148148148148
0 0.5640625 0.5046296296296295 0.010416666666666666 0.046296296296296294
0 0.57421875 0.5078703703703703 0.013020833333333334 0.04907407407407407
0 0.6408854166666667 0.5074074074074074 0.010937500000000001 0.05185185185185184
0 0.6307291666666667 0.5097222222222222 0.011458333333333334 0.054629629629629625
0 0.7403645833333333 0.5162037037037037 0.009895833333333335 0.06388888888888888
0 0.696875 0.5097222222222222 0.0125 0.058333333333333334
0 0.7252604166666666 0.5138888888888888 0.009895833333333335 0.0574074074074074
0 0.59296875 0.5069444444444444 0.009895833333333335 0.04351851851851852
0 0.6505208333333333 0.5074074074074074 0.0125 0.04814814814814815
