0 0.7372395833333334 0.549537037037037 0.017187499999999998 0.08796296296296297
0 0.7973958333333333 0.5439814814814814 0.01979166666666667 0.07314814814814814
0 0.8369791666666667 0.6162037037037037 0.027083333333333334 0.1175925925925926
0 0.8872395833333334 0.6166666666666666 0.035937500000000004 0.12222222222222222
0 0.77734375 0.5314814814814814 0.016145833333333335 0.07777777777777777
0 0.011979166666666667 0.7273148148148147 0.025 0.09907407407407406
0 0.06848958333333334 0.6092592592592592 0.02447916666666667 0.14629629629629629
0 0.11744791666666668 0.6212962962962963 0.025520833333333333 0.14444444444444443
0 0.2635416666666667 0.548611111111111 0.017708333333333333 0.0861111111111111
0 0.2856770833333333 0.5532407407407407 0.016145833333333335 0.08796296296296297
0 0.34296875 0.524537037037037 0.013020833333333334 0.06759259259259259
0 0.334375 0.5287037037037037 0.011458333333333334 0.06111111111111111
0 0.3596354166666667 0.5157407407407407 0.011979166666666666 0.059259259259259255
0 0.5653645833333334 0.4819444444444444 0.0067708333333333336 0.025
0 0.3263020833333333 0.5171296296296296 0.0078125 0.06759259259259259
0 0.6270833333333333 0.4847222222222222 0.007291666666666667 0.032407407407407406
0 0.6742187500000001 0.4939814814814814 0.010937500000000001 0.041666666666666664
0 0.4182291666666667 0.4939814814814814 0.008333333333333333 0.041666666666666664
0 0.43645833333333334 0.5004629629629629 0.008333333333333333 0.03981481481481482
0 0.4083333333333333 0.49629629629629624 0.008333333333333333 0.04444444444444444
0 0.7674479166666667 0.5 0.013020833333333334 0.03888888888888888
