0 0.921875 0.6828703703703702 0.04583333333333334 0.2046296296296296
0 0.9296875 0.5736111111111111 0.02291666666666667 0.09907407407407406
0 0.8768229166666667 0.5583333333333333 0.018229166666666668 0.10185185185185185
0 0.043750000000000004 0.6041666666666665 0.028125 0.13796296296296295
0 0.07578125000000001 0.611111111111111 0.035937500000000004 0.13518518518518519
0 0.15520833333333334 0.5962962962962962 0.02395833333333333 0.11296296296296296
0 0.13072916666666667 0.6013888888888889 0.017708333333333333 0.10648148148148147
0 0.20703125 0.5666666666666667 0.019270833333333334 0.1
0 0.18645833333333336 0.5921296296296297 0.02291666666666667 0.12314814814814815
0 0.7791666666666667 0.5203703703703704 0.013541666666666667 0.05
0 0.7 0.5268518518518518 0.014583333333333334 0.06481481481481481
0 0.7630208333333334 0.5162037037037036 0.010416666666666666 0.05277777777777778
0 0.45729166666666665 0.4851851851851851 0.007291666666666667 0.03148148148148148
0 0.15130208333333334 0.549537037037037 0.0140625 0.0861111111111111
0 0.31953125 0.5050925925925926 0.008854166666666666 0.04351851851851852
0 0.14296874999999998 0.5856481481481481 0.021354166666666667 0.11944444444444444
0 0.5880208333333333 0.4888888888888889 0.009375 0.04074074074074074
0 0.33619791666666665 0.5115740740740741 0.009895833333333335 0.058333333333333334
0 0.34739583333333335 0.5166666666666666 0.010416666666666666 0.0574074074074074
0 0.3065104166666667 0.5092592592592592 0.009895833333333335 0.0574074074074074
0 0.328125 0.5037037037037037 0.010416666666666666 0.05555555555555555
0 0.7588541666666667 0.5125 0.011458333333333334 0.05648148148148148
0 0.6143229166666666 0.5013888888888889 0.009895833333333335 0.04351851851851852
0 0.6229166666666667 0.5060185185185185 0.011458333333333334 0.045370370370370366
0 0.6567708333333333 0.5046296296296295 0.009375 0.04444444444444444
0 0.6971354166666666 0.5078703703703703 0.011979166666666666 0.04907407407407407
0 0.6903645833333334 0.5143518518518518 0.013020833333333334 0.05092592592592592
0 0.11223958333333332 0.5935185185185186 0.016145833333333335 0.09444444444444443
0 0.8013020833333334 0.512962962962963 0.010937500000000001 0.0574074074074074
0 0.7815104166666667 0.5143518518518518 0.011979166666666666 0.05277777777777778
0 0.7057291666666669 0.5027777777777778 0.011458333333333334 0.04814814814814815
