0 0.865625 0.5736111111111111 0.03333333333333333 0.12314814814814815
0 0.7072916666666667 0.5689814814814814 0.026041666666666668 0.11944444444444444
0 0.10260416666666668 0.5675925925925926 0.014583333333333334 0.07037037037037037
0 0.6205729166666666 0.5597222222222222 0.022395833333333334 0.09537037037037037
0 0.5770833333333333 0.5347222222222222 0.0125 0.06574074074074074
0 0.03229166666666667 0.5703703703703703 0.013541666666666667 0.07222222222222222
0 0.4356770833333333 0.5013888888888889 0.0078125 0.04351851851851852
0 0.09505208333333333 0.5671296296296295 0.010937500000000001 0.075
0 0.09609375 0.575462962962963 0.013020833333333334 0.06944444444444443
0 0.036458333333333336 0.5717592592592593 0.013541666666666667 0.07685185185185185
0 0.04921875 0.5638888888888888 0.015104166666666667 0.07962962962962963
0 0.5208333333333334 0.5175925925925926 0.014583333333333334 0.0574074074074074
0 0.5109374999999999 0.5194444444444444 0.011458333333333334 0.06111111111111111
0 0.5776041666666667 0.5351851851851851 0.013541666666666667 0.06481481481481481
0 0.5888020833333334 0.5282407407407407 0.011979166666666666 0.07314814814814814
0 0.49921875000000004 0.5166666666666666 0.011979166666666666 0.04814814814814815
0 0.6013020833333335 0.5291666666666667 0.016145833333333335 0.07685185185185185
0 0.5453125000000001 0.5171296296296296 0.015625 0.06388888888888888
0 0.5588541666666667 0.5120370370370371 0.013541666666666667 0.059259259259259255
0 0.48984375 0.5185185185185185 0.011979166666666666 0.06296296296296296
0 0.4669270833333333 0.5199074074074074 0.011979166666666666 0.05277777777777778
