0 0.9552083333333334 0.7277777777777777 0.058333333333333334 0.25
0 0.9130208333333334 0.5722222222222222 0.028125 0.10370370370370369
0 0.8513020833333333 0.5597222222222221 0.025520833333333333 0.10462962962962963
0 0.058854166666666666 0.6263888888888888 0.026041666666666668 0.125
0 0.028645833333333332 0.6277777777777779 0.027083333333333334 0.12037037037037036
0 0.13307291666666665 0.5847222222222221 0.021354166666666667 0.11388888888888889
0 0.09244791666666669 0.6208333333333333 0.025520833333333333 0.14351851851851852
0 0.73359375 0.5194444444444444 0.016145833333333335 0.05185185185185184
0 0.6731770833333334 0.5287037037037037 0.016145833333333335 0.07037037037037037
0 0.7291666666666666 0.5157407407407407 0.010416666666666666 0.0537037037037037
0 0.4075520833333333 0.48796296296296293 0.0078125 0.029629629629629627
0 0.07473958333333333 0.5796296296296295 0.022395833333333334 0.11296296296296296
0 0.265625 0.5152777777777777 0.010416666666666666 0.04907407407407407
0 0.046875 0.611111111111111 0.026041666666666668 0.13518518518518519
0 0.5531250000000001 0.4884259259259259 0.008333333333333333 0.03981481481481482
0 0.7572916666666666 0.5106481481481482 0.009375 0.06388888888888888
0 0.2924479166666667 0.5175925925925926 0.009895833333333335 0.059259259259259255
0 0.29973958333333334 0.523611111111111 0.010937500000000001 0.06018518518518518
0 0.2552083333333333 0.5166666666666667 0.010416666666666666 0.059259259259259255
0 0.278125 0.5111111111111112 0.010416666666666666 0.05555555555555555
0 0.7130208333333333 0.5092592592592592 0.0125 0.0574074074074074
0 0.5809895833333333 0.5023148148148148 0.009895833333333335 0.045370370370370366
0 0.5885416666666666 0.5037037037037037 0.010416666666666666 0.05
0 0.66015625 0.5087962962962963 0.010937500000000001 0.04907407407407407
0 0.6502604166666667 0.5092592592592593 0.010937500000000001 0.05185185185185184
0 0.013541666666666665 0.624537037037037 0.017708333333333333 0.10648148148148147
0 0.759375 0.5125 0.0125 0.06018518518518518
0 0.7190104166666667 0.5097222222222222 0.011979166666666666 0.05648148148148148
0 0.74375 0.5143518518518518 0.009375 0.054629629629629625
0 0.6135416666666667 0.5064814814814815 0.009375 0.04259259259259259
0 0.6666666666666666 0.5050925925925925 0.0125 0.047222222222222214
