0 0.8549479166666667 0.5685185185185185 0.033854166666666664 0.12037037037037036
0 0.7111979166666667 0.5625 0.02447916666666667 0.1175925925925926
0 0.11875 0.5583333333333333 0.014583333333333334 0.06666666666666667
0 0.6158854166666666 0.5532407407407407 0.0203125 0.10092592592592592
0 0.5882812500000001 0.5291666666666667 0.011979166666666666 0.06388888888888888
0 0.23333333333333336 0.5046296296296297 0.007291666666666667 0.03518518518518519
0 0.058333333333333334 0.5601851851851852 0.010416666666666666 0.06666666666666667
0 0.4408854166666667 0.4976851851851852 0.008854166666666666 0.045370370370370366
0 0.1125 0.5592592592592591 0.010416666666666666 0.07222222222222222
0 0.11510416666666667 0.5662037037037037 0.0125 0.06759259259259259
0 0.05703125 0.5638888888888888 0.013020833333333334 0.07222222222222222
0 0.07317708333333334 0.5555555555555555 0.0140625 0.07592592592592592
0 0.47916666666666674 0.5175925925925926 0.013541666666666667 0.059259259259259255
0 0.5283854166666666 0.5138888888888888 0.0140625 0.05555555555555555
0 0.5177083333333333 0.5152777777777777 0.011458333333333334 0.06018518518518518
0 0.5893229166666667 0.5305555555555556 0.0140625 0.059259259259259255
0 0.60234375 0.5226851851851851 0.017187499999999998 0.07314814814814814
0 0.5059895833333333 0.5134259259259258 0.008854166666666666 0.05092592592592592
0 0.6119791666666666 0.5217592592592593 0.015625 0.07129629629629629
0 0.5565104166666667 0.512037037037037 0.015104166666666667 0.06111111111111111
0 0.5679687499999999 0.5106481481481481 0.015104166666666667 0.058333333333333334
0 0.4921875 0.5162037037037037 0.011458333333333334 0.06203703703703703
