0 0.778125 0.575 0.025 0.14629629629629629
0 0.07604166666666667 0.5925925925925924 0.017708333333333333 0.08888888888888888
0 0.7231770833333333 0.6 0.0328125 0.137037037037037
0 0.58359375 0.5435185185185184 0.019270833333333334 0.08148148148148147
0 0.46484375000000006 0.5032407407407408 0.010937500000000001 0.045370370370370366
0 0.6411458333333333 0.5175925925925926 0.014583333333333334 0.07407407407407408
0 0.0671875 0.5930555555555556 0.014583333333333334 0.0861111111111111
0 0.06692708333333333 0.6060185185185186 0.015104166666666667 0.0861111111111111
0 0.001041666666666667 0.601388888888889 0.0125 0.08425925925925926
0 0.5822916666666667 0.5449074074074074 0.017708333333333333 0.08425925925925926
0 0.2140625 0.5138888888888888 0.008333333333333333 0.03333333333333333
0 0.596875 0.5388888888888889 0.017708333333333333 0.09259259259259259
0 0.6114583333333333 0.5324074074074073 0.017708333333333333 0.08333333333333333
0 0.56015625 0.5222222222222223 0.016145833333333335 0.06666666666666667
0 0.5755208333333334 0.5148148148148147 0.0125 0.06666666666666667
0 0.49296875 0.523611111111111 0.013020833333333334 0.06203703703703703
