0 1.0 0.7893518518518519 0.07135416666666666 0.29537037037037034
0 0.89296875 0.5754629629629628 0.02760416666666667 0.11203703703703702
0 0.8158854166666666 0.5625 0.022395833333333334 0.11018518518518518
0 0.05260416666666667 0.601388888888889 0.02395833333333333 0.12685185185185185
0 0.25312500000000004 0.5217592592592593 0.0125 0.06018518518518518
0 0.6901041666666666 0.5185185185185185 0.013541666666666667 0.05185185185185184
0 0.65390625 0.5342592592592593 0.016145833333333335 0.07407407407407408
0 0.6963541666666666 0.5162037037037036 0.010416666666666666 0.05277777777777778
0 0.36015625 0.48657407407407405 0.005729166666666667 0.030555555555555555
0 0.2171875 0.5157407407407407 0.009375 0.0537037037037037
0 0.5192708333333333 0.487962962962963 0.009375 0.04259259259259259
0 0.7138020833333334 0.5138888888888888 0.015104166666666667 0.06481481481481481
0 0.24791666666666667 0.5217592592592593 0.010416666666666666 0.058333333333333334
0 0.25156249999999997 0.5305555555555556 0.011458333333333334 0.06296296296296296
0 0.20494791666666667 0.5212962962962963 0.011979166666666666 0.06296296296296296
0 0.22682291666666668 0.5157407407407407 0.011979166666666666 0.059259259259259255
0 0.5494791666666666 0.5041666666666667 0.009375 0.05092592592592592
0 0.5591145833333334 0.5074074074074074 0.011979166666666666 0.04814814814814815
0 0.6216145833333334 0.5055555555555555 0.010937500000000001 0.0537037037037037
0 0.6119791666666669 0.5101851851851852 0.011458333333333334 0.05555555555555555
0 0.7229166666666667 0.5162037037037037 0.011458333333333334 0.06574074074074074
0 0.6674479166666666 0.5074074074074074 0.009895833333333335 0.0574074074074074
0 0.6760416666666667 0.5078703703703703 0.013541666666666667 0.058333333333333334
0 0.7083333333333334 0.5143518518518518 0.010416666666666666 0.06018518518518518
0 0.5750000000000001 0.5050925925925925 0.009375 0.045370370370370366
0 0.6299479166666666 0.5078703703703703 0.011979166666666666 0.04907407407407407
