0 0.7505208333333333 0.5435185185185184 0.01979166666666667 0.09444444444444443
0 0.8153645833333334 0.5361111111111111 0.0203125 0.07592592592592592
0 0.8747395833333333 0.611574074074074 0.028645833333333332 0.13425925925925924
0 0.9239583333333334 0.6134259259259258 0.03125 0.1324074074074074
0 0.7908854166666667 0.5185185185185185 0.016145833333333335 0.07592592592592592
0 0.010677083333333334 0.6361111111111111 0.033854166666666664 0.1648148148148148
0 0.06614583333333333 0.6407407407407407 0.03125 0.1574074074074074
0 0.25546874999999997 0.5513888888888888 0.018229166666666668 0.08796296296296297
0 0.27890625 0.5564814814814815 0.0203125 0.08703703703703704
0 0.33880208333333334 0.5263888888888889 0.0140625 0.06759259259259259
0 0.32734375000000004 0.5254629629629629 0.011979166666666666 0.06574074074074074
0 0.35781250000000003 0.5138888888888888 0.014583333333333334 0.06296296296296296
0 0.8190104166666666 0.4898148148148148 0.009895833333333335 0.04259259259259259
0 0.69765625 0.4912037037037037 0.009895833333333335 0.045370370370370366
0 0.8119791666666666 0.48703703703703705 0.007291666666666667 0.03703703703703704
0 0.5619791666666667 0.47037037037037027 0.008333333333333333 0.027777777777777776
0 0.3205729166666667 0.5171296296296296 0.0067708333333333336 0.06574074074074074
0 0.33489583333333334 0.5171296296296296 0.008333333333333333 0.06203703703703703
0 0.63046875 0.4736111111111111 0.0078125 0.03425925925925925
0 0.6791666666666666 0.48009259259259257 0.007291666666666667 0.041666666666666664
0 0.41718750000000004 0.48935185185185187 0.009375 0.041666666666666664
0 0.43593750000000003 0.49675925925925923 0.008333333333333333 0.041666666666666664
0 0.4059895833333333 0.4930555555555555 0.008854166666666666 0.04351851851851852
0 0.771875 0.48564814814814816 0.009375 0.03796296296296296
