0 0.909375 0.6601851851851851 0.041666666666666664 0.18888888888888886
0 0.93515625 0.5731481481481481 0.0234375 0.09814814814814814
0 0.8885416666666667 0.5587962962962963 0.020833333333333332 0.09537037037037037
0 0.08333333333333333 0.6018518518518517 0.028125 0.13148148148148148
0 0.11197916666666667 0.6087962962962962 0.030208333333333334 0.12870370370370368
0 0.19453125000000002 0.5893518518518518 0.022395833333333334 0.10648148148148147
0 0.17317708333333334 0.5953703703703703 0.019270833333333334 0.10185185185185185
0 0.23958333333333334 0.5675925925925926 0.017708333333333333 0.1
0 0.22447916666666665 0.586111111111111 0.021875000000000002 0.11666666666666667
0 0.79453125 0.5166666666666667 0.011979166666666666 0.05
0 0.70859375 0.524074074074074 0.0140625 0.06296296296296296
0 0.7796875000000001 0.5143518518518518 0.011458333333333334 0.05092592592592592
0 0.47838541666666673 0.487037037037037 0.005729166666666667 0.027777777777777776
0 0.18463541666666666 0.5532407407407407 0.0140625 0.0861111111111111
0 0.3403645833333333 0.5060185185185185 0.008854166666666666 0.04351851851851852
0 0.17708333333333334 0.5805555555555556 0.029166666666666667 0.1111111111111111
0 0.6036458333333333 0.48935185185185187 0.007291666666666667 0.041666666666666664
0 0.35651041666666666 0.5115740740740741 0.009895833333333335 0.054629629629629625
0 0.36875 0.5175925925925926 0.010416666666666666 0.05555555555555555
0 0.32890625 0.5106481481481481 0.009895833333333335 0.058333333333333334
0 0.7804687499999999 0.5111111111111112 0.011979166666666666 0.05555555555555555
0 0.7864583333333334 0.5078703703703703 0.010416666666666666 0.05277777777777778
0 0.6294270833333334 0.5009259259259259 0.010937500000000001 0.04444444444444444
0 0.6372395833333334 0.5018518518518518 0.009895833333333335 0.04444444444444444
0 0.675 0.5069444444444444 0.011458333333333334 0.047222222222222214
0 0.7156250000000001 0.5078703703703703 0.011458333333333334 0.04907407407407407
0 0.7067708333333333 0.5138888888888888 0.0125 0.05
0 0.15338541666666666 0.5837962962962961 0.016145833333333335 0.0898148148148148
0 0.8195312499999999 0.5115740740740741 0.011979166666666666 0.05648148148148148
0 0.7997395833333334 0.5138888888888888 0.010937500000000001 0.05
0 0.7247395833333333 0.5064814814814814 0.009895833333333335 0.05
