0 0.08489583333333334 0.6944444444444444 0.02291666666666667 0.14814814814814817
0 0.6661458333333333 0.5199074074074074 0.009375 0.05092592592592592
0 0.06666666666666668 0.6967592592592592 0.01979166666666667 0.1398148148148148
0 0.06744791666666666 0.7101851851851851 0.017187499999999998 0.13888888888888887
0 0.05390625 0.7189814814814814 0.0203125 0.1398148148148148
0 0.7200520833333334 0.5078703703703703 0.011979166666666666 0.05092592592592592
0 0.809375 0.5444444444444444 0.017708333333333333 0.09259259259259259
0 0.7877604166666669 0.5449074074074074 0.019270833333333334 0.0824074074074074
0 0.7098958333333334 0.5074074074074074 0.011458333333333334 0.05185185185185184
0 0.7000000000000001 0.5078703703703703 0.015625 0.05648148148148148
0 0.7718750000000001 0.6907407407407408 0.0375 0.17777777777777776
0 0.8455729166666667 0.6652777777777777 0.04635416666666667 0.17314814814814813
0 0.7182291666666666 0.6435185185185185 0.035416666666666666 0.16666666666666666
0 0.8013020833333334 0.5476851851851852 0.018229166666666668 0.0824074074074074
0 1.0 0.5763888888888888 0.02395833333333333 0.12685185185185185
0 0.7494791666666667 0.6458333333333333 0.041666666666666664 0.18055555555555552
0 0.7471354166666666 0.549074074074074 0.018229166666666668 0.07222222222222222
0 0.7690104166666667 0.5462962962962963 0.019270833333333334 0.07222222222222222
0 0.8419270833333333 0.5740740740740741 0.025520833333333333 0.08518518518518518
0 0.8388020833333334 0.6499999999999999 0.02760416666666667 0.16296296296296295
0 0.8664062499999999 0.5777777777777777 0.022395833333333334 0.0962962962962963
0 0.7200520833333334 0.5518518518518518 0.0234375 0.08518518518518518
0 0.7388020833333334 0.549074074074074 0.0140625 0.07037037037037037
