0 0.8872395833333334 0.5773148148148147 0.04010416666666666 0.125
0 0.7091145833333333 0.5736111111111111 0.025520833333333333 0.12314814814814815
0 0.08880208333333334 0.5699074074074074 0.015104166666666667 0.07314814814814814
0 0.6260416666666666 0.5643518518518519 0.026041666666666668 0.10833333333333334
0 0.5690104166666666 0.5361111111111111 0.013020833333333334 0.0685185185185185
0 0.0078125 0.5763888888888888 0.010416666666666666 0.07129629629629629
0 0.4333333333333333 0.5041666666666667 0.007291666666666667 0.04351851851851852
0 0.08151041666666667 0.5731481481481482 0.011979166666666666 0.07777777777777777
0 0.08098958333333334 0.5814814814814814 0.013020833333333334 0.07222222222222222
0 0.01901041666666667 0.5777777777777777 0.015104166666666667 0.08148148148148147
0 0.02916666666666667 0.5703703703703703 0.014583333333333334 0.08148148148148147
0 0.5174479166666667 0.5217592592592593 0.013020833333333334 0.058333333333333334
0 0.5072916666666667 0.524074074074074 0.011458333333333334 0.06111111111111111
0 0.5674479166666666 0.5402777777777777 0.015104166666666667 0.06759259259259259
0 0.58203125 0.5365740740740741 0.015104166666666667 0.08055555555555555
0 0.5981770833333334 0.5361111111111111 0.016145833333333335 0.07962962962962963
0 0.5364583333333334 0.5212962962962963 0.014583333333333334 0.06481481481481481
0 0.5533854166666666 0.5194444444444444 0.013020833333333334 0.06296296296296296
0 0.4877604166666667 0.525 0.011979166666666666 0.06666666666666667
0 0.46328125000000003 0.5217592592592593 0.011979166666666666 0.05648148148148148
