0 0.12604166666666666 0.6416666666666667 0.01979166666666667 0.13333333333333333
0 0.6515625 0.4976851851851851 0.0125 0.05277777777777778
0 0.11067708333333336 0.6476851851851853 0.0203125 0.12870370370370368
0 0.11380208333333333 0.6606481481481481 0.017187499999999998 0.12685185185185185
0 0.10364583333333334 0.6666666666666665 0.017708333333333333 0.12222222222222222
0 0.011197916666666665 0.6578703703703703 0.0265625 0.12314814814814815
0 0.7065104166666667 0.4847222222222222 0.013020833333333334 0.05277777777777778
0 0.7830729166666667 0.5194444444444444 0.016145833333333335 0.08333333333333333
0 0.8166666666666667 0.5314814814814814 0.015625 0.07592592592592592
0 0.7635416666666667 0.5162037037037036 0.017708333333333333 0.07314814814814814
0 0.6934895833333333 0.4944444444444444 0.011979166666666666 0.05185185185185184
0 0.6822916666666666 0.4884259259259259 0.015625 0.05277777777777778
0 0.7583333333333334 0.6273148148148148 0.0375 0.15092592592592594
0 0.8356770833333333 0.611111111111111 0.0234375 0.15
0 0.7265625000000001 0.599537037037037 0.04791666666666666 0.14537037037037034
0 0.7770833333333335 0.5231481481481481 0.013541666666666667 0.07962962962962963
0 0.9572916666666667 0.5472222222222222 0.021875000000000002 0.12037037037037036
0 0.7518229166666667 0.5990740740740741 0.03697916666666667 0.15555555555555553
0 0.0 0.6634259259259259 0.03177083333333333 0.1324074074074074
0 0.7401041666666666 0.5259259259259259 0.014583333333333334 0.06666666666666667
0 0.7588541666666666 0.5199074074074074 0.015625 0.06203703703703703
0 0.79609375 0.5472222222222223 0.018229166666666668 0.08703703703703704
0 0.8294270833333335 0.599537037037037 0.04010416666666666 0.1472222222222222
0 0.82421875 0.5439814814814814 0.016145833333333335 0.0824074074074074
0 0.7078125 0.5226851851851851 0.02291666666666667 0.06944444444444443
0 0.7328125000000001 0.5199074074074074 0.013541666666666667 0.058333333333333334
0 0.7239583333333334 0.525 0.013541666666666667 0.059259259259259255
