0 0.8791666666666667 0.5745370370370371 0.02395833333333333 0.11203703703703702
0 0.7919270833333334 0.562962962962963 0.02447916666666667 0.10925925925925925
0 0.00703125 0.611574074074074 0.0234375 0.13055555555555556
0 0.22760416666666666 0.5273148148148148 0.0125 0.06018518518518518
0 0.6669270833333334 0.5189814814814814 0.013020833333333334 0.05648148148148148
0 0.6411458333333334 0.5337962962962962 0.016666666666666666 0.075
0 0.6744791666666666 0.5171296296296296 0.010416666666666666 0.05277777777777778
0 0.3354166666666667 0.48796296296296293 0.00625 0.029629629629629627
0 0.18723958333333335 0.5217592592592593 0.009895833333333335 0.05277777777777778
0 0.5013020833333334 0.4875 0.009895833333333335 0.04351851851851852
0 0.690625 0.5157407407407407 0.0125 0.06296296296296296
0 0.22265625 0.5282407407407407 0.009895833333333335 0.06018518518518518
0 0.22604166666666664 0.5351851851851851 0.011458333333333334 0.06296296296296296
0 0.1765625 0.5282407407407407 0.0125 0.06388888888888888
0 0.2 0.5208333333333334 0.0125 0.06388888888888888
0 0.5315104166666667 0.5060185185185185 0.008854166666666666 0.054629629629629625
0 0.540625 0.5087962962962963 0.011458333333333334 0.05277777777777778
0 0.6026041666666667 0.5037037037037037 0.011458333333333334 0.05555555555555555
0 0.5921875 0.5087962962962963 0.011458333333333334 0.05648148148148148
0 0.6997395833333334 0.5171296296296296 0.015104166666666667 0.06574074074074074
0 0.6427083333333333 0.5069444444444444 0.009375 0.05648148148148148
0 0.6557291666666667 0.5064814814814815 0.013541666666666667 0.059259259259259255
0 0.5539062499999999 0.5064814814814815 0.009895833333333335 0.046296296296296294
0 0.6072916666666667 0.5078703703703703 0.011458333333333334 0.04907407407407407
