0 0.8513020833333333 0.5717592592592593 0.028645833333333332 0.11944444444444444
0 0.7192708333333334 0.562037037037037 0.026041666666666668 0.11296296296296296
0 0.13828125000000002 0.549537037037037 0.0140625 0.06759259259259259
0 0.61875 0.548148148148148 0.020833333333333332 0.0962962962962963
0 0.6013020833333333 0.5254629629629629 0.011979166666666666 0.06203703703703703
0 0.24947916666666667 0.500462962962963 0.008333333333333333 0.03425925925925925
0 0.08098958333333334 0.5472222222222222 0.009895833333333335 0.059259259259259255
0 0.4494791666666667 0.4930555555555555 0.009375 0.041666666666666664
0 0.13177083333333334 0.5509259259259259 0.010416666666666666 0.07037037037037037
0 0.13437500000000002 0.5574074074074074 0.0125 0.06481481481481481
0 0.07760416666666667 0.5550925925925925 0.0125 0.06759259259259259
0 0.09635416666666667 0.5444444444444444 0.014583333333333334 0.07222222222222222
0 0.4856770833333333 0.5143518518518518 0.013020833333333334 0.05648148148148148
0 0.5385416666666667 0.5115740740740741 0.0125 0.05648148148148148
0 0.5283854166666667 0.512962962962963 0.010937500000000001 0.059259259259259255
0 0.6026041666666667 0.5263888888888888 0.013541666666666667 0.06018518518518518
0 0.6161458333333334 0.5171296296296296 0.0125 0.06574074074074074
0 0.5692708333333334 0.5106481481481481 0.015625 0.06574074074074074
0 0.58203125 0.5074074074074074 0.015104166666666667 0.0574074074074074
0 0.49661458333333336 0.5120370370370371 0.011979166666666666 0.059259259259259255
