0 0.5591145833333333 0.5106481481481481 0.013020833333333334 0.058333333333333334
0 0.5846354166666666 0.5111111111111111 0.009895833333333335 0.0537037037037037
0 0.7010416666666667 0.5680555555555554 0.02291666666666667 0.1175925925925926
0 0.67734375 0.5680555555555554 0.0234375 0.11018518518518518
0 0.6541666666666667 0.5708333333333333 0.0125 0.11018518518518518
0 0.6648437500000001 0.5736111111111111 0.0234375 0.11203703703703702
0 0.5747395833333333 0.5152777777777777 0.015104166666666667 0.06759259259259259
0 0.5989583333333334 0.9263888888888888 0.06770833333333333 0.32870370370370366
0 0.5710937500000001 0.8726851851851851 0.06406250000000001 0.3157407407407407
0 0.4557291666666667 0.7527777777777778 0.042708333333333334 0.2648148148148148
0 0.68984375 0.5712962962962962 0.018229166666666668 0.10370370370370369
0 0.9783854166666667 0.6337962962962963 0.033854166666666664 0.17685185185185184
0 0.46796875 0.7699074074074074 0.06510416666666667 0.275
0 0.5872395833333334 0.5740740740740741 0.0234375 0.10925925925925925
0 0.6216145833333334 0.5745370370370371 0.0265625 0.11203703703703702
0 0.8520833333333334 0.6597222222222222 0.03333333333333333 0.1675925925925926
0 0.5927083333333334 0.8356481481481481 0.03229166666666667 0.30648148148148147
0 0.8825520833333333 0.6449074074074074 0.033854166666666664 0.15648148148148147
0 0.8463541666666669 0.6259259259259259 0.03229166666666667 0.15555555555555553
0 0.58984375 0.5606481481481481 0.025520833333333333 0.10092592592592592
