0 0.14270833333333333 0.6319444444444445 0.01875 0.11203703703703702
0 0.6059895833333334 0.512962962962963 0.013020833333333334 0.05185185185185184
0 0.12760416666666666 0.6347222222222222 0.01875 0.10833333333333334
0 0.13255208333333335 0.6444444444444444 0.017187499999999998 0.10555555555555556
0 0.12447916666666668 0.6527777777777778 0.016666666666666666 0.10555555555555556
0 0.044270833333333336 0.6472222222222223 0.02395833333333333 0.1111111111111111
0 0.7161458333333335 0.6018518518518519 0.027083333333333334 0.11851851851851851
0 0.7614583333333333 0.5851851851851853 0.025 0.11666666666666667
0 0.7078125000000001 0.575 0.016666666666666666 0.10185185185185185
0 0.8580729166666666 0.5518518518518518 0.018229166666666668 0.10185185185185185
0 0.73125 0.5731481481481481 0.02291666666666667 0.10185185185185185
0 0.03619791666666666 0.6435185185185185 0.025520833333333333 0.1148148148148148
0 0.6947916666666667 0.5416666666666666 0.015625 0.08148148148148147
0 0.7111979166666667 0.5291666666666666 0.011979166666666666 0.05648148148148148
0 0.7138020833333334 0.5523148148148148 0.016145833333333335 0.08425925925925926
0 0.7591145833333334 0.5773148148148147 0.0234375 0.10833333333333334
0 0.7432291666666667 0.5532407407407407 0.016666666666666666 0.0861111111111111
0 0.6572916666666667 0.5319444444444444 0.016666666666666666 0.058333333333333334
0 0.6817708333333334 0.5351851851851852 0.013541666666666667 0.06666666666666667
0 0.6723958333333334 0.5310185185185186 0.0125 0.06203703703703703
