0 0.7645833333333334 0.5592592592592591 0.021875000000000002 0.10555555555555556
0 0.8348958333333334 0.5435185185185184 0.01979166666666667 0.07592592592592592
0 0.9111979166666666 0.6439814814814814 0.0328125 0.15092592592592594
0 0.9677083333333334 0.6398148148148147 0.040625 0.15185185185185185
0 0.8078125 0.5305555555555556 0.016666666666666666 0.07592592592592592
0 0.0109375 0.687037037037037 0.034374999999999996 0.18518518518518517
0 0.24479166666666666 0.5648148148148148 0.01875 0.09444444444444443
0 0.2697916666666667 0.5731481481481481 0.01979166666666667 0.09074074074074073
0 0.3322916666666667 0.5412037037037037 0.013541666666666667 0.07129629629629629
0 0.32005208333333335 0.5425925925925926 0.011979166666666666 0.0685185185185185
0 0.3536458333333333 0.525 0.016666666666666666 0.059259259259259255
0 0.8223958333333333 0.5018518518518518 0.009375 0.04814814814814815
0 0.7028645833333335 0.500462962962963 0.010937500000000001 0.047222222222222214
0 0.8145833333333334 0.49675925925925923 0.00625 0.041666666666666664
0 0.5606770833333333 0.4805555555555555 0.0067708333333333336 0.02592592592592592
0 0.3143229166666667 0.5319444444444444 0.008854166666666666 0.06944444444444443
0 0.325 0.5254629629629629 0.008333333333333333 0.06203703703703703
0 0.6341145833333334 0.4819444444444444 0.0078125 0.03425925925925925
0 0.6848958333333334 0.4912037037037037 0.007291666666666667 0.041666666666666664
0 0.4161458333333333 0.5009259259259259 0.008333333333333333 0.04259259259259259
0 0.43593750000000003 0.5069444444444444 0.008333333333333333 0.04351851851851852
0 0.40416666666666673 0.5004629629629629 0.009375 0.041666666666666664
0 0.8317708333333335 0.49907407407407406 0.011458333333333334 0.04444444444444444
