0 0.13828125000000002 0.6208333333333333 0.019270833333333334 0.11018518518518518
0 0.5856770833333333 0.5 0.011979166666666666 0.05
0 0.12473958333333333 0.6222222222222221 0.018229166666666668 0.10555555555555556
0 0.12786458333333334 0.6287037037037037 0.017187499999999998 0.09814814814814814
0 0.12135416666666668 0.638888888888889 0.016666666666666666 0.10185185185185185
0 0.04401041666666667 0.6328703703703702 0.022395833333333334 0.10462962962962963
0 0.69609375 0.5833333333333334 0.025520833333333333 0.11296296296296296
0 0.7302083333333333 0.5648148148148148 0.02291666666666667 0.10925925925925925
0 0.6958333333333333 0.5569444444444444 0.01979166666666667 0.10462962962962963
0 0.8197916666666666 0.5305555555555556 0.017708333333333333 0.09444444444444443
0 0.7208333333333334 0.5625 0.034374999999999996 0.11944444444444444
0 0.037760416666666664 0.6347222222222222 0.0265625 0.11203703703703702
0 0.671875 0.5226851851851851 0.013541666666666667 0.07129629629629629
0 0.6804687500000001 0.537037037037037 0.016145833333333335 0.08148148148148147
0 0.73359375 0.5601851851851851 0.021354166666666667 0.10555555555555556
0 0.6356770833333334 0.5217592592592593 0.0203125 0.06759259259259259
0 0.6247395833333333 0.5120370370370371 0.011979166666666666 0.046296296296296294
0 0.66015625 0.5268518518518518 0.015104166666666667 0.07222222222222222
0 0.65 0.5226851851851851 0.013541666666666667 0.06574074074074074
