0 0.30312500000000003 0.5101851851851852 0.013541666666666667 0.059259259259259255
0 0.4390625 0.5814814814814814 0.03229166666666667 0.12407407407407406
0 0.3794270833333333 0.5893518518518518 0.019270833333333334 0.11574074074074073
0 0.39687500000000003 0.5976851851851852 0.03125 0.14166666666666666
0 0.04583333333333334 1.0 0.04791666666666666 0.2944444444444444
0 0.28177083333333336 0.5064814814814814 0.014583333333333334 0.06481481481481481
0 0.4138020833333333 0.5930555555555554 0.0203125 0.12870370370370368
0 0.6880208333333334 0.6597222222222221 0.03958333333333334 0.19537037037037036
0 0.3013020833333333 0.586111111111111 0.025520833333333333 0.11296296296296296
0 0.33437500000000003 0.5782407407407407 0.026041666666666668 0.125
0 0.6005208333333334 0.7277777777777777 0.051041666666666666 0.2111111111111111
0 0.0375 1.0 0.05625 0.375
0 0.6450520833333334 0.6800925925925926 0.0453125 0.18425925925925926
0 0.60390625 0.6574074074074073 0.0328125 0.17592592592592593
0 0.31875000000000003 0.5652777777777778 0.025 0.10833333333333334
