0 0.8682291666666667 0.6041666666666666 0.029166666666666667 0.15092592592592594
0 0.9393229166666667 0.5583333333333333 0.019270833333333334 0.09259259259259259
0 0.8986979166666667 0.5361111111111111 0.019270833333333334 0.09259259259259259
0 0.17864583333333336 0.5712962962962963 0.025 0.11851851851851851
0 0.20364583333333336 0.575462962962963 0.025 0.11574074074074073
0 0.2846354166666667 0.5546296296296297 0.021354166666666667 0.09074074074074073
0 0.26953125 0.5550925925925925 0.016145833333333335 0.08796296296296297
0 0.3158854166666667 0.5365740740740741 0.017187499999999998 0.08796296296296297
0 0.3049479166666667 0.548148148148148 0.018229166666666668 0.09814814814814814
0 0.83203125 0.5046296296296295 0.011979166666666666 0.046296296296296294
0 0.7309895833333333 0.5041666666666667 0.011979166666666666 0.05648148148148148
0 0.8216145833333334 0.5037037037037037 0.010937500000000001 0.05
0 0.5343749999999999 0.4708333333333333 0.007291666666666667 0.030555555555555555
0 0.2635416666666667 0.5259259259259259 0.011458333333333334 0.07777777777777777
0 0.39427083333333335 0.48935185185185187 0.008333333333333333 0.041666666666666664
0 0.26875 0.5398148148148147 0.01875 0.09444444444444443
0 0.6411458333333334 0.4773148148148148 0.008333333333333333 0.03796296296296296
0 0.4036458333333333 0.4949074074074074 0.010416666666666666 0.04907407407407407
0 0.42083333333333334 0.500462962962963 0.009375 0.05092592592592592
0 0.3838541666666667 0.4944444444444444 0.010416666666666666 0.05185185185185184
0 0.8309895833333334 0.499537037037037 0.010937500000000001 0.054629629629629625
0 0.8364583333333334 0.49675925925925923 0.010416666666666666 0.04907407407407407
0 0.6630208333333334 0.4875 0.011458333333333334 0.04351851851851852
0 0.675 0.4898148148148148 0.008333333333333333 0.046296296296296294
0 0.7208333333333333 0.4925925925925926 0.0125 0.046296296296296294
0 0.25286458333333334 0.5518518518518519 0.015104166666666667 0.07037037037037037
