0 0.9158854166666667 0.5699074074074074 0.035937500000000004 0.1324074074074074
0 0.7174479166666666 0.575462962962963 0.0265625 0.12685185185185185
0 0.07838541666666667 0.5805555555555556 0.016145833333333335 0.07777777777777777
0 0.6385416666666667 0.5722222222222222 0.027083333333333334 0.11296296296296296
0 0.5635416666666667 0.5412037037037037 0.010416666666666666 0.075
0 0.4338541666666667 0.5041666666666667 0.008333333333333333 0.047222222222222214
0 0.07109375000000001 0.5805555555555555 0.013020833333333334 0.07962962962962963
0 0.07213541666666667 0.5916666666666667 0.0140625 0.07592592592592592
0 0.0054687500000000005 0.5893518518518518 0.016145833333333335 0.08425925925925926
0 0.01015625 0.5805555555555555 0.0140625 0.08148148148148147
0 0.011197916666666667 0.5875 0.015104166666666667 0.0787037037037037
0 0.5177083333333333 0.5203703703703704 0.0125 0.059259259259259255
0 0.5072916666666667 0.524537037037037 0.011458333333333334 0.06203703703703703
0 0.5601562499999999 0.5439814814814814 0.0203125 0.075
0 0.5770833333333334 0.5361111111111111 0.015625 0.07962962962962963
0 0.5921875 0.5347222222222222 0.016666666666666666 0.0824074074074074
0 0.5335937500000001 0.5226851851851851 0.011979166666666666 0.06759259259259259
0 0.5520833333333334 0.5194444444444444 0.0125 0.06296296296296296
0 0.49192708333333335 0.525 0.011979166666666666 0.0685185185185185
0 0.46276041666666673 0.5222222222222223 0.010937500000000001 0.0574074074074074
