0 0.9369791666666667 0.7046296296296296 0.052083333333333336 0.22777777777777777
0 0.9236979166666667 0.5708333333333333 0.028645833333333332 0.09351851851851851
0 0.8643229166666667 0.5606481481481481 0.019270833333333334 0.10462962962962963
0 0.001041666666666667 0.6162037037037036 0.028125 0.13796296296296295
0 0.03098958333333333 0.6203703703703703 0.03177083333333333 0.14074074074074075
0 0.10833333333333332 0.6092592592592592 0.025 0.12407407407407406
0 0.08072916666666667 0.611111111111111 0.025 0.1148148148148148
0 0.1703125 0.5745370370370371 0.020833333333333332 0.10462962962962963
0 0.14166666666666666 0.6037037037037037 0.02395833333333333 0.13333333333333333
0 0.7559895833333333 0.5203703703703704 0.011979166666666666 0.05
0 0.6856770833333334 0.5277777777777778 0.0140625 0.0685185185185185
0 0.7447916666666666 0.5175925925925926 0.010416666666666666 0.0537037037037037
0 0.4317708333333333 0.4842592592592592 0.008333333333333333 0.029629629629629627
0 0.11432291666666668 0.5527777777777777 0.0203125 0.08148148148148147
0 0.29244791666666664 0.5087962962962963 0.008854166666666666 0.04351851851851852
0 0.09557291666666667 0.5930555555555554 0.019270833333333334 0.12870370370370368
0 0.5700520833333333 0.4884259259259259 0.009895833333333335 0.03981481481481482
0 0.7799479166666666 0.512962962962963 0.015104166666666667 0.059259259259259255
0 0.31484375 0.512962962962963 0.009895833333333335 0.059259259259259255
0 0.3236979166666667 0.5194444444444444 0.010937500000000001 0.059259259259259255
0 0.28046875000000004 0.512962962962963 0.009895833333333335 0.0574074074074074
0 0.30364583333333334 0.5055555555555555 0.010416666666666666 0.05555555555555555
0 0.7354166666666666 0.5101851851851851 0.0125 0.0574074074074074
0 0.59921875 0.5027777777777778 0.009895833333333335 0.04444444444444444
0 0.60625 0.5046296296296295 0.009375 0.04444444444444444
0 0.6786458333333334 0.5083333333333333 0.0125 0.04814814814814815
0 0.6713541666666667 0.5111111111111111 0.010416666666666666 0.05
0 0.06536458333333334 0.6050925925925925 0.016145833333333335 0.09907407407407406
0 0.7802083333333334 0.5120370370370371 0.0125 0.059259259259259255
0 0.7419270833333335 0.5115740740740741 0.010937500000000001 0.054629629629629625
0 0.7630208333333334 0.5148148148148147 0.010416666666666666 0.0537037037037037
0 0.6841145833333333 0.5027777777777778 0.011979166666666666 0.04814814814814815
