0 0.6598958333333333 0.5185185185185185 0.0125 0.06296296296296296
0 0.7080729166666666 0.5203703703703704 0.009895833333333335 0.0574074074074074
0 0.8234375 0.5689814814814814 0.021875000000000002 0.11018518518518518
0 0.79609375 0.563425925925926 0.021354166666666667 0.0898148148148148
0 0.7763020833333334 0.5703703703703703 0.013020833333333334 0.09444444444444443
0 0.7890625 0.5712962962962963 0.020833333333333332 0.09814814814814814
0 0.6971354166666667 0.524537037037037 0.009895833333333335 0.06018518518518518
0 0.7653645833333333 0.8226851851851851 0.0484375 0.2657407407407407
0 0.7971354166666667 0.7703703703703704 0.0546875 0.2351851851851852
0 0.6625 0.700925925925926 0.03854166666666667 0.20185185185185184
0 0.8138020833333334 0.5745370370370371 0.017187499999999998 0.09351851851851851
0 0.6841145833333334 0.7138888888888889 0.035937500000000004 0.22777777777777777
0 0.7268229166666667 0.5777777777777777 0.0203125 0.0962962962962963
0 0.75390625 0.5708333333333333 0.0234375 0.09537037037037037
0 0.9200520833333333 0.6319444444444444 0.0328125 0.1472222222222222
0 0.8104166666666667 0.7476851851851851 0.046875 0.22314814814814812
0 0.9424479166666666 0.6268518518518518 0.03072916666666667 0.14074074074074075
0 0.9182291666666667 0.6162037037037036 0.029166666666666667 0.14537037037037034
0 0.71328125 0.5712962962962963 0.025520833333333333 0.09814814814814814
