0 0.83515625 0.900462962962963 0.09635416666666667 0.39166666666666666
0 0.20364583333333333 0.5972222222222221 0.04791666666666666 0.14629629629629629
0 0.14348958333333334 0.6143518518518519 0.03177083333333333 0.16018518518518518
0 0.07734375 0.5787037037037037 0.02447916666666667 0.10925925925925925
0 0.16432291666666665 0.6101851851851852 0.034895833333333334 0.14259259259259258
0 0.40260416666666665 0.6814814814814815 0.03854166666666667 0.19629629629629627
0 0.02447916666666667 0.5962962962962963 0.03229166666666667 0.12407407407407406
0 0.058333333333333334 0.5925925925925924 0.026041666666666668 0.12962962962962962
0 0.29531250000000003 0.8134259259259259 0.04895833333333334 0.3046296296296296
0 0.40520833333333334 0.7212962962962963 0.05 0.21666666666666667
0 0.3645833333333333 0.7069444444444444 0.04895833333333334 0.21944444444444444
0 0.15651041666666665 0.6041666666666666 0.0265625 0.15462962962962962
0 0.12369791666666667 0.6138888888888888 0.0328125 0.15
