0 0.9677083333333334 0.5953703703703703 0.042708333333333334 0.18703703703703703
0 0.12734375 0.610648148148148 0.019270833333333334 0.10462962962962963
0 0.5625 0.49629629629629624 0.0125 0.04074074074074074
0 0.11666666666666668 0.6134259259259259 0.017708333333333333 0.10092592592592592
0 0.11380208333333333 0.6300925925925925 0.016145833333333335 0.09907407407407406
0 0.03984375 0.6236111111111111 0.021354166666666667 0.10277777777777777
0 0.67421875 0.5675925925925925 0.0203125 0.10555555555555556
0 0.6791666666666666 0.5546296296296295 0.035416666666666666 0.1
0 0.6953125 0.5523148148148148 0.015625 0.11944444444444444
0 0.031510416666666666 0.624537037037037 0.0234375 0.10833333333333334
0 0.7096354166666666 0.5541666666666667 0.0203125 0.10462962962962963
0 0.6119791666666666 0.5208333333333333 0.01875 0.06944444444444443
0 0.59765625 0.5148148148148147 0.011979166666666666 0.05185185185185184
0 0.6375000000000001 0.5217592592592593 0.015625 0.07129629629629629
0 0.6252604166666667 0.523611111111111 0.010937500000000001 0.07129629629629629
