0 0.8026041666666667 0.5708333333333333 0.026041666666666668 0.11944444444444444
0 0.8763020833333334 0.5472222222222222 0.021354166666666667 0.08518518518518518
0 0.8484375 0.5305555555555556 0.017708333333333333 0.08333333333333333
0 0.225 0.5662037037037037 0.01979166666666667 0.10462962962962963
0 0.25026041666666665 0.5694444444444444 0.021354166666666667 0.10370370370370369
0 0.3223958333333333 0.5407407407407407 0.015625 0.07777777777777777
0 0.3065104166666667 0.5412037037037037 0.0140625 0.0787037037037037
0 0.34453125 0.5300925925925927 0.016145833333333335 0.07685185185185185
0 0.32656250000000003 0.5356481481481481 0.014583333333333334 0.0787037037037037
0 0.8330729166666667 0.4962962962962963 0.010937500000000001 0.04259259259259259
0 0.71640625 0.500925925925926 0.009895833333333335 0.05185185185185184
0 0.8234374999999999 0.5018518518518519 0.009375 0.05
0 0.5544270833333333 0.4759259259259259 0.0067708333333333336 0.02592592592592592
0 0.3 0.5263888888888888 0.009375 0.07314814814814814
0 0.31223958333333335 0.5282407407407407 0.011979166666666666 0.08055555555555555
0 0.6411458333333334 0.4782407407407407 0.007291666666666667 0.03796296296296296
0 0.8750000000000001 0.49537037037037035 0.011458333333333334 0.05
0 0.41640625 0.49583333333333335 0.008854166666666666 0.047222222222222214
0 0.43463541666666666 0.5009259259259259 0.009895833333333335 0.05
0 0.4010416666666667 0.4939814814814814 0.011458333333333334 0.045370370370370366
0 0.8403645833333333 0.49861111111111106 0.011979166666666666 0.045370370370370366
0 0.7265625 0.4912037037037037 0.008333333333333333 0.041666666666666664
0 0.78046875 0.4916666666666666 0.009895833333333335 0.04814814814814815
