0 0.8526041666666666 0.5712962962962962 0.026041666666666668 0.11666666666666667
0 0.7299479166666666 0.561574074074074 0.025520833333333333 0.11018518518518518
0 0.15677083333333336 0.5425925925925926 0.015625 0.07037037037037037
0 0.6213541666666667 0.5421296296296295 0.01875 0.08796296296296297
0 0.6164062499999999 0.5226851851851851 0.011979166666666666 0.06018518518518518
0 0.26875 0.4925925925925926 0.00625 0.03333333333333333
0 0.10755208333333334 0.5375 0.008854166666666666 0.06203703703703703
0 0.45859374999999997 0.4902777777777778 0.009895833333333335 0.04351851851851852
0 0.15130208333333334 0.5425925925925926 0.009895833333333335 0.0685185185185185
0 0.15572916666666667 0.548611111111111 0.0125 0.06388888888888888
0 0.09947916666666667 0.5449074074074074 0.0125 0.06759259259259259
0 0.11979166666666667 0.5333333333333333 0.014583333333333334 0.0685185185185185
0 0.4924479166666667 0.5092592592592592 0.010937500000000001 0.0537037037037037
0 0.55078125 0.5092592592592592 0.011979166666666666 0.0574074074074074
0 0.5414062500000001 0.5115740740740741 0.010937500000000001 0.058333333333333334
0 0.6156250000000001 0.5222222222222223 0.013541666666666667 0.06111111111111111
0 0.6375000000000001 0.5175925925925926 0.015625 0.0685185185185185
0 0.5846354166666666 0.5069444444444444 0.015104166666666667 0.058333333333333334
0 0.5953125 0.5032407407407408 0.015625 0.06018518518518518
0 0.5018229166666667 0.5074074074074074 0.0140625 0.059259259259259255
