0 0.10833333333333334 0.6666666666666666 0.020833333333333332 0.14074074074074075
0 0.6609375 0.49675925925925923 0.009375 0.05092592592592592
0 0.090625 0.6675925925925925 0.01979166666666667 0.13148148148148148
0 0.09270833333333334 0.6833333333333332 0.016666666666666666 0.12962962962962962
0 0.08177083333333333 0.6912037037037035 0.01875 0.13055555555555556
0 0.7135416666666669 0.48981481481481476 0.011458333333333334 0.05185185185185184
0 0.79765625 0.5282407407407407 0.017187499999999998 0.0898148148148148
0 0.7752604166666667 0.5222222222222223 0.018229166666666668 0.07592592592592592
0 0.7020833333333334 0.49259259259259264 0.0125 0.05185185185185184
0 0.690625 0.49120370370370364 0.015625 0.05648148148148148
0 0.7697916666666667 0.648611111111111 0.036458333333333336 0.16388888888888886
0 0.84296875 0.6296296296296297 0.0390625 0.1574074074074074
0 0.7257812499999999 0.6143518518518519 0.022395833333333334 0.16018518518518518
0 0.78984375 0.5249999999999999 0.015104166666666667 0.08148148148148147
0 0.9833333333333334 0.5541666666666667 0.02291666666666667 0.12129629629629629
0 0.7523437500000001 0.6162037037037037 0.029687500000000002 0.17129629629629628
0 0.7445312500000001 0.5291666666666666 0.016145833333333335 0.06944444444444443
0 0.7643229166666669 0.525462962962963 0.019270833333333334 0.06759259259259259
0 0.8200520833333335 0.5532407407407407 0.021354166666666667 0.0861111111111111
0 0.83203125 0.6166666666666667 0.022395833333333334 0.15
0 0.8471354166666666 0.549537037037037 0.017187499999999998 0.0824074074074074
0 0.7151041666666667 0.525 0.02395833333333333 0.07592592592592592
0 0.7315104166666666 0.5324074074074073 0.013020833333333334 0.06481481481481481
