0 0.8953125 0.6393518518518518 0.040625 0.175
0 0.9375 0.5652777777777778 0.026041666666666668 0.09537037037037037
0 0.8963541666666666 0.5444444444444444 0.01979166666666667 0.09259259259259259
0 0.11770833333333333 0.5907407407407407 0.026041666666666668 0.12407407407407406
0 0.14609375000000002 0.5925925925925927 0.02447916666666667 0.12407407407407406
0 0.22708333333333336 0.575925925925926 0.020833333333333332 0.10370370370370369
0 0.20911458333333335 0.575925925925926 0.018229166666666668 0.09814814814814814
0 0.2682291666666667 0.5555555555555556 0.01979166666666667 0.09444444444444443
0 0.2559895833333333 0.5680555555555554 0.0203125 0.11018518518518518
0 0.8106770833333334 0.5074074074074074 0.013020833333333334 0.046296296296296294
0 0.7197916666666667 0.5180555555555555 0.013541666666666667 0.06018518518518518
0 0.7953125000000001 0.5078703703703703 0.011458333333333334 0.04907407407407407
0 0.49869791666666674 0.4782407407407407 0.005729166666666667 0.0287037037037037
0 0.21484375 0.5319444444444444 0.013020833333333334 0.07314814814814814
0 0.3606770833333333 0.499537037037037 0.008854166666666666 0.03796296296296296
0 0.2125 0.562962962962963 0.021875000000000002 0.10555555555555556
0 0.6179687500000001 0.4824074074074074 0.008854166666666666 0.03888888888888888
0 0.37526041666666665 0.5041666666666667 0.009895833333333335 0.05277777777777778
0 0.38906250000000003 0.5083333333333333 0.010416666666666666 0.0537037037037037
0 0.35052083333333334 0.5023148148148148 0.010416666666666666 0.058333333333333334
0 0.8 0.5032407407407408 0.0125 0.054629629629629625
0 0.80625 0.500925925925926 0.011458333333333334 0.05185185185185184
0 0.6432291666666669 0.4930555555555555 0.011458333333333334 0.04351851851851852
0 0.65078125 0.49351851851851847 0.009895833333333335 0.04444444444444444
0 0.6934895833333334 0.500462962962963 0.010937500000000001 0.047222222222222214
0 0.73203125 0.5032407407407408 0.009895833333333335 0.04907407407407407
0 0.7223958333333335 0.5046296296296295 0.011458333333333334 0.05
0 0.19270833333333334 0.5736111111111111 0.015625 0.08425925925925926
0 0.8369791666666666 0.5046296296296295 0.0125 0.0574074074074074
0 0.8140625 0.5050925925925925 0.009375 0.04907407407407407
