0 0.8619791666666666 0.5662037037037037 0.025 0.11388888888888889
0 0.7666666666666666 0.562962962962963 0.02291666666666667 0.1111111111111111
0 0.20078125 0.5393518518518517 0.013020833333333334 0.06574074074074074
0 0.6471354166666666 0.5199074074074074 0.013020833333333334 0.058333333333333334
0 0.6294270833333334 0.5333333333333333 0.019270833333333334 0.08333333333333333
0 0.6544270833333334 0.5185185185185185 0.010937500000000001 0.05555555555555555
0 0.30885416666666665 0.49212962962962964 0.007291666666666667 0.030555555555555555
0 0.15598958333333335 0.5361111111111111 0.009895833333333335 0.0574074074074074
0 0.48333333333333334 0.4907407407407407 0.010416666666666666 0.04444444444444444
0 0.6674479166666667 0.5175925925925926 0.013020833333333334 0.06481481481481481
0 0.19479166666666667 0.5356481481481481 0.010416666666666666 0.06388888888888888
0 0.19817708333333336 0.5430555555555555 0.011979166666666666 0.06018518518518518
0 0.14791666666666667 0.5365740740740741 0.0125 0.06759259259259259
0 0.16979166666666667 0.5305555555555556 0.0125 0.06296296296296296
0 0.5151041666666667 0.5078703703703703 0.010416666666666666 0.054629629629629625
0 0.5234375 0.5097222222222222 0.010416666666666666 0.054629629629629625
0 0.5822916666666667 0.5087962962962963 0.015625 0.05277777777777778
0 0.5697916666666667 0.5092592592592592 0.011458333333333334 0.0574074074074074
0 0.6744791666666666 0.5152777777777777 0.015625 0.06574074074074074
0 0.6174479166666667 0.5078703703703703 0.008854166666666666 0.05648148148148148
0 0.6354166666666666 0.5050925925925926 0.014583333333333334 0.06018518518518518
0 0.5335937500000001 0.5074074074074074 0.011979166666666666 0.046296296296296294
