0 0.8111979166666666 0.5745370370370371 0.0421875 0.15092592592592594
0 0.08671875 0.600462962962963 0.018229166666666668 0.09351851851851851
0 0.7752604166666667 0.611574074074074 0.033854166666666664 0.16018518518518518
0 0.6062500000000001 0.5467592592592593 0.020833333333333332 0.0861111111111111
0 0.4885416666666667 0.5018518518518519 0.011458333333333334 0.046296296296296294
0 0.6729166666666666 0.5148148148148147 0.0125 0.0685185185185185
0 0.07864583333333333 0.6018518518518517 0.014583333333333334 0.08888888888888888
0 0.07838541666666668 0.6143518518518518 0.015104166666666667 0.0898148148148148
0 0.011458333333333334 0.610648148148148 0.016666666666666666 0.0898148148148148
0 0.6057291666666667 0.5504629629629629 0.01979166666666667 0.0898148148148148
0 0.23203125 0.5166666666666667 0.0078125 0.03518518518518519
0 0.615625 0.5421296296296296 0.025 0.10092592592592592
0 0.6309895833333334 0.5388888888888889 0.018229166666666668 0.10185185185185185
0 0.004427083333333333 0.611111111111111 0.017187499999999998 0.09444444444444443
0 0.5169270833333334 0.5226851851851851 0.013020833333333334 0.06203703703703703
