0 0.05755208333333334 0.7069444444444444 0.0234375 0.15277777777777776
0 0.6708333333333334 0.5319444444444444 0.010416666666666666 0.04907407407407407
0 0.038802083333333334 0.7101851851851851 0.019270833333333334 0.15
0 0.0375 0.7287037037037037 0.017708333333333333 0.14814814814814817
0 0.022656250000000003 0.7393518518518518 0.0234375 0.15092592592592594
0 0.72265625 0.5208333333333333 0.010937500000000001 0.05277777777777778
0 0.8197916666666667 0.5601851851851851 0.01875 0.09259259259259259
0 0.7966145833333335 0.5583333333333333 0.019270833333333334 0.08148148148148147
0 0.78671875 0.5606481481481481 0.016145833333333335 0.0824074074074074
0 0.71328125 0.5162037037037037 0.009895833333333335 0.04907407407407407
0 0.70234375 0.5180555555555555 0.016145833333333335 0.05648148148148148
0 0.7747395833333334 0.725462962962963 0.033854166666666664 0.19166666666666668
0 0.8466145833333334 0.7032407407407407 0.0453125 0.18425925925925926
0 0.7135416666666666 0.663425925925926 0.029166666666666667 0.1787037037037037
0 0.8106770833333333 0.5662037037037037 0.017187499999999998 0.09351851851851851
0 0.7348958333333334 0.673611111111111 0.04895833333333334 0.1935185185185185
0 0.7484375000000001 0.5694444444444444 0.01875 0.07962962962962963
0 0.7692708333333333 0.5638888888888889 0.01979166666666667 0.07407407407407408
0 0.8624999999999999 0.6092592592592592 0.025 0.12407407407407406
0 0.8445312500000001 0.6833333333333333 0.0453125 0.17777777777777776
0 0.88984375 0.6050925925925926 0.021354166666666667 0.10833333333333334
0 0.8752604166666667 0.5935185185185186 0.0203125 0.12037037037037036
0 0.7247395833333334 0.5694444444444444 0.02447916666666667 0.09259259259259259
