0 0.72265625 0.523611111111111 0.017187499999999998 0.08796296296296297
0 0.7791666666666666 0.5157407407407407 0.01979166666666667 0.07037037037037037
0 0.8057291666666667 0.5763888888888888 0.027083333333333334 0.10092592592592592
0 0.8528645833333335 0.5712962962962963 0.029687500000000002 0.10925925925925925
0 0.7611979166666666 0.5092592592592592 0.017187499999999998 0.07222222222222222
0 0.009895833333333335 0.7166666666666667 0.03333333333333333 0.20740740740740737
0 0.07630208333333333 0.7032407407407407 0.025520833333333333 0.0898148148148148
0 0.11354166666666667 0.6037037037037037 0.02395833333333333 0.14259259259259258
0 0.15416666666666667 0.6101851851851853 0.02395833333333333 0.137037037037037
0 0.2713541666666667 0.5513888888888889 0.017708333333333333 0.0861111111111111
0 0.2908854166666667 0.5513888888888888 0.016145833333333335 0.08796296296296297
0 0.34661458333333334 0.5212962962962963 0.0140625 0.06481481481481481
0 0.3375 0.5231481481481481 0.011458333333333334 0.0537037037037037
0 0.35859375000000004 0.5092592592592592 0.011979166666666666 0.0537037037037037
0 0.5625000000000001 0.4708333333333333 0.008333333333333333 0.02685185185185185
0 0.32994791666666673 0.5138888888888888 0.010937500000000001 0.06481481481481481
0 0.61953125 0.4699074074074074 0.0067708333333333336 0.032407407407407406
0 0.6648437500000001 0.4722222222222222 0.008854166666666666 0.03333333333333333
0 0.41666666666666674 0.4921296296296296 0.008333333333333333 0.041666666666666664
0 0.43541666666666673 0.49444444444444446 0.008333333333333333 0.03888888888888888
0 0.4080729166666667 0.49166666666666664 0.0078125 0.04259259259259259
0 0.76171875 0.47916666666666663 0.0078125 0.03981481481481482
