0 0.68203125 0.5199074074074074 0.009895833333333335 0.058333333333333334
0 0.7989583333333334 0.5712962962962963 0.020833333333333332 0.1111111111111111
0 0.7723958333333334 0.5662037037037037 0.021875000000000002 0.09351851851851851
0 0.7523437500000001 0.5731481481481481 0.0140625 0.1
0 0.7651041666666666 0.5722222222222222 0.02291666666666667 0.1
0 0.66953125 0.5217592592592593 0.013020833333333334 0.06203703703703703
0 0.7325520833333334 0.8578703703703704 0.05260416666666667 0.2935185185185185
0 0.7393229166666667 0.8004629629629629 0.050520833333333334 0.25833333333333336
0 0.6190104166666667 0.7171296296296297 0.0265625 0.22685185185185183
0 0.7872395833333333 0.5736111111111111 0.017187499999999998 0.09351851851851851
0 0.64375 0.7310185185185184 0.03333333333333333 0.24166666666666667
0 0.69765625 0.5810185185185185 0.022395833333333334 0.10648148148148147
0 0.7276041666666666 0.575925925925926 0.026041666666666668 0.10370370370370369
0 0.9213541666666667 0.6467592592592591 0.046875 0.15462962962962962
0 0.7609375 0.7699074074074074 0.042708333333333334 0.24351851851851852
0 0.9395833333333334 0.6342592592592592 0.03125 0.14629629629629629
0 0.9143229166666667 0.624074074074074 0.03072916666666667 0.15
0 0.68984375 0.5675925925925926 0.025520833333333333 0.09814814814814814
