0 0.14348958333333334 0.6444444444444444 0.019270833333333334 0.12222222222222222
0 0.6255208333333334 0.5162037037037036 0.0125 0.05277777777777778
0 0.12838541666666667 0.6458333333333333 0.0203125 0.11388888888888889
0 0.13307291666666665 0.6564814814814814 0.017187499999999998 0.11296296296296296
0 0.12421875 0.663425925925926 0.016145833333333335 0.11018518518518518
0 0.038802083333333334 0.6587962962962962 0.025520833333333333 0.11203703703703702
0 0.67734375 0.5055555555555555 0.011979166666666666 0.046296296296296294
0 0.6645833333333334 0.5092592592592592 0.011458333333333334 0.0537037037037037
0 0.65 0.5037037037037037 0.013541666666666667 0.04814814814814815
0 0.7359375 0.6166666666666667 0.028125 0.12407407407407406
0 0.7921875 0.600462962962963 0.028125 0.125
0 0.7174479166666666 0.6004629629629629 0.033854166666666664 0.13055555555555556
0 0.7364583333333333 0.5314814814814814 0.014583333333333334 0.06111111111111111
0 0.8942708333333335 0.5527777777777777 0.016666666666666666 0.0962962962962963
0 0.7447916666666666 0.5949074074074073 0.025 0.12870370370370368
0 0.030208333333333334 0.6587962962962962 0.026041666666666668 0.12129629629629629
0 0.7145833333333333 0.5421296296296296 0.017708333333333333 0.08425925925925926
0 0.7333333333333334 0.5347222222222222 0.016666666666666666 0.06203703703703703
0 0.7455729166666667 0.5578703703703703 0.016145833333333335 0.0824074074074074
0 0.7820312500000001 0.5921296296296297 0.018229166666666668 0.11018518518518518
0 0.7734375 0.562037037037037 0.014583333333333334 0.09444444444444443
0 0.67578125 0.5351851851851851 0.018229166666666668 0.0574074074074074
0 0.7028645833333335 0.5388888888888889 0.0140625 0.059259259259259255
0 0.69375 0.537962962962963 0.0125 0.059259259259259255
