0 0.7825520833333334 0.5560185185185186 0.0234375 0.11203703703703702
0 0.8591145833333333 0.5407407407407407 0.017187499999999998 0.08148148148148147
0 0.9583333333333334 0.6541666666666667 0.03958333333333334 0.15833333333333333
0 0.82578125 0.5199074074074074 0.016145833333333335 0.0787037037037037
0 0.23489583333333333 0.5652777777777778 0.01875 0.10277777777777777
0 0.2591145833333333 0.5643518518518518 0.0203125 0.10462962962962963
0 0.3268229166666667 0.5425925925925926 0.0140625 0.07407407407407408
0 0.3125 0.5421296296296296 0.0125 0.06944444444444443
0 0.3497395833333333 0.524074074074074 0.015104166666666667 0.07037037037037037
0 0.8263020833333333 0.4935185185185185 0.009895833333333335 0.04259259259259259
0 0.7091145833333334 0.4935185185185185 0.010937500000000001 0.046296296296296294
0 0.81796875 0.49629629629629624 0.009895833333333335 0.04814814814814815
0 0.5567708333333333 0.4782407407407407 0.007291666666666667 0.025
0 0.30703125000000003 0.5231481481481481 0.010937500000000001 0.07037037037037037
0 0.32109375 0.5263888888888889 0.009895833333333335 0.075
0 0.6372395833333334 0.47685185185185186 0.0078125 0.03333333333333333
0 0.4158854166666667 0.4958333333333333 0.008854166666666666 0.045370370370370366
0 0.43515625 0.500462962962963 0.008854166666666666 0.047222222222222214
0 0.4020833333333333 0.4949074074074074 0.011458333333333334 0.045370370370370366
0 0.8356770833333333 0.4921296296296296 0.011979166666666666 0.045370370370370366
0 0.7760416666666669 0.48657407407407405 0.011458333333333334 0.047222222222222214
