0 0.4890625 0.5013888888888888 0.0125 0.06018518518518518
0 0.6263020833333334 0.5625 0.0234375 0.11944444444444444
0 0.6059895833333334 0.5652777777777778 0.0234375 0.1175925925925926
0 0.5773437499999999 0.5699074074074074 0.0140625 0.11203703703703702
0 0.5906250000000001 0.5689814814814814 0.020833333333333332 0.1175925925925926
0 0.47265625 0.9740740740740741 0.06718750000000001 0.36111111111111105
0 0.42734375 0.9208333333333333 0.06406250000000001 0.35833333333333334
0 0.46406250000000004 0.49907407407407406 0.013541666666666667 0.06296296296296296
0 0.31744791666666666 0.7643518518518518 0.06406250000000001 0.275
0 0.6111979166666666 0.5652777777777778 0.022395833333333334 0.10833333333333334
0 0.8997395833333334 0.6319444444444444 0.033854166666666664 0.1824074074074074
0 0.3307291666666667 0.7916666666666666 0.07708333333333334 0.29629629629629634
0 0.5088541666666666 0.5662037037037037 0.021875000000000002 0.11388888888888889
0 0.5432291666666667 0.5675925925925926 0.027083333333333334 0.12037037037037036
0 0.7921874999999999 0.6708333333333333 0.040625 0.1861111111111111
0 0.45859374999999997 0.8574074074074074 0.035937500000000004 0.3055555555555555
0 0.81796875 0.6458333333333333 0.03802083333333334 0.16388888888888886
0 0.7864583333333335 0.6273148148148148 0.03229166666666667 0.15648148148148147
0 0.5166666666666667 0.5541666666666667 0.025 0.10833333333333334
