0 0.67109375 0.5291666666666667 0.010937500000000001 0.058333333333333334
0 0.7203125 0.5291666666666666 0.010416666666666666 0.05648148148148148
0 0.8317708333333335 0.5712962962962963 0.01875 0.09444444444444443
0 0.8044270833333333 0.5680555555555556 0.017187499999999998 0.0861111111111111
0 0.7861979166666666 0.575 0.013020833333333334 0.08703703703703704
0 0.7976562500000001 0.5768518518518518 0.021354166666666667 0.09444444444444443
0 0.7109375 0.5273148148148148 0.010416666666666666 0.054629629629629625
0 0.77890625 0.7939814814814814 0.0453125 0.2398148148148148
0 0.8286458333333334 0.75 0.041666666666666664 0.2185185185185185
0 0.6901041666666666 0.6949074074074074 0.028125 0.1935185185185185
0 0.8205729166666667 0.575462962962963 0.017187499999999998 0.09351851851851851
0 0.7205729166666667 0.711111111111111 0.04010416666666666 0.20925925925925926
0 0.7434895833333334 0.5847222222222221 0.018229166666666668 0.08796296296296297
0 0.76796875 0.575462962962963 0.022395833333333334 0.08425925925925926
0 0.9075520833333335 0.6287037037037037 0.029687500000000002 0.14074074074074075
0 0.8364583333333334 0.7351851851851853 0.043750000000000004 0.2111111111111111
0 0.93203125 0.6222222222222222 0.025520833333333333 0.12777777777777777
0 0.9083333333333334 0.611111111111111 0.027083333333333334 0.13148148148148148
0 0.72578125 0.5787037037037037 0.025520833333333333 0.09814814814814814
