0 0.9565104166666666 0.5712962962962963 0.03802083333333334 0.13888888888888887
0 0.7286458333333334 0.575 0.027083333333333334 0.13148148148148148
0 0.07161458333333333 0.5847222222222221 0.016145833333333335 0.0824074074074074
0 0.6528645833333334 0.5759259259259258 0.029687500000000002 0.12222222222222222
0 0.5627604166666667 0.5402777777777777 0.0140625 0.075
0 0.43828125 0.5041666666666667 0.008854166666666666 0.047222222222222214
0 0.6018229166666667 0.5226851851851851 0.0140625 0.075
0 0.06432291666666667 0.5851851851851851 0.0140625 0.08148148148148147
0 0.06328125000000001 0.5962962962962962 0.0140625 0.07962962962962963
0 0.0033854166666666663 0.5925925925925924 0.011979166666666666 0.08148148148148147
0 0.5203125000000001 0.5175925925925926 0.011458333333333334 0.059259259259259255
0 0.5630208333333334 0.5425925925925926 0.01875 0.07407407407407408
0 0.20234375000000002 0.5125 0.0078125 0.03425925925925925
0 0.5770833333333334 0.5393518518518517 0.01875 0.0824074074074074
0 0.5934895833333335 0.5365740740740741 0.018229166666666668 0.08796296296296297
0 0.53359375 0.5212962962962963 0.015104166666666667 0.06481481481481481
0 0.55390625 0.5185185185185185 0.011979166666666666 0.06481481481481481
0 0.4671875 0.5208333333333334 0.011458333333333334 0.058333333333333334
