0 0.413845223700121 0.42361111111111105 0.029625151148730353 0.07314814814814814
0 0.4434703748488513 0.020833333333333332 0.03325272067714632 0.03981481481481482
0 0.4746070133010883 0.016666666666666666 0.030229746070133016 0.03148148148148148
0 0.508162031438936 0.02222222222222222 0.02478839177750907 0.04259259259259259
0 0.6774486094316808 0.0412037037037037 0.027206771463119714 0.08055555555555555
0 0.7016324062877872 0.04027777777777777 0.028415961305925032 0.0787037037037037
0 0.5858524788391778 0.049999999999999996 0.030229746070133016 0.09814814814814814
0 0.6677750906892382 0.0611111111111111 0.029625151148730353 0.12037037037037036
0 0.5749697702539299 0.13333333333333333 0.03748488512696494 0.14629629629629629
0 0.6248488512696494 0.15138888888888888 0.034461910519951636 0.1324074074074074
0 0.5217654171704958 0.06435185185185185 0.032648125755743655 0.12129629629629629
0 0.5565296251511488 0.08518518518518518 0.03688029020556228 0.13518518518518519
0 0.5852478839177752 0.07824074074074075 0.0350665054413543 0.13425925925925924
0 0.635429262394196 0.10370370370370369 0.027811366384522373 0.11296296296296296
0 0.6877267230955261 0.11064814814814815 0.034461910519951636 0.1398148148148148
0 0.7001209189842805 0.09351851851851851 0.030229746070133016 0.1148148148148148
0 0.7013301088270859 0.20231481481481478 0.03143893591293833 0.11203703703703702
0 0.7415356711003628 0.2259259259259259 0.034461910519951636 0.1259259259259259
0 0.7623941958887547 0.14259259259259258 0.036275695284159616 0.12962962962962962
0 0.7877871825876664 0.1259259259259259 0.03143893591293833 0.11851851851851851
0 0.8730350665054415 0.07546296296296297 0.032648125755743655 0.14166666666666666
0 0.9201934703748488 0.058333333333333334 0.0350665054413543 0.11296296296296296
0 0.940447400241838 0.09074074074074075 0.034461910519951636 0.12962962962962962
0 0.9582829504232165 0.05185185185185184 0.02297460701330109 0.08888888888888888
0 0.9655380894800485 0.059722222222222225 0.032648125755743655 0.10833333333333334
0 0.9894195888754536 0.16944444444444443 0.01995163240628779 0.1259259259259259
0 0.919286577992745 0.1847222222222222 0.032043530834341 0.13796296296296295
0 0.8364570737605804 0.29537037037037034 0.03688029020556228 0.14259259259259258
0 0.912031438935913 0.2981481481481481 0.034461910519951636 0.13148148148148148
0 0.9827690447400242 0.3231481481481481 0.029625151148730353 0.1074074074074074
0 0.8422007255139057 0.2287037037037037 0.030229746070133016 0.13518518518518519
0 0.8201330108827087 0.20416666666666666 0.032043530834341 0.14537037037037034
0 0.8591293833131802 0.17175925925925925 0.030229746070133016 0.13425925925925924
0 0.5084643288996373 0.03981481481481481 0.0350665054413543 0.07777777777777777
0 0.5145102781136639 0.05601851851851851 0.03990326481257558 0.11018518518518518
0 0.7642079806529625 0.3143518518518518 0.030229746070133016 0.1398148148148148
0 0.7264207980652964 0.2847222222222222 0.041717049576783564 0.14166666666666666
0 0.7309552599758162 0.3819444444444444 0.030229746070133016 0.12870370370370368
0 0.75453446191052 0.425 0.030229746070133016 0.12962962962962962
0 0.5888754534461911 0.2930555555555555 0.036275695284159616 0.15462962962962962
0 0.24365175332527209 0.06481481481481481 0.030229746070133016 0.12222222222222222
0 0.12152357920193474 0.07129629629629629 0.032648125755743655 0.137037037037037
0 0.06559854897218864 0.06249999999999999 0.04292623941958888 0.12314814814814815
0 0.11577992744860945 0.04768518518518518 0.032043530834341 0.09351851851851851
0 0.03506650544135429 0.18888888888888886 0.03385731559854897 0.14259259259259258
0 0.37817412333736405 0.17685185185185184 0.032043530834341 0.12962962962962962
0 0.34340991535671106 0.18055555555555552 0.0350665054413543 0.14444444444444443
0 0.3107617896009674 0.2185185185185185 0.03385731559854897 0.14074074074074075
0 0.30078597339782354 0.20601851851851852 0.03325272067714632 0.13796296296296295
0 0.33131801692865787 0.2949074074074074 0.032648125755743655 0.13796296296296295
0 0.2587666263603386 0.275 0.0350665054413543 0.13333333333333333
0 0.24334945586457074 0.29629629629629634 0.03325272067714632 0.14074074074074075
0 0.7965538089480049 0.1935185185185185 0.02478839177750907 0.11296296296296296
0 0.7076783555018138 0.1736111111111111 0.039298669891172915 0.12685185185185185
0 0.7699516324062878 0.46249999999999997 0.04050785973397824 0.1361111111111111
0 0.6191051995163241 0.28703703703703703 0.030229746070133016 0.12407407407407406
0 0.6438935912938333 0.27824074074074073 0.03143893591293833 0.10833333333333334
0 0.6112454655380894 0.38379629629629625 0.03385731559854897 0.1324074074074074
0 0.6735187424425635 0.32592592592592595 0.036275695284159616 0.13518518518518519
0 0.6444981862152359 0.3314814814814815 0.03748488512696494 0.12037037037037036
0 0.6789600967351874 0.4472222222222222 0.03990326481257558 0.14444444444444443
0 0.8152962515114874 0.20787037037037034 0.032043530834341 0.12129629629629629
0 0.010580411124546553 0.9560185185185185 0.01995163240628779 0.0898148148148148
0 0.2986698911729142 0.5662037037037037 0.036275695284159616 0.13055555555555556
0 0.27085852478839184 0.5055555555555555 0.030229746070133016 0.13333333333333333
0 0.8304111245465537 0.13657407407407407 0.034461910519951636 0.12314814814814815
0 0.7249093107617897 0.8254629629629628 0.041112454655380895 0.17314814814814813
0 0.7345828295042323 0.750925925925926 0.032648125755743655 0.13518518518518519
0 0.7445586457073761 0.4819444444444444 0.046553808948004836 0.14351851851851852
0 0.7007255139056833 0.5032407407407408 0.04232164449818622 0.15092592592592594
0 0.8984280532043533 0.15 0.032648125755743655 0.12962962962962962
0 0.8899637243047159 0.8277777777777777 0.04474002418379686 0.16296296296296295
0 0.7040507859733979 0.26805555555555555 0.032043530834341 0.1324074074074074
0 0.9845828295042323 0.23379629629629628 0.029625151148730353 0.12129629629629629
0 0.7823458282950424 0.1550925925925926 0.04232164449818622 0.12129629629629629
0 0.9041717049576784 0.08564814814814815 0.032043530834341 0.13425925925925924
0 0.5825272067714632 0.47083333333333327 0.032043530834341 0.1324074074074074
0 0.7521160822249094 0.18703703703703703 0.03748488512696494 0.11296296296296296
0 0.9192865779927449 0.12222222222222222 0.034461910519951636 0.1148148148148148
0 0.972490931076179 0.19305555555555554 0.0380894800483676 0.13796296296296295
0 0.6695888754534463 0.1 0.029625151148730353 0.1148148148148148
0 0.6780532043530835 0.19537037037037036 0.029625151148730353 0.07777777777777777
0 0.9607013301088272 0.08240740740740742 0.03748488512696494 0.1148148148148148
0 0.2787182587666264 0.9476851851851851 0.048367593712212824 0.10462962962962963
0 0.44316807738815 0.9356481481481481 0.048367593712212824 0.125
0 0.9458887545344619 0.9328703703703703 0.048972188633615486 0.13425925925925924
0 0.980652962515115 0.9495370370370371 0.036275695284159616 0.09907407407407406
0 0.4975816203143894 0.649537037037037 0.02539298669891173 0.15092592592592594
0 0.5148125755743652 0.6523148148148148 0.03688029020556228 0.16388888888888886
0 0.2415356711003628 0.6949074074074073 0.048972188633615486 0.17129629629629628
0 0.20193470374848854 0.6675925925925925 0.03869407496977026 0.1648148148148148
0 0.23488512696493352 0.6560185185185184 0.04050785973397824 0.15648148148148147
0 0.510882708585248 0.7865740740740741 0.04957678355501814 0.1787037037037037
0 0.43833131801692865 0.8087962962962963 0.04353083434099154 0.16018518518518518
0 0.6311970979443773 0.786574074074074 0.0350665054413543 0.15462962962962962
0 0.6584038694074971 0.7287037037037035 0.036275695284159616 0.1537037037037037
0 0.6145707376058042 0.7472222222222221 0.034461910519951636 0.14814814814814817
0 0.667472793228537 0.7921296296296295 0.05199516324062878 0.15462962962962962
0 0.7031438935912939 0.7731481481481481 0.03385731559854897 0.16296296296296295
0 0.5541112454655381 0.9699074074074073 0.0441354292623942 0.06203703703703703
0 0.6015719467956471 0.9412037037037037 0.05320435308343411 0.11944444444444444
0 0.5894800483675938 0.5666666666666667 0.03990326481257558 0.15
0 0.6221281741233374 0.5842592592592593 0.03748488512696494 0.137037037037037
0 0.6853083434099154 0.9060185185185184 0.050181378476420804 0.15648148148148147
0 0.7436517533252721 0.924537037037037 0.04957678355501814 0.15277777777777776
0 0.6275695284159615 0.9625 0.04957678355501814 0.075
0 0.8627569528415963 0.9462962962962962 0.04957678355501814 0.10370370370370369
0 0.7874848851269649 0.9597222222222221 0.039298669891172915 0.0824074074074074
0 0.8219467956469166 0.9569444444444444 0.039298669891172915 0.0861111111111111
0 0.8875453446191054 0.8671296296296295 0.04957678355501814 0.1824074074074074
0 0.35550181378476425 0.7499999999999999 0.04594921402660218 0.16296296296296295
0 0.47430471584038697 0.43611111111111106 0.03688029020556228 0.13148148148148148
0 0.5145102781136639 0.48472222222222217 0.036275695284159616 0.14351851851851852
0 0.5281136638452237 0.475462962962963 0.034461910519951636 0.1398148148148148
0 0.5707376058041113 0.2518518518518518 0.030229746070133016 0.12962962962962962
0 0.7421402660217654 0.6564814814814814 0.0441354292623942 0.1685185185185185
0 0.7382103990326482 0.786574074074074 0.048367593712212824 0.17129629629629628
0 0.5937122128174124 0.4898148148148148 0.03748488512696494 0.14629629629629629
0 0.6142684401451028 0.48518518518518516 0.02902055622732769 0.12037037037037036
0 0.6118500604594922 0.563425925925926 0.03869407496977026 0.14907407407407408
0 0.8279927448609433 0.7939814814814814 0.050181378476420804 0.1861111111111111
0 0.7708585247883918 0.8208333333333332 0.048367593712212824 0.15648148148148147
0 0.9017533252720678 0.26712962962962966 0.032043530834341 0.1324074074074074
0 0.891777509068924 0.25555555555555554 0.03143893591293833 0.14074074074074075
0 0.8681983071342202 0.25416666666666665 0.02902055622732769 0.1324074074074074
0 0.3512696493349456 0.8268518518518518 0.04232164449818622 0.16296296296296295
0 0.3198307134220073 0.8490740740740741 0.04353083434099154 0.1685185185185185
0 0.40749697702539306 0.8462962962962962 0.06287787182587666 0.19074074074074074
0 0.4752116082224909 0.41527777777777775 0.03385731559854897 0.11944444444444444
0 0.2315598548972189 0.4509259259259259 0.036275695284159616 0.1574074074074074
0 0.2666263603385732 0.45694444444444443 0.036275695284159616 0.14907407407407408
0 0.39842805320435315 0.5226851851851851 0.030229746070133016 0.14351851851851852
0 0.3422007255139057 0.5351851851851851 0.036275695284159616 0.14629629629629629
0 0.29534461910519955 0.5231481481481481 0.0380894800483676 0.15555555555555553
0 0.5755743651753326 0.23194444444444443 0.02539298669891173 0.12129629629629629
0 0.3935912938331318 0.3356481481481481 0.041112454655380895 0.1472222222222222
0 0.4975816203143894 0.3814814814814815 0.032648125755743655 0.12962962962962962
0 0.7560459492140267 0.712962962962963 0.03688029020556228 0.1685185185185185
0 0.12061668681983073 0.8013888888888888 0.039298669891172915 0.17314814814814813
0 0.07496977025392988 0.8120370370370369 0.048367593712212824 0.1796296296296296
0 0.043228536880290214 0.34027777777777773 0.034461910519951636 0.14537037037037034
0 0.3216444981862153 0.9212962962962963 0.04353083434099154 0.15925925925925927
0 0.37273276904474006 0.9240740740740739 0.046553808948004836 0.14629629629629629
0 0.4679564691656591 0.2546296296296296 0.02539298669891173 0.10185185185185185
0 0.45374848851269656 0.25833333333333336 0.029625151148730353 0.13518518518518519
0 0.02267230955259976 0.5361111111111111 0.0441354292623942 0.1648148148148148
0 0.10217654171704958 0.8787037037037037 0.048367593712212824 0.1648148148148148
0 0.2905078597339783 0.7300925925925925 0.04534461910519952 0.15833333333333333
0 0.31680773881499397 0.7703703703703704 0.047158403869407506 0.1685185185185185
0 0.5359733978234584 0.5333333333333333 0.048972188633615486 0.14814814814814817
0 0.5057436517533254 0.5689814814814814 0.046553808948004836 0.15462962962962962
0 0.4625151148730351 0.5708333333333333 0.05320435308343411 0.15092592592592594
0 0.4123337363966143 0.586574074074074 0.03748488512696494 0.17129629629629628
0 0.2503022974607014 0.13796296296296295 0.0350665054413543 0.137037037037037
0 0.22460701330108826 0.575462962962963 0.039298669891172915 0.15648148148148147
0 0.2666263603385732 0.5592592592592592 0.04353083434099154 0.1648148148148148
0 0.2503022974607014 0.5263888888888888 0.036275695284159616 0.16018518518518518
0 0.7103990326481259 0.43888888888888894 0.04353083434099154 0.14814814814814817
0 0.7373035066505442 0.12222222222222222 0.03688029020556228 0.13518518518518519
0 0.7578597339782347 0.35787037037037034 0.03688029020556228 0.14537037037037034
0 0.6732164449818622 0.399537037037037 0.03688029020556228 0.14351851851851852
0 0.6789600967351875 0.5328703703703703 0.05441354292623943 0.16203703703703703
0 0.7823458282950425 0.3638888888888888 0.026602176541717055 0.08518518518518518
0 0.6357315598548973 0.38379629629629625 0.034461910519951636 0.14537037037037034
0 0.8485489721886337 0.5462962962962962 0.039298669891172915 0.14629629629629629
0 0.6958887545344619 0.3791666666666666 0.0350665054413543 0.12314814814814815
0 0.7735792019347038 0.41157407407407404 0.039298669891172915 0.14351851851851852
0 0.918379685610641 0.16990740740740737 0.02902055622732769 0.11574074074074073
0 0.7741837968561065 0.2564814814814815 0.034461910519951636 0.15185185185185185
0 0.9534461910519952 0.3148148148148148 0.03748488512696494 0.1574074074074074
0 0.9809552599758163 0.6592592592592592 0.03688029020556228 0.1648148148148148
0 0.761789600967352 0.2722222222222222 0.032648125755743655 0.12962962962962962
0 0.17472793228536881 0.45509259259259255 0.047158403869407506 0.16203703703703703
0 0.7324667472793229 0.15324074074074073 0.032043530834341 0.11574074074074073
0 0.6750302297460701 0.08935185185185185 0.034461910519951636 0.12129629629629629
0 0.35519951632406294 0.06805555555555555 0.032043530834341 0.13425925925925924
0 0.13905683192261187 0.3768518518518518 0.03990326481257558 0.14629629629629629
0 0.8198307134220073 0.2550925925925926 0.02902055622732769 0.12870370370370368
0 0.9347037484885128 0.2523148148148148 0.027811366384522373 0.13796296296296295
0 0.9407496977025395 0.2847222222222222 0.03748488512696494 0.13796296296296295
0 0.8500604594921404 0.2611111111111111 0.030229746070133016 0.13518518518518519
0 0.32920193470374853 0.08888888888888888 0.02599758162031439 0.12407407407407406
0 0.3107617896009674 0.058796296296296284 0.027811366384522373 0.11574074074074073
0 0.01844014510278114 0.8509259259259259 0.035671100362756954 0.18148148148148147
0 0.3041112454655381 0.08009259259259259 0.03143893591293833 0.12685185185185185
0 0.792926239419589 0.27638888888888885 0.034461910519951636 0.14537037037037034
0 0.09945586457073761 0.42453703703703705 0.04292623941958888 0.14537037037037034
0 0.6617291414752117 0.13518518518518519 0.032043530834341 0.1259259259259259
0 0.9256348246674728 0.1472222222222222 0.030229746070133016 0.12962962962962962
0 0.8742442563482468 0.2652777777777778 0.03990326481257558 0.1324074074074074
0 0.9298669891172915 0.5412037037037037 0.047158403869407506 0.15092592592592594
0 0.24002418379685614 0.42499999999999993 0.032648125755743655 0.14074074074074075
0 0.5882708585247884 0.6379629629629628 0.05078597339782346 0.14814814814814817
0 0.5755743651753326 0.6148148148148148 0.06650544135429264 0.1574074074074074
0 0.6073155985489722 0.6134259259259258 0.03325272067714632 0.15648148148148147
0 0.7829504232164451 0.7009259259259258 0.04232164449818622 0.14074074074074075
0 0.22551390568319227 0.3986111111111111 0.032648125755743655 0.14537037037037034
0 0.26571946795646917 0.4194444444444444 0.03688029020556228 0.14629629629629629
0 0.5374848851269649 0.4310185185185185 0.03385731559854897 0.14537037037037034
0 0.5408101571946796 0.42268518518518516 0.034461910519951636 0.12870370370370368
0 0.4933494558645708 0.46898148148148144 0.030229746070133016 0.14351851851851852
0 0.40931076178960096 0.37731481481481477 0.036275695284159616 0.1398148148148148
0 0.415659008464329 0.32731481481481484 0.034461910519951636 0.13425925925925924
0 0.4425634824667473 0.33935185185185185 0.0350665054413543 0.13796296296296295
0 0.48186215235792024 0.3226851851851852 0.03748488512696494 0.0824074074074074
0 0.5160217654171706 0.3449074074074074 0.029625151148730353 0.12314814814814815
0 0.4443772672309553 0.5074074074074074 0.03869407496977026 0.14444444444444443
0 0.38542926239419595 0.5537037037037037 0.032043530834341 0.14444444444444443
0 0.38814993954050786 0.5009259259259259 0.036275695284159616 0.1259259259259259
0 0.3863361547762999 0.4787037037037037 0.03385731559854897 0.137037037037037
0 0.15205562273276904 0.42962962962962964 0.034461910519951636 0.12962962962962962
0 0.31559854897218864 0.09722222222222222 0.030229746070133016 0.11296296296296296
0 0.2944377267230956 0.2796296296296296 0.030229746070133016 0.14259259259259258
0 0.4746070133010883 0.38379629629629625 0.027811366384522373 0.0898148148148148
0 0.4903264812575575 0.3981481481481481 0.02539298669891173 0.10370370370370369
0 0.27116082224909316 0.9074074074074073 0.05139056831922612 0.15925925925925927
0 0.512696493349456 0.2708333333333333 0.03990326481257558 0.16018518518518518
0 0.7551390568319227 0.04027777777777777 0.032648125755743655 0.0787037037037037
0 0.7862756952841597 0.04629629629629629 0.030834340991535675 0.09074074074074073
0 0.7859733978234584 0.04166666666666666 0.027811366384522373 0.08148148148148147
0 0.0030229746070133015 0.14259259259259255 0.004836759371221282 0.12037037037037036
0 0.7545344619105201 0.032407407407407406 0.032648125755743655 0.06296296296296296
