0 0.45284159613059255 0.09305555555555554 0.03990326481257558 0.12685185185185185
0 0.4407496977025393 0.08981481481481482 0.03143893591293833 0.13333333333333333
0 0.6148730350665055 0.13194444444444445 0.03869407496977026 0.1472222222222222
0 0.19830713422007257 0.04166666666666666 0.030229746070133016 0.08148148148148147
0 0.22400241837968565 0.019444444444444445 0.023579201934703753 0.03703703703703704
0 0.16112454655380898 0.031018518518518515 0.032043530834341 0.06018518518518518
0 0.4688633615477631 0.06388888888888888 0.034461910519951636 0.1259259259259259
0 0.509975816203144 0.07731481481481481 0.034461910519951636 0.12314814814814815
0 0.5417170495767836 0.06342592592592593 0.032648125755743655 0.11944444444444444
0 0.5232769044740025 0.07129629629629629 0.032043530834341 0.12407407407407406
0 0.9413542926239421 0.14907407407407408 0.04474002418379686 0.13148148148148148
0 0.9344014510278115 0.1087962962962963 0.0441354292623942 0.13425925925925924
0 0.914752116082225 0.1384259259259259 0.03990326481257558 0.13796296296296295
0 0.9767230955259977 0.08657407407407408 0.032043530834341 0.12314814814814815
0 0.9733978234582831 0.10046296296296296 0.032648125755743655 0.12129629629629629
0 0.9347037484885128 0.07546296296296297 0.03748488512696494 0.13055555555555556
0 0.7391172914147522 0.05462962962962962 0.032043530834341 0.1074074074074074
0 0.26451027811366384 0.06388888888888888 0.039298669891172915 0.12407407407407406
0 0.6030834340991537 0.05833333333333333 0.0441354292623942 0.1148148148148148
0 0.6822853688029021 0.03472222222222222 0.032043530834341 0.06759259259259259
0 0.7073760580411126 0.0685185185185185 0.027811366384522373 0.11851851851851851
0 0.654776299879081 0.049999999999999996 0.0350665054413543 0.09814814814814814
0 0.7055622732769046 0.06898148148148148 0.027811366384522373 0.09351851851851851
0 0.6771463119709795 0.0587962962962963 0.032648125755743655 0.09907407407407406
0 0.41384522370012095 0.44166666666666665 0.03325272067714632 0.10925925925925925
0 0.6396614268440146 0.05416666666666666 0.03385731559854897 0.10648148148148147
0 0.6336154776299879 0.049999999999999996 0.027811366384522373 0.09074074074074073
0 0.6907496977025395 0.06249999999999999 0.032043530834341 0.12314814814814815
0 0.6366384522370013 0.16296296296296298 0.032648125755743655 0.14074074074074075
0 0.650241837968561 0.1523148148148148 0.032043530834341 0.1324074074074074
0 0.658403869407497 0.18425925925925926 0.03990326481257558 0.14074074074074075
0 0.6139661426844015 0.09907407407407406 0.041717049576783564 0.1537037037037037
0 0.5713422007255139 0.2351851851851852 0.03990326481257558 0.14074074074074075
0 0.6311970979443773 0.3361111111111111 0.047158403869407506 0.15185185185185185
0 0.6605199516324064 0.22037037037037036 0.035671100362756954 0.1259259259259259
0 0.6423821039903266 0.24212962962962964 0.0441354292623942 0.14907407407407408
0 0.6783555018137848 0.23888888888888887 0.04232164449818622 0.16296296296296295
0 0.6771463119709794 0.27314814814814814 0.03990326481257558 0.14074074074074075
0 0.7732769044740025 0.20833333333333334 0.03748488512696494 0.13333333333333333
0 0.758162031438936 0.1884259259259259 0.032648125755743655 0.12685185185185185
0 0.6813784764207981 0.38101851851851853 0.03990326481257558 0.15092592592592594
0 0.632708585247884 0.26944444444444443 0.041717049576783564 0.12962962962962962
0 0.7394195888754536 0.23796296296296296 0.0350665054413543 0.12962962962962962
0 0.7702539298669892 0.2375 0.04232164449818622 0.13796296296296295
0 0.790205562273277 0.2611111111111111 0.036275695284159616 0.14814814814814817
0 0.8428053204353084 0.20787037037037034 0.04474002418379686 0.15092592592592594
0 0.9223095525997581 0.21018518518518517 0.034461910519951636 0.14814814814814817
0 0.9567714631197098 0.1884259259259259 0.03325272067714632 0.1324074074074074
0 0.9836759371221283 0.16898148148148148 0.03143893591293833 0.1175925925925926
0 0.9724909310761792 0.3013888888888889 0.030834340991535675 0.15092592592592594
0 0.9434703748488514 0.29212962962962963 0.04292623941958888 0.14907407407407408
0 0.8793833131801695 0.461574074074074 0.050181378476420804 0.1472222222222222
0 0.9256348246674728 0.44907407407407407 0.041112454655380895 0.14074074074074075
0 0.7808343409915358 0.35138888888888886 0.04050785973397824 0.13425925925925924
0 0.8431076178960097 0.3435185185185185 0.039298669891172915 0.1574074074074074
0 0.914752116082225 0.32916666666666666 0.03990326481257558 0.1398148148148148
0 0.2962515114873035 0.20879629629629629 0.04474002418379686 0.14351851851851852
0 0.3050181378476421 0.24814814814814815 0.0441354292623942 0.14074074074074075
0 0.8159008464328901 0.4782407407407407 0.03688029020556228 0.15462962962962962
0 0.7802297460701331 0.4768518518518518 0.04776299879081017 0.1685185185185185
0 0.7107013301088272 0.1736111111111111 0.032043530834341 0.11574074074074073
0 0.7091898428053205 0.23518518518518514 0.03990326481257558 0.12407407407407406
0 0.7726723095525998 0.5101851851851852 0.04232164449818622 0.15925925925925927
0 0.1596130592503023 0.2856481481481481 0.03869407496977026 0.14166666666666666
0 0.004534461910519952 0.24259259259259255 0.007859733978234583 0.14629629629629629
0 0.13996372430471585 0.42037037037037034 0.048972188633615486 0.16296296296296295
0 0.09492140266021767 0.4208333333333333 0.047158403869407506 0.15648148148148147
0 0.05320435308343411 0.48148148148148145 0.047158403869407506 0.1648148148148148
0 0.0411124546553809 0.4601851851851852 0.03990326481257558 0.16296296296296295
0 0.3328295042321645 0.36666666666666664 0.0380894800483676 0.13518518518518519
0 0.29987908101571953 0.3421296296296296 0.03990326481257558 0.13425925925925924
0 0.29927448609431684 0.3648148148148148 0.0350665054413543 0.14629629629629629
0 0.6955864570737605 0.3453703703703704 0.0441354292623942 0.137037037037037
0 0.7527206771463121 0.3069444444444444 0.04474002418379686 0.16203703703703703
0 0.7091898428053205 0.26805555555555555 0.0350665054413543 0.12129629629629629
0 0.8044135429262395 0.5157407407407407 0.034461910519951636 0.14814814814814817
0 0.830411124546554 0.5398148148148147 0.03688029020556228 0.15185185185185185
0 0.6738210399032648 0.6101851851851852 0.03688029020556228 0.14814814814814817
0 0.786577992744861 0.5643518518518518 0.048367593712212824 0.17129629629629628
0 0.7442563482466747 0.5587962962962962 0.04474002418379686 0.14537037037037034
0 0.7672309552599759 0.686574074074074 0.048367593712212824 0.16574074074074074
0 0.7496977025392987 0.3453703703703704 0.04232164449818622 0.15185185185185185
0 0.058645707376058044 0.9643518518518518 0.05441354292623943 0.07129629629629629
0 0.002116082224909311 0.9847222222222222 0.0030229746070133015 0.032407407407407406
0 0.17261185006045954 0.9305555555555555 0.0441354292623942 0.14074074074074075
0 0.0852478839177751 0.9236111111111109 0.04957678355501814 0.15462962962962962
0 0.10489721886336155 0.9509259259259258 0.05139056831922612 0.1
0 0.189540507859734 0.9083333333333333 0.04050785973397824 0.1537037037037037
0 0.28415961305925036 0.7916666666666666 0.04594921402660218 0.17592592592592593
0 0.8787787182587666 0.32407407407407407 0.0441354292623942 0.1574074074074074
0 0.5006045949214027 0.950462962962963 0.04353083434099154 0.10092592592592592
0 0.5522974607013301 0.8912037037037037 0.0441354292623942 0.12685185185185185
0 0.662938331318017 0.6930555555555556 0.041717049576783564 0.16018518518518518
0 0.629081015719468 0.7467592592592591 0.05622732769044741 0.16574074074074074
0 0.916565900846433 0.287962962962963 0.0350665054413543 0.15185185185185185
0 0.7149334945586459 0.4125 0.041717049576783564 0.16018518518518518
0 0.8116686819830714 0.3282407407407407 0.046553808948004836 0.16018518518518518
0 0.8425030229746071 0.2564814814814815 0.0441354292623942 0.17037037037037037
0 0.5804111245465539 0.4800925925925926 0.032648125755743655 0.12685185185185185
0 0.6907496977025394 0.31342592592592594 0.039298669891172915 0.14351851851851852
0 0.9776299879081016 0.287962962962963 0.03869407496977026 0.14259259259259258
0 0.9721886336154776 0.3324074074074074 0.04474002418379686 0.15185185185185185
0 0.7484885126964934 0.22731481481481483 0.030229746070133016 0.15092592592592594
0 0.7227932285368803 0.32870370370370366 0.03688029020556228 0.08333333333333333
0 0.9531438935912939 0.20787037037037034 0.03688029020556228 0.12129629629629629
0 0.2769044740024184 0.9467592592592592 0.04353083434099154 0.10833333333333334
0 0.44467956469165665 0.9324074074074072 0.048972188633615486 0.12962962962962962
0 0.49183796856106415 0.6444444444444444 0.034461910519951636 0.15925925925925927
0 0.5120918984280532 0.6611111111111111 0.03990326481257558 0.1648148148148148
0 0.23821039903264815 0.6958333333333332 0.04957678355501814 0.17129629629629628
0 0.2037484885126965 0.6763888888888888 0.04474002418379686 0.17129629629629628
0 0.23518742442563487 0.6629629629629629 0.04232164449818622 0.16296296296296295
0 0.5105804111245467 0.7902777777777777 0.046553808948004836 0.1824074074074074
0 0.46674727932285376 0.836111111111111 0.04474002418379686 0.16296296296296295
0 0.6626360338573156 0.8342592592592591 0.03869407496977026 0.1574074074074074
0 0.6738210399032648 0.7467592592592592 0.048972188633615486 0.1675925925925926
0 0.6348246674727933 0.7972222222222222 0.04232164449818622 0.1537037037037037
0 0.6789600967351874 0.8004629629629628 0.04474002418379686 0.15648148148148147
0 0.7079806529625152 0.7805555555555554 0.04232164449818622 0.16296296296296295
0 0.5798065296251512 0.5759259259259258 0.03990326481257558 0.14629629629629629
0 0.6197097944377268 0.5912037037037037 0.04232164449818622 0.15092592592592594
0 0.35701330108827095 0.7560185185185184 0.0441354292623942 0.1675925925925926
0 0.4718863361547764 0.4425925925925926 0.0441354292623942 0.13518518518518519
0 0.5051390568319227 0.49398148148148147 0.03688029020556228 0.13425925925925924
0 0.5320435308343411 0.4847222222222222 0.03869407496977026 0.13796296296296295
0 0.6952841596130592 0.17083333333333334 0.032648125755743655 0.12129629629629629
0 0.6314993954050787 0.8694444444444444 0.05501813784764208 0.17407407407407408
0 0.5396009673518742 0.9226851851851852 0.04050785973397824 0.15648148148148147
0 0.5937122128174124 0.4916666666666666 0.04474002418379686 0.1537037037037037
0 0.5964328899637243 0.47731481481481475 0.027206771463119714 0.11574074074074073
0 0.6094316807738815 0.5685185185185184 0.03990326481257558 0.1574074074074074
0 0.6454050785973399 0.9148148148148147 0.048972188633615486 0.1722222222222222
0 0.5810157194679566 0.9421296296296297 0.04474002418379686 0.1175925925925926
0 0.9071946795646917 0.27592592592592596 0.039298669891172915 0.13518518518518519
0 0.8920798065296253 0.26064814814814813 0.032043530834341 0.14907407407407408
0 0.8688029020556228 0.25601851851851853 0.030229746070133016 0.1398148148148148
0 0.6989117291414753 0.9152777777777776 0.04594921402660218 0.16203703703703703
0 0.6925634824667474 0.9324074074074074 0.04292623941958888 0.137037037037037
0 0.5305320435308344 0.8273148148148147 0.046553808948004836 0.1898148148148148
0 0.014207980652962516 0.9574074074074074 0.027206771463119714 0.08148148148148147
0 0.4815598548972189 0.4263888888888889 0.034461910519951636 0.1324074074074074
0 0.2309552599758162 0.44351851851851853 0.04474002418379686 0.1574074074074074
0 0.2699516324062878 0.45370370370370366 0.034461910519951636 0.15185185185185185
0 0.4806529625151149 0.600925925925926 0.03990326481257558 0.1574074074074074
0 0.501813784764208 0.5810185185185185 0.032648125755743655 0.15648148148148147
0 0.2826481257557437 0.5782407407407407 0.048972188633615486 0.16018518518518518
0 0.6877267230955261 0.14027777777777778 0.034461910519951636 0.1175925925925926
0 0.3957073760580412 0.34027777777777773 0.039298669891172915 0.14907407407407408
0 0.5111850060459493 0.3930555555555555 0.027206771463119714 0.12685185185185185
0 0.5876662636033858 0.8819444444444444 0.04594921402660218 0.17685185185185184
0 0.23125755743651755 0.9828703703703704 0.035671100362756954 0.03611111111111111
0 0.04292623941958888 0.3560185185185185 0.03385731559854897 0.14907407407407408
0 0.659310761789601 0.4736111111111111 0.032043530834341 0.11574074074074073
0 0.6327085852478839 0.47361111111111115 0.039298669891172915 0.1675925925925926
0 0.10066505441354294 0.7972222222222222 0.05139056831922612 0.18148148148148147
0 0.047762998790810154 0.8180555555555554 0.04474002418379686 0.16574074074074074
0 0.42472793228536887 0.6523148148148148 0.041717049576783564 0.16574074074074074
0 0.46311970979443773 0.6537037037037037 0.041112454655380895 0.1574074074074074
0 0.4038694074969771 0.625925925925926 0.04474002418379686 0.1685185185185185
0 0.39540507859733975 0.648611111111111 0.041112454655380895 0.1861111111111111
0 0.24334945586457074 0.14305555555555555 0.03688029020556228 0.1398148148148148
0 0.16203143893591299 0.8337962962962961 0.04594921402660218 0.17314814814814813
0 0.19467956469165662 0.8555555555555555 0.05078597339782346 0.18333333333333332
0 0.2503022974607014 0.7962962962962963 0.047158403869407506 0.1611111111111111
0 0.7977629987908101 0.6685185185185186 0.053808948004836765 0.17037037037037037
0 0.7415356711003628 0.13796296296296298 0.032043530834341 0.1259259259259259
0 0.8494558645707376 0.4925925925925926 0.03990326481257558 0.14629629629629629
0 0.6771463119709795 0.6430555555555555 0.04474002418379686 0.17129629629629628
0 0.604292623941959 0.6884259259259259 0.046553808948004836 0.16388888888888886
0 0.8718258766626361 0.5328703703703703 0.032648125755743655 0.10462962962962963
0 0.6995163240628779 0.6078703703703704 0.03869407496977026 0.14907407407407408
0 0.9189842805320437 0.8611111111111109 0.05078597339782346 0.17037037037037037
0 0.824062877871826 0.5958333333333333 0.047158403869407506 0.15462962962962962
0 0.8778718258766628 0.6185185185185185 0.048367593712212824 0.1648148148148148
0 0.7998790810157195 0.3787037037037037 0.03990326481257558 0.14629629629629629
0 0.9851874244256349 0.4560185185185185 0.028415961305925032 0.16203703703703703
0 0.7660217654171707 0.41157407407407404 0.05441354292623943 0.15462962962962962
0 0.12575574365175335 0.6981481481481481 0.05441354292623943 0.1722222222222222
0 0.7959492140266022 0.30462962962962964 0.03688029020556228 0.14814814814814817
0 0.7376058041112455 0.1898148148148148 0.0350665054413543 0.13148148148148148
0 0.3545949214026603 0.0736111111111111 0.03688029020556228 0.13425925925925924
0 0.11608222490931078 0.5972222222222221 0.03990326481257558 0.17592592592592593
0 0.8470374848851271 0.4037037037037037 0.04232164449818622 0.14814814814814817
0 0.9800483675937123 0.4300925925925926 0.03385731559854897 0.14907407407407408
0 0.9555622732769046 0.44537037037037036 0.041717049576783564 0.1574074074074074
0 0.8830108827085853 0.40092592592592596 0.046553808948004836 0.14814814814814817
0 0.3307134220072552 0.09212962962962963 0.026602176541717055 0.1361111111111111
0 0.3134824667472793 0.060648148148148145 0.02599758162031439 0.1175925925925926
0 0.02085852478839178 0.8578703703703703 0.04050785973397824 0.18796296296296294
0 0.3056227327690448 0.08564814814814814 0.034461910519951636 0.1324074074074074
0 0.8143893591293834 0.4222222222222222 0.047158403869407506 0.16296296296296295
0 0.08464328899637244 0.6967592592592592 0.056831922611850064 0.15462962962962962
0 0.7454655380894801 0.2537037037037037 0.03748488512696494 0.14074074074074075
0 0.8694074969770255 0.2722222222222222 0.032648125755743655 0.14074074074074075
0 0.978839177750907 0.8324074074074074 0.041112454655380895 0.18148148148148147
0 0.24093107617896012 0.43935185185185177 0.034461910519951636 0.1398148148148148
0 0.5779927448609432 0.6509259259259258 0.047158403869407506 0.14629629629629629
0 0.566807738814994 0.6171296296296297 0.034461910519951636 0.16018518518518518
0 0.6082224909310762 0.6226851851851852 0.03748488512696494 0.16203703703703703
0 0.7400241837968563 0.6685185185185186 0.04957678355501814 0.15185185185185185
0 0.22793228536880292 0.4319444444444444 0.04353083434099154 0.12129629629629629
0 0.27539298669891177 0.42685185185185187 0.03688029020556228 0.14629629629629629
0 0.5432285368802903 0.4629629629629629 0.029625151148730353 0.14074074074074075
0 0.5423216444981862 0.4606481481481481 0.03869407496977026 0.1361111111111111
0 0.49879081015719473 0.4810185185185185 0.032648125755743655 0.13796296296296295
0 0.409310761789601 0.3814814814814814 0.03748488512696494 0.13518518518518519
0 0.411124546553809 0.3282407407407407 0.03748488512696494 0.13425925925925924
0 0.4331922611850061 0.3532407407407407 0.039298669891172915 0.1361111111111111
0 0.4803506650544136 0.3592592592592593 0.032043530834341 0.13518518518518519
0 0.5235792019347039 0.37407407407407406 0.03748488512696494 0.15185185185185185
0 0.44770253929867 0.5203703703703704 0.039298669891172915 0.1537037037037037
0 0.38875453446191055 0.5625 0.036275695284159616 0.13796296296296295
0 0.38149939540507866 0.5046296296296295 0.047158403869407506 0.12962962962962962
0 0.38542926239419595 0.48333333333333334 0.039298669891172915 0.13518518518518519
0 0.12273276904474005 0.6685185185185186 0.03385731559854897 0.137037037037037
0 0.3189238210399033 0.11203703703703702 0.039298669891172915 0.12037037037037036
0 0.33615477629987917 0.3435185185185185 0.0350665054413543 0.137037037037037
0 0.4746070133010883 0.3976851851851852 0.027811366384522373 0.09907407407407406
0 0.49093107617896015 0.412037037037037 0.02539298669891173 0.1148148148148148
0 0.26995163240628783 0.9194444444444444 0.050181378476420804 0.15925925925925927
0 0.6958887545344621 0.47916666666666663 0.04474002418379686 0.1824074074074074
0 0.7527206771463121 0.04629629629629629 0.03385731559854897 0.09074074074074073
0 0.7844619105199517 0.0449074074074074 0.032043530834341 0.08796296296296297
0 0.7856711003627571 0.0449074074074074 0.027206771463119714 0.08796296296296297
0 0.0030229746070133015 0.8148148148148148 0.004836759371221282 0.17037037037037037
0 0.004836759371221282 0.14768518518518517 0.008464328899637243 0.1324074074074074
0 0.7533252720677147 0.033796296296296297 0.032648125755743655 0.06574074074074074
