0 0.5577388149939542 0.8976851851851851 0.0441354292623942 0.17129629629629628
0 0.5556227327690448 0.936574074074074 0.041112454655380895 0.12870370370370368
0 0.3890568319226119 0.5648148148148148 0.03688029020556228 0.13518518518518519
0 0.26239419588875457 0.6675925925925925 0.04232164449818622 0.16296296296296295
0 0.7430471584038694 0.8342592592592591 0.048367593712212824 0.1722222222222222
0 0.7264207980652962 0.8694444444444444 0.05864570737605805 0.18148148148148147
0 0.7016324062877872 0.898611111111111 0.04776299879081017 0.16574074074074074
0 0.3316203143893592 0.3537037037037037 0.0380894800483676 0.17037037037037037
0 0.28264812575574366 0.33981481481481474 0.032043530834341 0.14074074074074075
0 0.3322249093107618 0.38796296296296295 0.04050785973397824 0.14259259259259258
0 0.36547762998790817 0.3481481481481481 0.03688029020556228 0.14444444444444443
0 0.26239419588875457 0.35833333333333334 0.04232164449818622 0.14629629629629629
0 0.6342200725513906 0.9638888888888888 0.05199516324062878 0.07407407407407408
0 0.6735187424425635 0.9541666666666667 0.04232164449818622 0.09351851851851851
0 0.6251511487303508 0.950462962962963 0.041112454655380895 0.10092592592592592
0 0.7475816203143894 0.05509259259259259 0.029625151148730353 0.09907407407407406
0 0.8473397823458284 0.9662037037037037 0.034461910519951636 0.06944444444444443
0 0.8839177750906894 0.961111111111111 0.04232164449818622 0.07592592592592592
0 0.05622732769044741 0.4300925925925926 0.03385731559854897 0.1175925925925926
0 0.12152357920193471 0.4509259259259259 0.03869407496977026 0.1574074074074074
0 0.5471584038694075 0.6796296296296295 0.04594921402660218 0.18888888888888886
0 0.09008464328899637 0.374537037037037 0.032648125755743655 0.15462962962962962
0 0.07073760580411124 0.4962962962962963 0.04957678355501814 0.15555555555555553
0 0.6883313180169288 0.48796296296296293 0.041717049576783564 0.14629629629629629
0 0.7140266021765418 0.461574074074074 0.05199516324062878 0.15277777777777776
0 0.6958887545344621 0.4041666666666667 0.041112454655380895 0.13425925925925924
0 0.8367593712212817 0.47268518518518515 0.04353083434099154 0.14166666666666666
0 0.8101571946795647 0.48518518518518516 0.04474002418379686 0.1574074074074074
0 0.790205562273277 0.6291666666666667 0.04594921402660218 0.15277777777777776
0 0.9821644498186216 0.9032407407407407 0.034461910519951636 0.16203703703703703
0 0.9480048367593713 0.912962962962963 0.05078597339782346 0.17592592592592593
0 0.8083434099153569 0.8777777777777778 0.041112454655380895 0.11851851851851851
0 0.8458282950423218 0.8680555555555555 0.04594921402660218 0.15833333333333333
0 0.8751511487303508 0.8884259259259258 0.03688029020556228 0.12129629629629629
0 0.7841596130592504 0.9254629629629629 0.05804111245465538 0.15092592592592594
0 0.9758162031438937 0.974537037037037 0.047158403869407506 0.05092592592592592
0 0.6048972188633616 0.8425925925925924 0.053808948004836765 0.17407407407407408
0 0.6021765417170497 0.8870370370370371 0.04957678355501814 0.1685185185185185
0 0.986094316807739 0.6958333333333332 0.026602176541717055 0.1472222222222222
0 0.9685610640870619 0.6907407407407405 0.04474002418379686 0.14629629629629629
0 0.3270858524788392 0.8925925925925925 0.04957678355501814 0.1796296296296296
0 0.29534461910519955 0.8782407407407408 0.039298669891172915 0.1675925925925926
0 0.8234582829504233 0.7777777777777778 0.03748488512696494 0.14074074074074075
0 0.8624546553808948 0.8189814814814814 0.0441354292623942 0.13796296296296295
0 0.9005441354292626 0.8175925925925926 0.05139056831922612 0.17037037037037037
0 0.8428053204353084 0.38564814814814813 0.0350665054413543 0.13425925925925924
0 0.8624546553808948 0.37916666666666665 0.0441354292623942 0.11388888888888889
0 0.0852478839177751 0.8671296296296295 0.048367593712212824 0.16574074074074074
0 0.11850060459492141 0.8416666666666667 0.047158403869407506 0.17037037037037037
0 0.09008464328899637 0.950462962962963 0.05320435308343411 0.10092592592592592
0 0.055320435308343414 0.9444444444444443 0.04776299879081017 0.11296296296296296
0 0.29443772672309554 0.6703703703703704 0.04957678355501814 0.15925925925925927
0 0.3536880290205563 0.6384259259259258 0.04232164449818622 0.16574074074074074
0 0.37756952841596136 0.6597222222222221 0.03688029020556228 0.1324074074074074
0 0.5501813784764208 0.9481481481481481 0.036275695284159616 0.10370370370370369
0 0.5051390568319226 0.9337962962962963 0.05139056831922612 0.13425925925925924
0 0.8325272067714633 0.6203703703703702 0.05078597339782346 0.1537037037037037
0 0.07950423216444982 0.4407407407407407 0.046553808948004836 0.15185185185185185
0 0.23518742442563487 0.6032407407407407 0.03869407496977026 0.15648148148148147
0 0.2363966142684402 0.5842592592592593 0.03385731559854897 0.14814814814814817
0 0.18712212817412335 0.600462962962963 0.041717049576783564 0.1398148148148148
0 0.2037484885126965 0.5523148148148148 0.04232164449818622 0.14351851851851852
0 0.16596130592503025 0.5736111111111111 0.039298669891172915 0.15092592592592594
0 0.28808948004836765 0.6361111111111112 0.048972188633615486 0.1537037037037037
0 0.3845223700120919 0.2537037037037037 0.03385731559854897 0.12962962962962962
0 0.40810157194679564 0.2569444444444444 0.02902055622732769 0.1324074074074074
0 0.2889963724304716 0.5986111111111112 0.03143893591293833 0.12870370370370368
0 0.7128174123337364 0.962962962962963 0.04474002418379686 0.07592592592592592
0 0.6783555018137848 0.9800925925925925 0.03748488512696494 0.041666666666666664
0 0.42200725513905685 0.48935185185185176 0.02902055622732769 0.11574074074074073
0 0.7158403869407498 0.399537037037037 0.03869407496977026 0.12870370370370368
0 0.7527206771463121 0.41018518518518515 0.03869407496977026 0.13333333333333333
0 0.26723095525997587 0.39444444444444443 0.03869407496977026 0.13888888888888887
0 0.24909310761789602 0.41157407407407404 0.0350665054413543 0.14351851851851852
0 0.904776299879081 0.6814814814814815 0.039298669891172915 0.137037037037037
0 0.3041112454655381 0.9777777777777776 0.03748488512696494 0.046296296296296294
0 0.4619105199516324 0.9851851851851852 0.03869407496977026 0.03148148148148148
0 0.47430471584038697 0.6847222222222221 0.039298669891172915 0.14907407407407408
0 0.47974607013301096 0.700462962962963 0.039298669891172915 0.1675925925925926
0 0.21493349455864574 0.7537037037037037 0.053808948004836765 0.17407407407407408
0 0.17714631197097946 0.7300925925925926 0.04232164449818622 0.17685185185185184
0 0.20525997581620314 0.7175925925925924 0.04292623941958888 0.1648148148148148
0 0.5426239419588876 0.575 0.039298669891172915 0.1574074074074074
0 0.3201330108827086 0.7907407407407406 0.046553808948004836 0.16296296296296295
0 0.44860943168077394 0.4921296296296296 0.05804111245465538 0.1324074074074074
0 0.8763603385731561 0.7009259259259258 0.03688029020556228 0.14814814814814817
0 0.8585247883917776 0.7134259259259258 0.03385731559854897 0.12129629629629629
0 0.5946191051995163 0.5875 0.041717049576783564 0.15462962962962962
0 0.8736396614268441 0.3384259259259259 0.032648125755743655 0.14907407407407408
0 0.8618500604594922 0.3097222222222222 0.03688029020556228 0.13796296296296295
0 0.8376662636033858 0.3148148148148148 0.034461910519951636 0.14259259259259258
0 0.34885126964933494 0.4958333333333333 0.03748488512696494 0.1324074074074074
0 0.2004232164449819 0.4907407407407407 0.048972188633615486 0.13518518518518519
0 0.23276904474002422 0.48287037037037034 0.032648125755743655 0.1324074074074074
0 0.28688029020556227 0.5046296296296295 0.034461910519951636 0.1574074074074074
0 0.16414752116082226 0.9425925925925925 0.04292623941958888 0.1148148148148148
0 0.4746070133010883 0.4518518518518518 0.027811366384522373 0.13518518518518519
0 0.05259975816203144 0.17407407407407405 0.036275695284159616 0.12777777777777777
0 0.3594316807738815 0.7277777777777777 0.04292623941958888 0.15925925925925927
0 0.26692865779927455 0.8138888888888888 0.04776299879081017 0.1574074074074074
0 0.38180169286578003 0.7546296296296297 0.039298669891172915 0.1685185185185185
0 0.3258766626360339 0.7384259259259258 0.048367593712212824 0.1824074074074074
0 0.20012091898428055 0.20416666666666666 0.036275695284159616 0.13796296296296295
0 0.7113059250302298 0.19259259259259257 0.034461910519951636 0.137037037037037
0 0.1553808948004837 0.9199074074074074 0.048367593712212824 0.16203703703703703
0 0.0761789600967352 0.7907407407407407 0.05441354292623943 0.1722222222222222
0 0.21644498186215236 0.8407407407407407 0.05804111245465538 0.1722222222222222
0 0.18561064087061668 0.8282407407407406 0.04232164449818622 0.13796296296296295
0 0.8403869407496978 0.32129629629629625 0.03385731559854897 0.13148148148148148
0 0.2103990326481258 0.47962962962962963 0.030229746070133016 0.13518518518518519
0 0.45193470374848854 0.7601851851851851 0.046553808948004836 0.15185185185185185
0 0.6735187424425635 0.7273148148148147 0.047158403869407506 0.15092592592592594
0 0.19105199516324067 0.4574074074074074 0.0350665054413543 0.13148148148148148
0 0.3872430471584039 0.4597222222222222 0.034461910519951636 0.10648148148148147
0 0.4655380894800484 0.5606481481481481 0.036275695284159616 0.1398148148148148
0 0.44951632406287795 0.5180555555555555 0.039298669891172915 0.10462962962962963
0 0.407496977025393 0.4259259259259259 0.047158403869407506 0.15925925925925927
0 0.4643288996372431 0.42731481481481476 0.032648125755743655 0.1398148148148148
0 0.4969770253929867 0.4166666666666667 0.03385731559854897 0.14814814814814817
0 0.36245465538089483 0.6958333333333333 0.05139056831922612 0.15277777777777776
0 0.3990326481257558 0.6472222222222221 0.030229746070133016 0.14629629629629629
0 0.3585247883917776 0.5708333333333333 0.03748488512696494 0.14907407407407408
0 0.3567110036275696 0.5462962962962962 0.03748488512696494 0.14629629629629629
0 0.44014510278113667 0.4444444444444444 0.027811366384522373 0.12407407407407406
0 0.4930471584038695 0.5212962962962963 0.039298669891172915 0.12222222222222222
0 0.26844014510278114 0.9351851851851851 0.047158403869407506 0.13148148148148148
0 0.7324667472793229 0.08657407407407408 0.041717049576783564 0.1175925925925926
0 0.7636033857315598 0.09212962962962962 0.024183796856106412 0.11574074074074073
0 0.5399032648125757 0.40324074074074073 0.0350665054413543 0.10462962962962963
0 0.5145102781136639 0.38518518518518513 0.03869407496977026 0.13888888888888887
0 0.8706166868198307 0.2037037037037037 0.03990326481257558 0.14629629629629629
0 0.8923821039903266 0.1421296296296296 0.03990326481257558 0.12314814814814815
0 0.8914752116082226 0.23148148148148145 0.028415961305925032 0.1074074074074074
0 0.9474002418379686 0.4231481481481481 0.04474002418379686 0.14814814814814817
0 0.9755139056831923 0.43981481481481477 0.039298669891172915 0.14074074074074075
0 0.8657799274486095 0.6351851851851852 0.047158403869407506 0.1537037037037037
0 0.8313180169286579 0.7055555555555556 0.041112454655380895 0.15185185185185185
0 0.8887545344619107 0.725925925925926 0.041112454655380895 0.14444444444444443
0 0.6877267230955261 0.6 0.039298669891172915 0.14814814814814817
0 0.8636638452237002 0.7583333333333332 0.039298669891172915 0.16296296296296295
0 0.9017533252720678 0.9106481481481481 0.050181378476420804 0.15277777777777776
0 0.692261185006046 0.12129629629629628 0.03385731559854897 0.11851851851851851
0 0.6036880290205562 0.11851851851851851 0.032043530834341 0.11666666666666667
0 0.630894800483676 0.1361111111111111 0.032043530834341 0.13518518518518519
0 0.668379685610641 0.1175925925925926 0.03688029020556228 0.12037037037037036
0 0.5997581620314391 0.1472222222222222 0.036275695284159616 0.13888888888888887
0 0.5302297460701331 0.14027777777777778 0.0350665054413543 0.13796296296296295
0 0.7164449818621526 0.13657407407407407 0.036275695284159616 0.12129629629629629
0 0.6565900846432889 0.18194444444444444 0.03990326481257558 0.12685185185185185
0 0.6051995163240629 0.18564814814814812 0.032648125755743655 0.11574074074074073
0 0.6946795646916567 0.2847222222222222 0.03990326481257558 0.13425925925925924
0 0.6269649334945588 0.2722222222222222 0.041112454655380895 0.14629629629629629
0 0.5976420798065297 0.2967592592592592 0.04050785973397824 0.13055555555555556
0 0.6795646916565902 0.3055555555555555 0.026602176541717055 0.09259259259259259
0 0.6360338573155986 0.3212962962962963 0.0350665054413543 0.13518518518518519
0 0.5305320435308344 0.22222222222222224 0.034461910519951636 0.12962962962962962
0 0.4939540507859735 0.2287037037037037 0.030229746070133016 0.1148148148148148
0 0.5211608222490932 0.12037037037037036 0.03748488512696494 0.13518518518518519
0 0.5000000000000001 0.11851851851851851 0.027811366384522373 0.11296296296296296
0 0.761789600967352 0.07685185185185185 0.027811366384522373 0.10370370370370369
0 0.6762394195888755 0.32037037037037036 0.041717049576783564 0.14814814814814817
0 0.6115477629987909 0.3935185185185185 0.039298669891172915 0.14074074074074075
0 0.6321039903264813 0.4083333333333333 0.03688029020556228 0.14629629629629629
0 0.660217654171705 0.39120370370370366 0.03990326481257558 0.15092592592592594
0 0.4165659008464329 0.13935185185185184 0.0350665054413543 0.11574074074074073
0 0.37001209189842804 0.20092592592592592 0.0350665054413543 0.12962962962962962
0 0.45042321644498184 0.10601851851851851 0.03385731559854897 0.13425925925925924
0 0.4371221281741234 0.09259259259259259 0.0350665054413543 0.1259259259259259
0 0.3899637243047159 0.12870370370370368 0.030229746070133016 0.11851851851851851
0 0.15296251511487305 0.16944444444444445 0.03990326481257558 0.14814814814814817
0 0.2599758162031439 0.22083333333333333 0.036275695284159616 0.13796296296296295
0 0.2859733978234583 0.24074074074074073 0.03869407496977026 0.12407407407407406
0 0.6045949214026604 0.663425925925926 0.048367593712212824 0.15833333333333333
0 0.7666263603385732 0.49351851851851847 0.04474002418379686 0.14074074074074075
0 0.5870616686819832 0.4717592592592592 0.05199516324062878 0.14166666666666666
0 0.5235792019347039 0.47453703703703703 0.047158403869407506 0.14537037037037034
0 0.017230955259975818 0.1564814814814815 0.03325272067714632 0.1259259259259259
0 0.12696493349455865 0.13240740740740742 0.04474002418379686 0.13148148148148148
0 0.15840386940749698 0.11018518518518518 0.0350665054413543 0.1259259259259259
0 0.18077388149939544 0.1236111111111111 0.027811366384522373 0.12129629629629629
0 0.2551390568319227 0.11157407407407408 0.03385731559854897 0.1175925925925926
0 0.2778113663845224 0.1125 0.034461910519951636 0.12314814814814815
0 0.1596130592503023 0.08333333333333333 0.03990326481257558 0.14259259259259258
0 0.09250302297460701 0.05046296296296295 0.030229746070133016 0.09907407407407406
0 0.1738210399032648 0.1875 0.03325272067714632 0.13796296296296295
0 0.49214026602176547 0.09814814814814814 0.030229746070133016 0.12407407407407406
0 0.5462515114873036 0.08796296296296297 0.032043530834341 0.1259259259259259
0 0.5861547762998791 0.08425925925925926 0.027206771463119714 0.1259259259259259
0 0.22581620314389358 0.37175925925925923 0.039298669891172915 0.14907407407407408
0 0.04897218863361547 0.28055555555555556 0.03990326481257558 0.14074074074074075
0 0.07557436517533254 0.275 0.03385731559854897 0.12962962962962962
0 0.1998186215235792 0.29953703703703705 0.035671100362756954 0.14351851851851852
0 0.17412333736396615 0.2967592592592592 0.03990326481257558 0.14537037037037034
0 0.5184401451027812 0.2787037037037037 0.03688029020556228 0.12777777777777777
0 0.4972793228536881 0.3050925925925926 0.039298669891172915 0.13425925925925924
0 0.22823458282950423 0.32685185185185184 0.0380894800483676 0.14814814814814817
0 0.2690447400241838 0.37638888888888894 0.03748488512696494 0.1398148148148148
0 0.3198307134220073 0.48287037037037034 0.04353083434099154 0.1787037037037037
0 0.2605804111245466 0.49398148148148147 0.041112454655380895 0.15462962962962962
0 0.050483675937122136 0.41435185185185186 0.034461910519951636 0.1324074074074074
0 0.012696493349455865 0.43055555555555547 0.024183796856106412 0.15555555555555553
0 0.007557436517533254 0.38333333333333336 0.013905683192261186 0.137037037037037
0 0.007255139056831924 0.35787037037037034 0.013301088270858527 0.15092592592592594
0 0.047762998790810154 0.33194444444444443 0.03869407496977026 0.12870370370370368
0 0.7097944377267232 0.2638888888888889 0.04594921402660218 0.1574074074074074
0 0.9737001209189844 0.15138888888888888 0.03688029020556228 0.1324074074074074
0 0.9649334945586459 0.10370370370370369 0.03143893591293833 0.11296296296296296
0 0.9344014510278115 0.0861111111111111 0.032043530834341 0.13518518518518519
0 0.9888149939540509 0.033796296296296297 0.02116082224909311 0.06574074074074074
0 0.9610036275695285 0.029629629629629627 0.029625151148730353 0.0574074074074074
0 0.9334945586457074 0.12870370370370368 0.03990326481257558 0.12962962962962962
0 0.04927448609431681 0.05601851851851851 0.0441354292623942 0.11018518518518518
0 0.11064087061668683 0.12824074074074074 0.03748488512696494 0.12685185185185185
0 0.10096735187424427 0.06527777777777777 0.03748488512696494 0.12870370370370368
0 0.36094316807738813 0.10555555555555554 0.03143893591293833 0.12037037037037036
0 0.5822249093107619 0.1875 0.03990326481257558 0.12314814814814815
0 0.18772672309552602 0.08981481481481482 0.03325272067714632 0.14074074074074075
0 0.5462515114873036 0.14675925925925923 0.03325272067714632 0.12870370370370368
0 0.6321039903264812 0.13888888888888887 0.034461910519951636 0.13518518518518519
0 0.3437122128174124 0.08981481481481482 0.03325272067714632 0.13333333333333333
0 0.5888754534461911 0.13472222222222222 0.03748488512696494 0.1324074074074074
0 0.46674727932285376 0.06064814814814814 0.032648125755743655 0.11944444444444444
0 0.6448004836759372 0.08796296296296297 0.03688029020556228 0.12777777777777777
0 0.6191051995163241 0.03425925925925925 0.03748488512696494 0.06666666666666667
0 0.45677146311970984 0.033796296296296297 0.030834340991535675 0.06574074074074074
0 0.1324062877871826 0.0662037037037037 0.03143893591293833 0.11574074074074073
0 0.3993349455864571 0.03333333333333333 0.030834340991535675 0.06481481481481481
0 0.2466747279322854 0.04907407407407407 0.032648125755743655 0.0962962962962963
0 0.5665054413542927 0.07222222222222222 0.0350665054413543 0.12037037037037036
0 0.5495767835550182 0.06064814814814814 0.036275695284159616 0.11944444444444444
0 0.4020556227327691 0.059259259259259255 0.030229746070133016 0.0962962962962963
0 0.3545949214026603 0.04907407407407407 0.034461910519951636 0.0962962962962963
0 0.2892986698911729 0.0736111111111111 0.029625151148730353 0.11574074074074073
0 0.32134220072551395 0.05138888888888889 0.029625151148730353 0.10092592592592592
0 0.41142684401451035 0.08194444444444443 0.032043530834341 0.11574074074074073
0 0.3833131801692866 0.07777777777777777 0.030229746070133016 0.12037037037037036
0 0.13059250302297462 0.05787037037037037 0.0350665054413543 0.10833333333333334
0 0.2859733978234583 0.04351851851851851 0.032648125755743655 0.08518518518518518
0 0.19588875453446195 0.10324074074074074 0.026602176541717055 0.10462962962962963
0 0.726118500604595 0.06342592592592593 0.027811366384522373 0.11018518518518518
0 0.21704957678355505 0.08472222222222221 0.0350665054413543 0.13796296296296295
