0 0.02539298669891173 0.5305555555555556 0.04957678355501814 0.1537037037037037
0 0.014812575574365175 0.5143518518518518 0.028415961305925032 0.13796296296296295
0 0.08162031438935914 0.06296296296296296 0.04474002418379686 0.12407407407407406
0 0.10399032648125756 0.08379629629629629 0.03143893591293833 0.0898148148148148
0 0.1333131801692866 0.08240740740740742 0.04534461910519952 0.14074074074074075
0 0.16686819830713426 0.08009259259259259 0.032648125755743655 0.10462962962962963
0 0.1925634824667473 0.03333333333333333 0.030834340991535675 0.06481481481481481
0 0.2889963724304716 0.23703703703703702 0.041112454655380895 0.137037037037037
0 0.2799274486094317 0.2199074074074074 0.03748488512696494 0.1398148148148148
0 0.6408706166868199 0.2810185185185185 0.03990326481257558 0.16018518518518518
0 0.27811366384522374 0.16712962962962966 0.0350665054413543 0.13425925925925924
0 0.29987908101571953 0.1472222222222222 0.0350665054413543 0.1259259259259259
0 0.28567110036275695 0.1236111111111111 0.032043530834341 0.1324074074074074
0 0.25695284159613063 0.12129629629629629 0.036275695284159616 0.12962962962962962
0 0.45314389359129387 0.09212962962962963 0.03688029020556228 0.12685185185185185
0 0.44316807738815 0.07268518518518517 0.032648125755743655 0.1324074074074074
0 0.49062877871825883 0.05462962962962962 0.028415961305925032 0.1074074074074074
0 0.5102781136638453 0.0574074074074074 0.030229746070133016 0.11296296296296296
0 0.5580411124546555 0.13888888888888887 0.0350665054413543 0.1074074074074074
0 0.5519951632406288 0.05509259259259259 0.03748488512696494 0.10833333333333334
0 0.5392986698911729 0.11064814814814815 0.03385731559854897 0.12129629629629629
0 0.5788996372430473 0.1087962962962963 0.03688029020556228 0.14351851851851852
0 0.5788996372430473 0.06712962962962962 0.034461910519951636 0.13055555555555556
0 0.6487303506650546 0.14351851851851852 0.047158403869407506 0.13333333333333333
0 0.6203143893591294 0.12638888888888886 0.048367593712212824 0.15462962962962962
0 0.6058041112454655 0.06388888888888888 0.03869407496977026 0.1259259259259259
0 0.629987908101572 0.06203703703703703 0.03748488512696494 0.12222222222222222
0 0.6623337363966144 0.057870370370370364 0.03688029020556228 0.11388888888888889
0 0.661124546553809 0.20787037037037034 0.034461910519951636 0.1398148148148148
0 0.7161426844014511 0.1449074074074074 0.03325272067714632 0.10462962962962963
0 0.7191656590084645 0.2162037037037037 0.035671100362756954 0.125
0 0.9655380894800485 0.3527777777777778 0.04232164449818622 0.14629629629629629
0 0.7781136638452237 0.2222222222222222 0.03385731559854897 0.12407407407407406
0 0.7427448609431683 0.20416666666666666 0.04534461910519952 0.12314814814814815
0 0.9437726723095528 0.2736111111111111 0.041112454655380895 0.1324074074074074
0 0.942261185006046 0.22592592592592592 0.05139056831922612 0.13518518518518519
0 0.9286577992744861 0.2537037037037037 0.0350665054413543 0.137037037037037
0 0.971584038694075 0.2236111111111111 0.0350665054413543 0.12314814814814815
0 0.981559854897219 0.18240740740740738 0.034461910519951636 0.137037037037037
0 0.983373639661427 0.0574074074074074 0.032043530834341 0.11296296296296296
0 0.940447400241838 0.1935185185185185 0.034461910519951636 0.12037037037037036
0 0.9153567110036276 0.2009259259259259 0.0350665054413543 0.12777777777777777
0 0.9667472793228536 0.12453703703703703 0.0350665054413543 0.1324074074074074
0 0.9407496977025394 0.13518518518518519 0.03385731559854897 0.13148148148148148
0 0.8875453446191053 0.1462962962962963 0.032648125755743655 0.11666666666666667
0 0.20737605804111248 0.12685185185185185 0.03990326481257558 0.14074074074074075
0 0.4975816203143894 0.15925925925925927 0.04474002418379686 0.14814814814814817
0 0.7515114873035067 0.11018518518518518 0.032648125755743655 0.12777777777777777
0 0.8131801692865781 0.12129629629629628 0.027811366384522373 0.11851851851851851
0 0.6946795646916567 0.11527777777777777 0.03748488512696494 0.14166666666666666
0 0.7853688029020558 0.09768518518518518 0.027811366384522373 0.09351851851851851
0 0.828597339782346 0.10509259259259258 0.032043530834341 0.09722222222222222
0 0.409310761789601 0.43425925925925923 0.030229746070133016 0.10925925925925925
0 0.7720677146311972 0.15462962962962964 0.0350665054413543 0.14259259259259258
0 0.672914147521161 0.13287037037037036 0.02902055622732769 0.09537037037037037
0 0.8155985489721886 0.1361111111111111 0.03869407496977026 0.13518518518518519
0 0.663845223700121 0.2935185185185185 0.03990326481257558 0.14074074074074075
0 0.6895405078597341 0.2847222222222222 0.032043530834341 0.1324074074074074
0 0.68863361547763 0.30833333333333335 0.03990326481257558 0.14074074074074075
0 0.7563482466747281 0.23009259259259257 0.041112454655380895 0.17129629629629628
0 0.6481257557436519 0.35462962962962963 0.04474002418379686 0.14814814814814817
0 0.5616686819830714 0.5208333333333334 0.04232164449818622 0.16018518518518518
0 0.7203748488512697 0.34814814814814815 0.0380894800483676 0.137037037037037
0 0.7073760580411126 0.3814814814814814 0.04232164449818622 0.15185185185185185
0 0.7466747279322854 0.3634259259259259 0.04232164449818622 0.16203703703703703
0 0.6632406287787183 0.43379629629629624 0.03990326481257558 0.14537037037037034
0 0.854292623941959 0.33379629629629626 0.03748488512696494 0.13796296296296295
0 0.8425030229746071 0.31111111111111106 0.032043530834341 0.13518518518518519
0 0.6148730350665055 0.6546296296296297 0.047158403869407506 0.1685185185185185
0 0.6438935912938333 0.34027777777777773 0.03748488512696494 0.1398148148148148
0 0.736094316807739 0.32685185185185184 0.03688029020556228 0.12962962962962962
0 0.7759975816203145 0.3226851851851852 0.041717049576783564 0.13796296296296295
0 0.668379685610641 0.5009259259259259 0.041717049576783564 0.16296296296296295
0 0.8485489721886338 0.39398148148148143 0.041717049576783564 0.16018518518518518
0 0.9286577992744861 0.3337962962962963 0.03990326481257558 0.15092592592592594
0 0.9670495767835552 0.3064814814814814 0.032043530834341 0.13148148148148148
0 0.986094316807739 0.2875 0.026602176541717055 0.1175925925925926
0 0.9525392986698913 0.5314814814814814 0.041717049576783564 0.1574074074074074
0 0.9516324062877872 0.399537037037037 0.04353083434099154 0.14907407407407408
0 0.9492140266021768 0.6583333333333333 0.05441354292623943 0.1685185185185185
0 0.9845828295042323 0.649537037037037 0.029625151148730353 0.13425925925925924
0 0.7717654171704957 0.4810185185185185 0.0441354292623942 0.14537037037037034
0 0.8857315598548973 0.5162037037037037 0.04232164449818622 0.16574074074074074
0 0.9570737605804113 0.4662037037037036 0.04232164449818622 0.15648148148148147
0 0.014510278113663845 0.4055555555555556 0.027811366384522373 0.14814814814814817
0 0.8851269649334946 0.7449074074074074 0.04594921402660218 0.15833333333333333
0 0.8500604594921404 0.7546296296296295 0.05199516324062878 0.18888888888888886
0 0.9458887545344621 0.736574074074074 0.046553808948004836 0.17685185185185184
0 0.12847642079806532 0.47777777777777775 0.0380894800483676 0.1574074074074074
0 0.3053204353083434 0.5078703703703703 0.03385731559854897 0.15092592592592594
0 0.34885126964933494 0.38935185185185184 0.04353083434099154 0.13425925925925924
0 0.3059250302297461 0.3884259259259259 0.03385731559854897 0.14537037037037034
0 0.6402660217654172 0.6162037037037036 0.04232164449818622 0.16203703703703703
0 0.8270858524788394 0.4527777777777777 0.04957678355501814 0.1537037037037037
0 0.7085852478839179 0.07592592592592592 0.0350665054413543 0.11296296296296296
0 0.9824667472793229 0.7425925925925926 0.030229746070133016 0.1537037037037037
0 0.6242442563482469 0.8694444444444442 0.04050785973397824 0.17037037037037037
0 0.8219467956469166 0.8643518518518518 0.05622732769044741 0.18796296296296294
0 0.7693470374848852 0.8666666666666667 0.05139056831922612 0.17037037037037037
0 0.7932285368802903 0.9740740740740741 0.04957678355501814 0.05185185185185184
0 0.7442563482466747 0.47638888888888886 0.04594921402660218 0.15092592592592594
0 0.14873035066505444 0.9583333333333334 0.06045949214026603 0.08333333333333333
0 0.3591293833131803 0.9597222222222221 0.04353083434099154 0.0824074074074074
0 0.2629987908101572 0.9555555555555555 0.05078597339782346 0.08888888888888888
0 0.23579201934703753 0.9736111111111111 0.03869407496977026 0.05277777777777778
0 0.03778718258766627 0.9662037037037037 0.0441354292623942 0.06944444444444443
0 0.9153567110036277 0.45694444444444443 0.04353083434099154 0.17129629629629628
0 0.6257557436517535 0.9319444444444442 0.056831922611850064 0.13796296296296295
0 0.5988512696493351 0.9601851851851851 0.04776299879081017 0.08148148148148147
0 0.911124546553809 0.41157407407407404 0.041112454655380895 0.15092592592592594
0 0.7460701330108827 0.5902777777777778 0.04474002418379686 0.16203703703703703
0 0.8464328899637245 0.500462962962963 0.05199516324062878 0.16018518518518518
0 0.8113663845223701 0.4162037037037037 0.05441354292623943 0.17129629629629628
0 0.5583434099153568 0.4680555555555555 0.032043530834341 0.12685185185185185
0 0.665659008464329 0.5740740740740741 0.047158403869407506 0.17592592592592593
0 0.9863966142684404 0.39444444444444443 0.02599758162031439 0.14074074074074075
0 0.8270858524788394 0.350462962962963 0.036275695284159616 0.15092592592592594
0 0.7941354292623943 0.4754629629629629 0.03688029020556228 0.0824074074074074
0 0.9531438935912939 0.3226851851851852 0.039298669891172915 0.12129629629629629
0 0.2762998790810158 0.9481481481481481 0.04353083434099154 0.10555555555555556
0 0.4395405078597341 0.9351851851851851 0.048367593712212824 0.12962962962962962
0 0.48337363966142693 0.6402777777777778 0.035671100362756954 0.16203703703703703
0 0.5078597339782346 0.6481481481481481 0.03385731559854897 0.1648148148148148
0 0.22188633615477632 0.6976851851851851 0.04957678355501814 0.17129629629629628
0 0.20102781136638456 0.6699074074074074 0.0441354292623942 0.16944444444444443
0 0.2315598548972189 0.6546296296296297 0.041112454655380895 0.1685185185185185
0 0.5060459492140267 0.7768518518518518 0.047158403869407506 0.18333333333333332
0 0.46070133010882713 0.8212962962962962 0.04474002418379686 0.16296296296296295
0 0.6813784764207981 0.9777777777777776 0.03385731559854897 0.046296296296296294
0 0.6804715840386941 0.9106481481481481 0.048972188633615486 0.1472222222222222
0 0.6472188633615479 0.9671296296296297 0.035671100362756954 0.06759259259259259
0 0.7019347037484885 0.9587962962962963 0.048367593712212824 0.08425925925925926
0 0.735187424425635 0.9472222222222222 0.04957678355501814 0.10555555555555556
0 0.578597339782346 0.5722222222222222 0.03990326481257558 0.14629629629629629
0 0.6139661426844015 0.5842592592592593 0.04292623941958888 0.1574074074074074
0 0.34975816203143895 0.7462962962962962 0.04776299879081017 0.17037037037037037
0 0.4694679564691657 0.4407407407407407 0.0441354292623942 0.14259259259259258
0 0.48065296251511497 0.4981481481481481 0.030229746070133016 0.13333333333333333
0 0.5175332527206772 0.5023148148148148 0.03990326481257558 0.13425925925925924
0 0.5909915356711004 0.49027777777777776 0.0380894800483676 0.15462962962962962
0 0.5870616686819832 0.45787037037037037 0.027811366384522373 0.11574074074074073
0 0.6027811366384523 0.5546296296296297 0.03990326481257558 0.15555555555555553
0 0.8987303506650544 0.2634259259259259 0.039298669891172915 0.13425925925925924
0 0.8896614268440146 0.2518518518518518 0.032043530834341 0.14814814814814817
0 0.8627569528415961 0.24953703703703703 0.030229746070133016 0.1398148148148148
0 0.5217654171704958 0.8203703703703702 0.047158403869407506 0.18888888888888886
0 0.4619105199516325 0.4124999999999999 0.0350665054413543 0.1324074074074074
0 0.23941958887545348 0.4282407407407407 0.03748488512696494 0.15648148148148147
0 0.2608827085852479 0.4472222222222222 0.035671100362756954 0.15
0 0.5749697702539299 0.6990740740740741 0.04232164449818622 0.17037037037037037
0 0.6100362756952842 0.7106481481481481 0.04353083434099154 0.16018518518518518
0 0.4159613059250302 0.6180555555555555 0.036275695284159616 0.16203703703703703
0 0.3899637243047159 0.32685185185185184 0.03869407496977026 0.14814814814814817
0 0.5006045949214027 0.38657407407407407 0.030229746070133016 0.12685185185185185
0 0.046251511487303505 0.31805555555555554 0.041717049576783564 0.14351851851851852
0 0.6753325272067715 0.6407407407407407 0.02902055622732769 0.12962962962962962
0 0.6623337363966144 0.6347222222222222 0.041717049576783564 0.16574074074074074
0 0.189540507859734 0.8462962962962963 0.05622732769044741 0.17592592592592593
0 0.1444981862152358 0.8837962962962962 0.0350665054413543 0.17314814814814813
0 0.4044740024183798 0.6930555555555554 0.03748488512696494 0.15462962962962962
0 0.42351874244256354 0.7171296296296296 0.046553808948004836 0.16388888888888886
0 0.4543530834340992 0.6712962962962963 0.039298669891172915 0.1685185185185185
0 0.38180169286578003 0.6717592592592592 0.0441354292623942 0.1824074074074074
0 0.23941958887545348 0.13472222222222222 0.03385731559854897 0.13796296296296295
0 0.8473397823458283 0.9675925925925924 0.05864570737605805 0.06296296296296296
0 0.7366989117291416 0.12638888888888888 0.032043530834341 0.12685185185185185
0 0.5964328899637243 0.8842592592592593 0.046553808948004836 0.17037037037037037
0 0.5592503022974608 0.9300925925925925 0.05199516324062878 0.14166666666666666
0 0.652962515114873 0.862037037037037 0.04353083434099154 0.1574074074074074
0 0.9613059250302299 0.861111111111111 0.04957678355501814 0.1648148148148148
0 0.7989721886336155 0.5268518518518518 0.039298669891172915 0.14629629629629629
0 0.801088270858525 0.5962962962962963 0.04957678355501814 0.15925925925925927
0 0.10610640870616689 0.8398148148148148 0.05864570737605805 0.1925925925925926
0 0.8778718258766628 0.4587962962962963 0.04232164449818622 0.15092592592592594
0 0.8080411124546555 0.30416666666666664 0.034461910519951636 0.1324074074074074
0 0.3485489721886336 0.0736111111111111 0.0380894800483676 0.1361111111111111
0 0.13422007255139057 0.763888888888889 0.064087061668682 0.1685185185185185
0 0.8621523579201935 0.6236111111111112 0.04474002418379686 0.16203703703703703
0 0.9038694074969771 0.611574074074074 0.04957678355501814 0.15648148148148147
0 0.32043530834340994 0.0898148148148148 0.027811366384522373 0.12407407407407406
0 0.31136638452237003 0.06018518518518518 0.03143893591293833 0.11851851851851851
0 0.02025392986698912 0.8476851851851851 0.039298669891172915 0.18796296296296294
0 0.002116082224909311 0.8060185185185185 0.0030229746070133015 0.17129629629629628
0 0.2911124546553809 0.08425925925925926 0.034461910519951636 0.137037037037037
0 0.8319226118500607 0.5712962962962962 0.04594921402660218 0.16296296296296295
0 0.06771463119709795 0.7861111111111111 0.055622732769044746 0.1574074074074074
0 0.8143893591293834 0.3574074074074074 0.04353083434099154 0.14814814814814817
0 0.8654776299879082 0.2638888888888889 0.032043530834341 0.14074074074074075
0 0.24214026602176542 0.425462962962963 0.034461910519951636 0.1398148148148148
0 0.5740628778718259 0.6379629629629628 0.04776299879081017 0.14629629629629629
0 0.5613663845223701 0.6018518518518519 0.03688029020556228 0.1537037037037037
0 0.5985489721886337 0.6097222222222222 0.036275695284159616 0.16203703703703703
0 0.7357920193470375 0.6495370370370369 0.05320435308343411 0.14537037037037034
0 0.21191051995163243 0.4055555555555555 0.041717049576783564 0.13888888888888887
0 0.26602176541717054 0.4194444444444444 0.03990326481257558 0.14629629629629629
0 0.5272067714631198 0.4833333333333333 0.036275695284159616 0.14074074074074075
0 0.5193470374848852 0.4856481481481481 0.05199516324062878 0.15277777777777776
0 0.4900241837968562 0.48148148148148145 0.034461910519951636 0.137037037037037
0 0.40689238210399037 0.36851851851851847 0.03748488512696494 0.13518518518518519
0 0.41082224909310766 0.32037037037037036 0.03688029020556228 0.13518518518518519
0 0.4280532043530834 0.34074074074074073 0.03869407496977026 0.14074074074074075
0 0.4746070133010883 0.34722222222222227 0.032648125755743655 0.13518518518518519
0 0.5175332527206772 0.3652777777777778 0.03385731559854897 0.15092592592592594
0 0.44407496977025396 0.5092592592592592 0.04050785973397824 0.15555555555555553
0 0.38361547762998793 0.5546296296296295 0.03688029020556228 0.137037037037037
0 0.373639661426844 0.49629629629629624 0.05199516324062878 0.12962962962962962
0 0.38029020556227333 0.47268518518518515 0.03990326481257558 0.13796296296296295
0 0.15417170495767837 0.7560185185185185 0.0350665054413543 0.1361111111111111
0 0.3162031438935913 0.1 0.036275695284159616 0.12222222222222222
0 0.28718258766626364 0.5 0.036275695284159616 0.14629629629629629
0 0.4682587666263604 0.3851851851851852 0.028415961305925032 0.1
0 0.4818621523579203 0.3976851851851852 0.02539298669891173 0.11574074074074073
0 0.2648125755743652 0.9101851851851851 0.048367593712212824 0.16666666666666666
0 0.6946795646916568 0.6430555555555555 0.04957678355501814 0.18796296296296294
0 0.7475816203143894 0.05185185185185184 0.034461910519951636 0.10185185185185185
0 0.7790205562273278 0.04074074074074074 0.032043530834341 0.07962962962962963
0 0.7814389359129384 0.03888888888888888 0.028415961305925032 0.07592592592592592
0 0.005441354292623942 0.1472222222222222 0.009673518742442565 0.13148148148148148
0 0.7466747279322855 0.03611111111111111 0.03143893591293833 0.07037037037037037
