0 0.024183796856106412 0.2361111111111111 0.03748488512696494 0.12962962962962962
0 0.05169286577992746 0.23564814814814813 0.039298669891172915 0.14537037037037034
0 0.06529625151148731 0.20416666666666666 0.036275695284159616 0.1361111111111111
0 0.1051995163240629 0.1949074074074074 0.04232164449818622 0.1324074074074074
0 0.15598548972188636 0.18055555555555552 0.041112454655380895 0.14629629629629629
0 0.0852478839177751 0.04861111111111111 0.032648125755743655 0.09537037037037037
0 0.2137243047158404 0.11157407407407408 0.034461910519951636 0.1398148148148148
0 0.1635429262394196 0.043981481481481476 0.035671100362756954 0.0861111111111111
0 0.20193470374848854 0.05601851851851851 0.03385731559854897 0.11018518518518518
0 0.22853688029020558 0.04814814814814814 0.03748488512696494 0.09444444444444443
0 0.1472188633615478 0.03657407407407407 0.03688029020556228 0.07129629629629629
0 0.5166263603385732 0.27777777777777773 0.032043530834341 0.12037037037037036
0 0.3567110036275696 0.07870370370370369 0.032648125755743655 0.11851851851851851
0 0.3152962515114873 0.2726851851851852 0.039298669891172915 0.13796296296296295
0 0.4737001209189844 0.24953703703703703 0.0441354292623942 0.13425925925925924
0 0.48548972188633627 0.1472222222222222 0.032648125755743655 0.1148148148148148
0 0.44165659008464336 0.14768518518518517 0.039298669891172915 0.1324074074074074
0 0.5006045949214027 0.22037037037037036 0.032648125755743655 0.1259259259259259
0 0.5489721886336155 0.2199074074074074 0.03869407496977026 0.125
0 0.5477629987908101 0.031018518518518515 0.02902055622732769 0.06018518518518518
0 0.5840386940749698 0.06064814814814814 0.030229746070133016 0.11944444444444444
0 0.6118500604594922 0.12638888888888886 0.027811366384522373 0.11574074074074073
0 0.5816203143893591 0.12222222222222222 0.0350665054413543 0.13148148148148148
0 0.5525997581620316 0.1189814814814815 0.032648125755743655 0.10462962962962963
0 0.9519347037484885 0.20694444444444443 0.034461910519951636 0.12314814814814815
0 0.9655380894800485 0.1986111111111111 0.030229746070133016 0.12685185185185185
0 0.9794437726723096 0.10694444444444444 0.03990326481257558 0.1361111111111111
0 0.9328899637243048 0.17685185185185184 0.032648125755743655 0.11296296296296296
0 0.9461910519951634 0.08564814814814815 0.032648125755743655 0.125
0 0.9062877871825877 0.17731481481481481 0.0350665054413543 0.13425925925925924
0 0.9214026602176543 0.09583333333333334 0.03748488512696494 0.1324074074074074
0 0.6741233373639663 0.2375 0.036275695284159616 0.12314814814814815
0 0.7043530834340992 0.27037037037037037 0.03869407496977026 0.1537037037037037
0 0.727932285368803 0.2708333333333333 0.030229746070133016 0.12129629629629629
0 0.6239419588875454 0.07407407407407408 0.032648125755743655 0.11296296296296296
0 0.9087061668681984 0.16296296296296295 0.04232164449818622 0.14629629629629629
0 0.9105199516324064 0.1300925925925926 0.036275695284159616 0.12685185185185185
0 0.8681983071342202 0.13518518518518519 0.03385731559854897 0.13518518518518519
0 0.6671704957678356 0.059722222222222225 0.034461910519951636 0.10833333333333334
0 0.8282950423216445 0.18333333333333332 0.0350665054413543 0.12962962962962962
0 0.8143893591293834 0.1847222222222222 0.032648125755743655 0.13425925925925924
0 0.7911124546553809 0.16898148148148148 0.032043530834341 0.1398148148148148
0 0.7016324062877872 0.05231481481481481 0.032043530834341 0.10277777777777777
0 0.7028415961305926 0.22731481481481483 0.03688029020556228 0.13425925925925924
0 0.6493349455864572 0.05972222222222222 0.032648125755743655 0.1175925925925926
0 0.9404474002418381 0.12314814814814815 0.03688029020556228 0.13518518518518519
0 0.9673518742442565 0.1462962962962963 0.036275695284159616 0.11851851851851851
0 0.9038694074969771 0.1111111111111111 0.03143893591293833 0.12407407407407406
0 0.9882103990326483 0.19444444444444445 0.02237001209189843 0.13518518518518519
0 0.6862152357920195 0.08564814814814814 0.03748488512696494 0.11018518518518518
0 0.7037484885126966 0.03611111111111111 0.03385731559854897 0.07037037037037037
0 0.6635429262394197 0.03425925925925925 0.034461910519951636 0.06666666666666667
0 0.8376662636033858 0.16435185185185183 0.032043530834341 0.11203703703703702
0 0.569528415961306 0.04074074074074074 0.02297460701330109 0.07962962962962963
0 0.37847642079806537 0.1773148148148148 0.03748488512696494 0.13055555555555556
0 0.41596130592503033 0.17129629629629628 0.04594921402660218 0.12407407407407406
0 0.41051995163240634 0.025 0.02176541717049577 0.04814814814814815
0 0.8923821039903266 0.125 0.032648125755743655 0.11296296296296296
0 0.569528415961306 0.04583333333333333 0.024183796856106412 0.08796296296296297
0 0.9108222490931077 0.04861111111111111 0.032043530834341 0.09537037037037037
0 0.6729141475211607 0.09027777777777776 0.02539298669891173 0.08796296296296297
0 0.6698911729141477 0.08333333333333333 0.026602176541717055 0.09074074074074073
0 0.37666263603385736 0.5773148148148147 0.036275695284159616 0.15277777777777776
0 0.06378476420798065 0.4888888888888889 0.03688029020556228 0.14259259259259258
0 0.06106408706166868 0.5254629629629629 0.041112454655380895 0.14166666666666666
0 0.032345828295042324 0.5004629629629629 0.03688029020556228 0.15648148148148147
0 0.09643288996372432 0.4912037037037037 0.03688029020556228 0.14907407407407408
0 0.7424425634824667 0.053240740740740734 0.030229746070133016 0.10462962962962963
0 0.8358524788391778 0.37962962962962965 0.03688029020556228 0.13518518518518519
0 0.8412938331318018 0.3597222222222222 0.03688029020556228 0.12129629629629629
0 0.2590689238210399 0.6879629629629629 0.0441354292623942 0.17037037037037037
0 0.23821039903264815 0.6717592592592593 0.048367593712212824 0.1675925925925926
0 0.3721281741233374 0.6680555555555555 0.035671100362756954 0.14537037037037034
0 0.23125755743651755 0.600925925925926 0.034461910519951636 0.14814814814814817
0 0.23488512696493352 0.5736111111111111 0.029625151148730353 0.1398148148148148
0 0.1916565900846433 0.5717592592592592 0.04232164449818622 0.13425925925925924
0 0.19800483675937122 0.5347222222222221 0.046553808948004836 0.15648148148148147
0 0.1493349455864571 0.5587962962962963 0.04353083434099154 0.14907407407407408
0 0.37333736396614275 0.24490740740740738 0.034461910519951636 0.12685185185185185
0 0.3948004836759372 0.2564814814814815 0.032648125755743655 0.12962962962962962
0 0.38149939540507866 0.4481481481481481 0.030229746070133016 0.1148148148148148
0 0.6091293833131802 0.47685185185185186 0.0441354292623942 0.12962962962962962
0 0.6605199516324063 0.49907407407407406 0.0441354292623942 0.14259259259259258
0 0.24214026602176542 0.3851851851851852 0.0380894800483676 0.14259259259259258
0 0.25241837968561065 0.40185185185185185 0.034461910519951636 0.14629629629629629
0 0.27055622732769047 0.9472222222222222 0.041717049576783564 0.1074074074074074
0 0.46765417170495777 0.686574074074074 0.03688029020556228 0.15277777777777776
0 0.46553808948004843 0.6949074074074073 0.04232164449818622 0.17129629629629628
0 0.19921402660217655 0.7532407407407408 0.0441354292623942 0.17314814814814813
0 0.1665659008464329 0.7273148148148147 0.03688029020556228 0.16203703703703703
0 0.19588875453446195 0.7125 0.041112454655380895 0.16203703703703703
0 0.20616686819830715 0.5004629629629629 0.03990326481257558 0.13796296296296295
0 0.30864570737605806 0.7893518518518517 0.05259975816203145 0.16574074074074074
0 0.43651753325272075 0.48657407407407405 0.05199516324062878 0.12685185185185185
0 0.12424425634824668 0.5032407407407408 0.039298669891172915 0.15648148148148147
0 0.8567110036275696 0.33564814814814814 0.03385731559854897 0.13796296296296295
0 0.8455259975816205 0.3013888888888889 0.035671100362756954 0.14907407407407408
0 0.8246674727932286 0.30787037037037035 0.0350665054413543 0.1324074074074074
0 0.33827085852478844 0.49629629629629624 0.03688029020556228 0.14074074074074075
0 0.19226118500604597 0.48148148148148145 0.04474002418379686 0.15185185185185185
0 0.2107013301088271 0.48518518518518516 0.03325272067714632 0.14259259259259258
0 0.18137847642079807 0.6546296296296296 0.03748488512696494 0.1537037037037037
0 0.5386940749697703 0.7055555555555556 0.03748488512696494 0.13518518518518519
0 0.04232164449818622 0.17685185185185184 0.032648125755743655 0.137037037037037
0 0.3570133010882709 0.7175925925925924 0.04050785973397824 0.1574074074074074
0 0.3579201934703749 0.7546296296296297 0.03869407496977026 0.1685185185185185
0 0.18470374848851273 0.21481481481481482 0.03688029020556228 0.14074074074074075
0 0.6998186215235792 0.19120370370370368 0.032043530834341 0.13796296296296295
0 0.5810157194679566 0.624537037037037 0.04594921402660218 0.15833333333333333
0 0.619105199516324 0.6560185185185186 0.04474002418379686 0.16203703703703703
0 0.6390568319226119 0.6365740740740741 0.02902055622732769 0.13425925925925924
0 0.8243651753325273 0.3162037037037037 0.034461910519951636 0.13425925925925924
0 0.1977025392986699 0.4708333333333333 0.036275695284159616 0.14166666666666666
0 0.42986698911729143 0.7569444444444444 0.047158403869407506 0.14907407407407408
0 0.6853083434099154 0.6902777777777778 0.05139056831922612 0.14907407407407408
0 0.17714631197097946 0.45601851851851843 0.03748488512696494 0.1472222222222222
0 0.3412938331318017 0.6958333333333332 0.041717049576783564 0.15648148148148147
0 0.4528415961305925 0.5546296296296295 0.03385731559854897 0.137037037037037
0 0.444074969770254 0.5157407407407407 0.0441354292623942 0.1074074074074074
0 0.39933494558645716 0.4148148148148148 0.034461910519951636 0.14259259259259258
0 0.4984885126964934 0.6662037037037035 0.05139056831922612 0.15462962962962962
0 0.5743651753325273 0.6925925925925926 0.04594921402660218 0.1685185185185185
0 0.37636033857315604 0.6333333333333333 0.039298669891172915 0.14814814814814817
0 0.3446191051995164 0.5564814814814815 0.03748488512696494 0.13148148148148148
0 0.3467351874244257 0.537962962962963 0.034461910519951636 0.14074074074074075
0 0.5332527206771464 0.6773148148148148 0.0350665054413543 0.12870370370370368
0 0.5861547762998791 0.7337962962962963 0.03688029020556228 0.12685185185185185
0 0.2636033857315599 0.9097222222222221 0.047158403869407506 0.16018518518518518
0 0.7182587666263603 0.08796296296296295 0.032648125755743655 0.12407407407407406
0 0.7496977025392987 0.09305555555555554 0.02902055622732769 0.11574074074074073
0 0.4117291414752116 0.03194444444444444 0.03143893591293833 0.06203703703703703
0 0.9891172914147522 0.3384259259259259 0.020556227327690448 0.11574074074074073
0 0.7654171704957679 0.8574074074074074 0.04594921402660218 0.16666666666666666
0 0.7944377267230955 0.8629629629629629 0.04232164449818622 0.15185185185185185
0 0.7557436517533254 0.08009259259259259 0.03143893591293833 0.1175925925925926
0 0.4259371221281742 0.6092592592592592 0.04534461910519952 0.14814814814814817
0 0.45767835550181385 0.5925925925925927 0.03748488512696494 0.137037037037037
0 0.0982466747279323 0.7986111111111109 0.04534461910519952 0.16203703703703703
0 0.542926239419589 0.7527777777777778 0.04474002418379686 0.1685185185185185
0 0.5813180169286579 0.7601851851851851 0.046553808948004836 0.1648148148148148
0 0.05501813784764208 0.7888888888888889 0.04353083434099154 0.1537037037037037
0 0.014510278113663845 0.3949074074074074 0.027811366384522373 0.12870370370370368
0 0.04474002418379686 0.3949074074074074 0.04232164449818622 0.14351851851851852
0 0.9749093107617897 0.29768518518518516 0.032043530834341 0.12685185185185185
0 0.9522370012091899 0.3351851851851852 0.03990326481257558 0.14259259259259258
0 0.9519347037484885 0.30231481481481476 0.0380894800483676 0.12314814814814815
0 0.6039903264812577 0.8055555555555555 0.04594921402660218 0.17407407407407408
0 0.5662031438935914 0.8027777777777777 0.039298669891172915 0.15925925925925927
0 0.24546553808948007 0.6583333333333333 0.041112454655380895 0.1685185185185185
0 0.2938331318016929 0.6143518518518518 0.05199516324062878 0.16574074074074074
0 0.2926239419588876 0.6583333333333332 0.036275695284159616 0.16296296296296295
0 0.33343409915356714 0.38564814814814813 0.035671100362756954 0.125
0 0.3134824667472793 0.4314814814814814 0.04292623941958888 0.15185185185185185
0 0.34340991535671106 0.4152777777777778 0.03990326481257558 0.13425925925925924
0 0.30108827085852485 0.39814814814814814 0.032648125755743655 0.14259259259259258
0 0.8712212817412335 0.3138888888888889 0.036275695284159616 0.13148148148148148
0 0.9014510278113663 0.3106481481481482 0.03990326481257558 0.14907407407407408
0 0.14691656590084645 0.8819444444444444 0.04232164449818622 0.16574074074074074
0 0.11185006045949215 0.8671296296296295 0.048367593712212824 0.18796296296296294
0 0.43984280532043535 0.46018518518518514 0.046553808948004836 0.14814814814814817
0 0.42351874244256354 0.46805555555555556 0.039298669891172915 0.14537037037037034
0 0.41777509068923824 0.4375 0.03143893591293833 0.13796296296296295
0 0.9277509068923822 0.8916666666666665 0.0441354292623942 0.18148148148148147
0 0.8990326481257559 0.9236111111111109 0.05199516324062878 0.15462962962962962
0 0.9842805320435309 0.8129629629629629 0.030229746070133016 0.1648148148148148
0 0.9528415961305926 0.7958333333333332 0.055622732769044746 0.17129629629629628
0 0.5870616686819832 0.8763888888888888 0.06045949214026603 0.1824074074074074
0 0.5380894800483677 0.39768518518518514 0.03869407496977026 0.1398148148148148
0 0.12424425634824668 0.6791666666666667 0.046553808948004836 0.175
0 0.9153567110036276 0.6537037037037037 0.04474002418379686 0.17407407407407408
0 0.9534461910519952 0.6481481481481483 0.04594921402660218 0.1611111111111111
0 0.1831922611850061 0.27037037037037037 0.03385731559854897 0.12037037037037036
0 0.1544740024183797 0.2583333333333333 0.04050785973397824 0.137037037037037
0 0.09189842805320436 0.22962962962962966 0.03748488512696494 0.14074074074074075
0 0.643591293833132 0.44861111111111107 0.046553808948004836 0.14166666666666666
0 0.5438331318016929 0.8722222222222221 0.041717049576783564 0.12962962962962962
0 0.7357920193470376 0.8074074074074074 0.041112454655380895 0.13518518518518519
0 0.7016324062877872 0.8 0.050181378476420804 0.16666666666666666
0 0.11003627569528417 0.2560185185185185 0.03385731559854897 0.1324074074074074
0 0.7194679564691658 0.7375 0.04232164449818622 0.16018518518518518
0 0.7551390568319227 0.7273148148148147 0.04353083434099154 0.1675925925925926
0 0.0882708585247884 0.7189814814814814 0.04957678355501814 0.14907407407407408
0 0.11064087061668683 0.7305555555555555 0.04353083434099154 0.16296296296296295
0 0.04383313180169287 0.7337962962962962 0.039298669891172915 0.15648148148148147
0 0.6284764207980653 0.8194444444444444 0.032043530834341 0.12962962962962962
0 0.6732164449818622 0.4513888888888889 0.03688029020556228 0.13796296296296295
0 0.7986698911729142 0.8064814814814815 0.05078597339782346 0.18518518518518517
0 0.7853688029020556 0.9833333333333333 0.0350665054413543 0.03518518518518519
0 0.8657799274486095 0.7601851851851851 0.04474002418379686 0.18148148148148147
0 0.814993954050786 0.7731481481481481 0.04474002418379686 0.1685185185185185
0 0.8428053204353084 0.7768518518518519 0.03990326481257558 0.17777777777777776
0 0.8833131801692866 0.7037037037037037 0.03990326481257558 0.17407407407407408
0 0.8887545344619106 0.2625 0.030229746070133016 0.13425925925925924
0 0.8615477629987909 0.21666666666666665 0.036275695284159616 0.12407407407407406
0 0.8639661426844016 0.4134259259259259 0.04474002418379686 0.14537037037037034
0 0.7037484885126966 0.46342592592592596 0.03869407496977026 0.1472222222222222
0 0.727932285368803 0.44166666666666665 0.04232164449818622 0.14814814814814817
0 0.4165659008464329 0.31990740740740736 0.0350665054413543 0.12870370370370368
0 0.43833131801692865 0.32037037037037036 0.03143893591293833 0.13888888888888887
0 0.7167472793228539 0.37175925925925923 0.03688029020556228 0.14907407407407408
0 0.628174123337364 0.2490740740740741 0.03748488512696494 0.13148148148148148
0 0.5906892382103991 0.2421296296296296 0.04957678355501814 0.14351851851851852
0 0.190447400241838 0.36342592592592593 0.04474002418379686 0.1398148148148148
0 0.1783555018137848 0.3962962962962963 0.04232164449818622 0.14629629629629629
0 0.011185006045949216 0.42916666666666664 0.02116082224909311 0.15462962962962962
0 0.09250302297460701 0.3259259259259259 0.03869407496977026 0.14074074074074075
0 0.014812575574365175 0.5365740740740741 0.028415961305925032 0.15462962962962962
0 0.095223700120919 0.2972222222222222 0.03688029020556228 0.14074074074074075
0 0.04897218863361547 0.2930555555555555 0.03990326481257558 0.14351851851851852
0 0.816807738814994 0.399074074074074 0.0350665054413543 0.14074074074074075
0 0.9353083434099154 0.4124999999999999 0.03385731559854897 0.11574074074074073
0 0.9607013301088272 0.4097222222222222 0.03748488512696494 0.13796296296296295
0 0.889056831922612 0.3685185185185185 0.03688029020556228 0.14074074074074075
0 0.764510278113664 0.16990740740740737 0.032043530834341 0.12870370370370368
0 0.9413542926239421 0.3699074074074074 0.03748488512696494 0.15092592592592594
0 0.09189842805320438 0.3671296296296296 0.0350665054413543 0.1324074074074074
0 0.13119709794437728 0.35787037037037034 0.0350665054413543 0.1398148148148148
0 0.1181983071342201 0.34259259259259256 0.032043530834341 0.14074074074074075
0 0.9250302297460702 0.25046296296296294 0.0350665054413543 0.12870370370370368
0 0.10640870616686822 0.399074074074074 0.03385731559854897 0.12037037037037036
0 0.3334340991535672 0.24490740740740738 0.039298669891172915 0.13796296296296295
0 0.9050785973397824 0.3537037037037037 0.0350665054413543 0.13518518518518519
0 0.9359129383313181 0.2796296296296296 0.03869407496977026 0.12407407407407406
0 0.9785368802902056 0.39212962962962966 0.034461910519951636 0.12685185185185185
0 0.8951027811366385 0.3986111111111111 0.0441354292623942 0.13796296296296295
0 0.9220072551390568 0.3722222222222222 0.030229746070133016 0.1074074074074074
0 0.6599153567110037 0.813425925925926 0.0441354292623942 0.16203703703703703
0 0.06892382103990327 0.937037037037037 0.05320435308343411 0.12777777777777777
0 0.3282950423216445 0.9685185185185184 0.03748488512696494 0.06481481481481481
0 0.9827690447400242 0.42129629629629634 0.03325272067714632 0.14629629629629629
0 0.6943772672309554 0.3935185185185185 0.03688029020556228 0.14259259259259258
0 0.28415961305925036 0.9842592592592592 0.041112454655380895 0.03333333333333333
0 0.21735187424425637 0.9842592592592592 0.029625151148730353 0.029629629629629627
0 0.027206771463119714 0.9699074074074073 0.036275695284159616 0.06203703703703703
0 0.003325272067714632 0.8847222222222222 0.005441354292623942 0.1787037037037037
0 0.034159613059250304 0.8472222222222221 0.05139056831922612 0.1796296296296296
0 0.07527206771463121 0.8305555555555556 0.0441354292623942 0.1611111111111111
0 0.7176541717049576 0.05648148148148148 0.030229746070133016 0.10925925925925925
