0 0.4737001209189844 0.28055555555555556 0.03688029020556228 0.14074074074074075
0 0.5003022974607014 0.2564814814814815 0.034461910519951636 0.12407407407407406
0 0.5879685610640871 0.7587962962962963 0.048972188633615486 0.15277777777777776
0 0.540205562273277 0.7708333333333333 0.05259975816203145 0.16388888888888886
0 0.5344619105199517 0.3597222222222222 0.047158403869407506 0.14537037037037034
0 0.5698307134220073 0.4282407407407407 0.041717049576783564 0.14907407407407408
0 0.913845223700121 0.8393518518518518 0.046553808948004836 0.16018518518518518
0 0.8772672309552602 0.8337962962962961 0.05078597339782346 0.17129629629629628
0 0.8295042321644499 0.8379629629629629 0.04232164449818622 0.14074074074074075
0 0.8966142684401451 0.39999999999999997 0.04474002418379686 0.1574074074074074
0 0.6109431680773882 0.40185185185185185 0.032043530834341 0.12962962962962962
0 0.9407496977025395 0.4787037037037037 0.047158403869407506 0.1574074074074074
0 0.9727932285368803 0.42037037037037034 0.0350665054413543 0.13518518518518519
0 0.5353688029020557 0.2629629629629629 0.041717049576783564 0.14629629629629629
0 0.4670495767835551 0.19120370370370368 0.041717049576783564 0.15462962962962962
0 0.6061064087061668 0.43611111111111106 0.039298669891172915 0.1574074074074074
0 0.6426844014510279 0.4319444444444444 0.03385731559854897 0.13796296296296295
0 0.6094316807738815 0.45787037037037037 0.04232164449818622 0.14351851851851852
0 0.6581015719467957 0.3416666666666667 0.041717049576783564 0.14074074074074075
0 0.7962515114873037 0.7694444444444443 0.064087061668682 0.18703703703703703
0 0.7152357920193472 0.5203703703703704 0.04594921402660218 0.1685185185185185
0 0.6707980652962516 0.5402777777777777 0.04776299879081017 0.18055555555555552
0 0.6704957678355503 0.4347222222222222 0.03748488512696494 0.14907407407407408
0 0.7569528415961306 0.7879629629629629 0.03990326481257558 0.14629629629629629
0 0.5453446191051996 0.4583333333333333 0.04474002418379686 0.15185185185185185
0 0.7088875453446192 0.4726851851851851 0.0441354292623942 0.15648148148148147
0 0.5021160822249094 0.20092592592592592 0.0441354292623942 0.14814814814814817
0 0.6868198307134221 0.32083333333333336 0.047158403869407506 0.15462962962962962
0 0.7636033857315598 0.4532407407407407 0.047158403869407506 0.16574074074074074
0 0.9564691656590085 0.7587962962962962 0.04474002418379686 0.16574074074074074
0 0.9259371221281741 0.7574074074074074 0.05139056831922612 0.18518518518518517
0 0.7980652962515116 0.5282407407407407 0.041112454655380895 0.15648148148148147
0 0.7959492140266022 0.4652777777777778 0.03688029020556228 0.13425925925925924
0 0.6747279322853688 0.46898148148148144 0.03990326481257558 0.14351851851851852
0 0.9634220072551392 0.4532407407407407 0.0441354292623942 0.15462962962962962
0 0.9262394195888756 0.5300925925925927 0.04474002418379686 0.14351851851851852
0 0.9316807738814995 0.44907407407407407 0.04232164449818622 0.14629629629629629
0 0.6983071342200726 0.5097222222222222 0.04232164449818622 0.15092592592592594
0 0.8361547762998791 0.4541666666666666 0.047158403869407506 0.14907407407407408
0 0.8355501813784765 0.5259259259259259 0.04594921402660218 0.1648148148148148
0 0.6880290205562274 0.3949074074074074 0.04232164449818622 0.14351851851851852
0 0.9700725513905684 0.7157407407407407 0.0441354292623942 0.15925925925925927
0 0.5157194679564692 0.3689814814814814 0.02902055622732769 0.10277777777777777
0 0.5758766626360339 0.30462962962962964 0.0380894800483676 0.137037037037037
0 0.9655380894800485 0.5189814814814815 0.032648125755743655 0.10462962962962963
0 0.9752116082224911 0.8939814814814814 0.04594921402660218 0.18425925925925926
0 0.19286577992744863 0.2634259259259259 0.03990326481257558 0.09907407407407406
0 0.5788996372430473 0.45509259259259255 0.041717049576783564 0.16574074074074074
0 0.5386940749697703 0.4055555555555555 0.03143893591293833 0.11851851851851851
0 0.6390568319226119 0.3222222222222222 0.0350665054413543 0.13518518518518519
0 0.8101571946795647 0.4509259259259259 0.03748488512696494 0.1074074074074074
0 0.408403869407497 0.9888888888888888 0.029625151148730353 0.024074074074074074
0 0.046251511487303505 0.735648148148148 0.07194679564691657 0.17129629629629628
0 0.0441354292623942 0.7083333333333334 0.055622732769044746 0.15925925925925927
0 0.008464328899637243 0.14953703703703702 0.015719467956469165 0.13796296296296295
0 0.04232164449818622 0.36157407407407405 0.041112454655380895 0.14166666666666666
0 0.07164449818621524 0.35694444444444445 0.04050785973397824 0.15092592592592594
0 0.015114873035066504 0.11203703703703702 0.02902055622732769 0.12777777777777777
0 0.06499395405078598 0.13148148148148148 0.039298669891172915 0.12962962962962962
0 0.14480048367593715 0.23796296296296296 0.041717049576783564 0.12407407407407406
0 0.2028415961305925 0.19907407407407404 0.03688029020556228 0.1259259259259259
0 0.09371221281741235 0.19444444444444445 0.03869407496977026 0.11851851851851851
0 0.10792019347037486 0.14166666666666666 0.03688029020556228 0.11851851851851851
0 0.190447400241838 0.07453703703703703 0.041112454655380895 0.1324074074074074
0 0.12787182587666265 0.19305555555555554 0.041717049576783564 0.1324074074074074
0 0.16414752116082226 0.06388888888888888 0.032043530834341 0.1259259259259259
0 0.04897218863361547 0.4592592592592593 0.04594921402660218 0.15185185185185185
0 0.2720677146311971 0.09074074074074075 0.04232164449818622 0.14259259259259258
0 0.27509068923821045 0.13796296296296298 0.03869407496977026 0.13518518518518519
0 0.30380894800483677 0.10324074074074074 0.03688029020556228 0.1324074074074074
0 0.4232164449818622 0.19629629629629627 0.0350665054413543 0.13518518518518519
0 0.4461910519951633 0.04629629629629629 0.03990326481257558 0.09074074074074073
0 0.3890568319226119 0.12129629629629629 0.03688029020556228 0.12962962962962962
0 0.4978839177750907 0.1259259259259259 0.034461910519951636 0.12962962962962962
0 0.560459492140266 0.11851851851851851 0.03990326481257558 0.13518518518518519
0 0.5571342200725515 0.08333333333333333 0.03688029020556228 0.12037037037037036
0 0.5779927448609432 0.08240740740740742 0.0350665054413543 0.12222222222222222
0 0.46644498186215244 0.14259259259259258 0.032043530834341 0.12962962962962962
0 0.6178960096735189 0.06157407407407407 0.036275695284159616 0.12129629629629629
0 0.6451027811366385 0.06157407407407407 0.03143893591293833 0.12129629629629629
0 0.6260580411124548 0.03287037037037037 0.03325272067714632 0.06388888888888888
0 0.4933494558645708 0.15833333333333333 0.03990326481257558 0.13518518518518519
0 0.503627569528416 0.18333333333333332 0.03990326481257558 0.16296296296296295
0 0.5450423216444983 0.18333333333333332 0.03688029020556228 0.12962962962962962
0 0.5695284159613059 0.19629629629629627 0.03869407496977026 0.13148148148148148
0 0.5934099153567111 0.20046296296296295 0.039298669891172915 0.13796296296296295
0 0.6396614268440146 0.16898148148148148 0.04232164449818622 0.13425925925925924
0 0.6662636033857317 0.18888888888888886 0.036275695284159616 0.12037037037037036
0 0.691354292623942 0.19398148148148145 0.039298669891172915 0.1324074074074074
0 0.8019951632406289 0.1736111111111111 0.03688029020556228 0.1324074074074074
0 0.6925634824667474 0.2527777777777777 0.03688029020556228 0.14259259259259258
0 0.730652962515115 0.3800925925925926 0.041717049576783564 0.1398148148148148
0 0.7515114873035067 0.36435185185185176 0.03869407496977026 0.14351851851851852
0 0.743651753325272 0.30462962962962964 0.0350665054413543 0.14259259259259258
0 0.7886940749697703 0.33842592592592596 0.0380894800483676 0.14351851851851852
0 0.7711608222490931 0.2944444444444444 0.0441354292623942 0.16296296296296295
0 0.9897218863361549 0.11666666666666667 0.01934703748488513 0.137037037037037
0 0.9625151148730352 0.11574074074074074 0.04232164449818622 0.14259259259259258
0 0.9492140266021766 0.07916666666666666 0.03748488512696494 0.12314814814814815
0 0.9283555018137849 0.11620370370370368 0.032043530834341 0.11018518518518518
0 0.9570737605804113 0.1523148148148148 0.03748488512696494 0.1324074074074074
0 0.8663845223700122 0.4199074074074074 0.03385731559854897 0.1361111111111111
0 0.9667472793228536 0.33796296296296297 0.03990326481257558 0.14814814814814817
0 0.8573155985489722 0.19212962962962962 0.03385731559854897 0.12685185185185185
0 0.8893591293833133 0.19675925925925924 0.036275695284159616 0.11203703703703702
0 0.9365175332527207 0.3421296296296296 0.0350665054413543 0.12685185185185185
0 0.9667472793228536 0.29027777777777775 0.04474002418379686 0.14351851851851852
0 0.9489117291414753 0.2634259259259259 0.039298669891172915 0.13796296296296295
0 0.9135429262394197 0.2652777777777777 0.047158403869407506 0.15648148148148147
0 0.8703143893591294 0.16805555555555554 0.039298669891172915 0.14351851851851852
0 0.8821039903264812 0.15092592592592594 0.030229746070133016 0.11296296296296296
0 0.9038694074969771 0.5092592592592592 0.030229746070133016 0.09259259259259259
0 0.9026602176541717 0.045370370370370366 0.0350665054413543 0.08888888888888888
0 0.3180169286577993 0.04861111111111111 0.04232164449818622 0.09537037037037037
0 0.2920193470374849 0.05185185185185184 0.032648125755743655 0.10185185185185185
0 0.8530834340991537 0.15046296296296297 0.030229746070133016 0.11018518518518518
0 0.8422007255139057 0.1824074074074074 0.030229746070133016 0.0962962962962963
0 0.8978234582829505 0.17083333333333334 0.032648125755743655 0.11574074074074073
0 0.9017533252720678 0.1537037037037037 0.032043530834341 0.11851851851851851
0 0.7874848851269649 0.3310185185185185 0.039298669891172915 0.13796296296296295
0 0.7584643288996373 0.3361111111111111 0.03688029020556228 0.14259259259259258
0 0.9120314389359131 0.3314814814814815 0.06831922611850061 0.17407407407407408
0 0.33585247883917785 0.04259259259259259 0.041717049576783564 0.08333333333333333
0 0.5259975816203144 0.038425925925925926 0.03990326481257558 0.075
0 0.596130592503023 0.043981481481481476 0.0350665054413543 0.0861111111111111
0 0.8724304715840387 0.04027777777777777 0.0350665054413543 0.0787037037037037
0 0.9307738814993954 0.032407407407407406 0.034461910519951636 0.06296296296296296
0 0.9600967351874246 0.03888888888888888 0.04232164449818622 0.07592592592592592
0 0.5592503022974608 0.029629629629629627 0.03748488512696494 0.0574074074074074
0 0.5710399032648126 0.03148148148148148 0.03325272067714632 0.06111111111111111
0 0.11185006045949217 0.030092592592592594 0.0350665054413543 0.058333333333333334
0 0.08948004836759373 0.030555555555555555 0.0350665054413543 0.059259259259259255
0 0.9062877871825877 0.03518518518518518 0.030229746070133016 0.0685185185185185
0 0.3660822249093108 0.5282407407407407 0.039298669891172915 0.14907407407407408
0 0.094316807738815 0.45694444444444443 0.04232164449818622 0.14907407407407408
0 0.05501813784764208 0.6148148148148149 0.04232164449818622 0.1611111111111111
0 0.030834340991535678 0.5504629629629629 0.047158403869407506 0.16574074074074074
0 0.09401451027811368 0.6037037037037037 0.048972188633615486 0.15925925925925927
0 0.724304715840387 0.0412037037037037 0.02902055622732769 0.08055555555555555
0 0.813180169286578 0.33194444444444443 0.03990326481257558 0.13425925925925924
0 0.8334340991535671 0.32870370370370366 0.034461910519951636 0.12407407407407406
0 0.25272067714631197 0.6425925925925926 0.047158403869407506 0.1685185185185185
0 0.22490931076178963 0.6208333333333333 0.03990326481257558 0.16574074074074074
0 0.3530834340991536 0.6203703703703703 0.0350665054413543 0.14814814814814817
0 0.22490931076178963 0.5541666666666667 0.04232164449818622 0.14907407407407408
0 0.22309552599758165 0.5296296296296297 0.03748488512696494 0.13518518518518519
0 0.18591293833131803 0.5273148148148148 0.041717049576783564 0.1398148148148148
0 0.19105199516324067 0.4925925925925926 0.04474002418379686 0.14259259259259258
0 0.15477629987908104 0.5152777777777777 0.03990326481257558 0.14351851851851852
0 0.3633615477629988 0.20092592592592592 0.03385731559854897 0.13148148148148148
0 0.3866384522370013 0.19907407407407404 0.027206771463119714 0.12407407407407406
0 0.3666868198307135 0.4060185185185185 0.027206771463119714 0.11574074074074073
0 0.27388149939540507 0.4185185185185185 0.05199516324062878 0.14259259259259258
0 0.2681378476420798 0.4412037037037037 0.03688029020556228 0.1398148148148148
0 0.20616686819830715 0.9328703703703703 0.047158403869407506 0.13425925925925924
0 0.4588875453446192 0.638425925925926 0.03990326481257558 0.16018518518518518
0 0.45798065296251517 0.65 0.039298669891172915 0.1685185185185185
0 0.1955864570737606 0.7037037037037037 0.0441354292623942 0.17407407407407408
0 0.15477629987908104 0.6787037037037037 0.041112454655380895 0.1685185185185185
0 0.19316807738814995 0.6703703703703704 0.04050785973397824 0.15925925925925927
0 0.30804111245465543 0.7513888888888888 0.041717049576783564 0.15462962962962962
0 0.42382103990326486 0.44768518518518513 0.047158403869407506 0.12685185185185185
0 0.8482466747279324 0.2824074074074074 0.032648125755743655 0.1259259259259259
0 0.8322249093107618 0.2537037037037037 0.039298669891172915 0.13518518518518519
0 0.8041112454655381 0.2634259259259259 0.0350665054413543 0.13796296296296295
0 0.32496977025392987 0.5555555555555555 0.039298669891172915 0.14629629629629629
0 0.16777509068923824 0.45046296296296295 0.039298669891172915 0.15462962962962962
0 0.20495767835550183 0.4375 0.0350665054413543 0.13796296296296295
0 0.028718258766626363 0.12824074074074074 0.032043530834341 0.12685185185185185
0 0.34250302297460705 0.6773148148148148 0.039298669891172915 0.15648148148148147
0 0.35006045949214026 0.712037037037037 0.04232164449818622 0.1648148148148148
0 0.19226118500604597 0.15787037037037036 0.03748488512696494 0.13796296296296295
0 0.690447400241838 0.14305555555555555 0.030229746070133016 0.12685185185185185
0 0.6704957678355503 0.9074074074074073 0.05441354292623943 0.18148148148148147
0 0.7376058041112457 0.9300925925925925 0.05078597339782346 0.14166666666666666
0 0.7303506650544136 0.8902777777777777 0.03990326481257558 0.13796296296296295
0 0.8134824667472793 0.27685185185185185 0.034461910519951636 0.13148148148148148
0 0.19437726723095528 0.4324074074074074 0.039298669891172915 0.14074074074074075
0 0.42110036275695284 0.711111111111111 0.05501813784764208 0.14814814814814817
0 0.6227327690447401 0.7249999999999999 0.05320435308343411 0.14629629629629629
0 0.1665659008464329 0.41805555555555546 0.039298669891172915 0.16018518518518518
0 0.4386336154776301 0.5083333333333333 0.034461910519951636 0.14074074074074075
0 0.42986698911729143 0.4819444444444444 0.0350665054413543 0.1324074074074074
0 0.3875453446191052 0.37175925925925923 0.03748488512696494 0.14907407407407408
0 0.3545949214026603 0.5888888888888888 0.03688029020556228 0.13518518518518519
0 0.3346432889963725 0.5120370370370371 0.039298669891172915 0.13518518518518519
0 0.33615477629987917 0.48657407407407405 0.03748488512696494 0.13796296296296295
0 0.2557436517533253 0.8675925925925925 0.04474002418379686 0.16296296296296295
0 0.7052599758162033 0.05185185185185184 0.027206771463119714 0.10185185185185185
0 0.7360943168077388 0.05231481481481481 0.029625151148730353 0.10277777777777777
0 0.22097944377267234 0.2518518518518518 0.041717049576783564 0.14444444444444443
0 0.7388149939540509 0.04305555555555555 0.03143893591293833 0.08425925925925926
0 0.42049576783555026 0.562962962962963 0.03688029020556228 0.14814814814814817
0 0.4334945586457074 0.5351851851851851 0.03748488512696494 0.14629629629629629
0 0.23821039903264815 0.5953703703703703 0.03748488512696494 0.14074074074074075
0 0.2859733978234583 0.5731481481481481 0.04232164449818622 0.16296296296296295
0 0.2896009673518743 0.6231481481481481 0.03990326481257558 0.1685185185185185
0 0.3261789600967352 0.3467592592592592 0.03688029020556228 0.1324074074074074
0 0.3053204353083434 0.38240740740740736 0.03869407496977026 0.14259259259259258
0 0.33585247883917785 0.36851851851851847 0.03688029020556228 0.13148148148148148
0 0.30441354292623946 0.350462962962963 0.03688029020556228 0.15092592592592594
0 0.4047762998790811 0.43657407407407406 0.039298669891172915 0.14351851851851852
0 0.7493954050785974 0.1564814814814815 0.034461910519951636 0.14259259259259258
0 0.7221886336154777 0.10972222222222222 0.032043530834341 0.12314814814814815
0 0.4848851269649335 0.5259259259259259 0.03385731559854897 0.14074074074074075
0 0.4824667472793229 0.5435185185185184 0.03748488512696494 0.15185185185185185
0 0.8691051995163241 0.9717592592592592 0.05259975816203145 0.05648148148148148
0 0.6142684401451028 0.8791666666666667 0.04957678355501814 0.1787037037037037
0 0.89087061668682 0.7555555555555554 0.041717049576783564 0.1648148148148148
0 0.24304715840386942 0.3532407407407407 0.03748488512696494 0.14351851851851852
0 0.536577992744861 0.5537037037037037 0.046553808948004836 0.15555555555555553
0 0.5359733978234584 0.5277777777777778 0.041717049576783564 0.16296296296296295
0 0.25090689238210406 0.37638888888888883 0.032648125755743655 0.12685185185185185
0 0.6632406287787184 0.8509259259259259 0.047158403869407506 0.17407407407407408
0 0.7058645707376059 0.04074074074074074 0.027206771463119714 0.07962962962962963
