0 0.10761789600967353 0.04305555555555555 0.03748488512696494 0.08425925925925926
0 0.1333131801692866 0.04768518518518518 0.029625151148730353 0.0898148148148148
0 0.14752116082224911 0.05648148148148147 0.04474002418379686 0.1111111111111111
0 0.17926239419588874 0.04629629629629629 0.032043530834341 0.09074074074074073
0 0.345223700120919 0.199537037037037 0.041112454655380895 0.14351851851851852
0 0.3334340991535672 0.18796296296296297 0.034461910519951636 0.14074074074074075
0 0.6239419588875454 0.2421296296296296 0.03990326481257558 0.16018518518518518
0 0.2714631197097945 0.13425925925925924 0.03385731559854897 0.137037037037037
0 0.2708585247883918 0.11944444444444444 0.0350665054413543 0.1259259259259259
0 0.255441354292624 0.08240740740740742 0.032043530834341 0.13148148148148148
0 0.2388149939540508 0.10370370370370369 0.03748488512696494 0.12962962962962962
0 0.501813784764208 0.05555555555555555 0.04232164449818622 0.10925925925925925
0 0.4830713422007256 0.05138888888888889 0.032648125755743655 0.10092592592592592
0 0.5507859733978235 0.03657407407407407 0.030229746070133016 0.07129629629629629
0 0.5580411124546555 0.09814814814814814 0.0350665054413543 0.1074074074074074
0 0.544740024183797 0.08194444444444443 0.0350665054413543 0.12129629629629629
0 0.5897823458282951 0.07175925925925926 0.03688029020556228 0.1361111111111111
0 0.6438935912938333 0.10462962962962961 0.04232164449818622 0.12407407407407406
0 0.6154776299879081 0.08657407407407407 0.048367593712212824 0.15277777777777776
0 0.6085247883917776 0.16990740740740737 0.035671100362756954 0.13425925925925924
0 0.686819830713422 0.10972222222222222 0.030229746070133016 0.10462962962962963
0 0.662938331318017 0.1787037037037037 0.03325272067714632 0.12962962962962962
0 0.973397823458283 0.3212962962962963 0.03990326481257558 0.15185185185185185
0 0.7028415961305926 0.16296296296296295 0.03325272067714632 0.1148148148148148
0 0.6807738814993954 0.1648148148148148 0.032648125755743655 0.12407407407407406
0 0.9537484885126966 0.2458333333333333 0.039298669891172915 0.1324074074074074
0 0.9371221281741234 0.1925925925925926 0.05078597339782346 0.13518518518518519
0 0.9283555018137848 0.22499999999999998 0.039298669891172915 0.137037037037037
0 0.9691656590084645 0.1865740740740741 0.03385731559854897 0.12314814814814815
0 0.9812575574365177 0.15 0.032648125755743655 0.137037037037037
0 0.9398428053204354 0.17083333333333334 0.034461910519951636 0.12129629629629629
0 0.8999395405078597 0.16435185185185183 0.0380894800483676 0.13425925925925924
0 0.9634220072551392 0.08148148148148147 0.034461910519951636 0.13518518518518519
0 0.9365175332527207 0.07777777777777777 0.03990326481257558 0.12407407407407406
0 0.8391777509068925 0.12638888888888888 0.03143893591293833 0.12314814814814815
0 0.20616686819830715 0.12453703703703703 0.03990326481257558 0.13796296296296295
0 0.5335550181378478 0.12870370370370368 0.0441354292623942 0.13888888888888887
0 0.737908101571947 0.08703703703703704 0.032043530834341 0.12962962962962962
0 0.7690447400241839 0.10092592592592592 0.027811366384522373 0.11851851851851851
0 0.6756348246674728 0.08611111111111111 0.03688029020556228 0.14074074074074075
0 0.7587666263603386 0.0875 0.027811366384522373 0.09351851851851851
0 0.7778113663845225 0.08518518518518518 0.032043530834341 0.0962962962962963
0 0.40931076178960096 0.43287037037037035 0.03143893591293833 0.11018518518518518
0 0.719770253929867 0.1310185185185185 0.030834340991535675 0.13425925925925924
0 0.6478234582829505 0.0972222222222222 0.027206771463119714 0.09074074074074073
0 0.7714631197097945 0.1111111111111111 0.03748488512696494 0.13518518518518519
0 0.6526602176541717 0.2509259259259259 0.039298669891172915 0.14074074074074075
0 0.6762394195888755 0.24768518518518515 0.032043530834341 0.1324074074074074
0 0.6828899637243048 0.27314814814814814 0.039298669891172915 0.14074074074074075
0 0.7143288996372432 0.18333333333333332 0.04534461910519952 0.1574074074074074
0 0.6039903264812577 0.30787037037037035 0.047158403869407506 0.16018518518518518
0 0.6293833131801693 0.4888888888888889 0.04232164449818622 0.15925925925925927
0 0.6998186215235792 0.31157407407407406 0.039298669891172915 0.13796296296296295
0 0.6856106408706168 0.3453703703703704 0.04474002418379686 0.1574074074074074
0 0.7282345828295043 0.32916666666666666 0.041717049576783564 0.16203703703703703
0 0.6599153567110037 0.3768518518518518 0.039298669891172915 0.14629629629629629
0 0.835247883917775 0.2930555555555555 0.034461910519951636 0.13796296296296295
0 0.814993954050786 0.275 0.032648125755743655 0.13518518518518519
0 0.6372430471584039 0.6041666666666666 0.04353083434099154 0.16574074074074074
0 0.6408706166868199 0.31851851851851853 0.03748488512696494 0.14074074074074075
0 0.7342805320435309 0.29953703703703705 0.03688029020556228 0.12870370370370368
0 0.7708585247883918 0.30046296296296293 0.04232164449818622 0.13796296296296295
0 0.6783555018137848 0.4324074074074074 0.04232164449818622 0.16296296296296295
0 0.8639661426844015 0.34398148148148144 0.03990326481257558 0.16018518518518518
0 0.9283555018137848 0.3023148148148148 0.039298669891172915 0.15277777777777776
0 0.9718863361547764 0.274074074074074 0.032043530834341 0.13148148148148148
0 0.9882103990326483 0.2513888888888889 0.02237001209189843 0.1175925925925926
0 0.9585852478839179 0.45648148148148143 0.041717049576783564 0.14814814814814817
0 0.9371221281741234 0.36435185185185187 0.04353083434099154 0.14907407407407408
0 0.9220072551390568 0.5967592592592593 0.05320435308343411 0.16203703703703703
0 0.9697702539298669 0.5953703703703703 0.03990326481257558 0.1537037037037037
0 0.7642079806529625 0.4347222222222223 0.04353083434099154 0.1398148148148148
0 0.878174123337364 0.47407407407407404 0.04050785973397824 0.1648148148148148
0 0.9419588875453447 0.41481481481481475 0.041112454655380895 0.14814814814814817
0 0.08645707376058043 0.3499999999999999 0.04594921402660218 0.14444444444444443
0 0.05773881499395405 0.39305555555555555 0.050181378476420804 0.14907407407407408
0 0.8585247883917776 0.6564814814814814 0.041112454655380895 0.1574074074074074
0 0.8331318016928658 0.6777777777777777 0.05199516324062878 0.1796296296296296
0 0.7037484885126966 0.08703703703703702 0.03869407496977026 0.12407407407407406
0 0.8990326481257559 0.6569444444444444 0.048367593712212824 0.15833333333333333
0 0.126360338573156 0.42685185185185176 0.03869407496977026 0.14814814814814817
0 0.3119709794437727 0.5041666666666667 0.03748488512696494 0.15092592592592594
0 0.34703748488512703 0.3884259259259259 0.04232164449818622 0.13425925925925924
0 0.3125755743651753 0.3958333333333333 0.03385731559854897 0.14537037037037034
0 0.6626360338573157 0.5518518518518518 0.04232164449818622 0.16296296296296295
0 0.8022974607013302 0.41018518518518515 0.04957678355501814 0.1574074074074074
0 0.7158403869407498 0.10972222222222222 0.03385731559854897 0.12129629629629629
0 0.9359129383313182 0.6791666666666666 0.036275695284159616 0.15462962962962962
0 0.9649334945586459 0.686574074074074 0.04353083434099154 0.15092592592592594
0 0.6384522370012092 0.7902777777777777 0.03990326481257558 0.17129629629629628
0 0.8128778718258767 0.7703703703703703 0.05622732769044741 0.18703703703703703
0 0.7636033857315598 0.7694444444444444 0.047158403869407506 0.1648148148148148
0 0.782950423216445 0.9217592592592592 0.05320435308343411 0.15833333333333333
0 0.7363966142684403 0.4310185185185185 0.04232164449818622 0.15092592592592594
0 0.11759371221281743 0.9578703703703704 0.057436517533252726 0.0861111111111111
0 0.27448609431680776 0.9574074074074074 0.04474002418379686 0.08703703703703704
0 0.1977025392986699 0.9393518518518518 0.05078597339782346 0.12314814814814815
0 0.18047158403869407 0.9606481481481481 0.0441354292623942 0.08055555555555555
0 0.08162031438935914 0.9259259259259258 0.05441354292623943 0.12407407407407406
0 0.905683192261185 0.41481481481481475 0.04353083434099154 0.17037037037037037
0 0.6293833131801693 0.875 0.05199516324062878 0.17407407407407408
0 0.6058041112454657 0.923611111111111 0.05925030229746071 0.15277777777777776
0 0.902962515114873 0.37037037037037035 0.039298669891172915 0.15185185185185185
0 0.7312575574365175 0.5412037037037037 0.0441354292623942 0.16203703703703703
0 0.8391777509068924 0.4509259259259259 0.05199516324062878 0.15925925925925927
0 0.8379685610640871 0.3763888888888889 0.047158403869407506 0.17129629629629628
0 0.56590084643289 0.4699074074074074 0.03143893591293833 0.12685185185185185
0 0.6768440145102781 0.49907407407407406 0.0441354292623942 0.17592592592592593
0 0.9827690447400244 0.36759259259259264 0.032043530834341 0.14259259259259258
0 0.9857920193470376 0.44166666666666665 0.027206771463119714 0.15185185185185185
0 0.8080411124546555 0.3064814814814814 0.03688029020556228 0.15185185185185185
0 0.7741837968561065 0.43287037037037035 0.03688029020556228 0.0824074074074074
0 0.9531438935912939 0.28657407407407404 0.039298669891172915 0.12129629629629629
0 0.2762998790810158 0.9467592592592592 0.04353083434099154 0.10833333333333334
0 0.4410519951632407 0.9342592592592591 0.048972188633615486 0.12962962962962962
0 0.4827690447400243 0.637962962962963 0.034461910519951636 0.15925925925925927
0 0.5060459492140267 0.6523148148148148 0.0350665054413543 0.16574074074074074
0 0.2194679564691657 0.6976851851851851 0.04957678355501814 0.17129629629629628
0 0.20042321644498187 0.6680555555555555 0.0441354292623942 0.17129629629629628
0 0.2297460701330109 0.6546296296296296 0.041112454655380895 0.1648148148148148
0 0.506348246674728 0.7810185185185184 0.046553808948004836 0.18055555555555552
0 0.4591898428053205 0.8199074074074074 0.0441354292623942 0.16388888888888886
0 0.6650544135429263 0.950462962962963 0.03869407496977026 0.10092592592592592
0 0.6771463119709795 0.8532407407407407 0.05078597339782346 0.1675925925925926
0 0.6369407496977025 0.9310185185185185 0.04776299879081017 0.1398148148148148
0 0.7061668681983072 0.9268518518518518 0.05320435308343411 0.14629629629629629
0 0.7348851269649336 0.9134259259259259 0.048972188633615486 0.16574074074074074
0 0.5792019347037486 0.5611111111111111 0.03990326481257558 0.14629629629629629
0 0.6151753325272068 0.5810185185185185 0.041717049576783564 0.16018518518518518
0 0.3521765417170496 0.7458333333333332 0.046553808948004836 0.17129629629629628
0 0.4679564691656591 0.44259259259259254 0.04353083434099154 0.14259259259259258
0 0.4821644498186216 0.4949074074074074 0.030834340991535675 0.1324074074074074
0 0.510882708585248 0.5009259259259259 0.03990326481257558 0.137037037037037
0 0.4966747279322854 0.9527777777777776 0.053808948004836765 0.0962962962962963
0 0.33524788391777516 0.9717592592592592 0.034461910519951636 0.058333333333333334
0 0.5918984280532045 0.49027777777777776 0.03990326481257558 0.15462962962962962
0 0.5906892382103991 0.45509259259259255 0.027811366384522373 0.11574074074074073
0 0.6045949214026604 0.5546296296296297 0.03990326481257558 0.1574074074074074
0 0.44800483675937125 0.9851851851851852 0.02902055622732769 0.03148148148148148
0 0.8966142684401451 0.26296296296296295 0.03990326481257558 0.13518518518518519
0 0.89087061668682 0.2490740740740741 0.032043530834341 0.14814814814814817
0 0.8633615477629988 0.24953703703703703 0.030229746070133016 0.1398148148148148
0 0.9561668681983072 0.861111111111111 0.062273276904474005 0.15555555555555553
0 0.95223700120919 0.8907407407407407 0.0701330108827086 0.1648148148148148
0 0.5229746070133011 0.8171296296296297 0.047158403869407506 0.19166666666666668
0 0.46614268440145107 0.41435185185185186 0.0350665054413543 0.1324074074074074
0 0.23518742442563487 0.4328703703703703 0.04232164449818622 0.15648148148148147
0 0.26178960096735193 0.44722222222222213 0.0350665054413543 0.15185185185185185
0 0.5389963724304716 0.6462962962962963 0.041717049576783564 0.15925925925925927
0 0.5698307134220073 0.673611111111111 0.04534461910519952 0.15648148148148147
0 0.3706166868198308 0.6152777777777778 0.03990326481257558 0.16203703703703703
0 0.3929866989117291 0.32731481481481484 0.041112454655380895 0.14907407407407408
0 0.5042321644498187 0.38657407407407407 0.030229746070133016 0.12685185185185185
0 0.4401451027811366 0.9652777777777776 0.041112454655380895 0.07129629629629629
0 0.04383313180169287 0.3314814814814815 0.034461910519951636 0.14074074074074075
0 0.6819830713422007 0.5999999999999999 0.030229746070133016 0.12962962962962962
0 0.6671704957678356 0.6060185185185184 0.039298669891172915 0.16574074074074074
0 0.15296251511487305 0.8537037037037037 0.04957678355501814 0.1685185185185185
0 0.11577992744860945 0.8875 0.04292623941958888 0.16574074074074074
0 0.413845223700121 0.6828703703703703 0.03688029020556228 0.16018518518518518
0 0.4416565900846433 0.7004629629629628 0.048972188633615486 0.16388888888888886
0 0.44558645707376066 0.6550925925925927 0.03990326481257558 0.1675925925925926
0 0.3999395405078598 0.6527777777777779 0.053808948004836765 0.17037037037037037
0 0.24032648125755746 0.12870370370370368 0.034461910519951636 0.137037037037037
0 0.005441354292623942 0.9583333333333334 0.009673518742442565 0.08518518518518518
0 0.008464328899637243 0.974537037037037 0.015719467956469165 0.05277777777777778
0 0.041717049576783564 0.9347222222222221 0.04353083434099154 0.1324074074074074
0 0.8282950423216446 0.911111111111111 0.06287787182587666 0.16296296296296295
0 0.7376058041112455 0.12962962962962962 0.032648125755743655 0.1259259259259259
0 0.9582829504232165 0.6282407407407408 0.03990326481257558 0.16203703703703703
0 0.6254534461910519 0.8166666666666667 0.0441354292623942 0.17037037037037037
0 0.5725513905683193 0.8731481481481481 0.056831922611850064 0.18333333333333332
0 0.9839782345828296 0.6513888888888888 0.029625151148730353 0.0824074074074074
0 0.6608222490931077 0.7851851851851851 0.04232164449818622 0.1574074074074074
0 0.9041717049576784 0.7824074074074073 0.053808948004836765 0.1648148148148148
0 0.9564691656590085 0.773611111111111 0.06287787182587666 0.17129629629629628
0 0.8001813784764209 0.48796296296296293 0.0380894800483676 0.14629629629629629
0 0.7862756952841597 0.5462962962962963 0.05139056831922612 0.15925925925925927
0 0.12273276904474004 0.7583333333333332 0.05925030229746071 0.1796296296296296
0 0.8591293833131802 0.4175925925925926 0.04232164449818622 0.14814814814814817
0 0.7889963724304716 0.26805555555555555 0.0350665054413543 0.1324074074074074
0 0.34945586457073763 0.06898148148148148 0.03748488512696494 0.13425925925925924
0 0.11487303506650545 0.7152777777777778 0.04957678355501814 0.1675925925925926
0 0.8573155985489722 0.5648148148148148 0.04474002418379686 0.16296296296296295
0 0.8975211608222492 0.5513888888888889 0.048972188633615486 0.14907407407407408
0 0.3207376058041113 0.0898148148148148 0.027206771463119714 0.12407407407407406
0 0.31136638452237003 0.06064814814814814 0.03143893591293833 0.11944444444444444
0 0.02085852478839178 0.8476851851851851 0.04050785973397824 0.18796296296296294
0 0.002116082224909311 0.8060185185185185 0.0030229746070133015 0.17129629629629628
0 0.2929262394195889 0.0861111111111111 0.034461910519951636 0.13518518518518519
0 0.8180169286577993 0.5268518518518518 0.047158403869407506 0.16296296296296295
0 0.0692261185006046 0.7342592592592592 0.05622732769044741 0.16296296296296295
0 0.8059250302297462 0.325 0.04353083434099154 0.14814814814814817
0 0.8660822249093109 0.2638888888888889 0.032043530834341 0.14074074074074075
0 0.24183796856106413 0.425462962962963 0.0350665054413543 0.1398148148148148
0 0.5746674727932286 0.6379629629629628 0.046553808948004836 0.14629629629629629
0 0.5580411124546555 0.612037037037037 0.0350665054413543 0.17407407407407408
0 0.5973397823458284 0.610648148148148 0.036275695284159616 0.16018518518518518
0 0.7366989117291416 0.6467592592592593 0.050181378476420804 0.15277777777777776
0 0.2116082224909311 0.40462962962962956 0.04232164449818622 0.14074074074074075
0 0.2699516324062878 0.41018518518518515 0.03688029020556228 0.14629629629629629
0 0.5269044740024185 0.4731481481481481 0.035671100362756954 0.14074074074074075
0 0.528415961305925 0.47777777777777775 0.04474002418379686 0.15185185185185185
0 0.49093107617896015 0.48148148148148145 0.0350665054413543 0.13518518518518519
0 0.4008464328899638 0.3712962962962963 0.03748488512696494 0.13518518518518519
0 0.409310761789601 0.3194444444444444 0.03748488512696494 0.13518518518518519
0 0.4286577992744861 0.3375 0.03748488512696494 0.1398148148148148
0 0.4746070133010883 0.34722222222222227 0.032648125755743655 0.13518518518518519
0 0.5169286577992745 0.36342592592592593 0.0350665054413543 0.15092592592592594
0 0.44407496977025396 0.5064814814814814 0.04050785973397824 0.1574074074074074
0 0.3833131801692866 0.5555555555555555 0.03748488512696494 0.137037037037037
0 0.3751511487303507 0.4976851851851852 0.048972188633615486 0.12870370370370368
0 0.3805925030229747 0.4708333333333333 0.039298669891172915 0.13425925925925924
0 0.15477629987908104 0.6810185185185185 0.0350665054413543 0.13796296296296295
0 0.3162031438935913 0.09675925925925925 0.036275695284159616 0.12129629629629629
0 0.29141475211608225 0.4944444444444444 0.036275695284159616 0.1574074074074074
0 0.4691656590084644 0.3851851851851852 0.027811366384522373 0.1
0 0.49365175332527217 0.40138888888888885 0.02478839177750907 0.11574074074074073
0 0.2687424425634825 0.9101851851851851 0.048972188633615486 0.16666666666666666
0 0.6970979443772672 0.5981481481481481 0.047158403869407506 0.18703703703703703
0 0.7484885126964934 0.04953703703703703 0.03385731559854897 0.09722222222222222
0 0.7808343409915358 0.039351851851851846 0.032043530834341 0.07685185185185185
0 0.7820435308343411 0.03888888888888888 0.027206771463119714 0.07592592592592592
0 0.005743651753325273 0.14629629629629629 0.010278113663845224 0.13148148148148148
0 0.7481862152357921 0.03564814814814814 0.032043530834341 0.06944444444444443
