0 0.414752116082225 0.4314814814814814 0.030229746070133016 0.07407407407407408
0 0.654776299879081 0.0537037037037037 0.030229746070133016 0.10370370370370369
0 0.6130592503022975 0.04351851851851851 0.030229746070133016 0.08518518518518518
0 0.564087061668682 0.05833333333333333 0.0350665054413543 0.1148148148148148
0 0.5338573155985491 0.02638888888888889 0.027811366384522373 0.05092592592592592
0 0.692261185006046 0.02685185185185185 0.032648125755743655 0.05185185185185184
0 0.6354292623941958 0.08148148148148147 0.0350665054413543 0.13518518518518519
0 0.6717049576783555 0.04861111111111111 0.030229746070133016 0.09537037037037037
0 0.8461305925030231 0.1300925925925926 0.032043530834341 0.11203703703703702
0 0.7475816203143894 0.10185185185185185 0.034461910519951636 0.1259259259259259
0 0.7031438935912939 0.04583333333333332 0.02902055622732769 0.0898148148148148
0 0.7309552599758163 0.04444444444444444 0.032648125755743655 0.08703703703703704
0 0.9413542926239421 0.04861111111111111 0.03748488512696494 0.09537037037037037
0 0.9821644498186216 0.07685185185185185 0.029625151148730353 0.11851851851851851
0 0.9226118500604596 0.1023148148148148 0.032648125755743655 0.13796296296296295
0 0.8068319226118502 0.18194444444444444 0.03688029020556228 0.14351851851851852
0 0.93409915356711 0.21435185185185185 0.0350665054413543 0.1324074074074074
0 0.9588875453446192 0.24814814814814812 0.030229746070133016 0.10185185185185185
0 0.9117291414752117 0.16481481481481483 0.030229746070133016 0.13518518518518519
0 0.7623941958887547 0.09675925925925925 0.032648125755743655 0.14166666666666666
0 0.7950423216444982 0.0837962962962963 0.030229746070133016 0.13425925925925924
0 0.6798669891172915 0.1814814814814815 0.032043530834341 0.14074074074074075
0 0.6514510278113663 0.1532407407407407 0.034461910519951636 0.14351851851851852
0 0.8700120918984282 0.6726851851851852 0.036275695284159616 0.14351851851851852
0 0.8612454655380894 0.7402777777777777 0.0441354292623942 0.15092592592592594
0 0.47642079806529625 0.16944444444444445 0.03143893591293833 0.14814814814814817
0 0.07073760580411126 0.07407407407407408 0.032648125755743655 0.14259259259259258
0 0.4966747279322854 0.06157407407407407 0.027206771463119714 0.12129629629629629
0 0.46493349455864574 0.05416666666666666 0.03385731559854897 0.10648148148148147
0 0.45102781136638453 0.08842592592592592 0.03385731559854897 0.12870370370370368
0 0.4316807738814994 0.08055555555555555 0.02902055622732769 0.12962962962962962
0 0.21704957678355505 0.1935185185185185 0.0350665054413543 0.1259259259259259
0 0.1967956469165659 0.16527777777777777 0.029625151148730353 0.13425925925925924
0 0.16203143893591296 0.175 0.032648125755743655 0.14074074074074075
0 0.9413542926239421 0.11712962962962961 0.024183796856106412 0.11203703703703702
0 0.6058041112454655 0.09583333333333334 0.03990326481257558 0.12685185185185185
0 0.8821039903264813 0.7787037037037036 0.04232164449818622 0.16296296296296295
0 0.4957678355501814 0.15185185185185185 0.027811366384522373 0.12962962962962962
0 0.5208585247883918 0.14027777777777778 0.03325272067714632 0.12129629629629629
0 0.532950423216445 0.23888888888888887 0.032043530834341 0.12222222222222222
0 0.6169891172914148 0.18564814814814815 0.0380894800483676 0.13425925925925924
0 0.5788996372430473 0.19583333333333333 0.03688029020556228 0.13796296296296295
0 0.5928053204353084 0.32083333333333336 0.039298669891172915 0.14351851851851852
0 0.8778718258766628 0.13842592592592592 0.032648125755743655 0.12129629629629629
0 0.1995163240628779 0.9916666666666667 0.02539298669891173 0.01851851851851852
0 0.22400241837968562 0.9782407407407407 0.029625151148730353 0.045370370370370366
0 0.21281741233373644 0.4180555555555555 0.0350665054413543 0.1324074074074074
0 0.3588270858524789 0.3592592592592592 0.029625151148730353 0.14074074074074075
0 0.7639056831922612 0.058333333333333334 0.034461910519951636 0.11296296296296296
0 0.7261185006045949 0.6407407407407407 0.03869407496977026 0.1685185185185185
0 0.727025392986699 0.5717592592592592 0.0380894800483676 0.1175925925925926
0 0.7258162031438936 0.3550925925925926 0.0441354292623942 0.14351851851851852
0 0.6813784764207981 0.3675925925925926 0.030229746070133016 0.137037037037037
0 0.9416565900846434 0.8337962962962963 0.041717049576783564 0.16018518518518518
0 0.9546553808948006 0.08055555555555555 0.032648125755743655 0.12962962962962962
0 0.9582829504232165 0.549074074074074 0.048367593712212824 0.1574074074074074
0 0.7097944377267232 0.1949074074074074 0.032648125755743655 0.1324074074074074
0 0.9842805320435309 0.15231481481481482 0.02902055622732769 0.12129629629629629
0 0.7249093107617895 0.07314814814814814 0.03990326481257558 0.11851851851851851
0 0.5816203143893591 0.48657407407407405 0.032648125755743655 0.1324074074074074
0 0.8944981862152359 0.07777777777777777 0.03688029020556228 0.11296296296296296
0 0.9682587666263603 0.04768518518518518 0.034461910519951636 0.09351851851851851
0 0.977025392986699 0.1111111111111111 0.036275695284159616 0.13148148148148148
0 0.6175937122128174 0.06944444444444443 0.029625151148730353 0.11296296296296296
0 0.5828295042321645 0.1175925925925926 0.030229746070133016 0.07962962962962963
0 0.2778113663845224 0.9569444444444443 0.0441354292623942 0.08796296296296297
0 0.4480048367593713 0.9421296296296297 0.048367593712212824 0.1175925925925926
0 0.9851874244256349 0.937962962962963 0.028415961305925032 0.1259259259259259
0 0.9912333736396616 0.9712962962962963 0.015114873035066508 0.059259259259259255
0 0.503627569528416 0.662962962962963 0.027811366384522373 0.15185185185185185
0 0.5196493349455865 0.6634259259259259 0.039298669891172915 0.17129629629629628
0 0.24123337363966146 0.7046296296296295 0.04474002418379686 0.17037037037037037
0 0.2116082224909311 0.6861111111111111 0.03748488512696494 0.1648148148148148
0 0.23700120918984283 0.6680555555555555 0.03990326481257558 0.15462962962962962
0 0.46432889963724305 0.7851851851851851 0.04474002418379686 0.18148148148148147
0 0.4969770253929868 0.9171296296296295 0.06045949214026603 0.16203703703703703
0 0.546553808948005 0.9282407407407407 0.05078597339782346 0.14537037037037034
0 0.3198307134220073 0.811574074074074 0.048367593712212824 0.14907407407407408
0 0.47067714631197105 0.748611111111111 0.030834340991535675 0.14537037037037034
0 0.5178355501813785 0.7379629629629628 0.057436517533252726 0.1648148148148148
0 0.5238814993954052 0.7027777777777777 0.032043530834341 0.14259259259259258
0 0.566807738814994 0.7648148148148147 0.05139056831922612 0.14814814814814817
0 0.594316807738815 0.7277777777777777 0.04232164449818622 0.14814814814814817
0 0.6916565900846434 0.8337962962962961 0.05078597339782346 0.15462962962962962
0 0.756348246674728 0.8018518518518518 0.04232164449818622 0.15185185185185185
0 0.5792019347037486 0.5828703703703704 0.04232164449818622 0.14907407407407408
0 0.6209189842805322 0.5902777777777778 0.036275695284159616 0.1472222222222222
0 0.7037484885126966 0.9467592592592592 0.047158403869407506 0.10833333333333334
0 0.7237001209189843 0.924537037037037 0.03869407496977026 0.15277777777777776
0 0.8143893591293834 0.736574074074074 0.04957678355501814 0.15648148148148147
0 0.8458282950423218 0.7444444444444444 0.04594921402660218 0.15925925925925927
0 0.8518742442563484 0.912962962962963 0.048367593712212824 0.17592592592592593
0 0.9081015719467957 0.9226851851851852 0.04474002418379686 0.15277777777777776
0 0.7926239419588876 0.8287037037037037 0.04957678355501814 0.1574074074074074
0 0.980652962515115 0.8162037037037037 0.03748488512696494 0.17685185185185184
0 0.9685610640870617 0.737037037037037 0.04353083434099154 0.14444444444444443
0 0.9081015719467957 0.7930555555555555 0.04353083434099154 0.14537037037037034
0 0.9425634824667475 0.7787037037037037 0.041112454655380895 0.1648148148148148
0 0.9241233373639663 0.5768518518518518 0.041717049576783564 0.1685185185185185
0 0.39419588875453443 0.6634259259259259 0.04594921402660218 0.15462962962962962
0 0.4773276904474003 0.45462962962962966 0.0441354292623942 0.14259259259259258
0 0.5187424425634825 0.4949074074074074 0.036275695284159616 0.13796296296296295
0 0.5341596130592504 0.4814814814814815 0.034461910519951636 0.14259259259259258
0 0.5674123337363967 0.3685185185185185 0.03688029020556228 0.14074074074074075
0 0.7315598548972189 0.5259259259259259 0.04474002418379686 0.14629629629629629
0 0.7418379685610643 0.6041666666666666 0.04474002418379686 0.16388888888888886
0 0.5949214026602176 0.4921296296296296 0.04232164449818622 0.1324074074074074
0 0.6172914147521161 0.4953703703703703 0.027811366384522373 0.1111111111111111
0 0.6064087061668681 0.5643518518518518 0.03990326481257558 0.14907407407407408
0 0.7935308343409916 0.6027777777777777 0.050181378476420804 0.1648148148148148
0 0.8134824667472794 0.6314814814814814 0.03688029020556228 0.1574074074074074
0 0.9927448609431683 0.6185185185185185 0.014510278113663845 0.14074074074074075
0 0.8941958887545346 0.28379629629629627 0.032648125755743655 0.12314814814814815
0 0.8963119709794439 0.2546296296296296 0.035671100362756954 0.13148148148148148
0 0.8633615477629989 0.25787037037037036 0.027811366384522373 0.12685185185185185
0 0.11850060459492141 0.6953703703703702 0.041112454655380895 0.1537037037037037
0 0.08313180169286578 0.7055555555555555 0.0441354292623942 0.1537037037037037
0 0.14389359129383317 0.7560185185185184 0.05441354292623943 0.1824074074074074
0 0.4540507859733978 0.4078703703703704 0.03385731559854897 0.10092592592592592
0 0.2336759371221282 0.4611111111111111 0.03688029020556228 0.1574074074074074
0 0.2711608222490931 0.4601851851851852 0.03688029020556228 0.14074074074074075
0 0.3455259975816204 0.5425925925925926 0.034461910519951636 0.14444444444444443
0 0.3240628778718259 0.5814814814814814 0.03143893591293833 0.14444444444444443
0 0.29625151148730355 0.5393518518518517 0.03748488512696494 0.16018518518518518
0 0.3751511487303507 0.3134259259259259 0.029625151148730353 0.13425925925925924
0 0.39661426844014513 0.3449074074074074 0.041112454655380895 0.14537037037037034
0 0.5075574365175334 0.3898148148148148 0.032043530834341 0.11851851851851851
0 0.7602781136638453 0.5611111111111111 0.034461910519951636 0.14629629629629629
0 0.06529625151148731 0.6407407407407407 0.03990326481257558 0.1574074074074074
0 0.02297460701330109 0.6513888888888888 0.04474002418379686 0.17314814814814813
0 0.04564691656590085 0.36203703703703705 0.034461910519951636 0.14629629629629629
0 0.005139056831922612 0.5273148148148148 0.009068923821039904 0.11018518518518518
0 0.3041112454655381 0.6912037037037035 0.041112454655380895 0.16388888888888886
0 0.34975816203143895 0.7018518518518518 0.04534461910519952 0.1574074074074074
0 0.2732769044740025 0.2106481481481481 0.026602176541717055 0.09537037037037037
0 0.28657799274486095 0.20601851851851852 0.03990326481257558 0.12685185185185185
0 0.06499395405078598 0.39629629629629626 0.041717049576783564 0.1537037037037037
0 0.1523579201934704 0.6300925925925925 0.04474002418379686 0.15462962962962962
0 0.18893591293833137 0.5328703703703703 0.041717049576783564 0.15462962962962962
0 0.2376058041112455 0.5537037037037037 0.041112454655380895 0.15925925925925927
0 0.721584038694075 0.44583333333333336 0.039298669891172915 0.15092592592592594
0 0.6964933494558646 0.4782407407407407 0.04474002418379686 0.15462962962962962
0 0.6571946795646917 0.4884259259259259 0.041112454655380895 0.15648148148148147
0 0.6185006045949215 0.5032407407407408 0.03385731559854897 0.16018518518518518
0 0.2629987908101572 0.15694444444444444 0.03143893591293833 0.1324074074074074
0 0.1626360338573156 0.38379629629629625 0.04232164449818622 0.14907407407407408
0 0.19921402660217655 0.37962962962962965 0.03688029020556228 0.15925925925925927
0 0.3331318016928658 0.3657407407407407 0.032648125755743655 0.13518518518518519
0 0.6197097944377269 0.32361111111111107 0.04474002418379686 0.13796296296296295
0 0.027811366384522373 0.3097222222222222 0.03385731559854897 0.13796296296296295
0 0.7436517533252721 0.14675925925925926 0.032648125755743655 0.1324074074074074
0 0.7067714631197098 0.26944444444444443 0.03748488512696494 0.15185185185185185
0 0.632708585247884 0.2819444444444444 0.032043530834341 0.1361111111111111
0 0.657496977025393 0.3962962962962963 0.046553808948004836 0.15925925925925927
0 0.7237001209189844 0.27685185185185185 0.027811366384522373 0.09074074074074073
0 0.5562273276904475 0.26435185185185184 0.030229746070133016 0.1324074074074074
0 0.8409915356711005 0.38240740740740736 0.036275695284159616 0.137037037037037
0 0.6073155985489722 0.2412037037037037 0.034461910519951636 0.12314814814814815
0 0.6487303506650546 0.25925925925925924 0.036275695284159616 0.13518518518518519
0 0.818621523579202 0.12129629629629628 0.032648125755743655 0.1148148148148148
0 0.7720677146311972 0.17083333333333334 0.03385731559854897 0.14351851851851852
0 0.9637243047158406 0.4592592592592593 0.041112454655380895 0.15555555555555553
0 0.9594921402660218 0.3569444444444444 0.03990326481257558 0.1398148148148148
0 0.9353083434099154 0.22685185185185183 0.03748488512696494 0.14814814814814817
0 0.9340991535671102 0.44675925925925924 0.041112454655380895 0.15462962962962962
0 0.7412333736396616 0.20555555555555557 0.032648125755743655 0.12962962962962962
0 0.06711003627569528 0.25833333333333336 0.04353083434099154 0.14629629629629629
0 0.2678355501813785 0.2916666666666667 0.04353083434099154 0.15185185185185185
0 0.655683192261185 0.09675925925925925 0.03325272067714632 0.11574074074074073
0 0.667472793228537 0.07314814814814816 0.032648125755743655 0.11296296296296296
0 0.008464328899637243 0.26620370370370366 0.015719467956469165 0.1324074074074074
0 0.02055622732769045 0.27824074074074073 0.03748488512696494 0.14351851851851852
0 0.3621523579201935 0.08472222222222221 0.032648125755743655 0.13796296296296295
0 0.16868198307134222 0.23425925925925922 0.0350665054413543 0.14074074074074075
0 0.8633615477629988 0.19120370370370368 0.030229746070133016 0.12870370370370368
0 0.9310761789600968 0.18287037037037035 0.0350665054413543 0.12870370370370368
0 0.9613059250302298 0.2023148148148148 0.03748488512696494 0.13796296296296295
0 0.8972188633615479 0.20092592592592592 0.030229746070133016 0.13518518518518519
0 0.3337363966142685 0.09814814814814814 0.02539298669891173 0.12037037037037036
0 0.3234582829504233 0.06898148148148148 0.027811366384522373 0.11574074074074073
0 0.02237001209189843 0.8578703703703703 0.04353083434099154 0.18796296296296294
0 0.002418379685610641 0.8662037037037037 0.0036275695284159614 0.16574074074074074
0 0.30169286577992743 0.08287037037037036 0.032648125755743655 0.12685185185185185
0 0.786577992744861 0.1949074074074074 0.0350665054413543 0.14537037037037034
0 0.11668681983071343 0.2384259259259259 0.047158403869407506 0.1324074074074074
0 0.5937122128174124 0.07916666666666666 0.032648125755743655 0.12685185185185185
0 0.8370616686819831 0.10370370370370369 0.029625151148730353 0.12962962962962962
0 0.8721281741233374 0.27546296296296297 0.039298669891172915 0.1324074074074074
0 0.8694074969770255 0.3657407407407407 0.03748488512696494 0.14259259259259258
0 0.24546553808948007 0.4416666666666666 0.032648125755743655 0.14074074074074075
0 0.5909915356711004 0.6550925925925924 0.05139056831922612 0.14907407407407408
0 0.5652962515114873 0.6273148148148148 0.03990326481257558 0.16018518518518518
0 0.6166868198307135 0.6231481481481481 0.03748488512696494 0.14814814814814817
0 0.7805320435308345 0.7129629629629629 0.05441354292623943 0.14074074074074075
0 0.22581620314389358 0.41759259259259257 0.032043530834341 0.14629629629629629
0 0.2720677146311971 0.4351851851851852 0.03748488512696494 0.14629629629629629
0 0.5671100362756953 0.42916666666666664 0.0350665054413543 0.13796296296296295
0 0.5556227327690448 0.42777777777777776 0.041112454655380895 0.13333333333333333
0 0.5009068923821041 0.48101851851851846 0.029625151148730353 0.14351851851851852
0 0.3996372430471585 0.41481481481481475 0.0350665054413543 0.13518518518518519
0 0.41777509068923824 0.3361111111111111 0.03143893591293833 0.12407407407407406
0 0.44437726723095533 0.350462962962963 0.0350665054413543 0.13796296296296295
0 0.4821644498186216 0.3347222222222222 0.029625151148730353 0.0824074074074074
0 0.5142079806529626 0.36018518518518516 0.029625151148730353 0.12407407407407406
0 0.44951632406287795 0.524537037037037 0.039298669891172915 0.14907407407407408
0 0.39087061668681994 0.5694444444444444 0.029625151148730353 0.14629629629629629
0 0.38845223700120923 0.5115740740740741 0.029625151148730353 0.12314814814814815
0 0.3827085852478839 0.4916666666666666 0.03385731559854897 0.13148148148148148
0 0.19437726723095528 0.2537037037037037 0.034461910519951636 0.11296296296296296
0 0.31741233373639666 0.11203703703703702 0.030229746070133016 0.11296296296296296
0 0.05985489721886337 0.31990740740740736 0.03385731559854897 0.14907407407407408
0 0.22249093107617898 0.16481481481481483 0.0350665054413543 0.12962962962962962
0 0.4755139056831923 0.3981481481481481 0.027206771463119714 0.09074074074074073
0 0.4891172914147522 0.4069444444444444 0.027811366384522373 0.10462962962962963
0 0.2735792019347038 0.924537037037037 0.04776299879081017 0.15092592592592594
0 0.3518742442563483 0.18287037037037035 0.03869407496977026 0.15833333333333333
0 0.7560459492140267 0.04444444444444444 0.032043530834341 0.08703703703703704
0 0.784764207980653 0.04953703703703703 0.02902055622732769 0.09722222222222222
0 0.7871825876662636 0.039351851851851846 0.02902055622732769 0.07685185185185185
0 0.08736396614268441 0.37499999999999994 0.030834340991535675 0.13148148148148148
0 0.005441354292623942 0.15833333333333333 0.009673518742442565 0.12407407407407406
0 0.758162031438936 0.033796296296296297 0.03385731559854897 0.06574074074074074
