0 0.5571342200725515 0.889351851851852 0.0441354292623942 0.1787037037037037
0 0.5571342200725515 0.9333333333333333 0.041717049576783564 0.13518518518518519
0 0.3914752116082226 0.5666666666666667 0.03688029020556228 0.13518518518518519
0 0.34280532043530837 0.6273148148148148 0.041112454655380895 0.15462962962962962
0 0.7306529625151149 0.7439814814814815 0.04776299879081017 0.1824074074074074
0 0.7031438935912939 0.7759259259259259 0.05441354292623943 0.18518518518518517
0 0.6553808948004838 0.8055555555555555 0.05078597339782346 0.17037037037037037
0 0.33252720677146314 0.3310185185185185 0.036275695284159616 0.15277777777777776
0 0.28355501813784767 0.3342592592592592 0.032648125755743655 0.14074074074074075
0 0.3615477629987908 0.3351851851851852 0.04232164449818622 0.14629629629629629
0 0.37333736396614275 0.312962962962963 0.03688029020556228 0.14074074074074075
0 0.2941354292623942 0.34814814814814815 0.04050785973397824 0.14629629629629629
0 0.635429262394196 0.9638888888888888 0.05199516324062878 0.07407407407407408
0 0.6735187424425635 0.9541666666666667 0.04232164449818622 0.09351851851851851
0 0.6248488512696495 0.950462962962963 0.041717049576783564 0.10092592592592592
0 0.7487908101571947 0.05046296296296295 0.029625151148730353 0.09907407407407406
0 0.8295042321644499 0.9124999999999999 0.04353083434099154 0.17129629629629628
0 0.9053808948004838 0.9319444444444442 0.05139056831922612 0.13796296296296295
0 0.827690447400242 0.8351851851851853 0.03748488512696494 0.12037037037037036
0 0.8606408706166868 0.8259259259259258 0.039298669891172915 0.14629629629629629
0 0.9567714631197098 0.34629629629629627 0.0441354292623942 0.1537037037037037
0 0.979746070133011 0.3212962962962963 0.027206771463119714 0.12037037037037036
0 0.14087061668681986 0.362962962962963 0.036275695284159616 0.12962962962962962
0 0.005139056831922612 0.44490740740740736 0.009068923821039904 0.15833333333333333
0 0.1995163240628779 0.36851851851851847 0.03869407496977026 0.15185185185185185
0 0.6157799274486094 0.5435185185185184 0.04292623941958888 0.17407407407407408
0 0.19316807738814995 0.3069444444444444 0.029625151148730353 0.14351851851851852
0 0.16898428053204353 0.40185185185185185 0.0441354292623942 0.14259259259259258
0 0.6466142684401452 0.3888888888888889 0.041717049576783564 0.137037037037037
0 0.6695888754534464 0.3699074074074074 0.046553808948004836 0.1398148148148148
0 0.6986094316807738 0.325 0.0441354292623942 0.13518518518518519
0 0.8098548972188634 0.36851851851851847 0.039298669891172915 0.13518518518518519
0 0.7944377267230955 0.37962962962962965 0.04232164449818622 0.14629629629629629
0 0.7820435308343411 0.5212962962962963 0.0441354292623942 0.14814814814814817
0 0.981559854897219 0.6018518518518517 0.03325272067714632 0.15185185185185185
0 0.950423216444982 0.7296296296296295 0.04474002418379686 0.16296296296296295
0 0.9132406287787184 0.7527777777777778 0.050181378476420804 0.18518518518518517
0 0.8025997581620316 0.7453703703703703 0.041717049576783564 0.11851851851851851
0 0.8373639661426845 0.7421296296296295 0.047158403869407506 0.15648148148148147
0 0.8570133010882709 0.7467592592592592 0.034461910519951636 0.1175925925925926
0 0.8010882708585249 0.7754629629629629 0.05804111245465538 0.15462962962962962
0 0.954050785973398 0.8546296296296296 0.05925030229746071 0.1685185185185185
0 0.9528415961305926 0.9337962962962963 0.05199516324062878 0.13425925925925924
0 0.6185006045949215 0.6907407407407408 0.04957678355501814 0.15925925925925927
0 0.6420798065296252 0.7245370370370369 0.048367593712212824 0.15462962962962962
0 0.9129383313180169 0.5680555555555554 0.0350665054413543 0.1398148148148148
0 0.8878476420798066 0.5740740740740741 0.041717049576783564 0.14259259259259258
0 0.5105804111245467 0.7930555555555555 0.05622732769044741 0.16574074074074074
0 0.4800483675937123 0.7828703703703703 0.055622732769044746 0.1675925925925926
0 0.7484885126964934 0.6726851851851852 0.036275695284159616 0.1324074074074074
0 0.8050181378476422 0.7069444444444444 0.0441354292623942 0.13796296296296295
0 0.8343409915356713 0.7 0.04957678355501814 0.17037037037037037
0 0.8437122128174124 0.38796296296296295 0.034461910519951636 0.13518518518518519
0 0.8591293833131802 0.3731481481481481 0.0350665054413543 0.12037037037037036
0 0.06045949214026603 0.6976851851851851 0.048367593712212824 0.16388888888888886
0 0.10701330108827088 0.6666666666666666 0.04353083434099154 0.14814814814814817
0 0.1614268440145103 0.862037037037037 0.048367593712212824 0.18518518518518517
0 0.11457073760580412 0.8504629629629629 0.048972188633615486 0.15462962962962962
0 0.29564691656590086 0.6699074074074074 0.04957678355501814 0.16018518518518518
0 0.35610640870616694 0.6393518518518518 0.04232164449818622 0.16574074074074074
0 0.3757557436517534 0.6625 0.03688029020556228 0.1324074074074074
0 0.536577992744861 0.9398148148148148 0.03688029020556228 0.11296296296296296
0 0.5024183796856106 0.9226851851851852 0.05078597339782346 0.15277777777777776
0 0.824062877871826 0.5134259259259258 0.05078597339782346 0.15462962962962962
0 0.1623337363966143 0.36666666666666664 0.03688029020556228 0.14814814814814817
0 0.003325272067714632 0.4810185185185185 0.005441354292623942 0.1675925925925926
0 0.23700120918984283 0.6032407407407407 0.03869407496977026 0.15648148148148147
0 0.23579201934703753 0.575925925925926 0.03385731559854897 0.14814814814814817
0 0.189540507859734 0.6032407407407407 0.041717049576783564 0.1398148148148148
0 0.20495767835550183 0.549537037037037 0.04232164449818622 0.14351851851851852
0 0.16777509068923824 0.5699074074074074 0.039298669891172915 0.15092592592592594
0 0.31015719467956476 0.6046296296296295 0.04232164449818622 0.1537037037037037
0 0.3866384522370013 0.2574074074074074 0.034461910519951636 0.12962962962962962
0 0.40931076178960096 0.2569444444444444 0.02902055622732769 0.1324074074074074
0 0.33736396614268443 0.587037037037037 0.03748488512696494 0.12962962962962962
0 0.7140266021765419 0.962962962962963 0.04474002418379686 0.07592592592592592
0 0.6801692865779928 0.9805555555555555 0.03748488512696494 0.04074074074074074
0 0.42442563482466755 0.48749999999999993 0.030229746070133016 0.11574074074074073
0 0.7140266021765418 0.3944444444444445 0.04232164449818622 0.12222222222222222
0 0.755441354292624 0.4078703703703704 0.041717049576783564 0.1398148148148148
0 0.2690447400241838 0.3958333333333333 0.0350665054413543 0.14166666666666666
0 0.24909310761789602 0.41157407407407404 0.0350665054413543 0.14351851851851852
0 0.821342200725514 0.6296296296296295 0.032043530834341 0.12962962962962962
0 0.28415961305925036 0.9800925925925925 0.03748488512696494 0.041666666666666664
0 0.46493349455864574 0.9851851851851852 0.03748488512696494 0.03148148148148148
0 0.47853688029020564 0.6893518518518518 0.039298669891172915 0.14907407407407408
0 0.47974607013301096 0.700462962962963 0.039298669891172915 0.1675925925925926
0 0.21614268440145107 0.7532407407407408 0.053808948004836765 0.17314814814814813
0 0.17714631197097946 0.7300925925925926 0.04232164449818622 0.17685185185185184
0 0.20646916565900847 0.7157407407407407 0.041717049576783564 0.1648148148148148
0 0.38996372430471593 0.9523148148148147 0.048367593712212824 0.09722222222222222
0 0.5332527206771465 0.5972222222222222 0.04353083434099154 0.1574074074074074
0 0.32224909310761796 0.7916666666666665 0.047158403869407506 0.16296296296296295
0 0.45284159613059255 0.4921296296296296 0.05804111245465538 0.1324074074074074
0 0.7953446191051996 0.649074074074074 0.046553808948004836 0.14814814814814817
0 0.7914147521160823 0.6694444444444443 0.03990326481257558 0.12037037037037036
0 0.5583434099153568 0.6296296296296295 0.032043530834341 0.1648148148148148
0 0.8736396614268441 0.337037037037037 0.032648125755743655 0.15185185185185185
0 0.8639661426844015 0.3069444444444444 0.03748488512696494 0.13796296296296295
0 0.839782345828295 0.3148148148148148 0.0350665054413543 0.14259259259259258
0 0.35066505441354295 0.9712962962962963 0.05078597339782346 0.059259259259259255
0 0.35006045949214026 0.4958333333333333 0.03748488512696494 0.1324074074074074
0 0.20163240628778722 0.48611111111111105 0.048972188633615486 0.13518518518518519
0 0.23548972188633618 0.48009259259259257 0.032043530834341 0.1324074074074074
0 0.2762998790810158 0.4828703703703703 0.04232164449818622 0.15648148148148147
0 0.24848851269649336 0.8430555555555556 0.04474002418379686 0.1935185185185185
0 0.4764207980652963 0.45 0.027811366384522373 0.13518518518518519
0 0.05259975816203144 0.1736111111111111 0.036275695284159616 0.13055555555555556
0 0.35701330108827095 0.7305555555555555 0.041717049576783564 0.15925925925925927
0 0.379081015719468 0.8009259259259259 0.05199516324062878 0.15925925925925927
0 0.38482466747279326 0.7546296296296297 0.039298669891172915 0.1685185185185185
0 0.32829504232164447 0.7416666666666666 0.041112454655380895 0.1796296296296296
0 0.20405078597339782 0.20787037037037034 0.03688029020556228 0.13796296296296295
0 0.7119105199516325 0.1884259259259259 0.034461910519951636 0.13425925925925924
0 0.024486094316807743 0.825925925925926 0.04776299879081017 0.1611111111111111
0 0.0903869407496977 0.8050925925925925 0.050181378476420804 0.16574074074074074
0 0.06680773881499397 0.7754629629629629 0.041717049576783564 0.13796296296296295
0 0.8431076178960097 0.31851851851851853 0.034461910519951636 0.13148148148148148
0 0.21795646916565903 0.4787037037037037 0.029625151148730353 0.13518518518518519
0 0.4582829504232165 0.7532407407407405 0.03990326481257558 0.15462962962962962
0 0.6813784764207981 0.725462962962963 0.047158403869407506 0.15092592592592594
0 0.19195888754534463 0.4518518518518518 0.034461910519951636 0.13148148148148148
0 0.38966142684401456 0.4564814814814815 0.034461910519951636 0.10555555555555556
0 0.46614268440145107 0.5606481481481481 0.036275695284159616 0.1398148148148148
0 0.4528415961305925 0.5162037037037037 0.03869407496977026 0.10462962962962963
0 0.40870616686819833 0.42407407407407405 0.047158403869407506 0.15925925925925927
0 0.13663845223700125 0.9189814814814814 0.06287787182587666 0.15648148148148147
0 0.46614268440145107 0.42453703703703705 0.032648125755743655 0.1398148148148148
0 0.49939540507859737 0.4162037037037037 0.03385731559854897 0.14907407407407408
0 0.44437726723095533 0.663888888888889 0.03748488512696494 0.1685185185185185
0 0.4011487303506651 0.6435185185185185 0.032043530834341 0.14629629629629629
0 0.3603385731559855 0.5680555555555556 0.03748488512696494 0.14907407407407408
0 0.3579201934703749 0.5425925925925925 0.03748488512696494 0.14629629629629629
0 0.444074969770254 0.4407407407407407 0.027206771463119714 0.12407407407407406
0 0.48790810157194686 0.4949074074074074 0.03990326481257558 0.125
0 0.27055622732769047 0.9356481481481481 0.046553808948004836 0.13055555555555556
0 0.7324667472793229 0.08564814814814814 0.039298669891172915 0.1175925925925926
0 0.7623941958887547 0.09212962962962963 0.024183796856106412 0.11018518518518518
0 0.5900846432889965 0.5361111111111111 0.03748488512696494 0.10925925925925925
0 0.566807738814994 0.5148148148148148 0.039298669891172915 0.14629629629629629
0 0.9153567110036276 0.1125 0.04474002418379686 0.125
0 0.922914147521161 0.06898148148148149 0.039298669891172915 0.12129629629629629
0 0.9337968561064087 0.13888888888888887 0.029625151148730353 0.09814814814814814
0 0.9873035066505442 0.26944444444444443 0.024183796856106412 0.12407407407407406
0 0.9135429262394197 0.30833333333333335 0.04353083434099154 0.14814814814814817
0 0.9165659008464331 0.3333333333333333 0.036275695284159616 0.13518518518518519
0 0.8996372430471585 0.46574074074074073 0.04474002418379686 0.15185185185185185
0 0.9613059250302299 0.40185185185185185 0.04957678355501814 0.1537037037037037
0 0.8536880290205564 0.5365740740740741 0.04594921402660218 0.14351851851851852
0 0.8373639661426845 0.5657407407407408 0.047158403869407506 0.15185185185185185
0 0.7817412333736398 0.4518518518518518 0.03869407496977026 0.14814814814814817
0 0.7959492140266022 0.5666666666666667 0.05139056831922612 0.14814814814814817
0 0.8754534461910521 0.7717592592592593 0.04474002418379686 0.15277777777777776
0 0.6970979443772672 0.06111111111111111 0.0350665054413543 0.1148148148148148
0 0.6577992744860943 0.07222222222222222 0.030229746070133016 0.11296296296296296
0 0.6762394195888755 0.08333333333333333 0.032043530834341 0.12407407407407406
0 0.670193470374849 0.06342592592592593 0.03688029020556228 0.11018518518518518
0 0.6018742442563484 0.09305555555555554 0.03688029020556228 0.14351851851851852
0 0.5568319226118501 0.0685185185185185 0.03385731559854897 0.12777777777777777
0 0.6632406287787183 0.08518518518518518 0.0350665054413543 0.1259259259259259
0 0.6399637243047159 0.10833333333333334 0.039298669891172915 0.11851851851851851
0 0.5991535671100363 0.11527777777777777 0.032648125755743655 0.11574074074074073
0 0.6577992744860943 0.1875 0.03869407496977026 0.12870370370370368
0 0.600665054413543 0.17037037037037037 0.03688029020556228 0.137037037037037
0 0.5882708585247884 0.19212962962962962 0.03748488512696494 0.12129629629629629
0 0.6251511487303508 0.20787037037037034 0.027811366384522373 0.0898148148148148
0 0.6055018137847642 0.21018518518518517 0.034461910519951636 0.12407407407407406
0 0.5477629987908101 0.13518518518518519 0.03385731559854897 0.12222222222222222
0 0.5184401451027812 0.13888888888888887 0.029625151148730353 0.1074074074074074
0 0.5338573155985491 0.058796296296296284 0.03748488512696494 0.11574074074074073
0 0.510882708585248 0.058333333333333334 0.027811366384522373 0.11296296296296296
0 0.7629987908101573 0.07222222222222222 0.027811366384522373 0.10370370370370369
0 0.6795646916565902 0.21898148148148147 0.041112454655380895 0.13055555555555556
0 0.6251511487303506 0.30833333333333335 0.03869407496977026 0.14074074074074075
0 0.6426844014510279 0.32870370370370366 0.036275695284159616 0.15185185185185185
0 0.6898428053204354 0.29768518518518516 0.03748488512696494 0.14351851851851852
0 0.43651753325272075 0.08287037037037036 0.03143893591293833 0.11574074074074073
0 0.44165659008464336 0.12453703703703703 0.032043530834341 0.12870370370370368
0 0.45798065296251517 0.05648148148148147 0.034461910519951636 0.1111111111111111
0 0.4232164449818622 0.04675925925925926 0.0350665054413543 0.09166666666666666
0 0.4135429262394197 0.07222222222222222 0.030229746070133016 0.11666666666666667
0 0.27357920193470375 0.0949074074074074 0.0441354292623942 0.13796296296296295
0 0.3660822249093108 0.14675925925925926 0.034461910519951636 0.13425925925925924
0 0.3963119709794438 0.16342592592592592 0.03688029020556228 0.12314814814814815
0 0.64993954050786 0.5333333333333333 0.04957678355501814 0.1574074074074074
0 0.7799274486094318 0.3958333333333333 0.03990326481257558 0.1398148148148148
0 0.40659008464328905 0.461574074074074 0.0441354292623942 0.14907407407407408
0 0.30259975816203144 0.4375 0.048972188633615486 0.14166666666666666
0 0.0220677146311971 0.08333333333333333 0.039298669891172915 0.1259259259259259
0 0.061668681983071356 0.07037037037037036 0.03748488512696494 0.12037037037037036
0 0.1553808948004837 0.07685185185185185 0.04232164449818622 0.12962962962962962
0 0.19316807738814995 0.06527777777777777 0.034461910519951636 0.11574074074074073
0 0.21795646916565903 0.07824074074074075 0.027206771463119714 0.12129629629629629
0 0.2593712212817413 0.07268518518518517 0.032648125755743655 0.11574074074074073
0 0.284764207980653 0.07453703703703703 0.0350665054413543 0.11944444444444444
0 0.17170495767835553 0.0611111111111111 0.03990326481257558 0.12037037037037036
0 0.11608222490931076 0.038425925925925926 0.032648125755743655 0.075
0 0.1964933494558646 0.11851851851851851 0.03990326481257558 0.12407407407407406
0 0.38331318016928656 0.10324074074074074 0.03143893591293833 0.12314814814814815
0 0.44377267230955264 0.09351851851851851 0.047158403869407506 0.1259259259259259
0 0.5012091898428054 0.07824074074074075 0.027811366384522373 0.12685185185185185
0 0.314087061668682 0.27685185185185185 0.03688029020556228 0.14074074074074075
0 0.15326481257557437 0.1875 0.035671100362756954 0.1324074074074074
0 0.17593712212817414 0.1861111111111111 0.03385731559854897 0.13518518518518519
0 0.2877871825876663 0.2259259259259259 0.0350665054413543 0.14074074074074075
0 0.25695284159613063 0.2111111111111111 0.03990326481257558 0.13333333333333333
0 0.43288996372430477 0.21111111111111114 0.032648125755743655 0.1259259259259259
0 0.40931076178960096 0.23379629629629628 0.03869407496977026 0.12685185185185185
0 0.34310761789600974 0.2518518518518518 0.039298669891172915 0.14814814814814817
0 0.39842805320435315 0.35277777777777775 0.03748488512696494 0.13518518518518519
0 0.3999395405078598 0.38240740740740736 0.041717049576783564 0.15925925925925927
0 0.3663845223700121 0.3814814814814814 0.03748488512696494 0.14814814814814817
0 0.15810157194679567 0.3342592592592592 0.029625151148730353 0.13148148148148148
0 0.11638452237001211 0.3263888888888889 0.0441354292623942 0.14907407407407408
0 0.08887545344619106 0.2930555555555555 0.03748488512696494 0.13425925925925924
0 0.07255139056831925 0.25925925925925924 0.03869407496977026 0.12962962962962962
0 0.1121523579201935 0.2421296296296296 0.032043530834341 0.12685185185185185
0 0.9685610640870617 0.3699074074074074 0.03748488512696494 0.14537037037037034
0 0.6753325272067715 0.17407407407407405 0.04594921402660218 0.14629629629629629
0 0.9818621523579203 0.05231481481481481 0.0350665054413543 0.10277777777777777
0 0.9516324062877872 0.059259259259259255 0.03990326481257558 0.11666666666666667
0 0.13663845223700125 0.07222222222222222 0.03748488512696494 0.12407407407407406
0 0.5788996372430473 0.10879629629629628 0.03688029020556228 0.12314814814814815
0 0.21704957678355505 0.05138888888888889 0.0350665054413543 0.10092592592592592
0 0.5725513905683193 0.0685185185185185 0.032648125755743655 0.12222222222222222
0 0.6142684401451028 0.0736111111111111 0.03385731559854897 0.13055555555555556
0 0.37273276904474006 0.03287037037037037 0.032043530834341 0.06388888888888888
0 0.5982466747279324 0.06527777777777778 0.03688029020556228 0.12129629629629629
0 0.4721886336154777 0.03194444444444444 0.030229746070133016 0.06203703703703703
0 0.6333131801692866 0.025925925925925925 0.03688029020556228 0.05
0 0.41535671100362764 0.04629629629629629 0.030229746070133016 0.09074074074074073
0 0.21644498186215239 0.056944444444444436 0.027811366384522373 0.09907407407407406
0 0.7285368802902057 0.05972222222222222 0.027811366384522373 0.11018518518518518
