0 0.005139056831922612 0.2833333333333333 0.009068923821039904 0.12962962962962962
0 0.0190447400241838 0.28564814814814815 0.03688029020556228 0.14907407407407408
0 0.015417170495767837 0.24953703703703703 0.029625151148730353 0.13796296296296295
0 0.05985489721886337 0.23657407407407405 0.04232164449818622 0.1324074074074074
0 0.10822249093107619 0.2296296296296296 0.041112454655380895 0.15
0 0.06650544135429264 0.07314814814814814 0.036275695284159616 0.12777777777777777
0 0.16475211608222493 0.18287037037037035 0.035671100362756954 0.1398148148148148
0 0.14510278113663846 0.07685185185185185 0.03748488512696494 0.12037037037037036
0 0.18137847642079807 0.09027777777777776 0.03385731559854897 0.1324074074074074
0 0.2103990326481258 0.08333333333333333 0.03748488512696494 0.13148148148148148
0 0.12575574365175335 0.058796296296296284 0.03748488512696494 0.11574074074074073
0 0.17351874244256352 0.05601851851851851 0.0350665054413543 0.11018518518518518
0 0.15417170495767837 0.03657407407407407 0.03748488512696494 0.07129629629629629
0 0.5290205562273278 0.3439814814814815 0.030229746070133016 0.12129629629629629
0 0.33766626360338575 0.10694444444444444 0.032043530834341 0.1175925925925926
0 0.5024183796856106 0.030555555555555555 0.026602176541717055 0.059259259259259255
0 0.3827085852478839 0.3106481481481482 0.032648125755743655 0.13425925925925924
0 0.48428053204353083 0.31990740740740736 0.041112454655380895 0.13796296296296295
0 0.4930471584038695 0.19999999999999998 0.03325272067714632 0.12407407407407406
0 0.45284159613059255 0.19444444444444445 0.03990326481257558 0.13148148148148148
0 0.562273276904474 0.2657407407407407 0.03748488512696494 0.1259259259259259
0 0.6172914147521161 0.2787037037037037 0.03748488512696494 0.15185185185185185
0 0.5471584038694076 0.05046296296296295 0.032648125755743655 0.09907407407407406
0 0.5782950423216446 0.08333333333333333 0.029625151148730353 0.12962962962962962
0 0.635429262394196 0.17453703703703702 0.027811366384522373 0.11574074074074073
0 0.5915961305925032 0.16574074074074074 0.034461910519951636 0.13148148148148148
0 0.5643893591293834 0.16203703703703703 0.032043530834341 0.10370370370370369
0 0.5610640870616688 0.054629629629629625 0.030229746070133016 0.10185185185185185
0 0.9543530834340992 0.2449074074074074 0.03325272067714632 0.12314814814814815
0 0.975211608222491 0.2375 0.030229746070133016 0.12685185185185185
0 0.975211608222491 0.15138888888888888 0.048367593712212824 0.13796296296296295
0 0.9377267230955261 0.21944444444444444 0.032648125755743655 0.11296296296296296
0 0.9425634824667474 0.11898148148148148 0.032648125755743655 0.12685185185185185
0 0.9117291414752117 0.2097222222222222 0.0350665054413543 0.13425925925925924
0 0.9147521160822251 0.12824074074074074 0.03748488512696494 0.1324074074074074
0 0.7170495767835552 0.29768518518518516 0.032648125755743655 0.12314814814814815
0 0.7342805320435309 0.32870370370370366 0.041717049576783564 0.14629629629629629
0 0.7629987908101573 0.3342592592592592 0.030229746070133016 0.12962962962962962
0 0.6073155985489722 0.08425925925925926 0.030834340991535675 0.10555555555555556
0 0.6221281741233374 0.10324074074074074 0.032648125755743655 0.12685185185185185
0 0.9244256348246677 0.0861111111111111 0.03143893591293833 0.12037037037037036
0 0.8966142684401452 0.18842592592592589 0.04232164449818622 0.14537037037037034
0 0.900241837968561 0.15925925925925927 0.03748488512696494 0.1259259259259259
0 0.8851269649334946 0.10370370370370369 0.03748488512696494 0.13518518518518519
0 0.8681983071342201 0.1861111111111111 0.0350665054413543 0.12037037037037036
0 0.8455259975816204 0.15740740740740738 0.034461910519951636 0.13333333333333333
0 0.6686819830713423 0.08518518518518518 0.03748488512696494 0.12407407407407406
0 0.8189238210399034 0.21666666666666667 0.034461910519951636 0.1259259259259259
0 0.8001813784764209 0.21296296296296294 0.030834340991535675 0.13333333333333333
0 0.7735792019347039 0.20601851851851852 0.03325272067714632 0.14166666666666666
0 0.7010278113663846 0.08842592592592592 0.029625151148730353 0.1324074074074074
0 0.7212817412333736 0.030092592592592594 0.032648125755743655 0.058333333333333334
0 0.7436517533252721 0.288425925925926 0.03869407496977026 0.1398148148148148
0 0.6469165659008466 0.0962962962962963 0.032648125755743655 0.11851851851851851
0 0.9334945586457075 0.16018518518518518 0.03748488512696494 0.13518518518518519
0 0.9570737605804113 0.18935185185185185 0.036275695284159616 0.1175925925925926
0 0.8893591293833133 0.14907407407407405 0.03385731559854897 0.1111111111111111
0 0.9186819830713423 0.05185185185185184 0.027206771463119714 0.09814814814814814
0 0.6952841596130594 0.10694444444444444 0.036275695284159616 0.11018518518518518
0 0.6868198307134221 0.056018518518518516 0.03385731559854897 0.10462962962962963
0 0.6626360338573156 0.059259259259259255 0.0350665054413543 0.11666666666666667
0 0.82043530834341 0.19166666666666668 0.032648125755743655 0.11851851851851851
0 0.5719467956469166 0.06527777777777777 0.02176541717049577 0.0824074074074074
0 0.5810157194679566 0.05138888888888889 0.032648125755743655 0.10092592592592592
0 0.992442563482467 0.16296296296296295 0.012696493349455865 0.08888888888888888
0 0.42049576783555026 0.23194444444444443 0.041717049576783564 0.14166666666666666
0 0.45858524788391786 0.22824074074074074 0.034461910519951636 0.12314814814814815
0 0.41717049576783566 0.027314814814814813 0.02539298669891173 0.05277777777777778
0 0.8681983071342202 0.1472222222222222 0.032648125755743655 0.11296296296296296
0 0.5773881499395406 0.07916666666666666 0.027811366384522373 0.09351851851851851
0 0.9026602176541719 0.08657407407407407 0.032648125755743655 0.11203703703703702
0 0.6765417170495769 0.11388888888888887 0.026602176541717055 0.09074074074074073
0 0.37696493349455873 0.5810185185185185 0.03688029020556228 0.15092592592592594
0 0.06559854897218864 0.48842592592592593 0.0380894800483676 0.14351851851851852
0 0.06166868198307134 0.5259259259259259 0.041112454655380895 0.14444444444444443
0 0.031136638452237003 0.5004629629629629 0.03688029020556228 0.15648148148148147
0 0.09371221281741235 0.4935185185185185 0.03748488512696494 0.14629629629629629
0 0.7475816203143895 0.05787037037037037 0.028415961305925032 0.10462962962962963
0 0.8452237001209191 0.3856481481481481 0.03748488512696494 0.12685185185185185
0 0.8470374848851271 0.3638888888888889 0.03748488512696494 0.12037037037037036
0 0.26118500604594924 0.6902777777777778 0.04474002418379686 0.1675925925925926
0 0.2379081015719468 0.6754629629629629 0.041717049576783564 0.16944444444444443
0 0.37182587666263606 0.6726851851851853 0.032648125755743655 0.14537037037037034
0 0.2315598548972189 0.6013888888888889 0.0350665054413543 0.14537037037037034
0 0.23609431680773885 0.5773148148148147 0.029625151148730353 0.1398148148148148
0 0.1916565900846433 0.5773148148148147 0.04232164449818622 0.13425925925925924
0 0.1986094316807739 0.537962962962963 0.04534461910519952 0.15555555555555553
0 0.15719467956469166 0.5643518518518518 0.04353083434099154 0.14907407407407408
0 0.37363966142684407 0.24675925925925926 0.0350665054413543 0.12685185185185185
0 0.3948004836759372 0.25925925925925924 0.032648125755743655 0.12962962962962962
0 0.37605804111245467 0.4518518518518518 0.02902055622732769 0.1148148148148148
0 0.5955259975816204 0.5180555555555555 0.04353083434099154 0.1324074074074074
0 0.6457073760580412 0.5347222222222222 0.04474002418379686 0.14907407407407408
0 0.24576783555018142 0.3930555555555555 0.041717049576783564 0.14351851851851852
0 0.24848851269649336 0.42083333333333334 0.03385731559854897 0.14537037037037034
0 0.27357920193470375 0.9518518518518518 0.041717049576783564 0.09814814814814814
0 0.4634220072551391 0.6907407407407408 0.03688029020556228 0.14814814814814817
0 0.46523579201934706 0.6958333333333333 0.04050785973397824 0.16944444444444443
0 0.20767835550181377 0.7532407407407408 0.046553808948004836 0.17314814814814813
0 0.16898428053204353 0.7310185185185186 0.03688029020556228 0.16203703703703703
0 0.19619105199516326 0.7175925925925924 0.04050785973397824 0.16296296296296295
0 0.15417170495767837 0.5175925925925926 0.03990326481257558 0.137037037037037
0 0.30894800483675944 0.7949074074074074 0.05199516324062878 0.16574074074074074
0 0.43591293833131806 0.49027777777777776 0.05199516324062878 0.12685185185185185
0 0.11064087061668683 0.5597222222222221 0.04232164449818622 0.1675925925925926
0 0.8582224909310762 0.337037037037037 0.034461910519951636 0.13518518518518519
0 0.8452237001209191 0.3055555555555555 0.03385731559854897 0.14814814814814817
0 0.824062877871826 0.3106481481481482 0.0350665054413543 0.1324074074074074
0 0.33766626360338575 0.4967592592592593 0.03688029020556228 0.1398148148148148
0 0.17714631197097946 0.4851851851851851 0.03990326481257558 0.15185185185185185
0 0.2146311970979444 0.48703703703703705 0.032648125755743655 0.14259259259259258
0 0.14691656590084645 0.6527777777777779 0.04232164449818622 0.1537037037037037
0 0.575876662636034 0.749074074074074 0.03688029020556228 0.13518518518518519
0 0.04232164449818622 0.18055555555555552 0.032648125755743655 0.137037037037037
0 0.3570133010882709 0.7240740740740741 0.04050785973397824 0.1574074074074074
0 0.3588270858524789 0.7560185185185185 0.04050785973397824 0.16944444444444443
0 0.18470374848851273 0.21759259259259256 0.03688029020556228 0.14074074074074075
0 0.6998186215235792 0.19583333333333333 0.032043530834341 0.13796296296296295
0 0.5852478839177752 0.6374999999999998 0.04594921402660218 0.16388888888888886
0 0.6212212817412335 0.6680555555555555 0.0441354292623942 0.16203703703703703
0 0.6402660217654172 0.6513888888888889 0.02902055622732769 0.13425925925925924
0 0.8243651753325273 0.3222222222222222 0.034461910519951636 0.13518518518518519
0 0.19830713422007257 0.4736111111111111 0.0350665054413543 0.1324074074074074
0 0.43107617896009676 0.7597222222222222 0.047158403869407506 0.14907407407407408
0 0.6853083434099154 0.6976851851851851 0.05259975816203145 0.14907407407407408
0 0.17805320435308344 0.46759259259259256 0.03688029020556228 0.1537037037037037
0 0.27750906892382105 0.7550925925925926 0.048367593712212824 0.16203703703703703
0 0.45314389359129387 0.5578703703703703 0.03325272067714632 0.1361111111111111
0 0.440447400241838 0.5208333333333334 0.04050785973397824 0.1175925925925926
0 0.3981257557436518 0.42361111111111105 0.035671100362756954 0.14351851851851852
0 0.5259975816203144 0.7240740740740741 0.05199516324062878 0.1648148148148148
0 0.6160822249093109 0.7412037037037037 0.04957678355501814 0.1675925925925926
0 0.379081015719468 0.6425925925925926 0.03869407496977026 0.14444444444444443
0 0.3455259975816204 0.5592592592592591 0.03688029020556228 0.1259259259259259
0 0.34794437726723104 0.538425925925926 0.03688029020556228 0.1398148148148148
0 0.5665054413542927 0.7435185185185186 0.03385731559854897 0.137037037037037
0 0.6275695284159615 0.7810185185185184 0.03748488512696494 0.12685185185185185
0 0.26209189842805325 0.9092592592592592 0.046553808948004836 0.15925925925925927
0 0.7167472793228536 0.08842592592592592 0.034461910519951636 0.11944444444444444
0 0.7481862152357921 0.09814814814814815 0.029625151148730353 0.11666666666666667
0 0.4141475211608223 0.03564814814814814 0.03143893591293833 0.06944444444444443
0 0.7805320435308344 0.9037037037037036 0.048367593712212824 0.16296296296296295
0 0.818621523579202 0.9046296296296297 0.04232164449818622 0.1611111111111111
0 0.756348246674728 0.08657407407407408 0.032648125755743655 0.1175925925925926
0 0.42533252720677156 0.6129629629629628 0.046553808948004836 0.14814814814814817
0 0.45223700120918986 0.5898148148148148 0.036275695284159616 0.14259259259259258
0 0.11517533252720678 0.8305555555555555 0.048972188633615486 0.16296296296296295
0 0.5719467956469166 0.8166666666666667 0.04474002418379686 0.1685185185185185
0 0.6154776299879082 0.8125 0.047158403869407506 0.16574074074074074
0 0.06680773881499397 0.8296296296296296 0.04050785973397824 0.14259259259259258
0 0.006650544135429264 0.437962962962963 0.012091898428053206 0.12962962962962962
0 0.03143893591293834 0.4375 0.04232164449818622 0.14351851851851852
0 0.9785368802902057 0.325 0.032043530834341 0.1259259259259259
0 0.9564691656590085 0.3648148148148148 0.03990326481257558 0.14259259259259258
0 0.9552599758162033 0.33101851851851843 0.041112454655380895 0.12314814814814815
0 0.5955259975816204 0.8583333333333333 0.048367593712212824 0.17407407407407408
0 0.5598548972188634 0.8476851851851851 0.04232164449818622 0.16018518518518518
0 0.24334945586457074 0.6611111111111111 0.04050785973397824 0.16666666666666666
0 0.29534461910519955 0.6180555555555555 0.050181378476420804 0.16203703703703703
0 0.2941354292623942 0.6685185185185184 0.03688029020556228 0.1574074074074074
0 0.33434099153567115 0.3972222222222222 0.03748488512696494 0.12962962962962962
0 0.32224909310761796 0.43796296296296294 0.04232164449818622 0.1537037037037037
0 0.345223700120919 0.42222222222222217 0.03990326481257558 0.13518518518518519
0 0.30259975816203144 0.40185185185185185 0.034461910519951636 0.14629629629629629
0 0.9032648125755743 0.3537037037037037 0.03990326481257558 0.13148148148148148
0 0.9280532043530835 0.36527777777777776 0.03990326481257558 0.14907407407407408
0 0.1444981862152358 0.9319444444444442 0.04353083434099154 0.13796296296296295
0 0.10580411124546554 0.9175925925925925 0.048367593712212824 0.16666666666666666
0 0.4879081015719468 0.48379629629629634 0.05441354292623943 0.15462962962962962
0 0.4165659008464329 0.4810185185185185 0.03990326481257558 0.14537037037037034
0 0.43047158403869407 0.4638888888888889 0.036275695284159616 0.14814814814814817
0 0.9576783555018139 0.9398148148148148 0.04353083434099154 0.11851851851851851
0 0.9259371221281744 0.9601851851851851 0.050181378476420804 0.08148148148148147
0 0.9755139056831923 0.8796296296296295 0.04776299879081017 0.17037037037037037
0 0.5798065296251512 0.9203703703703704 0.05804111245465538 0.1611111111111111
0 0.563180169286578 0.4601851851851852 0.04050785973397824 0.14629629629629629
0 0.1293833131801693 0.7305555555555556 0.047158403869407506 0.1685185185185185
0 0.9619105199516326 0.7407407407407406 0.05441354292623943 0.1796296296296296
0 0.12756952841596134 0.30833333333333335 0.03385731559854897 0.12037037037037036
0 0.10610640870616687 0.29861111111111105 0.032043530834341 0.1398148148148148
0 0.05139056831922613 0.2712962962962963 0.03748488512696494 0.14074074074074075
0 0.660217654171705 0.49305555555555547 0.047158403869407506 0.14351851851851852
0 0.536577992744861 0.9296296296296297 0.041717049576783564 0.12777777777777777
0 0.727932285368803 0.898611111111111 0.04232164449818622 0.14907407407407408
0 0.6964933494558646 0.8879629629629628 0.05199516324062878 0.1796296296296296
0 0.07920193470374849 0.2981481481481481 0.03385731559854897 0.13148148148148148
0 0.7007255139056833 0.8162037037037037 0.04474002418379686 0.16018518518518518
0 0.7391172914147522 0.7976851851851852 0.0441354292623942 0.1675925925925926
0 0.08373639661426845 0.749537037037037 0.0441354292623942 0.14907407407407408
0 0.10489721886336155 0.7754629629629629 0.0441354292623942 0.16574074074074074
0 0.04443772672309553 0.774537037037037 0.041717049576783564 0.15648148148148147
0 0.6233373639661428 0.912037037037037 0.036275695284159616 0.13518518518518519
0 0.6856106408706167 0.49675925925925923 0.0350665054413543 0.15462962962962962
0 0.8004836759371222 0.8398148148148148 0.05078597339782346 0.18333333333333332
0 0.880894800483676 0.7898148148148147 0.047158403869407506 0.18888888888888886
0 0.8288996372430473 0.8263888888888888 0.04474002418379686 0.1675925925925926
0 0.8570133010882709 0.8069444444444444 0.039298669891172915 0.1824074074074074
0 0.8860338573155986 0.7324074074074074 0.039298669891172915 0.17407407407407408
0 0.9455864570737608 0.274537037037037 0.027811366384522373 0.1324074074074074
0 0.8612454655380896 0.20972222222222223 0.032043530834341 0.12314814814814815
0 0.8482466747279324 0.44259259259259254 0.048367593712212824 0.14629629629629629
0 0.7140266021765418 0.5273148148148148 0.04232164449818622 0.14907407407407408
0 0.7436517533252721 0.5101851851851851 0.04594921402660218 0.14814814814814817
0 0.41958887545344625 0.3523148148148148 0.0350665054413543 0.12870370370370368
0 0.44498186215235797 0.3555555555555555 0.03143893591293833 0.14074074074074075
0 0.7811366384522371 0.4574074074074074 0.041112454655380895 0.1537037037037037
0 0.6420798065296253 0.3069444444444444 0.03748488512696494 0.1398148148148148
0 0.6082224909310762 0.2944444444444444 0.048367593712212824 0.14444444444444443
0 0.16626360338573157 0.4004629629629629 0.04594921402660218 0.12870370370370368
0 0.15810157194679564 0.45 0.0441354292623942 0.14629629629629629
0 0.002116082224909311 0.4888888888888889 0.0030229746070133015 0.1537037037037037
0 0.0601571946795647 0.38240740740740736 0.0441354292623942 0.15185185185185185
0 0.005139056831922612 0.5587962962962962 0.009068923821039904 0.15462962962962962
0 0.028718258766626363 0.5976851851851852 0.039298669891172915 0.16203703703703703
0 0.05773881499395405 0.3379629629629629 0.03688029020556228 0.14074074074074075
0 0.019649334945586457 0.3412037037037037 0.0380894800483676 0.14351851851851852
0 0.7995767835550183 0.42777777777777776 0.041717049576783564 0.14074074074074075
0 0.918379685610641 0.45694444444444443 0.03385731559854897 0.11574074074074073
0 0.9407496977025395 0.4527777777777777 0.041112454655380895 0.14629629629629629
0 0.8733373639661428 0.3972222222222222 0.03688029020556228 0.14074074074074075
0 0.74546553808948 0.19074074074074074 0.0350665054413543 0.12962962962962962
0 0.9416565900846434 0.4152777777777778 0.03688029020556228 0.15092592592592594
0 0.11638452237001211 0.3662037037037037 0.034461910519951636 0.1324074074074074
0 0.16505441354292624 0.3393518518518518 0.0350665054413543 0.1398148148148148
0 0.14268440145102781 0.3324074074074074 0.032648125755743655 0.14074074074074075
0 0.9250302297460702 0.28009259259259256 0.0350665054413543 0.12870370370370368
0 0.1396614268440145 0.3875 0.03385731559854897 0.12685185185185185
0 0.40235792019347044 0.2921296296296296 0.03688029020556228 0.12314814814814815
0 0.8996372430471585 0.38611111111111107 0.0350665054413543 0.13518518518518519
0 0.9340991535671102 0.30277777777777776 0.03869407496977026 0.12407407407407406
0 0.9685610640870617 0.42268518518518516 0.03385731559854897 0.13425925925925924
0 0.8851269649334946 0.43333333333333335 0.04232164449818622 0.137037037037037
0 0.9232164449818622 0.42499999999999993 0.030229746070133016 0.1074074074074074
0 0.6550785973397824 0.889351851851852 0.0441354292623942 0.14537037037037034
0 0.1635429262394196 0.9518518518518518 0.048972188633615486 0.09814814814814814
0 0.9845828295042323 0.474537037037037 0.028415961305925032 0.15648148148148147
0 0.743651753325272 0.47453703703703703 0.03990326481257558 0.14351851851851852
0 0.13089480048367594 0.9833333333333333 0.029625151148730353 0.03518518518518519
0 0.039903264812575584 0.9824074074074074 0.04232164449818622 0.03703703703703704
0 0.025090689238210402 0.9115740740740741 0.048972188633615486 0.1787037037037037
0 0.10247883917775091 0.8671296296296295 0.05139056831922612 0.1787037037037037
0 0.1444981862152358 0.8569444444444444 0.04957678355501814 0.16018518518518518
0 0.7167472793228536 0.062037037037037036 0.029625151148730353 0.10925925925925925
