0 0.05955259975816203 0.19212962962962962 0.03688029020556228 0.11574074074074073
0 0.08282950423216445 0.1875 0.041112454655380895 0.13425925925925924
0 0.10852478839177752 0.1625 0.03688029020556228 0.1324074074074074
0 0.14963724304715842 0.16018518518518518 0.041717049576783564 0.12407407407407406
0 0.19800483675937122 0.1361111111111111 0.041717049576783564 0.13518518518518519
0 0.0701330108827086 0.02638888888888889 0.032648125755743655 0.05092592592592592
0 0.2639056831922612 0.0611111111111111 0.034461910519951636 0.12037037037037036
0 0.1934703748488513 0.04074074074074074 0.03385731559854897 0.07962962962962963
0 0.21553808948004838 0.03425925925925925 0.034461910519951636 0.06666666666666667
0 0.4960701330108828 0.2319444444444444 0.032043530834341 0.1175925925925926
0 0.3845223700120919 0.06388888888888888 0.03385731559854897 0.11296296296296296
0 0.2678355501813785 0.2296296296296296 0.03385731559854897 0.13518518518518519
0 0.4634220072551391 0.21157407407407405 0.041717049576783564 0.12870370370370368
0 0.4634220072551391 0.11435185185185184 0.032043530834341 0.11574074074074073
0 0.4265417170495769 0.10833333333333334 0.03688029020556228 0.12037037037037036
0 0.44498186215235797 0.17962962962962964 0.032648125755743655 0.1259259259259259
0 0.48428053204353094 0.1907407407407407 0.032648125755743655 0.12037037037037036
0 0.5405078597339783 0.016203703703703703 0.027811366384522373 0.030555555555555555
0 0.6027811366384523 0.08657407407407407 0.027811366384522373 0.11574074074074073
0 0.5746674727932286 0.0837962962962963 0.034461910519951636 0.13055555555555556
0 0.5459492140266022 0.09120370370370369 0.030229746070133016 0.10462962962962963
0 0.9474002418379686 0.17129629629629628 0.0350665054413543 0.12407407407407406
0 0.9640266021765418 0.1611111111111111 0.029625151148730353 0.11851851851851851
0 0.9839782345828296 0.06527777777777777 0.030834340991535675 0.12870370370370368
0 0.922007255139057 0.15138888888888888 0.032648125755743655 0.11388888888888889
0 0.9020556227327691 0.14537037037037034 0.0350665054413543 0.13333333333333333
0 0.6514510278113663 0.18935185185185185 0.034461910519951636 0.12314814814814815
0 0.6741233373639661 0.21898148148148147 0.03990326481257558 0.1472222222222222
0 0.6974002418379686 0.22638888888888886 0.029625151148730353 0.12314814814814815
0 0.6263603385731561 0.046296296296296294 0.032648125755743655 0.08703703703703704
0 0.9425634824667474 0.137037037037037 0.04232164449818622 0.14629629629629629
0 0.922914147521161 0.10324074074074074 0.03325272067714632 0.12685185185185185
0 0.885429262394196 0.1175925925925926 0.034461910519951636 0.13518518518518519
0 0.6732164449818622 0.04212962962962962 0.032043530834341 0.0824074074074074
0 0.8394800483675937 0.16388888888888886 0.034461910519951636 0.12962962962962962
0 0.832224909310762 0.16666666666666666 0.030834340991535675 0.13518518518518519
0 0.8131801692865781 0.1587962962962963 0.032648125755743655 0.1398148148148148
0 0.739721886336155 0.023148148148148147 0.02599758162031439 0.04444444444444444
0 0.6786577992744861 0.18564814814814815 0.03688029020556228 0.13425925925925924
0 0.6493349455864572 0.04444444444444444 0.032648125755743655 0.08703703703703704
0 0.9492140266021766 0.09166666666666666 0.03748488512696494 0.13333333333333333
0 0.9746070133010883 0.11388888888888889 0.036275695284159616 0.11851851851851851
0 0.9050785973397825 0.08148148148148147 0.032648125755743655 0.12407407407407406
0 0.9676541717049578 0.2259259259259259 0.035671100362756954 0.14259259259259258
0 0.9915356711003628 0.22129629629629627 0.015719467956469165 0.13518518518518519
0 0.6853083434099154 0.05972222222222222 0.03325272067714632 0.10648148148148147
0 0.7258162031438937 0.01851851851851852 0.027206771463119714 0.03518518518518519
0 0.8615477629987909 0.15277777777777776 0.03143893591293833 0.1074074074074074
0 0.5692261185006047 0.023611111111111107 0.02237001209189843 0.045370370370370366
0 0.33252720677146314 0.12870370370370368 0.03869407496977026 0.12962962962962962
0 0.36336154776299884 0.12222222222222222 0.0350665054413543 0.11296296296296296
0 0.41475211608222495 0.025 0.02176541717049577 0.04814814814814815
0 0.9105199516324064 0.10833333333333334 0.032648125755743655 0.11296296296296296
0 0.5710399032648127 0.03611111111111111 0.02478839177750907 0.07037037037037037
0 0.9232164449818622 0.02546296296296296 0.032648125755743655 0.04907407407407407
0 0.6698911729141476 0.06342592592592593 0.02539298669891173 0.08796296296296297
0 0.6750302297460702 0.06481481481481481 0.027206771463119714 0.09074074074074073
0 0.37756952841596136 0.5745370370370371 0.03688029020556228 0.15462962962962962
0 0.06438935912938332 0.4814814814814815 0.034461910519951636 0.14259259259259258
0 0.05985489721886336 0.5249999999999999 0.03748488512696494 0.14444444444444443
0 0.032950423216444986 0.5004629629629629 0.03688029020556228 0.15648148148148147
0 0.10006045949214028 0.4907407407407407 0.03688029020556228 0.15185185185185185
0 0.7363966142684403 0.06111111111111111 0.02902055622732769 0.10925925925925925
0 0.8282950423216446 0.38009259259259254 0.03748488512696494 0.1324074074074074
0 0.8412938331318018 0.36157407407407405 0.035671100362756954 0.12129629629629629
0 0.2626964933494559 0.6893518518518518 0.0441354292623942 0.17129629629629628
0 0.23337363966142685 0.6689814814814814 0.048367593712212824 0.1675925925925926
0 0.37333736396614275 0.6671296296296295 0.03688029020556228 0.14537037037037034
0 0.23004836759371225 0.5986111111111111 0.034461910519951636 0.14907407407407408
0 0.23428053204353086 0.5708333333333333 0.029625151148730353 0.1398148148148148
0 0.19226118500604597 0.5699074074074074 0.04232164449818622 0.13425925925925924
0 0.19830713422007257 0.5337962962962963 0.04594921402660218 0.15648148148148147
0 0.1487303506650544 0.5532407407407407 0.04353083434099154 0.14907407407407408
0 0.37484885126964934 0.2444444444444444 0.03385731559854897 0.12777777777777777
0 0.3948004836759372 0.2537037037037037 0.032648125755743655 0.12962962962962962
0 0.3751511487303507 0.44259259259259254 0.029625151148730353 0.1148148148148148
0 0.6136638452237001 0.4592592592592592 0.04474002418379686 0.13333333333333333
0 0.6952841596130592 0.4782407407407407 0.04353083434099154 0.1398148148148148
0 0.23821039903264815 0.3861111111111111 0.03748488512696494 0.14259259259259258
0 0.25090689238210406 0.40138888888888885 0.0350665054413543 0.14537037037037034
0 0.26934703748488514 0.9462962962962963 0.041717049576783564 0.10925925925925925
0 0.4682587666263604 0.6824074074074074 0.03688029020556228 0.15555555555555553
0 0.4685610640870617 0.6958333333333332 0.04353083434099154 0.17129629629629628
0 0.20042321644498187 0.7541666666666665 0.0441354292623942 0.17314814814814813
0 0.1665659008464329 0.7282407407407407 0.03688029020556228 0.16203703703703703
0 0.1977025392986699 0.711574074074074 0.041112454655380895 0.16203703703703703
0 0.25332527206771466 0.4972222222222222 0.03869407496977026 0.1574074074074074
0 0.30834340991535675 0.787037037037037 0.05199516324062878 0.1648148148148148
0 0.43651753325272075 0.48657407407407405 0.05199516324062878 0.12685185185185185
0 0.14177750906892383 0.461574074074074 0.0380894800483676 0.15648148148148147
0 0.8585247883917776 0.33194444444444443 0.03385731559854897 0.13796296296296295
0 0.8467351874244258 0.300462962962963 0.03688029020556228 0.14907407407407408
0 0.8252720677146312 0.30787037037037035 0.0350665054413543 0.1324074074074074
0 0.3388754534461911 0.4925925925925925 0.03688029020556228 0.13888888888888887
0 0.19588875453446195 0.4810185185185185 0.04594921402660218 0.15092592592592594
0 0.2107013301088271 0.48703703703703705 0.0380894800483676 0.14259259259259258
0 0.21735187424425637 0.6944444444444444 0.03688029020556228 0.1611111111111111
0 0.5187424425634826 0.6694444444444444 0.03748488512696494 0.13518518518518519
0 0.04262394195888755 0.17685185185185184 0.032043530834341 0.137037037037037
0 0.35731559854897227 0.7203703703703703 0.03990326481257558 0.1574074074074074
0 0.3576178960096736 0.7537037037037037 0.039298669891172915 0.1685185185185185
0 0.18137847642079807 0.21064814814814817 0.0350665054413543 0.1398148148148148
0 0.7010278113663846 0.19027777777777777 0.032043530834341 0.13796296296296295
0 0.5819226118500604 0.6296296296296297 0.04534461910519952 0.15925925925925927
0 0.619105199516324 0.6546296296296296 0.04474002418379686 0.16296296296296295
0 0.6360338573155986 0.6328703703703703 0.02902055622732769 0.13425925925925924
0 0.8252720677146314 0.31712962962962965 0.036275695284159616 0.13425925925925924
0 0.19528415961305928 0.47453703703703703 0.03869407496977026 0.14166666666666666
0 0.4292623941958888 0.7560185185185184 0.047158403869407506 0.14907407407407408
0 0.6810761789600968 0.6944444444444444 0.05139056831922612 0.14814814814814817
0 0.17291414752116085 0.45509259259259255 0.03748488512696494 0.14537037037037034
0 0.4062877871825877 0.6796296296296295 0.04474002418379686 0.1574074074074074
0 0.45616686819830715 0.5527777777777777 0.0380894800483676 0.137037037037037
0 0.445888754534462 0.5157407407407407 0.0441354292623942 0.1074074074074074
0 0.3999395405078598 0.41759259259259257 0.034461910519951636 0.14259259259259258
0 0.49274486094316816 0.6407407407407407 0.047158403869407506 0.1537037037037037
0 0.5516928657799275 0.6601851851851852 0.041717049576783564 0.1685185185185185
0 0.37666263603385736 0.6365740740740741 0.0350665054413543 0.14907407407407408
0 0.3449214026602177 0.5564814814814815 0.03688029020556228 0.13148148148148148
0 0.3458282950423217 0.537962962962963 0.032648125755743655 0.14074074074074075
0 0.5253929866989119 0.6412037037037037 0.032648125755743655 0.12685185185185185
0 0.5634824667472794 0.712037037037037 0.03748488512696494 0.1259259259259259
0 0.26541717049576785 0.9106481481481481 0.047158403869407506 0.16018518518518518
0 0.7200725513905684 0.0875 0.03143893591293833 0.12870370370370368
0 0.7515114873035067 0.09120370370370369 0.030229746070133016 0.11388888888888889
0 0.40991535671100365 0.030092592592592594 0.03143893591293833 0.058333333333333334
0 0.9848851269649336 0.3143518518518518 0.027811366384522373 0.10648148148148147
0 0.755441354292624 0.836111111111111 0.046553808948004836 0.1648148148148148
0 0.7914147521160823 0.8564814814814814 0.04232164449818622 0.15185185185185185
0 0.7569528415961306 0.08055555555555555 0.02902055622732769 0.11296296296296296
0 0.4268440145102782 0.6050925925925926 0.04474002418379686 0.14907407407407408
0 0.4613059250302298 0.5972222222222221 0.03748488512696494 0.137037037037037
0 0.08101571946795648 0.7597222222222222 0.047158403869407506 0.15462962962962962
0 0.5374848851269649 0.7277777777777777 0.04353083434099154 0.16666666666666666
0 0.569528415961306 0.7351851851851852 0.047158403869407506 0.15925925925925927
0 0.039903264812575584 0.7504629629629629 0.04232164449818622 0.1398148148148148
0 0.03325272067714632 0.3509259259259259 0.03990326481257558 0.12962962962962962
0 0.06862152357920194 0.3532407407407407 0.041717049576783564 0.14351851851851852
0 0.9694679564691658 0.27824074074074073 0.032043530834341 0.12685185185185185
0 0.9501209189842805 0.31666666666666665 0.039298669891172915 0.14259259259259258
0 0.9498186215235793 0.2791666666666667 0.036275695284159616 0.12314814814814815
0 0.6224304715840387 0.7583333333333332 0.0441354292623942 0.16296296296296295
0 0.5828295042321645 0.7671296296296296 0.04232164449818622 0.16018518518518518
0 0.24697702539298674 0.6537037037037037 0.041717049576783564 0.1685185185185185
0 0.29081015719467956 0.610648148148148 0.05199516324062878 0.16574074074074074
0 0.29141475211608225 0.6648148148148147 0.03748488512696494 0.1648148148148148
0 0.3355501813784765 0.3888888888888889 0.0350665054413543 0.12407407407407406
0 0.31559854897218864 0.4310185185185185 0.04232164449818622 0.15092592592592594
0 0.34340991535671106 0.4189814814814815 0.03990326481257558 0.13425925925925924
0 0.30108827085852485 0.3944444444444445 0.032648125755743655 0.14259259259259258
0 0.8391777509068925 0.275 0.032648125755743655 0.13148148148148148
0 0.8603385731559855 0.27592592592592596 0.03990326481257558 0.14814814814814817
0 0.12575574365175332 0.8282407407407407 0.04232164449818622 0.16388888888888886
0 0.08978234582829504 0.8111111111111111 0.04776299879081017 0.18148148148148147
0 0.44770253929867 0.462037037037037 0.041717049576783564 0.14814814814814817
0 0.43107617896009676 0.4601851851851852 0.03990326481257558 0.14629629629629629
0 0.4229141475211609 0.43657407407407406 0.032043530834341 0.13796296296296295
0 0.9159613059250304 0.8537037037037037 0.04474002418379686 0.1685185185185185
0 0.8790810157194682 0.8671296296296295 0.055622732769044746 0.16203703703703703
0 0.9721886336154777 0.7537037037037037 0.05199516324062878 0.1648148148148148
0 0.922914147521161 0.7254629629629629 0.05622732769044741 0.15462962962962962
0 0.597944377267231 0.8439814814814814 0.05320435308343411 0.18055555555555552
0 0.5241837968561064 0.3541666666666667 0.03869407496977026 0.12870370370370368
0 0.1194074969770254 0.6263888888888888 0.046553808948004836 0.18796296296296294
0 0.005743651753325273 0.7148148148148148 0.010278113663845224 0.14259259259259258
0 0.878174123337364 0.5902777777777778 0.0441354292623942 0.17129629629629628
0 0.9093107617896011 0.5773148148148147 0.036275695284159616 0.15277777777777776
0 0.2315598548972189 0.24861111111111106 0.0350665054413543 0.1175925925925926
0 0.20344619105199516 0.24351851851851852 0.03688029020556228 0.137037037037037
0 0.12877871825876663 0.20277777777777778 0.03748488512696494 0.14074074074074075
0 0.6463119709794438 0.43981481481481477 0.04353083434099154 0.14074074074074075
0 0.003325272067714632 0.773611111111111 0.005441354292623942 0.16018518518518518
0 0.5592503022974608 0.8398148148148148 0.04232164449818622 0.12962962962962962
0 0.7569528415961307 0.737037037037037 0.041112454655380895 0.13518518518518519
0 0.7255139056831924 0.7287037037037035 0.04957678355501814 0.16296296296296295
0 0.14207980652962518 0.22453703703703703 0.0350665054413543 0.12129629629629629
0 0.7125151148730352 0.6814814814814815 0.0380894800483676 0.14629629629629629
0 0.7448609431680774 0.6759259259259259 0.04353083434099154 0.1685185185185185
0 0.09250302297460701 0.686574074074074 0.047158403869407506 0.14537037037037034
0 0.11970979443772674 0.6967592592592593 0.04353083434099154 0.16018518518518518
0 0.04443772672309553 0.6949074074074074 0.03688029020556228 0.15648148148148147
0 0.6451027811366385 0.7564814814814814 0.032648125755743655 0.12777777777777777
0 0.669286577992745 0.4402777777777778 0.036275695284159616 0.13055555555555556
0 0.7989721886336155 0.799074074074074 0.0441354292623942 0.18518518518518517
0 0.6707980652962516 0.9601851851851851 0.041717049576783564 0.08148148148148147
0 0.8464328899637245 0.7481481481481481 0.04232164449818622 0.17592592592592593
0 0.8071342200725513 0.7384259259259259 0.04474002418379686 0.16203703703703703
0 0.8437122128174124 0.7740740740740739 0.04292623941958888 0.1796296296296296
0 0.8736396614268441 0.6592592592592592 0.03990326481257558 0.1722222222222222
0 0.34220072551390573 0.9532407407407407 0.056831922611850064 0.09537037037037037
0 0.8189238210399034 0.24675925925925926 0.039298669891172915 0.14351851851851852
0 0.8440145102781138 0.2259259259259259 0.032648125755743655 0.12407407407407406
0 0.8827085852478839 0.39305555555555555 0.04474002418379686 0.14907407407407408
0 0.6961910519951632 0.4194444444444444 0.039298669891172915 0.14629629629629629
0 0.7091898428053205 0.3902777777777777 0.03869407496977026 0.14351851851851852
0 0.9619105199516326 0.5703703703703703 0.047158403869407506 0.15925925925925927
0 0.42382103990326486 0.2837962962962963 0.0350665054413543 0.12870370370370368
0 0.44981862152357927 0.29027777777777775 0.032648125755743655 0.13425925925925924
0 0.6695888754534464 0.3138888888888889 0.03688029020556228 0.14814814814814817
0 0.6148730350665055 0.2208333333333333 0.0350665054413543 0.13055555555555556
0 0.5819226118500606 0.2037037037037037 0.0441354292623942 0.14259259259259258
0 0.004534461910519952 0.5555555555555556 0.007859733978234583 0.14074074074074075
0 0.20858524788391777 0.3273148148148148 0.04232164449818622 0.14351851851851852
0 0.18863361547763002 0.35833333333333334 0.04232164449818622 0.14629629629629629
0 0.005743651753325273 0.39444444444444443 0.010278113663845224 0.1574074074074074
0 0.0190447400241838 0.38611111111111107 0.035671100362756954 0.14074074074074075
0 0.14147521160822252 0.2856481481481481 0.03990326481257558 0.125
0 0.008766626360338575 0.4856481481481481 0.016324062877871828 0.14907407407407408
0 0.13180169286577995 0.2638888888888889 0.032648125755743655 0.14074074074074075
0 0.02297460701330109 0.2777777777777778 0.04474002418379686 0.1574074074074074
0 0.07285368802902056 0.25 0.03688029020556228 0.14259259259259258
0 0.8473397823458284 0.39768518518518514 0.04050785973397824 0.1398148148148148
0 0.9395405078597341 0.3763888888888889 0.03385731559854897 0.11574074074074073
0 0.9600967351874246 0.3722222222222222 0.03748488512696494 0.137037037037037
0 0.8884522370012093 0.3351851851851852 0.03688029020556228 0.14074074074074075
0 0.784764207980653 0.1560185185185185 0.030229746070133016 0.12870370370370368
0 0.9322853688029021 0.3310185185185185 0.03748488512696494 0.15092592592592594
0 0.07769044740024185 0.38287037037037036 0.034461910519951636 0.13425925925925924
0 0.1142684401451028 0.38240740740740736 0.0350665054413543 0.14629629629629629
0 0.10459492140266023 0.3657407407407407 0.032648125755743655 0.14074074074074075
0 0.9168681983071343 0.22638888888888886 0.03325272067714632 0.12870370370370368
0 0.0912938331318017 0.41157407407407404 0.03385731559854897 0.12129629629629629
0 0.29020556227327693 0.2087962962962963 0.0350665054413543 0.13796296296296295
0 0.8966142684401451 0.3212962962962963 0.0350665054413543 0.13518518518518519
0 0.9265417170495769 0.25046296296296294 0.0380894800483676 0.12314814814814815
0 0.9803506650544136 0.36435185185185176 0.034461910519951636 0.12685185185185185
0 0.9062877871825877 0.375 0.03990326481257558 0.137037037037037
0 0.918379685610641 0.33055555555555555 0.030229746070133016 0.1074074074074074
0 0.6898428053204355 0.7472222222222222 0.04474002418379686 0.15185185185185185
0 0.21553808948004838 0.95 0.039298669891172915 0.10185185185185185
0 0.6393591293833132 0.32037037037037036 0.034461910519951636 0.13333333333333333
0 0.16475211608222493 0.9671296296296296 0.041717049576783564 0.06574074074074074
0 0.08675937122128176 0.9731481481481481 0.0441354292623942 0.0537037037037037
0 0.009371221281741235 0.8490740740740741 0.01753325272067715 0.1925925925925926
0 0.03325272067714632 0.8231481481481481 0.04474002418379686 0.1648148148148148
0 0.7176541717049576 0.05648148148148147 0.030229746070133016 0.1074074074074074
0 0.0030229746070133015 0.4708333333333333 0.004836759371221282 0.15462962962962962
