0 0.010882708585247883 0.9824074074074074 0.020556227327690448 0.03703703703703704
0 0.2327690447400242 0.8634259259259258 0.047158403869407506 0.13796296296296295
0 0.2587666263603386 0.8291666666666665 0.04957678355501814 0.15648148148148147
0 0.0922007255139057 0.8231481481481481 0.05259975816203145 0.17592592592592593
0 0.14147521160822252 0.7680555555555555 0.04594921402660218 0.16203703703703703
0 0.0731559854897219 0.775 0.047158403869407506 0.15185185185185185
0 0.3485489721886336 0.6629629629629629 0.04050785973397824 0.14629629629629629
0 0.13663845223700125 0.41157407407407404 0.03990326481257558 0.14907407407407408
0 0.20435308343409916 0.2361111111111111 0.03990326481257558 0.13518518518518519
0 0.061970979443772674 0.17824074074074073 0.041717049576783564 0.13796296296296295
0 0.036275695284159616 0.17407407407407408 0.032648125755743655 0.12962962962962962
0 0.06076178960096735 0.06111111111111111 0.039298669891172915 0.11851851851851851
0 0.08887545344619106 0.06296296296296296 0.03990326481257558 0.12407407407407406
0 0.05925030229746071 0.047222222222222214 0.032648125755743655 0.09259259259259259
0 0.21130592503022977 0.04074074074074074 0.034461910519951636 0.07962962962962963
0 0.17533252720677148 0.06712962962962962 0.03385731559854897 0.12870370370370368
0 0.22793228536880292 0.08425925925925926 0.036275695284159616 0.12407407407407406
0 0.19830713422007257 0.12870370370370368 0.03869407496977026 0.13518518518518519
0 0.2593712212817413 0.12870370370370368 0.0350665054413543 0.15185185185185185
0 0.2666263603385732 0.29861111111111105 0.03990326481257558 0.1398148148148148
0 0.2385126964933495 0.2944444444444444 0.041717049576783564 0.13148148148148148
0 0.36457073760580416 0.05833333333333333 0.030229746070133016 0.1148148148148148
0 0.3926844014510279 0.14027777777777778 0.041717049576783564 0.12685185185185185
0 0.41837968561064093 0.16666666666666666 0.03748488512696494 0.13518518518518519
0 0.4794437726723096 0.12685185185185185 0.0350665054413543 0.13148148148148148
0 0.43923821039903277 0.11574074074074074 0.034461910519951636 0.1259259259259259
0 0.43561064087061674 0.056944444444444436 0.039298669891172915 0.11203703703703702
0 0.4507255139056832 0.05185185185185184 0.02599758162031439 0.10185185185185185
0 0.5553204353083435 0.2412037037037037 0.041717049576783564 0.13796296296296295
0 0.6015719467956471 0.237962962962963 0.04474002418379686 0.12777777777777777
0 0.5362756952841596 0.12638888888888888 0.03143893591293833 0.13055555555555556
0 0.5746674727932286 0.15925925925925927 0.032043530834341 0.12962962962962962
0 0.5580411124546555 0.12777777777777777 0.030229746070133016 0.12407407407407406
0 0.5522974607013302 0.08425925925925926 0.032043530834341 0.12962962962962962
0 0.6345223700120919 0.04166666666666666 0.03325272067714632 0.08148148148148147
0 0.6671704957678356 0.04074074074074074 0.029625151148730353 0.07962962962962963
0 0.6865175332527207 0.039351851851851846 0.029625151148730353 0.07685185185185185
0 0.7200725513905684 0.043981481481481476 0.032648125755743655 0.0861111111111111
0 0.6154776299879081 0.14444444444444443 0.03869407496977026 0.12037037037037036
0 0.7744860943168078 0.5402777777777777 0.04594921402660218 0.15092592592592594
0 0.6671704957678357 0.38055555555555554 0.041717049576783564 0.1537037037037037
0 0.7103990326481259 0.3574074074074074 0.036275695284159616 0.13518518518518519
0 0.6783555018137848 0.3222222222222222 0.03748488512696494 0.12962962962962962
0 0.7642079806529627 0.27685185185185185 0.03143893591293833 0.1259259259259259
0 0.735187424425635 0.274074074074074 0.041112454655380895 0.137037037037037
0 0.692261185006046 0.2634259259259259 0.03748488512696494 0.13796296296296295
0 0.7959492140266022 0.22546296296296292 0.041717049576783564 0.13796296296296295
0 0.7696493349455865 0.20277777777777778 0.04232164449818622 0.11851851851851851
0 0.7971584038694076 0.18240740740740738 0.04050785973397824 0.12407407407407406
0 0.7756952841596132 0.16898148148148145 0.03748488512696494 0.13055555555555556
0 0.7478839177750907 0.1662037037037037 0.0350665054413543 0.13425925925925924
0 0.7998790810157196 0.11620370370370368 0.036275695284159616 0.12870370370370368
0 0.7726723095525999 0.039351851851851846 0.026602176541717055 0.07685185185185185
0 0.8180169286577994 0.15277777777777776 0.03748488512696494 0.12037037037037036
0 0.8497581620314391 0.14027777777777778 0.03688029020556228 0.13055555555555556
0 0.94316807738815 0.08055555555555555 0.0350665054413543 0.11296296296296296
0 0.9821644498186216 0.09166666666666666 0.034461910519951636 0.12777777777777777
0 0.9401451027811367 0.047685185185185185 0.030229746070133016 0.08425925925925926
0 0.9649334945586459 0.0587962962962963 0.02902055622732769 0.09537037037037037
0 0.9214026602176543 0.22175925925925924 0.032648125755743655 0.13425925925925924
0 0.9477025392986699 0.2884259259259259 0.039298669891172915 0.15462962962962962
0 0.9649334945586457 0.2037037037037037 0.03990326481257558 0.13518518518518519
0 0.9882103990326483 0.24953703703703703 0.02237001209189843 0.14351851851851852
0 0.9204957678355503 0.41666666666666663 0.050181378476420804 0.14074074074074075
0 0.9425634824667474 0.40231481481481474 0.032648125755743655 0.12870370370370368
0 0.5834340991535671 0.025 0.0350665054413543 0.04814814814814815
0 0.6160822249093107 0.027314814814814813 0.02539298669891173 0.05277777777777778
0 0.9392382103990328 0.030555555555555555 0.027206771463119714 0.059259259259259255
0 0.7097944377267232 0.03472222222222222 0.032648125755743655 0.06759259259259259
0 0.18833131801692868 0.03564814814814814 0.028415961305925032 0.06944444444444443
0 0.219770253929867 0.08888888888888888 0.029625151148730353 0.09444444444444443
0 0.19830713422007257 0.09351851851851851 0.024183796856106412 0.08148148148148147
0 0.1402660217654172 0.6254629629629629 0.036275695284159616 0.15462962962962962
0 0.19467956469165662 0.6162037037037037 0.032648125755743655 0.14907407407407408
0 0.16565900846432893 0.5810185185185185 0.04232164449818622 0.13796296296296295
0 0.20495767835550183 0.5800925925925925 0.03990326481257558 0.15462962962962962
0 0.19286577992744863 0.5282407407407407 0.03990326481257558 0.15092592592592594
0 0.15779927448609432 0.5175925925925926 0.03748488512696494 0.12962962962962962
0 0.6850060459492141 0.8856481481481481 0.048367593712212824 0.21018518518518517
0 0.5178355501813785 0.3069444444444444 0.03325272067714632 0.1398148148148148
0 0.4071946795646917 0.2222222222222222 0.032043530834341 0.12407407407407406
0 0.4274486094316808 0.2236111111111111 0.027811366384522373 0.12685185185185185
0 0.4821644498186216 0.3046296296296296 0.034461910519951636 0.12777777777777777
0 0.10640870616686822 0.48425925925925917 0.04474002418379686 0.13888888888888887
0 0.2926239419588876 0.7092592592592591 0.03990326481257558 0.12407407407407406
0 0.29987908101571953 0.5990740740740741 0.047158403869407506 0.1537037037037037
0 0.32345828295042317 0.6962962962962962 0.041112454655380895 0.1574074074074074
0 0.2932285368802902 0.7138888888888888 0.04353083434099154 0.18148148148148147
0 0.13512696493349458 0.48796296296296293 0.034461910519951636 0.14074074074074075
0 0.2766021765417171 0.549074074074074 0.041717049576783564 0.16296296296296295
0 0.05108827085852479 0.39999999999999997 0.04534461910519952 0.12777777777777777
0 0.06499395405078598 0.4041666666666667 0.030834340991535675 0.1398148148148148
0 0.637243047158404 0.936574074074074 0.06892382103990327 0.125
0 0.5852478839177752 0.9018518518518518 0.06771463119709795 0.19814814814814813
0 0.8313180169286579 0.851388888888889 0.04594921402660218 0.1935185185185185
0 0.915659008464329 0.8777777777777778 0.05139056831922612 0.19814814814814813
0 0.8678960096735189 0.8694444444444444 0.05622732769044741 0.1796296296296296
0 0.16384522370012092 0.42407407407407405 0.04353083434099154 0.14629629629629629
0 0.7294437726723096 0.4069444444444444 0.03688029020556228 0.12314814814814815
0 0.7357920193470375 0.7069444444444444 0.03990326481257558 0.16018518518518518
0 0.9135429262394197 0.7092592592592593 0.06166868198307135 0.15185185185185185
0 0.9715840386940751 0.6652777777777777 0.055622732769044746 0.15833333333333333
0 0.8796856106408707 0.687037037037037 0.05199516324062878 0.1611111111111111
0 0.884522370012092 0.5282407407407407 0.032648125755743655 0.10462962962962963
0 0.8718258766626361 0.48287037037037034 0.047158403869407506 0.13796296296296295
0 0.9489117291414753 0.6986111111111111 0.0441354292623942 0.15462962962962962
0 0.20012091898428055 0.1861111111111111 0.03385731559854897 0.13888888888888887
0 0.07920193470374849 0.6615740740740741 0.05925030229746071 0.16944444444444443
0 0.7756952841596131 0.24907407407407406 0.03869407496977026 0.12407407407407406
0 0.986094316807739 0.5851851851851851 0.026602176541717055 0.14814814814814817
0 0.9679564691656593 0.41435185185185186 0.026602176541717055 0.12129629629629629
0 0.6916565900846434 0.3814814814814814 0.03385731559854897 0.11851851851851851
0 0.40356711003627577 0.4407407407407407 0.029625151148730353 0.08518518518518518
0 0.9516324062877872 0.6087962962962962 0.05078597339782346 0.15833333333333333
0 0.9643288996372432 0.611111111111111 0.03143893591293833 0.10925925925925925
0 0.9824667472793229 0.5106481481481482 0.03385731559854897 0.15462962962962962
0 0.7227932285368803 0.9092592592592592 0.046553808948004836 0.1574074074074074
0 0.753627569528416 0.8962962962962963 0.041717049576783564 0.15185185185185185
0 0.8376662636033858 0.7731481481481481 0.050181378476420804 0.1648148148148148
0 0.7430471584038695 0.3587962962962962 0.04232164449818622 0.12314814814814815
0 0.7799274486094318 0.36064814814814816 0.03990326481257558 0.13796296296296295
0 0.9691656590084645 0.8574074074074074 0.05078597339782346 0.18703703703703703
0 0.5093712212817413 0.711574074074074 0.046553808948004836 0.14537037037037034
0 0.2968561064087062 0.35509259259259257 0.04474002418379686 0.13796296296296295
0 0.284764207980653 0.3675925925925926 0.0350665054413543 0.14074074074074075
0 0.5634824667472794 0.4824074074074074 0.032648125755743655 0.12407407407407406
0 0.8089480048367593 0.7615740740740741 0.04353083434099154 0.16203703703703703
0 0.26723095525997587 0.9638888888888888 0.047158403869407506 0.07407407407407408
0 0.4389359129383314 0.9481481481481481 0.05441354292623943 0.10555555555555556
0 0.5021160822249094 0.650462962962963 0.032043530834341 0.14351851851851852
0 0.5012091898428054 0.6662037037037037 0.03748488512696494 0.16574074074074074
0 0.22853688029020558 0.7259259259259259 0.047158403869407506 0.17407407407407408
0 0.1955864570737606 0.6921296296296295 0.041717049576783564 0.16574074074074074
0 0.22823458282950423 0.6787037037037037 0.039298669891172915 0.1574074074074074
0 0.510882708585248 0.7976851851851852 0.048367593712212824 0.1824074074074074
0 0.45707376058041116 0.8509259259259259 0.047158403869407506 0.16296296296296295
0 0.5761789600967353 0.5981481481481481 0.04232164449818622 0.1537037037037037
0 0.6064087061668683 0.6129629629629629 0.04594921402660218 0.15185185185185185
0 0.3518742442563483 0.773611111111111 0.05441354292623943 0.16018518518518518
0 0.4697702539298671 0.46481481481481474 0.05320435308343411 0.14074074074074075
0 0.5728536880290206 0.512962962962963 0.034461910519951636 0.137037037037037
0 0.5374848851269649 0.5259259259259259 0.02902055622732769 0.1074074074074074
0 0.5991535671100364 0.5796296296296295 0.041112454655380895 0.14629629629629629
0 0.8951027811366385 0.2898148148148148 0.041717049576783564 0.1259259259259259
0 0.8857315598548973 0.2689814814814815 0.0350665054413543 0.13796296296296295
0 0.8606408706166868 0.26712962962962966 0.034461910519951636 0.12870370370370368
0 0.5154171704957679 0.8486111111111111 0.0441354292623942 0.1824074074074074
0 0.3639661426844015 0.44814814814814813 0.04232164449818622 0.12962962962962962
0 0.22914147521160827 0.45462962962962966 0.0350665054413543 0.15185185185185185
0 0.2548367593712213 0.4708333333333333 0.03688029020556228 0.14351851851851852
0 0.3458282950423217 0.6175925925925925 0.03990326481257558 0.1648148148148148
0 0.38482466747279326 0.36481481481481476 0.041717049576783564 0.15185185185185185
0 0.5048367593712213 0.41805555555555546 0.03143893591293833 0.14351851851851852
0 0.10671100362756952 0.15555555555555553 0.032043530834341 0.12962962962962962
0 0.39873035066505447 0.6953703703703702 0.032043530834341 0.14629629629629629
0 0.40689238210399037 0.7532407407407408 0.048367593712212824 0.16203703703703703
0 0.4389359129383314 0.7189814814814814 0.03990326481257558 0.15833333333333333
0 0.38029020556227333 0.7194444444444443 0.04232164449818622 0.17037037037037037
0 0.22611850060459493 0.15740740740740738 0.04232164449818622 0.13518518518518519
0 0.7273276904474003 0.1472222222222222 0.047158403869407506 0.13518518518518519
0 0.34280532043530837 0.11574074074074074 0.0350665054413543 0.13518518518518519
0 0.317714631197098 0.03796296296296296 0.034461910519951636 0.07407407407407408
0 0.29564691656590086 0.03796296296296296 0.02297460701330109 0.07407407407407408
0 0.011487303506650545 0.8912037037037037 0.02176541717049577 0.1824074074074074
0 0.2886940749697703 0.12175925925925926 0.029625151148730353 0.12870370370370368
0 0.8597339782345829 0.2842592592592592 0.0350665054413543 0.13148148148148148
0 0.24697702539298672 0.4509259259259259 0.034461910519951636 0.12962962962962962
0 0.57043530834341 0.6648148148148147 0.0441354292623942 0.14629629629629629
0 0.4740024183796856 0.610648148148148 0.041112454655380895 0.16018518518518518
0 0.5707376058041113 0.649537037037037 0.047158403869407506 0.15092592592592594
0 0.6856106408706168 0.6777777777777777 0.04474002418379686 0.15185185185185185
0 0.2037484885126965 0.43287037037037035 0.032648125755743655 0.14351851851851852
0 0.2587666263603386 0.43796296296296294 0.04232164449818622 0.14074074074074075
0 0.5057436517533254 0.5217592592592593 0.034461910519951636 0.13796296296296295
0 0.4767230955259976 0.49166666666666664 0.046553808948004836 0.13518518518518519
0 0.4274486094316808 0.3875 0.0350665054413543 0.14166666666666666
0 0.40568319226118504 0.3449074074074074 0.03990326481257558 0.1324074074074074
0 0.32224909310761796 0.47962962962962963 0.048367593712212824 0.14814814814814817
0 0.4800483675937123 0.38657407407407407 0.030229746070133016 0.1398148148148148
0 0.5123941958887547 0.387037037037037 0.03688029020556228 0.13518518518518519
0 0.45042321644498196 0.5351851851851851 0.03990326481257558 0.14629629629629629
0 0.39842805320435315 0.5805555555555555 0.0350665054413543 0.14629629629629629
0 0.37575574365175335 0.524537037037037 0.05139056831922612 0.13425925925925924
0 0.379081015719468 0.5009259259259259 0.03869407496977026 0.13148148148148148
0 0.31650544135429265 0.13796296296296298 0.027206771463119714 0.11851851851851851
0 0.4746070133010883 0.6898148148148148 0.04957678355501814 0.1537037037037037
0 0.4588875453446192 0.4212962962962962 0.032648125755743655 0.09814814814814814
0 0.47793228536880294 0.4314814814814814 0.029625151148730353 0.11851851851851851
0 0.2690447400241838 0.9263888888888888 0.048367593712212824 0.14907407407407408
0 0.7496977025392987 0.05416666666666666 0.0350665054413543 0.10648148148148147
0 0.6856106408706168 0.14027777777777778 0.04474002418379686 0.14351851851851852
0 0.7832527206771465 0.060648148148148145 0.027206771463119714 0.11018518518518518
0 0.0030229746070133015 0.1726851851851852 0.004836759371221282 0.12129629629629629
0 0.7460701330108828 0.04629629629629629 0.030229746070133016 0.09074074074074073
