0 0.012998790810157194 0.2847222222222222 0.02478839177750907 0.1324074074074074
0 0.062273276904474005 0.27824074074074073 0.04353083434099154 0.14537037037037034
0 0.03688029020556228 0.1273148148148148 0.03990326481257558 0.13796296296296295
0 0.11064087061668683 0.2601851851851852 0.041112454655380895 0.14444444444444443
0 0.11638452237001211 0.1361111111111111 0.03688029020556228 0.12222222222222222
0 0.1614268440145103 0.13842592592592592 0.03385731559854897 0.13425925925925924
0 0.18440145102781139 0.13055555555555556 0.03869407496977026 0.13333333333333333
0 0.10550181378476423 0.09537037037037036 0.0380894800483676 0.13518518518518519
0 0.15870616686819833 0.08935185185185185 0.034461910519951636 0.13055555555555556
0 0.13180169286577995 0.05833333333333333 0.041112454655380895 0.1111111111111111
0 0.5241837968561065 0.4171296296296296 0.030229746070133016 0.125
0 0.3041112454655381 0.13888888888888887 0.0350665054413543 0.12037037037037036
0 0.503627569528416 0.04861111111111111 0.032648125755743655 0.09537037037037037
0 0.5259975816203144 0.04629629629629629 0.027811366384522373 0.09074074074074073
0 0.4543530834340992 0.35416666666666663 0.034461910519951636 0.1361111111111111
0 0.49546553808948013 0.3953703703703703 0.03688029020556228 0.13148148148148148
0 0.5057436517533254 0.2537037037037037 0.03325272067714632 0.12777777777777777
0 0.46795646916565903 0.2513888888888889 0.03869407496977026 0.13425925925925924
0 0.6305925030229745 0.3194444444444444 0.0350665054413543 0.13333333333333333
0 0.6677750906892383 0.32916666666666666 0.0380894800483676 0.14166666666666666
0 0.5447400241837969 0.08055555555555555 0.03385731559854897 0.12407407407407406
0 0.5776904474002419 0.11851851851851851 0.029625151148730353 0.1259259259259259
0 0.6553808948004838 0.22407407407407404 0.03143893591293833 0.12037037037037036
0 0.6127569528415961 0.21712962962962964 0.039298669891172915 0.13425925925925924
0 0.5788996372430473 0.21388888888888888 0.028415961305925032 0.1111111111111111
0 0.9362152357920195 0.04166666666666666 0.032043530834341 0.08148148148148147
0 0.572249093107618 0.09259259259259259 0.028415961305925032 0.1074074074074074
0 0.9540507859733979 0.29027777777777775 0.030229746070133016 0.1324074074074074
0 0.976118500604595 0.2777777777777778 0.032043530834341 0.12222222222222222
0 0.9927448609431683 0.27824074074074073 0.013301088270858527 0.10648148148148147
0 0.9721886336154776 0.19583333333333333 0.04474002418379686 0.14537037037037034
0 0.9371221281741234 0.2569444444444444 0.032648125755743655 0.12870370370370368
0 0.9410519951632408 0.15925925925925924 0.030834340991535675 0.137037037037037
0 0.9147521160822251 0.24444444444444444 0.036275695284159616 0.13888888888888887
0 0.9084038694074971 0.16296296296296298 0.034461910519951636 0.13333333333333333
0 0.5985489721886337 0.03333333333333333 0.02902055622732769 0.06481481481481481
0 0.7545344619105201 0.362962962962963 0.032648125755743655 0.1259259259259259
0 0.7871825876662636 0.38055555555555554 0.04232164449818622 0.14074074074074075
0 0.8137847642079806 0.3888888888888889 0.030229746070133016 0.13148148148148148
0 0.6076178960096735 0.11620370370370368 0.03143893591293833 0.11388888888888889
0 0.620918984280532 0.13194444444444445 0.0350665054413543 0.12314814814814815
0 0.9014510278113664 0.12314814814814815 0.032648125755743655 0.12037037037037036
0 0.8851269649334946 0.22314814814814815 0.04474002418379686 0.14444444444444443
0 0.8881499395405079 0.19583333333333333 0.03748488512696494 0.13425925925925924
0 0.8615477629987909 0.14537037037037034 0.03869407496977026 0.14259259259259258
0 0.6311970979443773 0.09259259259259259 0.02902055622732769 0.1148148148148148
0 0.8600362756952843 0.2296296296296296 0.032043530834341 0.11851851851851851
0 0.810459492140266 0.18703703703703703 0.03688029020556228 0.12777777777777777
0 0.6726118500604596 0.12222222222222222 0.03688029020556228 0.12962962962962962
0 0.6502418379685613 0.05833333333333333 0.04050785973397824 0.1148148148148148
0 0.68863361547763 0.04675925925925926 0.03385731559854897 0.09166666666666666
0 0.8083434099153567 0.2597222222222222 0.03385731559854897 0.12314814814814815
0 0.7880894800483677 0.24675925925925923 0.028415961305925032 0.13055555555555556
0 0.7566505441354293 0.24351851851851852 0.034461910519951636 0.14444444444444443
0 0.7415356711003628 0.12824074074074074 0.028415961305925032 0.1324074074074074
0 0.7134220072551392 0.05416666666666667 0.03143893591293833 0.10462962962962963
0 0.7826481257557438 0.35231481481481475 0.041717049576783564 0.1472222222222222
0 0.6420798065296253 0.13194444444444445 0.032648125755743655 0.1175925925925926
0 0.9259371221281741 0.20138888888888887 0.0380894800483676 0.14351851851851852
0 0.9483071342200726 0.22777777777777777 0.03688029020556228 0.11851851851851851
0 0.879987908101572 0.1796296296296296 0.034461910519951636 0.1111111111111111
0 0.9141475211608223 0.1111111111111111 0.03385731559854897 0.1111111111111111
0 0.7110036275695285 0.13240740740740742 0.03748488512696494 0.11296296296296296
0 0.7173518742442565 0.10324074074074074 0.03325272067714632 0.12129629629629629
0 0.6617291414752118 0.09027777777777776 0.035671100362756954 0.13055555555555556
0 0.814087061668682 0.2384259259259259 0.032043530834341 0.11944444444444444
0 0.5592503022974608 0.08796296296296295 0.02297460701330109 0.08518518518518518
0 0.5849455864570738 0.07731481481481481 0.030834340991535675 0.11388888888888889
0 0.9909310761789603 0.21481481481481482 0.015719467956469165 0.10925925925925925
0 0.4664449818621524 0.2898148148148148 0.04292623941958888 0.14259259259259258
0 0.49637243047158414 0.2912037037037037 0.032648125755743655 0.12870370370370368
0 0.41989117291414757 0.030092592592592594 0.02478839177750907 0.058333333333333334
0 0.8313180169286579 0.1773148148148148 0.032648125755743655 0.11574074074074073
0 0.5758766626360339 0.12407407407407407 0.028415961305925032 0.09814814814814814
0 0.8772672309552599 0.13379629629629627 0.03385731559854897 0.11388888888888889
0 0.6955864570737608 0.14212962962962963 0.027206771463119714 0.09166666666666666
0 0.9863966142684403 0.2898148148148148 0.02478839177750907 0.12777777777777777
0 0.6647521160822251 0.025 0.032043530834341 0.04814814814814815
0 0.749093107617896 0.02638888888888889 0.02539298669891173 0.05092592592592592
0 0.9147521160822251 0.225 0.027811366384522373 0.07962962962962963
0 0.8681983071342202 0.019444444444444445 0.04594921402660218 0.03703703703703704
0 0.37726723095526005 0.5856481481481481 0.03748488512696494 0.14907407407407408
0 0.06801692865779928 0.4819444444444444 0.034461910519951636 0.14537037037037034
0 0.06197097944377269 0.5268518518518518 0.04050785973397824 0.14814814814814817
0 0.028113663845223704 0.5037037037037037 0.0380894800483676 0.1537037037037037
0 0.09310761789600967 0.5050925925925925 0.041112454655380895 0.15277777777777776
0 0.7463724304715842 0.06712962962962962 0.02599758162031439 0.10833333333333334
0 0.8425030229746071 0.39259259259259255 0.039298669891172915 0.12777777777777777
0 0.8570133010882709 0.3763888888888889 0.035671100362756954 0.12314814814814815
0 0.2629987908101572 0.6921296296296295 0.04474002418379686 0.16574074074074074
0 0.23428053204353086 0.6754629629629629 0.0380894800483676 0.1675925925925926
0 0.36668681983071344 0.6754629629629628 0.04292623941958888 0.14537037037037034
0 0.22974607013301093 0.6013888888888889 0.0350665054413543 0.13796296296296295
0 0.2345828295042322 0.586574074074074 0.03143893591293833 0.15092592592592594
0 0.1916565900846433 0.5856481481481481 0.04232164449818622 0.13425925925925924
0 0.19891172914147523 0.5416666666666666 0.04474002418379686 0.15555555555555553
0 0.15266021765417173 0.5694444444444444 0.0441354292623942 0.14629629629629629
0 0.3733373639661427 0.2550925925925926 0.03325272067714632 0.12685185185185185
0 0.3948004836759372 0.262037037037037 0.032648125755743655 0.12962962962962962
0 0.37575574365175335 0.45833333333333326 0.028415961305925032 0.1148148148148148
0 0.5728536880290206 0.5643518518518518 0.04534461910519952 0.13796296296296295
0 0.6305925030229746 0.5782407407407407 0.04594921402660218 0.15833333333333333
0 0.24727932285368806 0.4069444444444444 0.03990326481257558 0.1361111111111111
0 0.24637243047158405 0.44490740740740736 0.035671100362756954 0.1472222222222222
0 0.26511487303506653 0.9509259259259258 0.041717049576783564 0.1
0 0.4594921402660218 0.6949074074074074 0.036275695284159616 0.14537037037037034
0 0.46584038694074975 0.6981481481481481 0.0380894800483676 0.16666666666666666
0 0.1986094316807739 0.7486111111111111 0.050181378476420804 0.17314814814814813
0 0.16868198307134222 0.736574074074074 0.03385731559854897 0.16574074074074074
0 0.20012091898428055 0.7296296296296295 0.03990326481257558 0.1648148148148148
0 0.1103385731559855 0.5597222222222221 0.046553808948004836 0.16018518518518518
0 0.3065296251511488 0.7995370370370369 0.048367593712212824 0.16388888888888886
0 0.4362152357920194 0.4949074074074074 0.050181378476420804 0.12685185185185185
0 0.10338573155985491 0.6097222222222222 0.04232164449818622 0.15833333333333333
0 0.8600362756952842 0.3375 0.034461910519951636 0.13055555555555556
0 0.8440145102781138 0.30277777777777776 0.03748488512696494 0.13148148148148148
0 0.824062877871826 0.3152777777777777 0.0350665054413543 0.1324074074074074
0 0.33403869407496983 0.5004629629629629 0.035671100362756954 0.14537037037037034
0 0.16898428053204353 0.4888888888888888 0.035671100362756954 0.15185185185185185
0 0.21402660217654176 0.49351851851851847 0.030229746070133016 0.14444444444444443
0 0.09552599758162034 0.6481481481481481 0.04232164449818622 0.1537037037037037
0 0.6293833131801693 0.8078703703703703 0.04232164449818622 0.13425925925925924
0 0.04050785973397824 0.18240740740740738 0.03143893591293833 0.13333333333333333
0 0.3573155985489722 0.7305555555555555 0.041112454655380895 0.16296296296296295
0 0.3594316807738815 0.7578703703703702 0.04292623941958888 0.17129629629629628
0 0.18470374848851273 0.21805555555555553 0.03688029020556228 0.14166666666666666
0 0.6989117291414751 0.2 0.030229746070133016 0.13333333333333333
0 0.5934099153567111 0.6564814814814814 0.0441354292623942 0.1574074074074074
0 0.6221281741233374 0.6879629629629629 0.04232164449818622 0.16296296296296295
0 0.6426844014510279 0.6662037037037037 0.02902055622732769 0.13425925925925924
0 0.8243651753325273 0.32685185185185184 0.034461910519951636 0.137037037037037
0 0.19921402660217655 0.4759259259259259 0.03325272067714632 0.12407407407407406
0 0.43168077388149945 0.7652777777777777 0.048367593712212824 0.1472222222222222
0 0.6844014510278115 0.6990740740740741 0.04957678355501814 0.14444444444444443
0 0.17775090689238213 0.4666666666666666 0.03385731559854897 0.14444444444444443
0 0.16414752116082226 0.8023148148148148 0.041717049576783564 0.15462962962962962
0 0.45374848851269656 0.561574074074074 0.032043530834341 0.1361111111111111
0 0.43591293833131806 0.5296296296296296 0.03385731559854897 0.13333333333333333
0 0.3984280532043531 0.4324074074074074 0.03869407496977026 0.14814814814814817
0 0.5592503022974609 0.7893518518518519 0.055622732769044746 0.14537037037037034
0 0.6759371221281744 0.7958333333333333 0.04957678355501814 0.1675925925925926
0 0.3721281741233374 0.6449074074074074 0.0380894800483676 0.14351851851851852
0 0.34703748488512703 0.562962962962963 0.0350665054413543 0.11851851851851851
0 0.3446191051995164 0.5398148148148147 0.03748488512696494 0.14259259259259258
0 0.6251511487303508 0.8 0.036275695284159616 0.1259259259259259
0 0.6759371221281741 0.8402777777777778 0.03748488512696494 0.12314814814814815
0 0.2626964933494559 0.9171296296296295 0.046553808948004836 0.16203703703703703
0 0.715235792019347 0.08842592592592592 0.0350665054413543 0.11388888888888889
0 0.747279322853688 0.10277777777777777 0.030229746070133016 0.11851851851851851
0 0.4253325272067715 0.03611111111111111 0.03325272067714632 0.07037037037037037
0 0.8074365175332529 0.9476851851851851 0.046553808948004836 0.10462962962962963
0 0.8370616686819831 0.9476851851851851 0.0380894800483676 0.10648148148148147
0 0.7566505441354294 0.08981481481481482 0.030834340991535675 0.11666666666666667
0 0.42442563482466755 0.6166666666666667 0.047158403869407506 0.14814814814814817
0 0.4470979443772673 0.587037037037037 0.034461910519951636 0.15
0 0.12122128174123338 0.8856481481481481 0.05139056831922612 0.14907407407407408
0 0.6048972188633616 0.8851851851851851 0.04534461910519952 0.1648148148148148
0 0.6393591293833132 0.8921296296296295 0.0441354292623942 0.16574074074074074
0 0.07920193470374849 0.8921296296296296 0.041112454655380895 0.14351851851851852
0 0.012394195888754535 0.49120370370370364 0.023579201934703753 0.15277777777777776
0 0.9839782345828296 0.35185185185185186 0.032043530834341 0.12222222222222222
0 0.9709794437726723 0.4 0.03990326481257558 0.14629629629629629
0 0.9600967351874246 0.3583333333333333 0.041112454655380895 0.12777777777777777
0 0.5985489721886337 0.9180555555555555 0.048367593712212824 0.14907407407407408
0 0.5637847642079807 0.9203703703703704 0.041717049576783564 0.1611111111111111
0 0.24365175332527209 0.6560185185185184 0.03748488512696494 0.15092592592592594
0 0.29534461910519955 0.6208333333333332 0.04534461910519952 0.15462962962962962
0 0.29504232164449823 0.6722222222222223 0.036275695284159616 0.1611111111111111
0 0.3328295042321645 0.4074074074074074 0.035671100362756954 0.13148148148148148
0 0.31650544135429265 0.4412037037037037 0.04292623941958888 0.15277777777777776
0 0.3470374848851269 0.4222222222222222 0.03869407496977026 0.13148148148148148
0 0.3053204353083434 0.39722222222222225 0.03748488512696494 0.14814814814814817
0 0.9362152357920195 0.41851851851851846 0.0380894800483676 0.13518518518518519
0 0.9661426844014512 0.42268518518518516 0.036275695284159616 0.14166666666666666
0 0.12484885126964936 0.9782407407407407 0.035671100362756954 0.045370370370370366
0 0.5389963724304716 0.5041666666666667 0.0441354292623942 0.15648148148148147
0 0.4132406287787183 0.48379629629629634 0.0380894800483676 0.14351851851851852
0 0.4809552599758163 0.48148148148148145 0.034461910519951636 0.14814814814814817
0 0.5810157194679566 0.9611111111111109 0.048367593712212824 0.07962962962962963
0 0.5683192261185007 0.525462962962963 0.03990326481257558 0.14351851851851852
0 0.13482466747279323 0.7606481481481481 0.04594921402660218 0.16574074074074074
0 0.0843409915356711 0.36944444444444446 0.030834340991535675 0.12222222222222222
0 0.0692261185006046 0.34907407407407404 0.03688029020556228 0.14074074074074075
0 0.014207980652962516 0.32916666666666666 0.027206771463119714 0.15092592592592594
0 0.6856106408706167 0.5592592592592592 0.047158403869407506 0.14814814814814817
0 0.5281136638452237 0.9791666666666665 0.029625151148730353 0.03981481481481482
0 0.7439540507859734 0.9638888888888888 0.04050785973397824 0.07222222222222222
0 0.6983071342200726 0.9481481481481481 0.04594921402660218 0.10555555555555556
0 0.041717049576783564 0.34259259259259256 0.0350665054413543 0.13148148148148148
0 0.6928657799274487 0.8912037037037036 0.047158403869407506 0.15462962962962962
0 0.733373639661427 0.8800925925925926 0.047158403869407506 0.1675925925925926
0 0.08222490931076179 0.7754629629629629 0.041112454655380895 0.14907407407407408
0 0.09915356711003628 0.8291666666666667 0.03990326481257558 0.16574074074074074
0 0.05290205562273278 0.8305555555555555 0.04534461910519952 0.15555555555555553
0 0.6257557436517532 0.9759259259259259 0.03990326481257558 0.046296296296296294
0 0.7140266021765419 0.5611111111111111 0.036275695284159616 0.15
0 0.8053204353083435 0.8967592592592591 0.05199516324062878 0.16574074074074074
0 0.8827085852478839 0.8046296296296297 0.04474002418379686 0.17777777777777776
0 0.8434099153567112 0.888425925925926 0.04594921402660218 0.1675925925925926
0 0.8606408706166869 0.8430555555555554 0.04050785973397824 0.1824074074074074
0 0.8857315598548973 0.7351851851851852 0.03869407496977026 0.1685185185185185
0 0.9848851269649336 0.2925925925925926 0.024183796856106412 0.13333333333333333
0 0.8440145102781138 0.20787037037037034 0.03143893591293833 0.12685185185185185
0 0.8422007255139058 0.4819444444444444 0.05199516324062878 0.14907407407407408
0 0.7212817412333736 0.6069444444444444 0.03869407496977026 0.16018518518518518
0 0.7578597339782347 0.5912037037037037 0.04534461910519952 0.15462962962962962
0 0.4280532043530835 0.38287037037037036 0.030229746070133016 0.12685185185185185
0 0.45525997581620314 0.3916666666666666 0.03143893591293833 0.14074074074074075
0 0.844316807738815 0.5467592592592593 0.039298669891172915 0.15648148148148147
0 0.6650544135429263 0.3662037037037037 0.03990326481257558 0.14351851851851852
0 0.6248488512696494 0.3518518518518518 0.048972188633615486 0.14814814814814817
0 0.14389359129383314 0.4541666666666666 0.04594921402660218 0.1361111111111111
0 0.13482466747279323 0.4944444444444444 0.047158403869407506 0.14259259259259258
0 0.02357920193470375 0.437962962962963 0.04594921402660218 0.15185185185185185
0 0.009371221281741235 0.6333333333333333 0.01753325272067715 0.1611111111111111
0 0.026299879081015724 0.6597222222222221 0.04292623941958888 0.16388888888888886
0 0.023881499395405084 0.3935185185185185 0.0380894800483676 0.14074074074074075
0 0.004232164449818622 0.3967592592592592 0.007255139056831923 0.14537037037037034
0 0.7908101571946796 0.4708333333333333 0.04353083434099154 0.14537037037037034
0 0.8957073760580412 0.5074074074074074 0.039298669891172915 0.1259259259259259
0 0.9250302297460701 0.5060185185185184 0.03990326481257558 0.1472222222222222
0 0.8579201934703748 0.43611111111111106 0.03990326481257558 0.14074074074074075
0 0.7406287787182589 0.22638888888888886 0.03143893591293833 0.125
0 0.9416565900846434 0.475462962962963 0.041717049576783564 0.15462962962962962
0 0.15719467956469166 0.3601851851851851 0.03748488512696494 0.13148148148148148
0 0.21281741233373644 0.3481481481481481 0.04232164449818622 0.14074074074074075
0 0.1834945586457074 0.3282407407407407 0.030834340991535675 0.1398148148148148
0 0.9371221281741234 0.3106481481481482 0.0350665054413543 0.1324074074074074
0 0.19286577992744863 0.38287037037037036 0.0350665054413543 0.1175925925925926
0 0.47823458282950426 0.33148148148148143 0.030229746070133016 0.13888888888888887
0 0.8884522370012093 0.42592592592592593 0.04050785973397824 0.13888888888888887
0 0.9331922611850062 0.3333333333333333 0.03688029020556228 0.13333333333333333
0 0.976118500604595 0.47685185185185186 0.032043530834341 0.14259259259259258
0 0.8763603385731561 0.47407407407407404 0.041717049576783564 0.13888888888888887
0 0.9153567110036277 0.47685185185185186 0.032648125755743655 0.11296296296296296
0 0.6632406287787184 0.9587962962962961 0.047158403869407506 0.0824074074074074
0 0.27539298669891177 0.961574074074074 0.048972188633615486 0.0787037037037037
0 0.8155985489721886 0.5689814814814814 0.047158403869407506 0.14351851851851852
0 0.23337363966142688 0.986574074074074 0.030229746070133016 0.0287037037037037
0 0.09431680773881501 0.9300925925925925 0.047158403869407506 0.14166666666666666
0 0.17079806529625152 0.8787037037037035 0.053808948004836765 0.1796296296296296
0 0.2134220072551391 0.8472222222222222 0.05078597339782346 0.1611111111111111
0 0.7158403869407498 0.07268518518518517 0.027811366384522373 0.10833333333333334
