0 0.45586457073760583 0.4574074074074074 0.03385731559854897 0.15185185185185185
0 0.47974607013301096 0.4921296296296296 0.05622732769044741 0.16203703703703703
0 0.7524183796856106 0.9319444444444444 0.062273276904474005 0.1361111111111111
0 0.7938331318016929 0.9282407407407407 0.05199516324062878 0.14537037037037034
0 0.544740024183797 0.9064814814814814 0.056831922611850064 0.1796296296296296
0 0.25 0.8462962962962963 0.039298669891172915 0.14259259259259258
0 0.3941958887545345 0.874074074074074 0.064087061668682 0.17037037037037037
0 0.4165659008464329 0.9060185185185184 0.047158403869407506 0.14351851851851852
0 0.6562877871825876 0.5740740740740741 0.039298669891172915 0.1537037037037037
0 0.6281741233373639 0.5546296296296297 0.0350665054413543 0.14814814814814817
0 0.544740024183797 0.5462962962962962 0.03748488512696494 0.1537037037037037
0 0.5172309552599759 0.4782407407407407 0.041717049576783564 0.14907407407407408
0 0.20072551390568322 0.8768518518518518 0.05441354292623943 0.15925925925925927
0 0.3310157194679565 0.9166666666666666 0.04534461910519952 0.15925925925925927
0 0.3186215235792019 0.950462962962963 0.04474002418379686 0.10092592592592592
0 0.34915356711003626 0.9759259259259259 0.0380894800483676 0.05
0 0.40235792019347044 0.9689814814814814 0.048972188633615486 0.06388888888888888
0 0.8954050785973399 0.8699074074074074 0.04232164449818622 0.1675925925925926
0 0.9452841596130592 0.8782407407407408 0.048972188633615486 0.13425925925925924
0 0.9126360338573156 0.8212962962962962 0.048972188633615486 0.1537037037037037
0 0.9622128174123339 0.8120370370370369 0.03688029020556228 0.15555555555555553
0 0.9806529625151149 0.9546296296296296 0.03869407496977026 0.09259259259259259
0 0.9389359129383315 0.8171296296296295 0.032648125755743655 0.12314814814814815
0 0.8573155985489722 0.8439814814814814 0.04232164449818622 0.1175925925925926
0 0.95223700120919 0.8546296296296296 0.03143893591293833 0.13518518518518519
0 0.9818621523579203 0.7962962962962962 0.0350665054413543 0.137037037037037
0 0.9534461910519952 0.9453703703703702 0.03869407496977026 0.10555555555555556
0 0.7965538089480049 0.8597222222222222 0.06711003627569528 0.1787037037037037
0 0.8207376058041113 0.4212962962962962 0.0441354292623942 0.137037037037037
0 0.7711608222490932 0.5851851851851851 0.046553808948004836 0.14814814814814817
0 0.8107617896009673 0.6046296296296295 0.04353083434099154 0.14629629629629629
0 0.9794437726723096 0.7240740740740741 0.041112454655380895 0.14259259259259258
0 0.9501209189842806 0.649074074074074 0.041717049576783564 0.14814814814814817
0 0.9207980652962516 0.6675925925925925 0.036275695284159616 0.14629629629629629
0 0.8004836759371222 0.3768518518518518 0.03990326481257558 0.14259259259259258
0 0.9159613059250303 0.4412037037037037 0.036275695284159616 0.14351851851851852
0 0.012394195888754535 0.7601851851851851 0.023579201934703753 0.1574074074074074
0 0.029625151148730353 0.7060185185185185 0.04232164449818622 0.16018518518518518
0 0.011185006045949216 0.663425925925926 0.02116082224909311 0.13425925925925924
0 0.009371221281741235 0.7129629629629629 0.01753325272067715 0.09814814814814814
0 0.4637243047158404 0.8671296296296295 0.05925030229746071 0.16574074074074074
0 0.8821039903264813 0.9787037037037037 0.041112454655380895 0.04444444444444444
0 0.5096735187424426 0.8685185185185185 0.05441354292623943 0.18148148148148147
0 0.6910519951632408 0.924537037037037 0.05078597339782346 0.15277777777777776
0 0.8047158403869409 0.7171296296296296 0.04957678355501814 0.1398148148148148
0 0.35519951632406294 0.7837962962962963 0.048972188633615486 0.1675925925925926
0 0.8944981862152359 0.6546296296296297 0.03688029020556228 0.15925925925925927
0 0.8639661426844015 0.6837962962962963 0.04353083434099154 0.16018518518518518
0 0.8264812575574366 0.6796296296296295 0.04594921402660218 0.14629629629629629
0 0.9014510278113664 0.5560185185185185 0.03143893591293833 0.12314814814814815
0 0.74546553808948 0.7407407407407406 0.048367593712212824 0.16296296296296295
0 0.907496977025393 0.561574074074074 0.04353083434099154 0.13796296296296295
0 0.7285368802902057 0.6532407407407407 0.03748488512696494 0.14537037037037034
0 0.7590689238210401 0.6629629629629629 0.03688029020556228 0.137037037037037
0 0.6451027811366385 0.9212962962962963 0.05078597339782346 0.15925925925925927
0 0.4564691656590085 0.7837962962962963 0.04594921402660218 0.15092592592592594
0 0.6777509068923822 0.7837962962962962 0.04232164449818622 0.17129629629629628
0 0.5 0.6912037037037035 0.04594921402660218 0.14537037037037034
0 0.5003022974607014 0.7449074074074074 0.0441354292623942 0.14537037037037034
0 0.5547158403869409 0.7189814814814814 0.0441354292623942 0.16944444444444443
0 0.7167472793228536 0.7907407407407407 0.048972188633615486 0.18148148148148147
0 0.9365175332527208 0.5337962962962962 0.04232164449818622 0.15462962962962962
0 0.1626360338573156 0.3796296296296296 0.02902055622732769 0.14074074074074075
0 0.13724304715840388 0.40462962962962956 0.0350665054413543 0.1537037037037037
0 0.7515114873035068 0.4810185185185185 0.041112454655380895 0.14907407407407408
0 0.7917170495767836 0.4949074074074074 0.03325272067714632 0.13055555555555556
0 0.08585247883917776 0.9773148148148147 0.03748488512696494 0.045370370370370366
0 0.20858524788391783 0.9782407407407407 0.03748488512696494 0.045370370370370366
0 0.005139056831922612 0.8550925925925926 0.009068923821039904 0.15092592592592594
0 0.9513301088270859 0.44490740740740736 0.034461910519951636 0.13425925925925924
0 0.9791414752116083 0.40324074074074073 0.03688029020556228 0.15648148148148147
0 0.8784764207980653 0.42407407407407405 0.03869407496977026 0.14814814814814817
0 0.981559854897219 0.3699074074074074 0.032043530834341 0.14351851851851852
0 0.9440749697702541 0.35185185185185186 0.034461910519951636 0.137037037037037
0 0.9062877871825877 0.38935185185185184 0.03990326481257558 0.1175925925925926
0 0.9827690447400244 0.10185185185185185 0.032043530834341 0.13148148148148148
0 0.9549576783555019 0.09351851851851851 0.032043530834341 0.1148148148148148
0 0.9610036275695285 0.05601851851851851 0.034461910519951636 0.10648148148148147
0 0.9319830713422008 0.09907407407407408 0.029625151148730353 0.10925925925925925
0 0.9365175332527208 0.054629629629629625 0.03385731559854897 0.09814814814814814
0 0.9474002418379686 0.3074074074074074 0.0350665054413543 0.10925925925925925
0 0.9516324062877872 0.3125 0.032648125755743655 0.12314814814814815
0 0.9401451027811368 0.18101851851851852 0.04957678355501814 0.15092592592592594
0 0.9135429262394197 0.3574074074074074 0.03143893591293833 0.1148148148148148
0 0.8449214026602178 0.025925925925925925 0.028415961305925032 0.05
0 0.8784764207980653 0.08518518518518518 0.032648125755743655 0.10370370370370369
0 0.900241837968561 0.09768518518518518 0.03748488512696494 0.11203703703703702
0 0.8772672309552602 0.13796296296296298 0.03143893591293833 0.10925925925925925
0 0.8990326481257559 0.14907407407407405 0.036275695284159616 0.12037037037037036
0 0.918379685610641 0.23935185185185184 0.036275695284159616 0.12314814814814815
0 0.9099153567110037 0.3087962962962963 0.03385731559854897 0.11574074074074073
0 0.8618500604594922 0.20185185185185184 0.034461910519951636 0.1259259259259259
0 0.8700120918984282 0.28518518518518515 0.036275695284159616 0.12037037037037036
0 0.8700120918984282 0.3282407407407407 0.036275695284159616 0.1175925925925926
0 0.6429866989117293 0.6703703703703704 0.04050785973397824 0.14444444444444443
0 0.7273276904474003 0.437962962962963 0.041112454655380895 0.14629629629629629
0 0.6898428053204354 0.44907407407407407 0.03385731559854897 0.15185185185185185
0 0.6632406287787184 0.44907407407407407 0.03385731559854897 0.15925925925925927
0 0.6124546553808948 0.48657407407407405 0.03869407496977026 0.16203703703703703
0 0.5822249093107618 0.4782407407407407 0.041112454655380895 0.15092592592592594
0 0.7796251511487304 0.28657407407407404 0.029625151148730353 0.09351851851851851
0 0.8010882708585249 0.18425925925925926 0.03385731559854897 0.11296296296296296
0 0.786577992744861 0.1726851851851852 0.03385731559854897 0.11203703703703702
0 0.7563482466747281 0.18657407407407406 0.03143893591293833 0.11574074074074073
0 0.7602781136638453 0.26898148148148143 0.041717049576783564 0.12870370370370368
0 0.7140266021765418 0.274074074074074 0.04353083434099154 0.14629629629629629
0 0.7273276904474003 0.2296296296296296 0.036275695284159616 0.137037037037037
0 0.6659613059250303 0.3226851851851852 0.029625151148730353 0.12870370370370368
0 0.22339782345828296 0.06944444444444443 0.034461910519951636 0.137037037037037
0 0.02237001209189843 0.3699074074074074 0.03748488512696494 0.13425925925925924
0 0.10338573155985492 0.4060185185185185 0.036275695284159616 0.15092592592592594
0 0.02629987908101572 0.42685185185185187 0.03688029020556228 0.14629629629629629
0 0.056831922611850064 0.4384259259259259 0.047158403869407506 0.15092592592592594
0 0.056831922611850064 0.36759259259259264 0.03748488512696494 0.14259259259259258
0 0.006650544135429264 0.3106481481481481 0.012091898428053206 0.14537037037037034
0 0.025090689238210402 0.31990740740740736 0.032043530834341 0.13425925925925924
0 0.050181378476420804 0.34074074074074073 0.03143893591293833 0.14259259259259258
0 0.013905683192261186 0.24907407407407406 0.026602176541717055 0.14259259259259258
0 0.027206771463119714 0.28518518518518515 0.03385731559854897 0.137037037037037
0 0.05139056831922613 0.29907407407407405 0.03748488512696494 0.13148148148148148
0 0.05652962515114873 0.23657407407407405 0.039298669891172915 0.13425925925925924
0 0.10459492140266023 0.3342592592592593 0.032648125755743655 0.13518518518518519
0 0.09250302297460701 0.2532407407407407 0.032648125755743655 0.15462962962962962
0 0.06106408706166869 0.20601851851851852 0.04353083434099154 0.14537037037037034
0 0.0903869407496977 0.20601851851851852 0.034461910519951636 0.12314814814814815
0 0.12998790810157196 0.1962962962962963 0.036275695284159616 0.14074074074074075
0 0.11426844014510279 0.175462962962963 0.03385731559854897 0.1398148148148148
0 0.20163240628778722 0.3282407407407407 0.027206771463119714 0.0898148148148148
0 0.2237001209189843 0.32175925925925924 0.032648125755743655 0.13425925925925924
0 0.2503022974607014 0.3453703703703704 0.03748488512696494 0.13148148148148148
0 0.1472188633615478 0.15185185185185185 0.03688029020556228 0.12407407407407406
0 0.2593712212817413 0.08379629629629629 0.03385731559854897 0.12870370370370368
0 0.26844014510278114 0.1300925925925926 0.0350665054413543 0.14537037037037034
0 0.2787182587666264 0.19629629629629627 0.03385731559854897 0.137037037037037
0 0.3104594921402661 0.19074074074074074 0.032043530834341 0.13148148148148148
0 0.33857315598548976 0.28981481481481475 0.0350665054413543 0.08148148148148147
0 0.30652962515114873 0.13518518518518519 0.03990326481257558 0.14259259259259258
0 0.3337363966142685 0.16342592592592592 0.0350665054413543 0.14351851851851852
0 0.5414147521160823 0.34074074074074073 0.0441354292623942 0.12962962962962962
0 0.409310761789601 0.28379629629629627 0.032648125755743655 0.12314814814814815
0 0.3805925030229747 0.1574074074074074 0.029625151148730353 0.1148148148148148
0 0.3518742442563483 0.17731481481481481 0.032648125755743655 0.10092592592592592
0 0.36275695284159615 0.2023148148148148 0.0350665054413543 0.1175925925925926
0 0.3603385731559855 0.27592592592592596 0.0350665054413543 0.13518518518518519
0 0.4201934703748489 0.06574074074074074 0.0350665054413543 0.12962962962962962
0 0.5813180169286579 0.3263888888888889 0.041717049576783564 0.14351851851851852
0 0.6064087061668681 0.2879629629629629 0.03990326481257558 0.14629629629629629
0 0.6426844014510279 0.3351851851851852 0.041112454655380895 0.137037037037037
0 0.4467956469165659 0.07546296296296297 0.036275695284159616 0.1398148148148148
0 0.48307134220072556 0.23657407407407405 0.041112454655380895 0.15092592592592594
0 0.5133010882708585 0.25046296296296294 0.02902055622732769 0.12870370370370368
0 0.537484885126965 0.2421296296296296 0.032648125755743655 0.14537037037037034
0 0.5580411124546555 0.24490740740740738 0.030229746070133016 0.09537037037037037
0 0.5861547762998791 0.2296296296296296 0.034461910519951636 0.137037037037037
0 0.6414752116082225 0.28657407407407404 0.03385731559854897 0.13425925925925924
0 0.6209189842805322 0.2185185185185185 0.036275695284159616 0.137037037037037
0 0.6499395405078597 0.23240740740740742 0.036275695284159616 0.12962962962962962
0 0.5652962515114873 0.1935185185185185 0.036275695284159616 0.13148148148148148
0 0.38875453446191055 0.27824074074074073 0.036275695284159616 0.12314814814814815
0 0.47974607013301096 0.09907407407407408 0.034461910519951636 0.13148148148148148
0 0.5003022974607014 0.11712962962962961 0.029625151148730353 0.11018518518518518
0 0.4978839177750907 0.08796296296296297 0.027206771463119714 0.1259259259259259
0 0.6058041112454655 0.11574074074074074 0.03748488512696494 0.12962962962962962
0 0.5598548972188634 0.10092592592592592 0.032648125755743655 0.1074074074074074
0 0.6490326481257557 0.11435185185185184 0.039298669891172915 0.12870370370370368
0 0.5468561064087062 0.0912037037037037 0.035671100362756954 0.12129629629629629
0 0.650241837968561 0.05416666666666666 0.034461910519951636 0.10648148148148147
0 0.5801088270858525 0.07268518518518517 0.032043530834341 0.12314814814814815
0 0.5362756952841596 0.06157407407407407 0.026602176541717055 0.11203703703703702
0 0.7962515114873036 0.20324074074074075 0.03385731559854897 0.10648148148148147
0 0.7049576783555019 0.2532407407407407 0.03748488512696494 0.13425925925925924
0 0.28657799274486095 0.2111111111111111 0.02902055622732769 0.11851851851851851
0 0.8567110036275696 0.3671296296296296 0.03748488512696494 0.14537037037037034
0 0.8041112454655382 0.25740740740740736 0.03748488512696494 0.12407407407407406
0 0.1302902055622733 0.32037037037037036 0.039298669891172915 0.14444444444444443
0 0.1544740024183797 0.11944444444444444 0.039298669891172915 0.137037037037037
0 0.690447400241838 0.07824074074074075 0.02902055622732769 0.12314814814814815
0 0.35066505441354295 0.5833333333333334 0.0350665054413543 0.1574074074074074
0 0.35036275695284164 0.336574074074074 0.032043530834341 0.1175925925925926
0 0.13119709794437728 0.8398148148148148 0.048367593712212824 0.16296296296296295
0 0.36819830713422014 0.34907407407407404 0.032648125755743655 0.1259259259259259
0 0.13422007255139057 0.8060185185185185 0.056831922611850064 0.17129629629629628
0 0.8521765417170497 0.5435185185185184 0.034461910519951636 0.14814814814814817
0 0.8811970979443773 0.5324074074074073 0.029625151148730353 0.13148148148148148
0 0.23337363966142688 0.6851851851851851 0.04232164449818622 0.1685185185185185
0 0.2028415961305925 0.6759259259259258 0.0441354292623942 0.17407407407407408
0 0.3440145102781137 0.6740740740740739 0.032648125755743655 0.14629629629629629
0 0.20435308343409916 0.6032407407407407 0.03748488512696494 0.14537037037037034
0 0.20918984280532046 0.587962962962963 0.032648125755743655 0.1574074074074074
0 0.17593712212817414 0.587962962962963 0.0350665054413543 0.13148148148148148
0 0.16928657799274488 0.5379629629629629 0.03990326481257558 0.14629629629629629
0 0.1384522370012092 0.5740740740740741 0.04353083434099154 0.14814814814814817
0 0.3482466747279323 0.24074074074074076 0.03143893591293833 0.1148148148148148
0 0.37001209189842804 0.2435185185185185 0.03143893591293833 0.12407407407407406
0 0.36940749697702546 0.4310185185185185 0.030229746070133016 0.11574074074074073
0 0.2633010882708585 0.4782407407407407 0.039298669891172915 0.13796296296296295
0 0.24032648125755746 0.4907407407407407 0.034461910519951636 0.14629629629629629
0 0.281136638452237 0.9310185185185185 0.03869407496977026 0.13796296296296295
0 0.4425634824667473 0.6851851851851851 0.0350665054413543 0.15185185185185185
0 0.441354292623942 0.7037037037037037 0.03869407496977026 0.17592592592592593
0 0.18470374848851273 0.7476851851851851 0.046553808948004836 0.17129629629629628
0 0.13603385731559856 0.7199074074074073 0.03385731559854897 0.14351851851851852
0 0.16868198307134222 0.7199074074074073 0.03143893591293833 0.16203703703703703
0 0.28627569528415964 0.799074074074074 0.053808948004836765 0.1574074074074074
0 0.4071946795646917 0.49537037037037035 0.03688029020556228 0.12037037037037036
0 0.8373639661426845 0.34398148148148144 0.02902055622732769 0.12685185185185185
0 0.8171100362756953 0.3060185185185185 0.03688029020556228 0.11574074074074073
0 0.8001813784764209 0.3379629629629629 0.034461910519951636 0.12037037037037036
0 0.40235792019347044 0.6601851851851852 0.046553808948004836 0.1537037037037037
0 0.14963724304715842 0.4907407407407407 0.03688029020556228 0.15185185185185185
0 0.18440145102781139 0.4921296296296296 0.03748488512696494 0.14537037037037034
0 0.32134220072551395 0.7268518518518519 0.0441354292623942 0.1537037037037037
0 0.314087061668682 0.7625 0.046553808948004836 0.16574074074074074
0 0.1626360338573156 0.22175925925925927 0.03869407496977026 0.14166666666666666
0 0.6768440145102782 0.20185185185185184 0.032043530834341 0.137037037037037
0 0.8119709794437726 0.3467592592592592 0.04474002418379686 0.14537037037037034
0 0.17896009673518745 0.4759259259259259 0.0350665054413543 0.14259259259259258
0 0.40356711003627577 0.7587962962962963 0.05139056831922612 0.14351851851851852
0 0.5837363966142685 0.8129629629629629 0.053808948004836765 0.14814814814814817
0 0.1484280532043531 0.46574074074074073 0.034461910519951636 0.14629629629629629
0 0.4289600967351875 0.5476851851851852 0.039298669891172915 0.12314814814814815
0 0.41565900846432896 0.5226851851851851 0.041717049576783564 0.10648148148148147
0 0.3467351874244257 0.4199074074074074 0.034461910519951636 0.14351851851851852
0 0.3355501813784765 0.6379629629629628 0.0350665054413543 0.13148148148148148
0 0.314993954050786 0.5699074074074074 0.04232164449818622 0.13796296296296295
0 0.3162031438935913 0.5365740740740741 0.03990326481257558 0.12870370370370368
0 0.23518742442563487 0.9171296296296296 0.03748488512696494 0.16018518518518518
0 0.6928657799274487 0.10324074074074073 0.03385731559854897 0.11203703703703702
0 0.7230955259975816 0.11203703703703702 0.030229746070133016 0.1259259259259259
0 0.690447400241838 0.07685185185185185 0.02902055622732769 0.12407407407407406
0 0.7276299879081016 0.09953703703703702 0.027206771463119714 0.12685185185185185
0 0.40235792019347044 0.6087962962962963 0.034461910519951636 0.14351851851851852
0 0.4229141475211609 0.5796296296296296 0.029625151148730353 0.13148148148148148
0 0.22128174123337366 0.6564814814814814 0.03748488512696494 0.15185185185185185
0 0.2720677146311971 0.6300925925925925 0.047158403869407506 0.15648148148148147
0 0.27055622732769047 0.674074074074074 0.039298669891172915 0.15925925925925927
0 0.24183796856106413 0.4435185185185185 0.03990326481257558 0.14814814814814817
0 0.2756952841596131 0.4282407407407407 0.03990326481257558 0.15092592592592594
0 0.3875453446191052 0.48518518518518516 0.03869407496977026 0.137037037037037
0 0.23276904474002422 0.40879629629629627 0.03385731559854897 0.10648148148148147
0 0.5048367593712213 0.6296296296296297 0.036275695284159616 0.1574074074074074
