0 0.3579201934703749 0.9319444444444442 0.047158403869407506 0.13796296296296295
0 0.3993349455864571 0.936574074074074 0.0380894800483676 0.125
0 0.45042321644498196 0.9180555555555555 0.055622732769044746 0.16388888888888886
0 0.441354292623942 0.3699074074074074 0.03990326481257558 0.16018518518518518
0 0.45314389359129387 0.39537037037037037 0.05139056831922612 0.16296296296296295
0 0.7079806529625151 0.7717592592592591 0.048367593712212824 0.16388888888888886
0 0.7548367593712214 0.7708333333333333 0.04776299879081017 0.17314814814814813
0 0.5272067714631198 0.7439814814814815 0.05441354292623943 0.18796296296296294
0 0.31559854897218864 0.736111111111111 0.04474002418379686 0.15925925925925927
0 0.911124546553809 0.9824074074074074 0.030229746070133016 0.03703703703703704
0 0.983373639661427 0.9467592592592592 0.032043530834341 0.10833333333333334
0 0.42623941958887557 0.7430555555555555 0.05078597339782346 0.17314814814814813
0 0.44498186215235797 0.7712962962962961 0.04353083434099154 0.14814814814814817
0 0.634522370012092 0.43657407407407406 0.04050785973397824 0.15648148148148147
0 0.5931076178960097 0.42962962962962964 0.05199516324062878 0.14814814814814817
0 0.5235792019347039 0.42962962962962964 0.05078597339782346 0.15925925925925927
0 0.5175332527206772 0.4078703703703704 0.05320435308343411 0.1472222222222222
0 0.26964933494558646 0.7587962962962962 0.056831922611850064 0.16388888888888886
0 0.36668681983071344 0.7740740740740739 0.04292623941958888 0.16296296296296295
0 0.35006045949214026 0.8462962962962962 0.047158403869407506 0.19814814814814813
0 0.38180169286578003 0.8819444444444444 0.041717049576783564 0.16018518518518518
0 0.43651753325272075 0.8888888888888888 0.048367593712212824 0.1574074074074074
0 0.722490931076179 0.9208333333333332 0.05078597339782346 0.15648148148148147
0 0.8521765417170497 0.7194444444444444 0.041717049576783564 0.1574074074074074
0 0.897218863361548 0.7337962962962962 0.04474002418379686 0.1398148148148148
0 0.8724304715840387 0.6675925925925926 0.04474002418379686 0.1537037037037037
0 0.9180773881499397 0.6671296296296295 0.034461910519951636 0.15648148148148147
0 0.9486094316807739 0.8222222222222222 0.05441354292623943 0.16296296296296295
0 0.893591293833132 0.6615740740740741 0.032648125755743655 0.12314814814814815
0 0.8210399032648127 0.6902777777777777 0.036275695284159616 0.11203703703703702
0 0.9053808948004838 0.7064814814814814 0.035671100362756954 0.13518518518518519
0 0.9467956469165659 0.6537037037037037 0.041112454655380895 0.14074074074074075
0 0.5060459492140267 0.9578703703703704 0.047158403869407506 0.0824074074074074
0 0.4600967351874245 0.9662037037037037 0.047158403869407506 0.06944444444444443
0 0.8349455864570737 0.9111111111111111 0.04474002418379686 0.15555555555555553
0 0.9050785973397824 0.8087962962962962 0.04474002418379686 0.16574074074074074
0 0.7762998790810157 0.6912037037037037 0.06287787182587666 0.1935185185185185
0 0.9737001209189844 0.5421296296296295 0.03688029020556228 0.14537037037037034
0 0.8234582829504233 0.32314814814814813 0.04474002418379686 0.14074074074074075
0 0.9842805320435309 0.5884259259259258 0.02902055622732769 0.15092592592592594
0 0.753627569528416 0.4472222222222222 0.048972188633615486 0.1537037037037037
0 0.7896009673518743 0.45879629629629626 0.04474002418379686 0.14166666666666666
0 0.9474002418379686 0.5629629629629629 0.047158403869407506 0.14629629629629629
0 0.9195888754534464 0.5023148148148148 0.04232164449818622 0.14907407407407408
0 0.8923821039903266 0.524074074074074 0.03748488512696494 0.14629629629629629
0 0.968863361547763 0.4523148148148148 0.0380894800483676 0.12314814814814815
0 0.9900241837968563 0.4439814814814814 0.01874244256348247 0.11018518518518518
0 0.8095525997581622 0.2833333333333333 0.04474002418379686 0.13148148148148148
0 0.9020556227327691 0.3106481481481482 0.041112454655380895 0.1324074074074074
0 0.009975816203143894 0.610648148148148 0.01874244256348247 0.16944444444444443
0 0.03385731559854897 0.5611111111111111 0.047158403869407506 0.16296296296296295
0 0.005139056831922612 0.5458333333333333 0.009068923821039904 0.17129629629629628
0 0.012394195888754535 0.5185185185185185 0.023579201934703753 0.13518518518518519
0 0.012091898428053204 0.5564814814814815 0.02297460701330109 0.09259259259259259
0 0.47249093107617907 0.7152777777777778 0.05622732769044741 0.16944444444444443
0 0.7696493349455865 0.9050925925925927 0.055622732769044746 0.1787037037037037
0 0.8349455864570738 0.8365740740740739 0.05199516324062878 0.15462962962962962
0 0.510882708585248 0.699074074074074 0.04957678355501814 0.16296296296296295
0 0.6541717049576784 0.7416666666666666 0.047158403869407506 0.1648148148148148
0 0.7732769044740025 0.5824074074074074 0.04957678355501814 0.14074074074074075
0 0.40296251511487313 0.6319444444444444 0.046553808948004836 0.16944444444444443
0 0.8591293833131802 0.5185185185185185 0.03869407496977026 0.14814814814814817
0 0.8331318016928658 0.5430555555555555 0.047158403869407506 0.1472222222222222
0 0.7950423216444982 0.5324074074074073 0.04353083434099154 0.14629629629629629
0 0.8778718258766628 0.44861111111111107 0.032648125755743655 0.12314814814814815
0 0.7097944377267231 0.5912037037037037 0.05320435308343411 0.15092592592592594
0 0.8524788391777511 0.4532407407407407 0.04957678355501814 0.13796296296296295
0 0.7007255139056833 0.5004629629629629 0.03748488512696494 0.14537037037037034
0 0.7348851269649336 0.512962962962963 0.03688029020556228 0.137037037037037
0 0.6160822249093109 0.7328703703703703 0.04474002418379686 0.16203703703703703
0 0.47732769044740025 0.6268518518518519 0.04534461910519952 0.15185185185185185
0 0.6257557436517535 0.6092592592592593 0.04474002418379686 0.17037037037037037
0 0.5075574365175333 0.5398148148148147 0.046553808948004836 0.15
0 0.5129987908101573 0.5833333333333334 0.041717049576783564 0.14074074074074075
0 0.5568319226118501 0.5532407407407407 0.047158403869407506 0.16944444444444443
0 0.668379685610641 0.6064814814814814 0.04776299879081017 0.17592592592592593
0 0.8914752116082225 0.39305555555555555 0.039298669891172915 0.14537037037037034
0 0.17714631197097946 0.26296296296296295 0.03990326481257558 0.14074074074074075
0 0.13996372430471585 0.27546296296296297 0.034461910519951636 0.1324074074074074
0 0.7382103990326482 0.3486111111111111 0.04353083434099154 0.1472222222222222
0 0.7648125755743652 0.34212962962962956 0.032648125755743655 0.12870370370370368
0 0.8022974607013302 0.8731481481481481 0.036275695284159616 0.12777777777777777
0 0.13422007255139057 0.9583333333333334 0.047158403869407506 0.08518518518518518
0 0.07799274486094318 0.9726851851851851 0.032648125755743655 0.054629629629629625
0 0.01934703748488513 0.8916666666666667 0.03748488512696494 0.1611111111111111
0 0.10822249093107618 0.8685185185185186 0.05078597339782346 0.17037037037037037
0 0.9839782345828296 0.26296296296296295 0.030834340991535675 0.13518518518518519
0 0.9277509068923822 0.3217592592592593 0.034461910519951636 0.12685185185185185
0 0.9516324062877873 0.262037037037037 0.041112454655380895 0.1574074074074074
0 0.8642684401451028 0.2935185185185185 0.03688029020556228 0.14444444444444443
0 0.9561668681983072 0.22824074074074072 0.027206771463119714 0.1324074074074074
0 0.922914147521161 0.21527777777777773 0.034461910519951636 0.13796296296296295
0 0.8893591293833132 0.2652777777777778 0.03990326481257558 0.12685185185185185
0 0.9407496977025394 0.175 0.0350665054413543 0.10925925925925925
0 0.987908101571947 0.1412037037037037 0.02297460701330109 0.12870370370370368
0 0.9410519951632408 0.18009259259259258 0.041717049576783564 0.12314814814814815
0 0.9437726723095528 0.057870370370370364 0.041112454655380895 0.11388888888888889
0 0.891777509068924 0.23240740740740742 0.03748488512696494 0.1148148148148148
0 0.8969165659008466 0.03657407407407407 0.03688029020556228 0.07129629629629629
0 0.8718258766626361 0.04351851851851851 0.03748488512696494 0.08518518518518518
0 0.8978234582829505 0.049999999999999996 0.0350665054413543 0.09814814814814814
0 0.9050785973397825 0.11296296296296295 0.03748488512696494 0.12407407407407406
0 0.8966142684401452 0.17037037037037037 0.036275695284159616 0.1148148148148148
0 0.8793833131801693 0.08333333333333333 0.034461910519951636 0.12962962962962962
0 0.8500604594921404 0.1597222222222222 0.036275695284159616 0.12129629629629629
0 0.847944377267231 0.2097222222222222 0.039298669891172915 0.1175925925925926
0 0.6070133010882709 0.5152777777777777 0.04232164449818622 0.14907407407407408
0 0.7001209189842806 0.30416666666666664 0.041112454655380895 0.14907407407407408
0 0.663845223700121 0.312962962962963 0.036275695284159616 0.14074074074074075
0 0.6375453446191053 0.29953703703703705 0.032043530834341 0.1398148148148148
0 0.5985489721886337 0.33888888888888885 0.03869407496977026 0.15
0 0.5659008464328901 0.3310185185185185 0.03990326481257558 0.15462962962962962
0 0.7660217654171705 0.16342592592592592 0.030229746070133016 0.09351851851851851
0 0.8264812575574366 0.08564814814814814 0.032648125755743655 0.11018518518518518
0 0.812273276904474 0.07083333333333333 0.03325272067714632 0.10833333333333334
0 0.7793228536880291 0.08055555555555555 0.0350665054413543 0.11851851851851851
0 0.7418379685610641 0.15092592592592594 0.03748488512696494 0.11851851851851851
0 0.6970979443772672 0.1472222222222222 0.04594921402660218 0.14074074074074075
0 0.7058645707376059 0.09814814814814814 0.039298669891172915 0.11851851851851851
0 0.6408706166868199 0.18703703703703703 0.030229746070133016 0.12962962962962962
0 0.053808948004836765 0.3449074074074074 0.036275695284159616 0.14907407407407408
0 0.043228536880290214 0.29027777777777775 0.0380894800483676 0.14907407407407408
0 0.06801692865779929 0.3152777777777777 0.041717049576783564 0.15092592592592594
0 0.07980652962515115 0.24027777777777776 0.03990326481257558 0.14351851851851852
0 0.007859733978234583 0.17962962962962964 0.014510278113663845 0.14259259259259258
0 0.009673518742442565 0.09814814814814814 0.018137847642079808 0.15185185185185185
0 0.027811366384522373 0.18657407407407406 0.03143893591293833 0.1324074074074074
0 0.02902055622732769 0.12083333333333333 0.0350665054413543 0.14351851851851852
0 0.04353083434099154 0.15879629629629627 0.0350665054413543 0.13796296296296295
0 0.054111245465538096 0.17685185185185184 0.034461910519951636 0.13148148148148148
0 0.07859733978234583 0.11574074074074074 0.03990326481257558 0.13518518518518519
0 0.09401451027811367 0.21157407407407405 0.029625151148730353 0.13425925925925924
0 0.11275695284159616 0.1300925925925926 0.032043530834341 0.15462962962962962
0 0.06287787182587666 0.0824074074074074 0.0350665054413543 0.13888888888888887
0 0.10126964933494559 0.09675925925925925 0.03325272067714632 0.12870370370370368
0 0.13482466747279326 0.0861111111111111 0.036275695284159616 0.14629629629629629
0 0.12787182587666265 0.0574074074074074 0.034461910519951636 0.11296296296296296
0 0.21644498186215239 0.20324074074074072 0.03143893591293833 0.09907407407407406
0 0.24093107617896012 0.199537037037037 0.034461910519951636 0.12685185185185185
0 0.2629987908101572 0.2162037037037037 0.04474002418379686 0.12870370370370368
0 0.17684401451027812 0.05046296296296295 0.032043530834341 0.09907407407407406
0 0.2911124546553809 0.06759259259259259 0.032043530834341 0.1111111111111111
0 0.3273881499395406 0.08009259259259259 0.032043530834341 0.12685185185185185
0 0.2983675937122129 0.20601851851851852 0.029625151148730353 0.10648148148148147
0 0.319528415961306 0.045370370370370366 0.03688029020556228 0.08888888888888888
0 0.5193470374848852 0.2013888888888889 0.03990326481257558 0.12314814814814815
0 0.440447400241838 0.15833333333333333 0.0380894800483676 0.1259259259259259
0 0.4002418379685611 0.05462962962962962 0.030229746070133016 0.1074074074074074
0 0.37182587666263606 0.0685185185185185 0.03143893591293833 0.10925925925925925
0 0.3932889963724306 0.09166666666666666 0.032043530834341 0.11851851851851851
0 0.32134220072551395 0.175462962962963 0.034461910519951636 0.13425925925925924
0 0.5610640870616688 0.19537037037037036 0.03990326481257558 0.14074074074074075
0 0.5813180169286579 0.16574074074074074 0.03688029020556228 0.14074074074074075
0 0.6185006045949215 0.19027777777777777 0.03869407496977026 0.13796296296296295
0 0.4652357920193471 0.10740740740740741 0.041717049576783564 0.15185185185185185
0 0.4942563482466748 0.12407407407407407 0.029625151148730353 0.12962962962962962
0 0.5314389359129383 0.11435185185185184 0.036275695284159616 0.1398148148148148
0 0.5435308343409916 0.12129629629629628 0.02539298669891173 0.0962962962962963
0 0.564087061668682 0.10555555555555556 0.03990326481257558 0.137037037037037
0 0.6188029020556228 0.16203703703703703 0.034461910519951636 0.13518518518518519
0 0.6067110036275696 0.09953703703703702 0.03688029020556228 0.13796296296296295
0 0.6384522370012092 0.11064814814814813 0.0350665054413543 0.12870370370370368
0 0.5525997581620316 0.07962962962962963 0.032648125755743655 0.12962962962962962
0 0.40810157194679564 0.1597222222222222 0.036275695284159616 0.1324074074074074
0 0.47097944377267237 0.02685185185185185 0.030229746070133016 0.05185185185185184
0 0.7714631197097944 0.0824074074074074 0.0350665054413543 0.1074074074074074
0 0.6892382103990328 0.1273148148148148 0.036275695284159616 0.12870370370370368
0 0.2944377267230956 0.08842592592592592 0.03143893591293833 0.11388888888888889
0 0.8434099153567112 0.22962962962962966 0.036275695284159616 0.14259259259259258
0 0.7889963724304716 0.13055555555555554 0.03748488512696494 0.12407407407407406
0 0.11789600967351876 0.19027777777777777 0.03869407496977026 0.14537037037037034
0 0.1704957678355502 0.033796296296296297 0.032648125755743655 0.06574074074074074
0 0.6813784764207981 0.029166666666666667 0.02902055622732769 0.05648148148148148
0 0.3391777509068924 0.4972222222222222 0.0350665054413543 0.1574074074074074
0 0.3391777509068924 0.24953703703703703 0.030229746070133016 0.1175925925925926
0 0.12273276904474004 0.7513888888888889 0.05199516324062878 0.16018518518518518
0 0.3591293833131802 0.26944444444444443 0.027811366384522373 0.1259259259259259
0 0.12333736396614271 0.7166666666666666 0.055622732769044746 0.1648148148148148
0 0.8337363966142685 0.42407407407407405 0.03748488512696494 0.14074074074074075
0 0.8609431680773881 0.4231481481481481 0.030229746070133016 0.13148148148148148
0 0.22732769044740025 0.6166666666666667 0.04232164449818622 0.1685185185185185
0 0.20102781136638456 0.612037037037037 0.041717049576783564 0.1648148148148148
0 0.33615477629987917 0.5953703703703703 0.032648125755743655 0.14629629629629629
0 0.1995163240628779 0.5388888888888889 0.03748488512696494 0.14629629629629629
0 0.1995163240628779 0.5046296296296295 0.032648125755743655 0.1574074074074074
0 0.16172914147521164 0.49999999999999994 0.039298669891172915 0.13148148148148148
0 0.16051995163240632 0.46388888888888885 0.039298669891172915 0.14629629629629629
0 0.12605804111245467 0.48981481481481476 0.0441354292623942 0.14814814814814817
0 0.33434099153567115 0.15416666666666667 0.032648125755743655 0.11574074074074073
0 0.3573155985489722 0.15694444444444444 0.03143893591293833 0.125
0 0.3678960096735188 0.3467592592592592 0.029625151148730353 0.11574074074074073
0 0.25332527206771466 0.3958333333333333 0.04474002418379686 0.1398148148148148
0 0.24093107617896012 0.4185185185185185 0.034461910519951636 0.14629629629629629
0 0.2448609431680774 0.8796296296296295 0.04353083434099154 0.16296296296296295
0 0.42382103990326486 0.6069444444444444 0.03385731559854897 0.15462962962962962
0 0.43168077388149945 0.6194444444444444 0.04232164449818622 0.1685185185185185
0 0.17351874244256352 0.662037037037037 0.04594921402660218 0.17407407407407408
0 0.12877871825876663 0.6388888888888888 0.03385731559854897 0.14629629629629629
0 0.15598548972188636 0.6361111111111111 0.03748488512696494 0.16296296296296295
0 0.2750906892382104 0.711111111111111 0.05441354292623943 0.1574074074074074
0 0.39873035066505447 0.41203703703703703 0.03688029020556228 0.12037037037037036
0 0.8246674727932286 0.2587962962962963 0.030229746070133016 0.12685185185185185
0 0.809552599758162 0.2236111111111111 0.0350665054413543 0.11574074074074073
0 0.7781136638452237 0.2347222222222222 0.0350665054413543 0.12314814814814815
0 0.39419588875453443 0.5814814814814814 0.04594921402660218 0.1537037037037037
0 0.13361547762998793 0.4037037037037037 0.036275695284159616 0.15185185185185185
0 0.1765417170495768 0.4106481481481481 0.03385731559854897 0.14537037037037034
0 0.314087061668682 0.6430555555555555 0.03688029020556228 0.15462962962962962
0 0.3116686819830714 0.6828703703703703 0.0441354292623942 0.16574074074074074
0 0.1493349455864571 0.13888888888888887 0.03869407496977026 0.14074074074074075
0 0.6644498186215236 0.11805555555555555 0.0350665054413543 0.13425925925925924
0 0.7914147521160823 0.2652777777777778 0.03748488512696494 0.14537037037037034
0 0.16868198307134222 0.3967592592592593 0.0350665054413543 0.14351851851851852
0 0.3932889963724305 0.6777777777777777 0.05139056831922612 0.14629629629629629
0 0.5788996372430473 0.7254629629629629 0.04776299879081017 0.14537037037037034
0 0.1393591293833132 0.3777777777777777 0.034461910519951636 0.14629629629629629
0 0.41989117291414757 0.47916666666666663 0.035671100362756954 0.12314814814814815
0 0.40689238210399037 0.43935185185185177 0.04232164449818622 0.10648148148148147
0 0.34461910519951633 0.33888888888888885 0.03869407496977026 0.14259259259259258
0 0.3240628778718259 0.5527777777777777 0.0350665054413543 0.13148148148148148
0 0.30652962515114873 0.4837962962962962 0.04232164449818622 0.1361111111111111
0 0.3056227327690448 0.4509259259259259 0.039298669891172915 0.12962962962962962
0 0.22309552599758165 0.8337962962962963 0.03748488512696494 0.16018518518518518
0 0.6813784764207981 0.03703703703703703 0.03385731559854897 0.07222222222222222
0 0.7122128174123338 0.03611111111111111 0.02902055622732769 0.07037037037037037
0 0.6807738814993954 0.027777777777777776 0.030229746070133016 0.0537037037037037
0 0.7170495767835552 0.03657407407407407 0.027811366384522373 0.07129629629629629
0 0.3951027811366385 0.5273148148148148 0.034461910519951636 0.14351851851851852
0 0.410217654171705 0.49675925925925923 0.029625151148730353 0.1324074074074074
0 0.20979443772672313 0.5731481481481481 0.036275695284159616 0.13518518518518519
0 0.2633010882708586 0.549537037037037 0.046553808948004836 0.15833333333333333
0 0.26451027811366384 0.5930555555555554 0.039298669891172915 0.16388888888888886
0 0.23246674727932287 0.35555555555555557 0.039298669891172915 0.14814814814814817
0 0.26844014510278114 0.3425925925925926 0.03990326481257558 0.15185185185185185
0 0.37545344619105203 0.40138888888888885 0.03990326481257558 0.13796296296296295
0 0.20193470374848854 0.3296296296296296 0.03748488512696494 0.12407407407407406
0 0.46795646916565903 0.5138888888888888 0.03385731559854897 0.14259259259259258
0 0.013603385731559855 0.362962962962963 0.02599758162031439 0.13888888888888887
0 0.004232164449818622 0.3916666666666666 0.007255139056831923 0.12407407407407406
