0 0.005743651753325273 0.23425925925925925 0.010278113663845224 0.13518518518518519
0 0.01844014510278114 0.23935185185185184 0.035671100362756954 0.14166666666666666
0 0.040507859733978246 0.2375 0.03748488512696494 0.13796296296296295
0 0.015417170495767837 0.20092592592592592 0.029625151148730353 0.13518518518518519
0 0.06831922611850062 0.21296296296296297 0.04232164449818622 0.14259259259259258
0 0.07678355501813786 0.16527777777777777 0.04353083434099154 0.12870370370370368
0 0.5522974607013302 0.6398148148148147 0.032043530834341 0.13518518518518519
0 0.14328899637243048 0.19583333333333333 0.03869407496977026 0.13055555555555556
0 0.49848851269649336 0.10787037037037035 0.03325272067714632 0.12314814814814815
0 0.5205562273276905 0.10185185185185185 0.030229746070133016 0.11851851851851851
0 0.6889359129383315 0.4439814814814814 0.0380894800483676 0.14351851851851852
0 0.5157194679564692 0.6162037037037037 0.04594921402660218 0.15092592592592594
0 0.5522974607013302 0.3819444444444444 0.03688029020556228 0.14537037037037034
0 0.5114873035066506 0.39398148148148143 0.04957678355501814 0.16018518518518518
0 0.8013905683192263 0.4805555555555555 0.03688029020556228 0.14444444444444443
0 0.8379685610640871 0.4712962962962963 0.03748488512696494 0.14814814814814817
0 0.5311366384522371 0.15277777777777776 0.041717049576783564 0.12962962962962962
0 0.5652962515114873 0.1847222222222222 0.03385731559854897 0.125
0 0.7094921402660219 0.35787037037037034 0.035671100362756954 0.1361111111111111
0 0.6801692865779928 0.36203703703703705 0.041112454655380895 0.1685185185185185
0 0.637243047158404 0.3449074074074074 0.032648125755743655 0.11203703703703702
0 0.9718863361547764 0.1087962962962963 0.034461910519951636 0.12129629629629629
0 0.9510278113663846 0.11527777777777777 0.03385731559854897 0.13055555555555556
0 0.9068923821039904 0.0962962962962963 0.03748488512696494 0.14074074074074075
0 0.5798065296251512 0.12314814814814813 0.030229746070133016 0.1074074074074074
0 0.9486094316807738 0.27592592592592596 0.03990326481257558 0.15
0 0.9845828295042324 0.3013888888888889 0.02599758162031439 0.10833333333333334
0 0.9446795646916567 0.2347222222222222 0.0380894800483676 0.14537037037037034
0 0.9558645707376059 0.30787037037037035 0.03748488512696494 0.14351851851851852
0 0.9153567110036277 0.2319444444444444 0.032648125755743655 0.13425925925925924
0 0.5501813784764209 0.0898148148148148 0.0350665054413543 0.13518518518518519
0 0.5631801692865781 0.0685185185185185 0.034461910519951636 0.12962962962962962
0 0.912938331318017 0.5175925925925926 0.03869407496977026 0.13518518518518519
0 0.6003627569528417 0.18240740740740738 0.032648125755743655 0.12407407407407406
0 0.6036880290205564 0.16481481481481483 0.03325272067714632 0.13888888888888887
0 0.6051995163240629 0.2009259259259259 0.036275695284159616 0.12777777777777777
0 0.7524183796856108 0.16342592592592592 0.030834340991535675 0.12129629629629629
0 0.7805320435308344 0.29398148148148145 0.05804111245465538 0.16203703703703703
0 0.8137847642079806 0.2513888888888889 0.03990326481257558 0.1398148148148148
0 0.7917170495767836 0.2310185185185185 0.041717049576783564 0.16018518518518518
0 0.6311970979443773 0.1481481481481481 0.02902055622732769 0.1074074074074074
0 0.756348246674728 0.28055555555555556 0.03385731559854897 0.12037037037037036
0 0.7100967351874246 0.2347222222222222 0.041717049576783564 0.12685185185185185
0 0.662031438935913 0.20092592592592592 0.03990326481257558 0.13518518518518519
0 0.598851269649335 0.0662037037037037 0.041717049576783564 0.13055555555555556
0 0.6460096735187426 0.10416666666666667 0.04534461910519952 0.13425925925925924
0 0.6958887545344619 0.12638888888888886 0.0350665054413543 0.14537037037037034
0 0.8047158403869409 0.35231481481481475 0.036275695284159616 0.14351851851851852
0 0.7838573155985491 0.34305555555555556 0.034461910519951636 0.1361111111111111
0 0.7611850060459493 0.3379629629629629 0.03869407496977026 0.14444444444444443
0 0.7445586457073761 0.19675925925925924 0.032043530834341 0.1324074074074074
0 0.7194679564691658 0.13564814814814816 0.032648125755743655 0.12685185185185185
0 0.9389359129383315 0.49861111111111106 0.04232164449818622 0.15277777777777776
0 0.6318016928657799 0.20925925925925926 0.0350665054413543 0.13148148148148148
0 0.9071946795646917 0.2638888888888889 0.039298669891172915 0.14814814814814817
0 0.9044740024183798 0.31111111111111106 0.036275695284159616 0.12962962962962962
0 0.8787787182587666 0.24490740740740738 0.034461910519951636 0.11574074074074073
0 0.847037484885127 0.21527777777777776 0.030229746070133016 0.12129629629629629
0 0.7666263603385732 0.1837962962962963 0.027811366384522373 0.11574074074074073
0 0.7874848851269651 0.19722222222222222 0.03688029020556228 0.137037037037037
0 0.6587061668681984 0.15787037037037036 0.03688029020556228 0.13425925925925924
0 0.7905078597339782 0.3152777777777777 0.034461910519951636 0.1324074074074074
0 0.5238814993954052 0.14768518518518517 0.02478839177750907 0.08796296296296297
0 0.5798065296251512 0.10416666666666667 0.03385731559854897 0.11574074074074073
0 0.9667472793228536 0.2972222222222222 0.030229746070133016 0.1074074074074074
0 0.597944377267231 0.39768518518518514 0.04353083434099154 0.15648148148148147
0 0.6242442563482469 0.39259259259259255 0.030834340991535675 0.14074074074074075
0 0.42472793228536887 0.04212962962962962 0.02478839177750907 0.0824074074074074
0 0.7409310761789603 0.23796296296296296 0.0380894800483676 0.13888888888888887
0 0.5683192261185007 0.1837962962962963 0.02902055622732769 0.10648148148148147
0 0.7191656590084645 0.16527777777777777 0.032043530834341 0.12129629629629629
0 0.752720677146312 0.19166666666666668 0.030229746070133016 0.10370370370370369
0 0.5012091898428054 0.9851851851851852 0.032648125755743655 0.03148148148148148
0 0.27327690447400244 0.06064814814814814 0.04232164449818622 0.11944444444444444
0 0.17170495767835553 0.020833333333333332 0.0350665054413543 0.03981481481481482
0 0.2285368802902056 0.01898148148148148 0.03143893591293833 0.03611111111111111
0 0.16505441354292624 0.0537037037037037 0.03748488512696494 0.10555555555555556
0 0.1934703748488513 0.0537037037037037 0.03748488512696494 0.10555555555555556
0 0.42412333736396624 0.10324074074074074 0.039298669891172915 0.12685185185185185
0 0.48639661426844016 0.03518518518518518 0.030834340991535675 0.0685185185185185
0 0.5145102781136639 0.038425925925925926 0.0350665054413543 0.075
0 0.6499395405078597 0.07731481481481482 0.032648125755743655 0.12129629629629629
0 0.6819830713422007 0.09305555555555554 0.030229746070133016 0.11018518518518518
0 0.7052599758162031 0.08009259259259259 0.029625151148730353 0.10462962962962963
0 0.6517533252720678 0.04074074074074074 0.02902055622732769 0.07962962962962963
0 0.662031438935913 0.05509259259259259 0.03748488512696494 0.10648148148148147
0 0.9114268440145104 0.03888888888888888 0.032043530834341 0.07592592592592592
0 0.8784764207980655 0.10972222222222221 0.026602176541717055 0.11203703703703702
0 0.9676541717049578 0.03888888888888888 0.03688029020556228 0.07592592592592592
0 0.9416565900846434 0.04351851851851851 0.032043530834341 0.08518518518518518
0 0.9087061668681984 0.3069444444444444 0.030229746070133016 0.08796296296296297
0 0.6605199516324063 0.05509259259259259 0.034461910519951636 0.10833333333333334
0 0.6892382103990327 0.04074074074074074 0.0350665054413543 0.07962962962962963
0 0.9020556227327693 0.07777777777777777 0.05925030229746071 0.14629629629629629
0 0.3730350665054414 0.5555555555555555 0.03748488512696494 0.14814814814814817
0 0.0761789600967352 0.4601851851851852 0.03990326481257558 0.14629629629629629
0 0.058645707376058044 0.5069444444444444 0.041112454655380895 0.15092592592592594
0 0.03325272067714632 0.4810185185185185 0.0350665054413543 0.16203703703703703
0 0.09794437726723097 0.47268518518518515 0.041112454655380895 0.14537037037037034
0 0.733373639661427 0.04861111111111111 0.027811366384522373 0.09537037037037037
0 0.8385731559854898 0.3689814814814814 0.03990326481257558 0.12870370370370368
0 0.852478839177751 0.35231481481481475 0.032648125755743655 0.12685185185185185
0 0.257255139056832 0.6634259259259259 0.0441354292623942 0.16574074074074074
0 0.2270253929866989 0.650462962962963 0.03688029020556228 0.16574074074074074
0 0.36366384522370016 0.6546296296296296 0.039298669891172915 0.14629629629629629
0 0.2267230955259976 0.5689814814814814 0.0350665054413543 0.13425925925925924
0 0.23095525997581626 0.561574074074074 0.03385731559854897 0.15462962962962962
0 0.18742442563482467 0.5564814814814815 0.04474002418379686 0.14814814814814817
0 0.19407496977025396 0.5254629629629629 0.04474002418379686 0.15462962962962962
0 0.15326481257557437 0.5365740740740741 0.0380894800483676 0.15092592592592594
0 0.3697097944377268 0.22777777777777777 0.032043530834341 0.12962962962962962
0 0.3899637243047159 0.22453703703703703 0.032648125755743655 0.12685185185185185
0 0.38845223700120923 0.43101851851851847 0.027206771463119714 0.11018518518518518
0 0.5399032648125757 0.7092592592592593 0.047158403869407506 0.14259259259259258
0 0.5828295042321646 0.7134259259259259 0.05078597339782346 0.16944444444444443
0 0.2636033857315599 0.43148148148148147 0.03748488512696494 0.12962962962962962
0 0.2717654171704958 0.4680555555555555 0.03688029020556228 0.1472222222222222
0 0.26118500604594924 0.9393518518518518 0.041112454655380895 0.12314814814814815
0 0.45586457073760583 0.663425925925926 0.03748488512696494 0.16018518518518518
0 0.4652357920193471 0.6837962962962962 0.03688029020556228 0.16574074074074074
0 0.20495767835550183 0.7287037037037037 0.04474002418379686 0.17407407407407408
0 0.16203143893591296 0.7032407407407406 0.041112454655380895 0.17129629629629628
0 0.19407496977025396 0.7064814814814814 0.03869407496977026 0.1722222222222222
0 0.02660217654171705 0.7069444444444444 0.05199516324062878 0.18055555555555552
0 0.31227327690447404 0.7796296296296296 0.04292623941958888 0.1537037037037037
0 0.43137847642079813 0.4699074074074074 0.048972188633615486 0.12685185185185185
0 0.003929866989117292 0.7083333333333333 0.006650544135429264 0.1648148148148148
0 0.8558041112454657 0.3194444444444444 0.030834340991535675 0.12962962962962962
0 0.8385731559854898 0.2810185185185185 0.03990326481257558 0.1175925925925926
0 0.8183192261185007 0.2944444444444444 0.032043530834341 0.13148148148148148
0 0.32950423216444985 0.47777777777777775 0.0350665054413543 0.14629629629629629
0 0.16686819830713426 0.4712962962962963 0.0350665054413543 0.15185185185185185
0 0.2103990326481258 0.4694444444444444 0.03143893591293833 0.14629629629629629
0 0.005743651753325273 0.562037037037037 0.010278113663845224 0.16296296296296295
0 0.8261789600967353 0.9657407407407407 0.035671100362756954 0.07037037037037037
0 0.03718258766626361 0.15787037037037036 0.027206771463119714 0.12870370370370368
0 0.3509673518742443 0.7032407407407406 0.03688029020556228 0.15462962962962962
0 0.35640870616686826 0.7375 0.0441354292623942 0.16944444444444443
0 0.18137847642079807 0.19675925925925924 0.03748488512696494 0.14351851851851852
0 0.6974002418379686 0.17314814814814813 0.029625151148730353 0.13148148148148148
0 0.6209189842805322 0.7023148148148147 0.04232164449818622 0.1787037037037037
0 0.6680773881499397 0.7439814814814815 0.04353083434099154 0.17129629629629628
0 0.6608222490931076 0.7078703703703704 0.0350665054413543 0.13425925925925924
0 0.822249093107618 0.3101851851851852 0.0350665054413543 0.137037037037037
0 0.1955864570737606 0.45046296296296295 0.032043530834341 0.12129629629629629
0 0.4274486094316808 0.7425925925925925 0.04957678355501814 0.14629629629629629
0 0.6587061668681984 0.6476851851851851 0.05139056831922612 0.14907407407407408
0 0.17110036275695287 0.4384259259259259 0.0350665054413543 0.14166666666666666
0 0.4507255139056832 0.5310185185185186 0.035671100362756954 0.13425925925925924
0 0.4295646916565901 0.5060185185185185 0.032043530834341 0.13796296296296295
0 0.40145102781136643 0.4083333333333333 0.03990326481257558 0.14814814814814817
0 0.7759975816203145 0.9601851851851851 0.046553808948004836 0.07592592592592592
0 0.8818016928657799 0.9435185185185184 0.048972188633615486 0.1148148148148148
0 0.36547762998790817 0.6208333333333333 0.039298669891172915 0.1398148148148148
0 0.34280532043530837 0.5393518518518517 0.036275695284159616 0.12129629629629629
0 0.343409915356711 0.5171296296296296 0.03385731559854897 0.14351851851851852
0 0.8440145102781137 0.9722222222222221 0.0350665054413543 0.0574074074074074
0 0.2587666263603386 0.8939814814814814 0.047158403869407506 0.17129629629629628
0 0.7103990326481258 0.06296296296296296 0.0350665054413543 0.11296296296296296
0 0.7415356711003628 0.07962962962962963 0.029625151148730353 0.1148148148148148
0 0.4425634824667473 0.04675925925925926 0.0350665054413543 0.09166666666666666
0 0.7469770253929868 0.06712962962962962 0.032043530834341 0.11574074074074073
0 0.41928657799274494 0.5921296296296297 0.041717049576783564 0.15092592592592594
0 0.446795646916566 0.5680555555555554 0.03748488512696494 0.15092592592592594
0 0.9939540507859737 0.3601851851851851 0.012091898428053206 0.1148148148148148
0 0.9733978234582831 0.41203703703703703 0.041112454655380895 0.14629629629629629
0 0.24153567110036278 0.624074074074074 0.03688029020556228 0.14629629629629629
0 0.29353083434099153 0.6 0.0380894800483676 0.15185185185185185
0 0.29050785973397825 0.6518518518518518 0.032043530834341 0.17407407407407408
0 0.3373639661426844 0.37916666666666665 0.03385731559854897 0.12685185185185185
0 0.3216444981862153 0.40879629629629627 0.04353083434099154 0.14907407407407408
0 0.34310761789600974 0.39537037037037037 0.03688029020556228 0.12962962962962962
0 0.30320435308343413 0.37638888888888883 0.03688029020556228 0.14351851851851852
0 0.6559854897218864 0.6004629629629629 0.047158403869407506 0.15833333333333333
0 0.409310761789601 0.4625 0.03748488512696494 0.14351851851851852
0 0.6559854897218864 0.562037037037037 0.03748488512696494 0.15185185185185185
0 0.6251511487303508 0.6458333333333333 0.04232164449818622 0.13796296296296295
0 0.12212817412333739 0.9055555555555554 0.05320435308343411 0.17037037037037037
0 0.7557436517533255 0.7444444444444444 0.04957678355501814 0.17407407407407408
0 0.06831922611850061 0.9296296296296295 0.05078597339782346 0.137037037037037
0 0.1051995163240629 0.962037037037037 0.04353083434099154 0.07777777777777777
0 0.053808948004836765 0.9740740740740741 0.036275695284159616 0.05185185185185184
0 0.7853688029020558 0.7393518518518518 0.04232164449818622 0.16018518518518518
0 0.9132406287787184 0.8435185185185184 0.046553808948004836 0.18148148148148147
0 0.8766626360338575 0.9087962962962963 0.055622732769044746 0.16018518518518518
0 0.9534461910519952 0.8060185185185185 0.04594921402660218 0.17129629629629628
0 0.9906287787182589 0.28425925925925927 0.01753325272067715 0.14814814814814817
0 0.8409915356711005 0.18935185185185185 0.03143893591293833 0.12870370370370368
0 0.7983675937122129 0.6212962962962963 0.05864570737605805 0.1611111111111111
0 0.724304715840387 0.8087962962962963 0.04594921402660218 0.175
0 0.75906892382104 0.8041666666666666 0.048972188633615486 0.16388888888888886
0 0.47037484885126973 0.42685185185185187 0.03748488512696494 0.12962962962962962
0 0.5003022974607014 0.4699074074074074 0.03688029020556228 0.1472222222222222
0 0.7094921402660218 0.5060185185185185 0.039298669891172915 0.15092592592592594
0 0.6668681983071343 0.48703703703703705 0.05320435308343411 0.1574074074074074
0 0.0912938331318017 0.5953703703703703 0.05804111245465538 0.1574074074074074
0 0.04746070133010883 0.6027777777777777 0.05139056831922612 0.14259259259259258
0 0.742442563482467 0.6351851851851852 0.05441354292623943 0.1537037037037037
0 0.8715235792019348 0.6527777777777778 0.0380894800483676 0.13518518518518519
0 0.8975211608222492 0.6564814814814814 0.041717049576783564 0.15925925925925927
0 0.8016928657799276 0.5101851851851851 0.041112454655380895 0.14074074074074075
0 0.7291414752116082 0.3333333333333333 0.0350665054413543 0.13518518518518519
0 0.9389359129383315 0.6375 0.047158403869407506 0.1675925925925926
0 0.283857315598549 0.3462962962962963 0.039298669891172915 0.13888888888888887
0 0.3285973397823459 0.32407407407407407 0.034461910519951636 0.14259259259259258
0 0.30290205562273276 0.3064814814814814 0.030229746070133016 0.15185185185185185
0 0.9685610640870617 0.35648148148148145 0.03748488512696494 0.13148148148148148
0 0.3210399032648126 0.34907407407407404 0.036275695284159616 0.11851851851851851
0 0.7031438935912939 0.425462962962963 0.036275695284159616 0.15462962962962962
0 0.8388754534461911 0.5157407407407407 0.04292623941958888 0.14629629629629629
0 0.9395405078597341 0.37083333333333335 0.036275695284159616 0.14351851851851852
0 0.9537484885126966 0.6064814814814814 0.029625151148730353 0.12962962962962962
0 0.8446191051995164 0.6 0.04957678355501814 0.1574074074074074
0 0.9081015719467956 0.6398148148148147 0.0350665054413543 0.11851851851851851
0 0.6000604594921404 0.9680555555555554 0.041717049576783564 0.06574074074074074
0 0.379081015719468 0.9606481481481481 0.041112454655380895 0.08055555555555555
0 0.4286577992744862 0.9199074074074074 0.05804111245465538 0.16203703703703703
0 0.45677146311970984 0.9152777777777776 0.053808948004836765 0.16203703703703703
0 0.7116082224909311 0.047222222222222214 0.02902055622732769 0.09259259259259259
