0 0.5873639661426845 0.03657407407407407 0.034461910519951636 0.07129629629629629
0 0.19709794437726724 0.017129629629629627 0.04232164449818622 0.032407407407407406
0 0.7321644498186216 0.02546296296296296 0.03748488512696494 0.04907407407407407
0 0.6662636033857317 0.030555555555555555 0.03748488512696494 0.059259259259259255
0 0.7082829504232165 0.025 0.03688029020556228 0.04814814814814815
0 0.7805320435308344 0.031018518518518515 0.0350665054413543 0.06018518518518518
0 0.9597944377267231 0.41712962962962963 0.0441354292623942 0.15462962962962962
0 0.007859733978234583 0.5782407407407407 0.014510278113663845 0.14907407407407408
0 0.015417170495767837 0.5532407407407407 0.029625151148730353 0.13796296296296295
0 0.07769044740024185 0.5574074074074074 0.039298669891172915 0.14074074074074075
0 0.11789600967351876 0.5268518518518518 0.04353083434099154 0.15185185185185185
0 0.09582829504232165 0.5087962962962963 0.034461910519951636 0.13425925925925924
0 0.03385731559854897 0.15 0.048367593712212824 0.137037037037037
0 0.057436517533252726 0.17685185185185184 0.027811366384522373 0.0962962962962963
0 0.07799274486094318 0.1736111111111111 0.05078597339782346 0.13796296296296295
0 0.126360338573156 0.14675925925925926 0.036275695284159616 0.11018518518518518
0 0.10701330108827088 0.07777777777777777 0.041112454655380895 0.12962962962962962
0 0.1384522370012092 0.07407407407407408 0.03143893591293833 0.11851851851851851
0 0.1535671100362757 0.03657407407407407 0.03748488512696494 0.07129629629629629
0 0.19498186215235794 0.0449074074074074 0.03688029020556228 0.08796296296296297
0 0.16565900846432893 0.3125 0.04474002418379686 0.14166666666666666
0 0.1553808948004837 0.29768518518518516 0.03869407496977026 0.13796296296296295
0 0.650241837968561 0.36111111111111105 0.0441354292623942 0.1648148148148148
0 0.37756952841596136 0.21435185185185185 0.035671100362756954 0.1324074074074074
0 0.3548972188633616 0.19629629629629627 0.0350665054413543 0.12962962962962962
0 0.37545344619105203 0.1898148148148148 0.03385731559854897 0.13148148148148148
0 0.32769044740024184 0.20324074074074072 0.03869407496977026 0.13425925925925924
0 0.3518742442563483 0.17592592592592593 0.03869407496977026 0.12962962962962962
0 0.3319226118500605 0.15879629629629627 0.04232164449818622 0.1324074074074074
0 0.3908706166868199 0.1375 0.032043530834341 0.12685185185185185
0 0.4123337363966143 0.13657407407407404 0.036275695284159616 0.12685185185185185
0 0.4389359129383314 0.08148148148148147 0.03748488512696494 0.11851851851851851
0 0.5060459492140267 0.22916666666666666 0.032648125755743655 0.11018518518518518
0 0.49214026602176547 0.11064814814814813 0.047158403869407506 0.12314814814814815
0 0.5157194679564692 0.2023148148148148 0.03748488512696494 0.13425925925925924
0 0.5477629987908101 0.21666666666666667 0.041112454655380895 0.14814814814814817
0 0.4806529625151149 0.07824074074074075 0.0350665054413543 0.1175925925925926
0 0.5568319226118501 0.12546296296296297 0.03748488512696494 0.1398148148148148
0 0.4945586457073761 0.05972222222222222 0.0350665054413543 0.1175925925925926
0 0.5133010882708585 0.06481481481481481 0.032648125755743655 0.11851851851851851
0 0.6457073760580412 0.25787037037037036 0.048367593712212824 0.1324074074074074
0 0.6115477629987909 0.24074074074074073 0.048972188633615486 0.15185185185185185
0 0.6324062877871827 0.18055555555555552 0.041112454655380895 0.1574074074074074
0 0.6553808948004837 0.14907407407407408 0.03990326481257558 0.14814814814814817
0 0.6919588875453447 0.15787037037037036 0.0441354292623942 0.15092592592592594
0 0.6136638452237001 0.0412037037037037 0.030229746070133016 0.08055555555555555
0 0.6692865779927449 0.04074074074074074 0.032648125755743655 0.07962962962962963
0 0.6895405078597341 0.05509259259259259 0.029625151148730353 0.10833333333333334
0 0.7856711003627571 0.2930555555555555 0.03688029020556228 0.1324074074074074
0 0.7708585247883919 0.20046296296296295 0.03143893591293833 0.11018518518518518
0 0.8461305925030231 0.32870370370370366 0.03688029020556228 0.14074074074074075
0 0.9800483675937124 0.42731481481481476 0.036275695284159616 0.1398148148148148
0 0.887243047158404 0.3518518518518518 0.03688029020556228 0.13518518518518519
0 0.8681983071342202 0.3189814814814814 0.03385731559854897 0.12314814814814815
0 0.915659008464329 0.31712962962962965 0.048972188633615486 0.14537037037037034
0 0.9561668681983072 0.30462962962962964 0.05139056831922612 0.1537037037037037
0 0.9050785973397824 0.2935185185185185 0.048367593712212824 0.137037037037037
0 0.9767230955259977 0.28518518518518515 0.039298669891172915 0.13148148148148148
0 0.9854897218863363 0.06018518518518518 0.024183796856106412 0.07777777777777777
0 0.9607013301088272 0.05046296296296295 0.03748488512696494 0.09907407407407406
0 0.9848851269649336 0.2472222222222222 0.02902055622732769 0.137037037037037
0 0.9891172914147524 0.16944444444444445 0.02176541717049577 0.14814814814814817
0 0.9540507859733979 0.27546296296296297 0.03748488512696494 0.1324074074074074
0 0.9331922611850061 0.2842592592592592 0.039298669891172915 0.12962962962962962
0 0.9537484885126966 0.21666666666666665 0.0380894800483676 0.12407407407407406
0 0.9283555018137848 0.2189814814814815 0.034461910519951636 0.10462962962962963
0 0.9570737605804113 0.20138888888888887 0.032648125755743655 0.12870370370370368
0 0.05048367593712214 0.05601851851851851 0.041717049576783564 0.11018518518518518
0 0.20979443772672313 0.1375 0.03748488512696494 0.13796296296296295
0 0.4165659008464329 0.24074074074074073 0.04594921402660218 0.14259259259259258
0 0.7623941958887547 0.12870370370370368 0.032648125755743655 0.12037037037037036
0 0.9307738814993954 0.15787037037037036 0.029625151148730353 0.11018518518518518
0 0.7466747279322854 0.18981481481481483 0.04232164449818622 0.14629629629629629
0 0.909310761789601 0.15046296296296294 0.027811366384522373 0.0898148148148148
0 0.8948004836759372 0.16157407407407406 0.0350665054413543 0.10648148148148147
0 0.6381499395405079 0.024537037037037034 0.029625151148730353 0.047222222222222214
0 0.4150544135429263 0.437962962962963 0.032043530834341 0.0962962962962963
0 0.816807738814994 0.21527777777777776 0.04353083434099154 0.14166666666666666
0 0.7197702539298669 0.20092592592592592 0.029625151148730353 0.0962962962962963
0 0.918379685610641 0.18703703703703703 0.03990326481257558 0.14074074074074075
0 0.6801692865779928 0.374537037037037 0.04232164449818622 0.1361111111111111
0 0.7103990326481258 0.3731481481481482 0.0350665054413543 0.12962962962962962
0 0.7418379685610641 0.3967592592592593 0.03990326481257558 0.1398148148148148
0 0.8165054413542927 0.3273148148148148 0.046553808948004836 0.17685185185185184
0 0.7237001209189844 0.46805555555555556 0.04474002418379686 0.16203703703703703
0 0.41535671100362764 0.6055555555555555 0.05078597339782346 0.17037037037037037
0 0.7790205562273278 0.4273148148148148 0.039298669891172915 0.13796296296296295
0 0.7484885126964934 0.4574074074074074 0.04957678355501814 0.14074074074074075
0 0.7850665054413543 0.4574074074074074 0.048972188633615486 0.16296296296296295
0 0.662938331318017 0.5833333333333334 0.05139056831922612 0.14629629629629629
0 0.8784764207980653 0.43287037037037035 0.04232164449818622 0.14351851851851852
0 0.8821039903264813 0.39120370370370366 0.036275695284159616 0.13796296296296295
0 0.5734582829504232 0.8217592592592593 0.05139056831922612 0.17685185185185184
0 0.6819830713422007 0.4384259259259259 0.04353083434099154 0.14907407407407408
0 0.7418379685610641 0.34305555555555556 0.03990326481257558 0.12129629629629629
0 0.7793228536880291 0.34675925925925927 0.04232164449818622 0.1398148148148148
0 0.6402660217654172 0.6555555555555554 0.04353083434099154 0.16666666666666666
0 0.82043530834341 0.5226851851851851 0.047158403869407506 0.17129629629629628
0 0.9437726723095528 0.4282407407407407 0.047158403869407506 0.16203703703703703
0 0.9848851269649336 0.39120370370370366 0.02902055622732769 0.13425925925925924
0 0.9848851269649336 0.7384259259259259 0.02902055622732769 0.16203703703703703
0 0.9773276904474004 0.4768518518518518 0.04050785973397824 0.14444444444444443
0 0.7874848851269649 0.6013888888888889 0.0441354292623942 0.15092592592592594
0 0.902962515114873 0.6189814814814815 0.039298669891172915 0.15462962962962962
0 0.9081015719467957 0.9384259259259259 0.05199516324062878 0.12314814814814815
0 0.8615477629987909 0.9375 0.05320435308343411 0.12685185185185185
0 0.08101571946795649 0.5962962962962963 0.04353083434099154 0.15925925925925927
0 0.3089480048367594 0.513425925925926 0.041112454655380895 0.16018518518518518
0 0.3068319226118501 0.3421296296296296 0.041717049576783564 0.13796296296296295
0 0.2844619105199517 0.35138888888888886 0.034461910519951636 0.14166666666666666
0 0.6109431680773881 0.7976851851851852 0.039298669891172915 0.1675925925925926
0 0.8754534461910521 0.5578703703703703 0.048367593712212824 0.16203703703703703
0 0.7503022974607014 0.600925925925926 0.04957678355501814 0.1574074074074074
0 0.5399032648125756 0.9490740740740741 0.03869407496977026 0.1
0 0.4691656590084644 0.9782407407407407 0.03748488512696494 0.04351851851851852
0 0.9616082224909311 0.5402777777777777 0.048972188633615486 0.16574074074074074
0 0.9470979443772672 0.49861111111111106 0.041717049576783564 0.15462962962962962
0 0.7823458282950424 0.6879629629629629 0.04353083434099154 0.1574074074074074
0 0.8612454655380896 0.6037037037037037 0.05259975816203145 0.1685185185185185
0 0.7799274486094318 0.5217592592592593 0.056831922611850064 0.17685185185185184
0 0.5522974607013302 0.4791666666666667 0.029625151148730353 0.12685185185185185
0 0.5946191051995163 0.7347222222222222 0.05139056831922612 0.1675925925925926
0 0.8512696493349456 0.43148148148148147 0.03990326481257558 0.14629629629629629
0 0.8482466747279324 0.5902777777777778 0.04232164449818622 0.08796296296296297
0 0.9582829504232165 0.41527777777777775 0.041112454655380895 0.14351851851851852
0 0.2762998790810158 0.9550925925925925 0.04353083434099154 0.09166666666666666
0 0.4410519951632407 0.9407407407407408 0.048972188633615486 0.11851851851851851
0 0.48790810157194686 0.6472222222222223 0.03990326481257558 0.1685185185185185
0 0.5057436517533254 0.6587962962962962 0.041717049576783564 0.17314814814814813
0 0.23307134220072553 0.7064814814814814 0.05139056831922612 0.17407407407407408
0 0.19891172914147523 0.6814814814814815 0.04353083434099154 0.1685185185185185
0 0.23216444981862155 0.6652777777777777 0.04232164449818622 0.1675925925925926
0 0.5145102781136639 0.7805555555555556 0.04957678355501814 0.17777777777777776
0 0.4616082224909311 0.836111111111111 0.046553808948004836 0.16296296296296295
0 0.5767835550181379 0.5791666666666667 0.03990326481257558 0.16018518518518518
0 0.6121523579201935 0.5925925925925927 0.0441354292623942 0.15185185185185185
0 0.34945586457073763 0.7587962962962963 0.04474002418379686 0.1675925925925926
0 0.4673518742442564 0.4444444444444444 0.047158403869407506 0.13518518518518519
0 0.4848851269649335 0.5157407407407407 0.032648125755743655 0.14074074074074075
0 0.5133010882708585 0.5175925925925926 0.04353083434099154 0.14629629629629629
0 0.5891777509068925 0.48518518518518516 0.039298669891172915 0.137037037037037
0 0.564993954050786 0.49583333333333335 0.029625151148730353 0.11018518518518518
0 0.6039903264812575 0.562962962962963 0.04232164449818622 0.15185185185185185
0 0.900241837968561 0.27314814814814814 0.03748488512696494 0.12962962962962962
0 0.8944981862152359 0.2472222222222222 0.03688029020556228 0.13518518518518519
0 0.8618500604594922 0.2537037037037037 0.03688029020556228 0.13518518518518519
0 0.526602176541717 0.8259259259259258 0.041112454655380895 0.19074074074074074
0 0.4132406287787183 0.4111111111111111 0.041717049576783564 0.13518518518518519
0 0.2363966142684402 0.4412037037037037 0.03748488512696494 0.15462962962962962
0 0.26451027811366384 0.45370370370370366 0.039298669891172915 0.14629629629629629
0 0.6402660217654172 0.812037037037037 0.04957678355501814 0.15925925925925927
0 0.6768440145102781 0.8212962962962962 0.048972188633615486 0.1574074074074074
0 0.47702539298669894 0.5930555555555554 0.04474002418379686 0.16018518518518518
0 0.39056831922611857 0.3342592592592593 0.04232164449818622 0.15185185185185185
0 0.5021160822249094 0.3921296296296296 0.032043530834341 0.1324074074074074
0 0.07738814993954052 0.2907407407407407 0.0350665054413543 0.13888888888888887
0 0.6777509068923822 0.7226851851851851 0.02902055622732769 0.12685185185185185
0 0.6614268440145104 0.7273148148148147 0.047158403869407506 0.16574074074074074
0 0.32073760580411126 0.8328703703703703 0.06348246674727932 0.17129629629629628
0 0.2620918984280532 0.874074074074074 0.039298669891172915 0.15925925925925927
0 0.40659008464328905 0.6990740740740741 0.03688029020556228 0.1648148148148148
0 0.4274486094316808 0.7240740740740741 0.04957678355501814 0.1611111111111111
0 0.45223700120918986 0.6907407407407408 0.03990326481257558 0.1574074074074074
0 0.3851269649334946 0.7018518518518518 0.03748488512696494 0.1685185185185185
0 0.23669891172914148 0.1375 0.03688029020556228 0.13796296296296295
0 0.7418379685610641 0.13518518518518519 0.0350665054413543 0.12962962962962962
0 0.8228536880290207 0.6328703703703702 0.047158403869407506 0.15462962962962962
0 0.8355501813784765 0.7018518518518518 0.055622732769044746 0.1685185185185185
0 0.9162636033857317 0.5504629629629628 0.039298669891172915 0.14537037037037034
0 0.8464328899637245 0.3925925925925926 0.036275695284159616 0.13518518518518519
0 0.3476420798065296 0.09768518518518518 0.03990326481257558 0.1398148148148148
0 0.06499395405078598 0.8972222222222221 0.06106408706166869 0.1796296296296296
0 0.8818016928657799 0.7402777777777777 0.06348246674727932 0.15462962962962962
0 0.9313784764207982 0.7337962962962962 0.05622732769044741 0.16203703703703703
0 0.3228536880290206 0.09166666666666666 0.032648125755743655 0.11666666666666667
0 0.31590084643289 0.06157407407407407 0.032043530834341 0.11574074074074073
0 0.017533252720677146 0.8657407407407407 0.03385731559854897 0.18148148148148147
0 0.29081015719467956 0.09398148148148147 0.032648125755743655 0.1324074074074074
0 0.8672914147521162 0.674537037037037 0.05139056831922612 0.16574074074074074
0 0.012091898428053204 0.9087962962962963 0.02297460701330109 0.16018518518518518
0 0.822249093107618 0.4351851851851852 0.04353083434099154 0.14629629629629629
0 0.8694074969770255 0.2675925925925926 0.03748488512696494 0.13518518518518519
0 0.24093107617896012 0.4291666666666666 0.034461910519951636 0.1361111111111111
0 0.5728536880290206 0.6504629629629629 0.05622732769044741 0.14537037037037034
0 0.5574365175332529 0.6236111111111112 0.04232164449818622 0.16203703703703703
0 0.5955259975816204 0.624074074074074 0.03748488512696494 0.15925925925925927
0 0.7227932285368803 0.6606481481481481 0.05139056831922612 0.14351851851851852
0 0.21221281741233378 0.4157407407407407 0.04474002418379686 0.14074074074074075
0 0.27025392986698915 0.42777777777777776 0.036275695284159616 0.14629629629629629
0 0.5323458282950424 0.5018518518518518 0.034461910519951636 0.13518518518518519
0 0.5154171704957679 0.49907407407407406 0.062273276904474005 0.15925925925925927
0 0.5051390568319227 0.48472222222222217 0.03688029020556228 0.14351851851851852
0 0.4159613059250302 0.375462962962963 0.04474002418379686 0.13796296296296295
0 0.4159613059250302 0.32592592592592595 0.036275695284159616 0.13518518518518519
0 0.4322853688029021 0.3537037037037037 0.03990326481257558 0.14259259259259258
0 0.4773276904474003 0.3606481481481481 0.029625151148730353 0.14351851851851852
0 0.5181378476420798 0.37175925925925923 0.032648125755743655 0.14907407407407408
0 0.44467956469165665 0.5148148148148147 0.041717049576783564 0.15185185185185185
0 0.3833131801692866 0.562962962962963 0.03748488512696494 0.14074074074074075
0 0.37545344619105203 0.5083333333333333 0.056831922611850064 0.13518518518518519
0 0.3805925030229747 0.4907407407407407 0.0441354292623942 0.1574074074074074
0 0.0761789600967352 0.8768518518518518 0.04353083434099154 0.13518518518518519
0 0.3192261185006046 0.09861111111111111 0.0350665054413543 0.11574074074074073
0 0.3004836759371222 0.5018518518518518 0.04474002418379686 0.15185185185185185
0 0.4625151148730351 0.4217592592592592 0.03748488512696494 0.12129629629629629
0 0.4830713422007256 0.4124999999999999 0.030229746070133016 0.11574074074074073
0 0.2629987908101572 0.9175925925925925 0.04957678355501814 0.1574074074074074
0 0.7085852478839179 0.725 0.047158403869407506 0.1925925925925926
0 0.7469770253929868 0.04953703703703703 0.032043530834341 0.09722222222222222
0 0.7769044740024185 0.04861111111111111 0.03748488512696494 0.09537037037037037
0 0.7862756952841597 0.04583333333333332 0.03325272067714632 0.0898148148148148
0 0.005743651753325273 0.15648148148148147 0.010278113663845224 0.12407407407407406
0 0.7454655380894801 0.03749999999999999 0.02902055622732769 0.07314814814814814
