0 0.6348246674727932 0.9800925925925925 0.03869407496977026 0.03981481481481482
0 0.6910519951632408 0.9476851851851851 0.04594921402660218 0.10648148148148147
0 0.641777509068924 0.9601851851851851 0.041717049576783564 0.07962962962962963
0 0.8615477629987909 0.8407407407407407 0.048367593712212824 0.14814814814814817
0 0.1384522370012092 0.7476851851851851 0.04232164449818622 0.17685185185185184
0 0.09854897218863362 0.7805555555555554 0.03990326481257558 0.16666666666666666
0 0.6481257557436519 0.5611111111111111 0.04474002418379686 0.1537037037037037
0 0.3234582829504233 0.5569444444444444 0.04474002418379686 0.14907407407407408
0 0.2859733978234583 0.5439814814814814 0.04353083434099154 0.14537037037037034
0 0.12756952841596134 0.3680555555555555 0.041112454655380895 0.1324074074074074
0 0.02146311970979444 0.43009259259259264 0.041717049576783564 0.14351851851851852
0 0.08948004836759373 0.4736111111111111 0.04957678355501814 0.16018518518518518
0 0.13966142684401453 0.475462962962963 0.04594921402660218 0.1675925925925926
0 0.5997581620314391 0.3074074074074074 0.0350665054413543 0.1574074074074074
0 0.02267230955259976 0.5199074074074074 0.0441354292623942 0.16203703703703703
0 0.5861547762998791 0.32916666666666666 0.041717049576783564 0.15092592592592594
0 0.6236396614268441 0.35 0.039298669891172915 0.14629629629629629
0 0.7070737605804112 0.6541666666666666 0.0441354292623942 0.15462962962962962
0 0.7436517533252721 0.6810185185185185 0.05199516324062878 0.14907407407407408
0 0.3606408706166868 0.28055555555555556 0.04292623941958888 0.12777777777777777
0 0.32103990326481263 0.3023148148148148 0.0350665054413543 0.1324074074074074
0 0.4480048367593713 0.2648148148148148 0.03748488512696494 0.13518518518518519
0 0.4371221281741234 0.2861111111111111 0.041112454655380895 0.13518518518518519
0 0.50906892382104 0.5453703703703704 0.03748488512696494 0.15
0 0.5256952841596131 0.46805555555555556 0.039298669891172915 0.14166666666666666
0 0.5232769044740025 0.5 0.039298669891172915 0.14259259259259258
0 0.49093107617896015 0.587962962962963 0.03990326481257558 0.17407407407407408
0 0.33948004836759377 0.3125 0.039298669891172915 0.14166666666666666
0 0.6605199516324064 0.7662037037037036 0.04534461910519952 0.17129629629629628
0 0.7448609431680775 0.7680555555555555 0.04594921402660218 0.15648148148148147
0 0.7663240628778719 0.7314814814814814 0.046553808948004836 0.1537037037037037
0 0.9900241837968563 0.7847222222222221 0.01874244256348247 0.13796296296296295
0 0.9440749697702541 0.7643518518518518 0.05622732769044741 0.17314814814814813
0 0.6055018137847642 0.8796296296296295 0.05139056831922612 0.17407407407407408
0 0.9020556227327693 0.5967592592592593 0.04957678355501814 0.16018518518518518
0 0.8621523579201935 0.55 0.05199516324062878 0.14629629629629629
0 0.9274486094316808 0.5435185185185184 0.047158403869407506 0.1574074074074074
0 0.8706166868198308 0.6763888888888888 0.05078597339782346 0.15833333333333333
0 0.907496977025393 0.6763888888888888 0.04353083434099154 0.16574074074074074
0 0.7666263603385731 0.049999999999999996 0.030229746070133016 0.09814814814814814
0 0.8270858524788394 0.6694444444444444 0.04594921402660218 0.1574074074074074
0 0.8013905683192263 0.624074074074074 0.046553808948004836 0.17037037037037037
0 0.8642684401451028 0.35879629629629634 0.03688029020556228 0.13425925925925924
0 0.8957073760580413 0.38518518518518513 0.046553808948004836 0.15185185185185185
0 0.9068923821039905 0.336574074074074 0.026602176541717055 0.10092592592592592
0 0.9238210399032648 0.3337962962962963 0.030229746070133016 0.11018518518518518
0 0.5559250302297462 0.9495370370370371 0.048972188633615486 0.10092592592592592
0 0.7669286577992745 0.8592592592592592 0.05501813784764208 0.18148148148148147
0 0.8270858524788394 0.7648148148148147 0.064087061668682 0.16296296296296295
0 0.802902055622733 0.8097222222222222 0.05441354292623943 0.16018518518518518
0 0.22914147521160827 0.04074074074074074 0.03143893591293833 0.07962962962962963
0 0.14540507859733978 0.10277777777777777 0.0380894800483676 0.14444444444444443
0 0.32950423216444985 0.06805555555555555 0.05199516324062878 0.1175925925925926
0 0.3899637243047159 0.032407407407407406 0.032648125755743655 0.06296296296296296
0 0.41898428053204356 0.022685185185185187 0.032648125755743655 0.04351851851851852
0 0.43712212817412344 0.047222222222222214 0.030229746070133016 0.09259259259259259
0 0.48397823458282957 0.09861111111111111 0.035671100362756954 0.1324074074074074
0 0.4969770253929867 0.05972222222222222 0.03748488512696494 0.1175925925925926
0 0.5241837968561065 0.030555555555555555 0.030229746070133016 0.059259259259259255
0 0.5417170495767836 0.053240740740740734 0.030229746070133016 0.10462962962962963
0 0.5625755743651754 0.0625 0.035671100362756954 0.12129629629629629
0 0.5982466747279324 0.03981481481481481 0.034461910519951636 0.07777777777777777
0 0.6260580411124548 0.03703703703703703 0.039298669891172915 0.07222222222222222
0 0.6402660217654172 0.04166666666666666 0.026602176541717055 0.08148148148148147
0 0.663845223700121 0.05601851851851851 0.03869407496977026 0.11018518518518518
0 0.6925634824667474 0.04027777777777777 0.029625151148730353 0.0787037037037037
0 0.7140266021765418 0.04166666666666666 0.032648125755743655 0.08148148148148147
0 0.7285368802902056 0.11898148148148148 0.03869407496977026 0.12685185185185185
0 0.7515114873035067 0.12546296296296294 0.030229746070133016 0.10462962962962963
0 0.7711608222490931 0.10787037037037035 0.034461910519951636 0.12314814814814815
0 0.9646311970979445 0.05231481481481481 0.032043530834341 0.10277777777777777
0 0.9307738814993954 0.08287037037037036 0.034461910519951636 0.12314814814814815
0 0.9637243047158405 0.09768518518518518 0.03869407496977026 0.1398148148148148
0 0.9594921402660219 0.16759259259259257 0.041112454655380895 0.137037037037037
0 0.9153567110036277 0.15694444444444444 0.03869407496977026 0.13796296296296295
0 0.854292623941959 0.16898148148148148 0.03385731559854897 0.08796296296296297
0 0.8787787182587666 0.17175925925925925 0.03688029020556228 0.125
0 0.8954050785973399 0.17824074074074073 0.02902055622732769 0.10277777777777777
0 0.906590084643289 0.18796296296296294 0.027206771463119714 0.09814814814814814
0 0.9909310761789603 0.0861111111111111 0.016928657799274487 0.12777777777777777
0 0.9081015719467957 0.24027777777777773 0.047158403869407506 0.13796296296296295
0 0.9356106408706168 0.26666666666666666 0.041717049576783564 0.1574074074074074
0 0.9507255139056833 0.24768518518518517 0.0380894800483676 0.13425925925925924
0 0.974304715840387 0.23703703703703702 0.03688029020556228 0.14629629629629629
0 0.9824667472793229 0.2726851851851852 0.03385731559854897 0.14351851851851852
0 0.9694679564691658 0.31712962962962965 0.03688029020556228 0.13425925925925924
0 0.9897218863361549 0.33194444444444443 0.01934703748488513 0.14907407407407408
0 0.9555622732769046 0.3384259259259259 0.04292623941958888 0.14537037037037034
0 0.9377267230955261 0.37407407407407406 0.04474002418379686 0.137037037037037
0 0.596130592503023 0.12870370370370368 0.03869407496977026 0.12222222222222222
0 0.6348246674727932 0.13379629629629627 0.03869407496977026 0.1361111111111111
0 0.6251511487303508 0.1662037037037037 0.027811366384522373 0.11574074074074073
0 0.6076178960096735 0.1685185185185185 0.032648125755743655 0.12407407407407406
0 0.6055018137847642 0.199537037037037 0.03688029020556228 0.13796296296296295
0 0.5683192261185006 0.19537037037037036 0.036275695284159616 0.13333333333333333
0 0.6472188633615479 0.21018518518518517 0.03325272067714632 0.11666666666666667
0 0.6723095525997581 0.225 0.030229746070133016 0.10185185185185185
0 0.6961910519951634 0.21944444444444444 0.046553808948004836 0.13518518518518519
0 0.7569528415961306 0.2791666666666667 0.03990326481257558 0.1324074074074074
0 0.7832527206771465 0.2754629629629629 0.030834340991535675 0.12129629629629629
0 0.8107617896009673 0.3634259259259259 0.04353083434099154 0.14537037037037034
0 0.30320435308343413 0.18055555555555552 0.039298669891172915 0.12962962962962962
0 0.3588270858524789 0.18935185185185185 0.03688029020556228 0.12685185185185185
0 0.3863361547762999 0.21203703703703702 0.036275695284159616 0.13518518518518519
0 0.34643288996372434 0.22083333333333333 0.03748488512696494 0.12685185185185185
0 0.22914147521160827 0.25833333333333336 0.036275695284159616 0.14259259259259258
0 0.2605804111245466 0.2819444444444444 0.036275695284159616 0.14907407407407408
0 0.27841596130592505 0.3032407407407407 0.028415961305925032 0.08796296296296297
0 0.5471584038694075 0.4356481481481482 0.03869407496977026 0.14166666666666666
0 0.1626360338573156 0.18287037037037035 0.03748488512696494 0.12314814814814815
0 0.08645707376058043 0.18101851851851852 0.04594921402660218 0.11574074074074073
0 0.03839177750906893 0.27824074074074073 0.041717049576783564 0.14351851851851852
0 0.050483675937122136 0.2967592592592593 0.046553808948004836 0.1398148148148148
0 0.16172914147521164 0.3592592592592593 0.046553808948004836 0.15185185185185185
0 0.0761789600967352 0.6694444444444444 0.04353083434099154 0.1685185185185185
0 0.08948004836759373 0.625462962962963 0.03990326481257558 0.16018518518518518
0 0.11638452237001211 0.6101851851851852 0.0380894800483676 0.14814814814814817
0 0.18591293833131803 0.9337962962962963 0.046553808948004836 0.13425925925925924
0 0.18863361547763002 0.8953703703703704 0.07496977025392988 0.1685185185185185
0 0.21614268440145107 0.8759259259259259 0.0441354292623942 0.14629629629629629
0 0.04050785973397824 0.7194444444444444 0.03143893591293833 0.11296296296296296
0 0.6659613059250303 0.09583333333333334 0.03688029020556228 0.10833333333333334
0 0.02750906892382104 0.7273148148148147 0.053808948004836765 0.17314814814814813
0 0.011185006045949216 0.4388888888888889 0.02116082224909311 0.10555555555555556
0 0.009371221281741235 0.350462962962963 0.01753325272067715 0.09351851851851851
0 0.7240024183796856 0.0962962962962963 0.034461910519951636 0.12962962962962962
0 0.4619105199516324 0.049999999999999996 0.03143893591293833 0.09814814814814814
0 0.45677146311970984 0.09444444444444443 0.041717049576783564 0.12222222222222222
0 0.6384522370012092 0.07499999999999998 0.03990326481257558 0.14629629629629629
0 0.24183796856106413 0.587962962962963 0.041112454655380895 0.15925925925925927
0 0.24304715840386942 0.5629629629629629 0.03748488512696494 0.14629629629629629
0 0.15084643288996372 0.5814814814814814 0.0441354292623942 0.14814814814814817
0 0.19921402660217655 0.5888888888888889 0.041717049576783564 0.14444444444444443
0 0.2137243047158404 0.5398148148148147 0.039298669891172915 0.14814814814814817
0 0.16384522370012092 0.5699074074074074 0.04474002418379686 0.1398148148148148
0 0.5922007255139058 0.5546296296296297 0.046553808948004836 0.15555555555555553
0 0.3963119709794438 0.2388888888888889 0.032043530834341 0.12962962962962962
0 0.41898428053204356 0.24537037037037035 0.032648125755743655 0.12962962962962962
0 0.6073155985489722 0.5328703703703703 0.035671100362756954 0.14907407407407408
0 0.7164449818621524 0.799074074074074 0.04353083434099154 0.14259259259259258
0 0.8742442563482468 0.611111111111111 0.04353083434099154 0.14259259259259258
0 0.7070737605804112 0.7726851851851851 0.039298669891172915 0.13796296296296295
0 0.40356711003627577 0.4412037037037037 0.027206771463119714 0.11203703703703702
0 0.7255139056831923 0.38009259259259254 0.03990326481257558 0.11574074074074073
0 0.7702539298669892 0.38240740740740736 0.04232164449818622 0.13518518518518519
0 0.2817412333736397 0.3787037037037037 0.04232164449818622 0.14074074074074075
0 0.2596735187424426 0.3939814814814815 0.034461910519951636 0.13796296296296295
0 0.5559250302297462 0.5060185185185184 0.032043530834341 0.12685185185185185
0 0.24848851269649336 0.9796296296296296 0.03990326481257558 0.04259259259259259
0 0.4809552599758163 0.9754629629629629 0.039298669891172915 0.04907407407407407
0 0.4933494558645708 0.6754629629629628 0.0350665054413543 0.14907407407407408
0 0.4930471584038695 0.6824074074074074 0.041717049576783564 0.1685185185185185
0 0.20858524788391777 0.7458333333333333 0.048367593712212824 0.1787037037037037
0 0.18802902055622736 0.7101851851851851 0.041112454655380895 0.17407407407407408
0 0.21704957678355505 0.6953703703703703 0.04474002418379686 0.1574074074074074
0 0.5290205562273277 0.8217592592592592 0.04474002418379686 0.1824074074074074
0 0.44921402660217663 0.8726851851851851 0.04474002418379686 0.16018518518518518
0 0.5377871825876663 0.587962962962963 0.039298669891172915 0.15925925925925927
0 0.5719467956469166 0.7555555555555554 0.05320435308343411 0.16296296296296295
0 0.32769044740024184 0.7810185185185184 0.047158403869407506 0.16018518518518518
0 0.46432889963724305 0.4851851851851851 0.05925030229746071 0.14814814814814817
0 0.5571342200725515 0.5199074074074074 0.039298669891172915 0.1324074074074074
0 0.5353688029020557 0.5148148148148147 0.029625151148730353 0.1074074074074074
0 0.564087061668682 0.6217592592592591 0.04232164449818622 0.15462962962962962
0 0.882708585247884 0.3138888888888889 0.03143893591293833 0.12962962962962962
0 0.8727327690447402 0.2856481481481481 0.032043530834341 0.12685185185185185
0 0.8434099153567111 0.29259259259259257 0.0350665054413543 0.12962962962962962
0 0.502720677146312 0.8685185185185185 0.05139056831922612 0.18518518518518517
0 0.3639661426844015 0.4888888888888889 0.03748488512696494 0.12962962962962962
0 0.21644498186215239 0.46851851851851845 0.03748488512696494 0.15185185185185185
0 0.24365175332527209 0.49351851851851847 0.03990326481257558 0.15185185185185185
0 0.2886940749697703 0.4171296296296296 0.041717049576783564 0.14907407407407408
0 0.3591293833131802 0.4314814814814814 0.04232164449818622 0.15185185185185185
0 0.4894195888754535 0.4282407407407407 0.032043530834341 0.12129629629629629
0 0.07255139056831925 0.16064814814814815 0.03990326481257558 0.12685185185185185
0 0.37545344619105203 0.7203703703703703 0.03748488512696494 0.1574074074074074
0 0.39721886336154777 0.7731481481481481 0.05199516324062878 0.1648148148148148
0 0.41565900846432896 0.7402777777777777 0.041717049576783564 0.17129629629629628
0 0.36940749697702546 0.7388888888888888 0.03990326481257558 0.17407407407407408
0 0.19800483675937122 0.17731481481481481 0.032043530834341 0.13425925925925924
0 0.7200725513905684 0.1685185185185185 0.04594921402660218 0.137037037037037
0 0.14389359129383314 0.29212962962962963 0.03869407496977026 0.14907407407407408
0 0.06378476420798067 0.21481481481481482 0.029625151148730353 0.13148148148148148
0 0.08313180169286578 0.2208333333333333 0.034461910519951636 0.1324074074074074
0 0.007557436517533254 0.9050925925925927 0.013905683192261186 0.18425925925925926
0 0.003325272067714632 0.21157407407407408 0.005441354292623942 0.12685185185185185
0 0.10792019347037486 0.29259259259259257 0.04050785973397824 0.14629629629629629
0 0.8509673518742444 0.3060185185185185 0.035671100362756954 0.13425925925925924
0 0.23428053204353086 0.45972222222222214 0.03688029020556228 0.14351851851851852
0 0.5474607013301088 0.7134259259259259 0.048972188633615486 0.14351851851851852
0 0.14540507859733978 0.8657407407407407 0.062273276904474005 0.18148148148148147
0 0.20707376058041116 0.8333333333333333 0.04776299879081017 0.1722222222222222
0 0.6816807738814995 0.6953703703703703 0.05139056831922612 0.14814814814814817
0 0.2037484885126965 0.44537037037037036 0.03748488512696494 0.14074074074074075
0 0.256348246674728 0.46296296296296297 0.04594921402660218 0.14259259259259258
0 0.4740024183796856 0.5453703703703704 0.036275695284159616 0.137037037037037
0 0.46402660217654174 0.5175925925925926 0.050181378476420804 0.13518518518518519
0 0.41958887545344625 0.399537037037037 0.04232164449818622 0.14351851851851852
0 0.3346432889963725 0.40833333333333327 0.034461910519951636 0.14074074074074075
0 0.3062273276904474 0.6425925925925925 0.05501813784764208 0.14814814814814817
0 0.46977025392986704 0.4166666666666667 0.032648125755743655 0.14629629629629629
0 0.49183796856106415 0.39259259259259255 0.034461910519951636 0.14074074074074075
0 0.5148125755743652 0.6412037037037037 0.03688029020556228 0.16574074074074074
0 0.3948004836759372 0.6296296296296295 0.03748488512696494 0.1537037037037037
0 0.3669891172914148 0.5407407407407407 0.04474002418379686 0.13518518518518519
0 0.36729141475211613 0.5148148148148147 0.03688029020556228 0.13518518518518519
0 0.08796856106408707 0.2884259259259259 0.032043530834341 0.12314814814814815
0 0.9812575574365177 0.9824074074074074 0.03143893591293833 0.03703703703703704
0 0.4474002418379686 0.44861111111111107 0.030229746070133016 0.11574074074074073
0 0.4978839177750907 0.46481481481481474 0.032043530834341 0.11851851851851851
0 0.2666263603385732 0.9291666666666667 0.048367593712212824 0.14166666666666666
0 0.7442563482466747 0.07083333333333333 0.0350665054413543 0.12129629629629629
0 0.3201330108827086 0.4375 0.046553808948004836 0.15833333333333333
0 0.7732769044740024 0.08055555555555555 0.02539298669891173 0.11296296296296296
0 0.4180773881499396 0.01574074074074074 0.02237001209189843 0.029629629629629627
0 0.9032648125755744 0.19814814814814816 0.04474002418379686 0.12962962962962962
0 0.7793228536880291 0.062037037037037036 0.027811366384522373 0.11296296296296296
0 0.5516928657799275 0.032407407407407406 0.035671100362756954 0.06296296296296296
0 0.6883313180169287 0.031018518518518515 0.029625151148730353 0.06018518518518518
0 0.9894195888754536 0.0449074074074074 0.01874244256348247 0.08796296296296297
0 0.74093107617896 0.05046296296296295 0.029625151148730353 0.09907407407407406
