0 0.34975816203143895 0.8268518518518518 0.0441354292623942 0.1722222222222222
0 0.31620314389359133 0.8763888888888888 0.048367593712212824 0.16203703703703703
0 0.6420798065296253 0.8013888888888889 0.04957678355501814 0.17685185185185184
0 0.3591293833131802 0.5731481481481481 0.04232164449818622 0.14259259259259258
0 0.32980652962515117 0.586111111111111 0.041717049576783564 0.14629629629629629
0 0.06711003627569528 0.5564814814814815 0.04594921402660218 0.15185185185185185
0 0.07496977025392988 0.7050925925925926 0.05441354292623943 0.1675925925925926
0 0.10852478839177752 0.7175925925925927 0.046553808948004836 0.1925925925925926
0 0.6901451027811367 0.43425925925925923 0.03688029020556228 0.16666666666666666
0 0.6581015719467957 0.44259259259259254 0.046553808948004836 0.15925925925925927
0 0.6810761789600968 0.48981481481481476 0.041717049576783564 0.1611111111111111
0 0.7678355501813785 0.7416666666666667 0.041112454655380895 0.1537037037037037
0 0.755441354292624 0.7787037037037036 0.05501813784764208 0.15555555555555553
0 0.3663845223700121 0.2847222222222222 0.03748488512696494 0.1361111111111111
0 0.31620314389359133 0.30787037037037035 0.0350665054413543 0.13055555555555556
0 0.40991535671100365 0.28703703703703703 0.03748488512696494 0.13518518518518519
0 0.39600967351874244 0.3055555555555555 0.041112454655380895 0.14074074074074075
0 0.3152962515114873 0.7212962962962962 0.039298669891172915 0.16296296296296295
0 0.44528415961305934 0.6421296296296296 0.039298669891172915 0.16018518518518518
0 0.4540507859733979 0.6643518518518517 0.04353083434099154 0.14907407407407408
0 0.2941354292623942 0.7495370370370369 0.041717049576783564 0.18055555555555552
0 0.32194679564691664 0.324537037037037 0.0441354292623942 0.13796296296296295
0 0.6333131801692866 0.9097222222222221 0.046553808948004836 0.1787037037037037
0 0.7061668681983072 0.8912037037037037 0.047158403869407506 0.16944444444444443
0 0.6789600967351874 0.8518518518518517 0.04232164449818622 0.16296296296296295
0 0.9470979443772672 0.7518518518518519 0.05622732769044741 0.1611111111111111
0 0.9008464328899639 0.7106481481481481 0.05199516324062878 0.15277777777777776
0 0.9761185006045949 0.7 0.0441354292623942 0.1685185185185185
0 0.8742442563482468 0.9074074074074073 0.05320435308343411 0.1685185185185185
0 0.9159613059250303 0.9069444444444444 0.04594921402660218 0.16944444444444443
0 0.7602781136638453 0.060648148148148145 0.029625151148730353 0.10833333333333334
0 0.8310157194679566 0.9152777777777777 0.04534461910519952 0.15092592592592594
0 0.7790205562273278 0.8856481481481481 0.05139056831922612 0.18425925925925926
0 0.8137847642079807 0.4935185185185185 0.03748488512696494 0.14629629629629629
0 0.8639661426844015 0.5212962962962963 0.047158403869407506 0.16296296296296295
0 0.8636638452237002 0.4587962962962963 0.029625151148730353 0.10462962962962963
0 0.880894800483676 0.4712962962962963 0.03385731559854897 0.11851851851851851
0 0.4664449818621524 0.9425925925925925 0.048972188633615486 0.1148148148148148
0 0.7155380894800485 0.9810185185185184 0.034461910519951636 0.03981481481481482
0 0.1553808948004837 0.1273148148148148 0.0350665054413543 0.12685185185185185
0 0.13210399032648126 0.2375 0.04292623941958888 0.16018518518518518
0 0.20707376058041116 0.15231481481481482 0.0380894800483676 0.12685185185185185
0 0.6015719467956471 0.08842592592592592 0.036275695284159616 0.12314814814814815
0 0.6311970979443773 0.09444444444444443 0.032648125755743655 0.11851851851851851
0 0.37666263603385736 0.13148148148148145 0.036275695284159616 0.1074074074074074
0 0.3630592503022975 0.19907407407407404 0.034461910519951636 0.137037037037037
0 0.45798065296251517 0.16018518518518518 0.034461910519951636 0.12962962962962962
0 0.5220677146311972 0.1175925925925926 0.034461910519951636 0.14259259259259258
0 0.4721886336154777 0.1236111111111111 0.032648125755743655 0.12314814814814815
0 0.5287182587666265 0.16296296296296295 0.039298669891172915 0.12407407407407406
0 0.5909915356711004 0.11296296296296295 0.03688029020556228 0.12037037037037036
0 0.6269649334945586 0.11064814814814813 0.04232164449818622 0.12685185185185185
0 0.673821039903265 0.12268518518518517 0.04050785973397824 0.12314814814814815
0 0.7088875453446192 0.09537037037037036 0.03325272067714632 0.11296296296296296
0 0.7291414752116083 0.10092592592592592 0.03385731559854897 0.12962962962962962
0 0.761789600967352 0.22314814814814815 0.04474002418379686 0.13148148148148148
0 0.8672914147521161 0.2685185185185185 0.034461910519951636 0.11296296296296296
0 0.8932889963724305 0.25601851851851853 0.034461910519951636 0.13425925925925924
0 0.9661426844014511 0.18425925925925926 0.032648125755743655 0.12407407407407406
0 0.9035671100362758 0.22129629629629627 0.034461910519951636 0.12962962962962962
0 0.9634220072551392 0.23425925925925922 0.039298669891172915 0.14074074074074075
0 0.9467956469165659 0.312962962962963 0.041112454655380895 0.14814814814814817
0 0.9126360338573157 0.3148148148148148 0.041717049576783564 0.1574074074074074
0 0.7787182587666264 0.29907407407407405 0.030229746070133016 0.09814814814814814
0 0.8035066505441355 0.2791666666666667 0.03748488512696494 0.12870370370370368
0 0.8204353083434099 0.28703703703703703 0.02902055622732769 0.10370370370370369
0 0.9891172914147522 0.2236111111111111 0.020556227327690448 0.14537037037037034
0 0.9017533252720678 0.38564814814814813 0.05139056831922612 0.13796296296296295
0 0.9464933494558646 0.39444444444444443 0.041717049576783564 0.1574074074074074
0 0.9516324062877873 0.3759259259259259 0.041112454655380895 0.14629629629629629
0 0.9800483675937123 0.3699074074074074 0.03748488512696494 0.15462962962962962
0 0.9794437726723096 0.3976851851851852 0.03990326481257558 0.14537037037037034
0 0.9897218863361549 0.4300925925925926 0.020556227327690448 0.13425925925925924
0 0.920193470374849 0.45046296296296295 0.04594921402660218 0.15092592592592594
0 0.9262394195888756 0.5134259259259258 0.04594921402660218 0.14907407407407408
0 0.6055018137847642 0.2736111111111111 0.039298669891172915 0.1324074074074074
0 0.6405683192261186 0.28703703703703703 0.039298669891172915 0.15185185185185185
0 0.7321644498186216 0.2699074074074074 0.03143893591293833 0.12129629629629629
0 0.7155380894800485 0.26805555555555555 0.034461910519951636 0.12685185185185185
0 0.6463119709794438 0.3569444444444444 0.03869407496977026 0.14907407407407408
0 0.6181983071342202 0.34675925925925927 0.03688029020556228 0.14351851851851852
0 0.6472188633615479 0.33287037037037037 0.029625151148730353 0.11018518518518518
0 0.6644498186215236 0.34259259259259256 0.030229746070133016 0.1074074074074074
0 0.69316807738815 0.3412037037037037 0.0441354292623942 0.1324074074074074
0 0.8422007255139058 0.3680555555555555 0.03869407496977026 0.1324074074074074
0 0.8639661426844015 0.36296296296296293 0.03385731559854897 0.12407407407407406
0 0.7726723095525998 0.5398148148148147 0.047158403869407506 0.15
0 0.17533252720677148 0.3074074074074074 0.04232164449818622 0.13888888888888887
0 0.21221281741233378 0.30277777777777776 0.04232164449818622 0.137037037037037
0 0.2227932285368803 0.35787037037037034 0.03688029020556228 0.15277777777777776
0 0.18561064087061668 0.3601851851851851 0.041112454655380895 0.13518518518518519
0 0.09159613059250304 0.44259259259259254 0.041717049576783564 0.1574074074074074
0 0.11396614268440146 0.4643518518518518 0.04050785973397824 0.16018518518518518
0 0.1423821039903265 0.48935185185185176 0.032043530834341 0.09907407407407406
0 0.4679564691656591 0.624537037037037 0.04353083434099154 0.16574074074074074
0 0.1333131801692866 0.1935185185185185 0.035671100362756954 0.12407407407407406
0 0.08162031438935913 0.1949074074074074 0.041112454655380895 0.11388888888888889
0 0.11517533252720678 0.55 0.04776299879081017 0.1574074074074074
0 0.2762998790810158 0.6611111111111111 0.04353083434099154 0.16296296296296295
0 0.2690447400241838 0.6319444444444444 0.03990326481257558 0.16574074074074074
0 0.3304111245465538 0.6467592592592593 0.04292623941958888 0.14351851851851852
0 0.5196493349455865 0.812037037037037 0.041717049576783564 0.14814814814814817
0 0.5247883917775091 0.775 0.055622732769044746 0.15925925925925927
0 0.5353688029020557 0.7569444444444444 0.041717049576783564 0.13796296296296295
0 0.2974607013301089 0.8351851851851851 0.027811366384522373 0.1074074074074074
0 0.5598548972188634 0.2611111111111111 0.03990326481257558 0.11851851851851851
0 0.2932285368802902 0.8398148148148148 0.05320435308343411 0.1685185185185185
0 0.7732769044740024 0.20277777777777778 0.0350665054413543 0.13333333333333333
0 0.4047762998790811 0.1421296296296296 0.039298669891172915 0.1324074074074074
0 0.3331318016928658 0.20231481481481478 0.04474002418379686 0.12685185185185185
0 0.5405078597339783 0.22499999999999998 0.04353083434099154 0.15555555555555553
0 0.2388149939540508 0.5962962962962962 0.04353083434099154 0.1537037037037037
0 0.24244256348246676 0.5666666666666667 0.03748488512696494 0.14629629629629629
0 0.10852478839177751 0.7773148148148148 0.053808948004836765 0.16018518518518518
0 0.19891172914147523 0.5972222222222221 0.04232164449818622 0.14629629629629629
0 0.21432889963724305 0.5412037037037037 0.039298669891172915 0.14907407407407408
0 0.18016928657799275 0.5587962962962962 0.047158403869407506 0.15462962962962962
0 0.4975816203143894 0.5819444444444444 0.03990326481257558 0.16018518518518518
0 0.3941958887545345 0.24722222222222223 0.030229746070133016 0.12962962962962962
0 0.4132406287787183 0.2513888888888889 0.032043530834341 0.12685185185185185
0 0.5332527206771464 0.5592592592592591 0.036275695284159616 0.14629629629629629
0 0.7097944377267231 0.9337962962962962 0.03869407496977026 0.1324074074074074
0 0.9038694074969771 0.798611111111111 0.048367593712212824 0.16018518518518518
0 0.6759371221281741 0.9296296296296295 0.03869407496977026 0.14074074074074075
0 0.40507859733978235 0.4388888888888889 0.032648125755743655 0.11296296296296296
0 0.7221886336154776 0.38749999999999996 0.039298669891172915 0.11574074074074073
0 0.7672309552599759 0.3898148148148148 0.04232164449818622 0.13518518518518519
0 0.2805320435308344 0.38564814814814813 0.04474002418379686 0.13796296296296295
0 0.25725513905683195 0.399537037037037 0.034461910519951636 0.13796296296296295
0 0.5519951632406288 0.5115740740740741 0.032648125755743655 0.12685185185185185
0 0.2557436517533253 0.9777777777777776 0.03990326481257558 0.046296296296296294
0 0.471584038694075 0.9819444444444443 0.03869407496977026 0.03796296296296296
0 0.4933494558645708 0.6833333333333333 0.0350665054413543 0.15185185185185185
0 0.48760580411124554 0.6888888888888888 0.041717049576783564 0.17037037037037037
0 0.20495767835550183 0.7537037037037037 0.04594921402660218 0.17407407407407408
0 0.18500604594921402 0.7194444444444444 0.041112454655380895 0.17407407407407408
0 0.2113059250302298 0.7027777777777777 0.0441354292623942 0.1574074074074074
0 0.5259975816203144 0.8296296296296295 0.04474002418379686 0.1796296296296296
0 0.44407496977025396 0.8805555555555554 0.048972188633615486 0.1574074074074074
0 0.5377871825876663 0.5935185185185184 0.0441354292623942 0.1574074074074074
0 0.5281136638452237 0.9078703703703703 0.05622732769044741 0.17314814814814813
0 0.32769044740024184 0.7782407407407406 0.04594921402660218 0.17129629629629628
0 0.4616082224909311 0.4921296296296296 0.05622732769044741 0.14907407407407408
0 0.5532043530834342 0.524537037037037 0.03990326481257558 0.1324074074074074
0 0.5308343409915357 0.5231481481481481 0.030229746070133016 0.1074074074074074
0 0.5483675937122128 0.624074074074074 0.041112454655380895 0.1537037037037037
0 0.8793833131801695 0.32083333333333336 0.032043530834341 0.1324074074074074
0 0.8718258766626361 0.2912037037037037 0.032648125755743655 0.12685185185185185
0 0.8455259975816204 0.2921296296296296 0.032043530834341 0.12314814814814815
0 0.49909310761789605 0.8712962962962962 0.046553808948004836 0.19074074074074074
0 0.3612454655380895 0.49027777777777776 0.03688029020556228 0.13425925925925924
0 0.2107013301088271 0.4703703703703704 0.03688029020556228 0.15185185185185185
0 0.24365175332527209 0.49351851851851847 0.03990326481257558 0.1574074074074074
0 0.3273881499395405 0.4046296296296296 0.039298669891172915 0.14814814814814817
0 0.3240628778718259 0.44861111111111107 0.03990326481257558 0.15648148148148147
0 0.48367593712212825 0.4375 0.027811366384522373 0.12129629629629629
0 0.061970979443772674 0.16898148148148148 0.034461910519951636 0.125
0 0.3706166868198308 0.7203703703703703 0.03748488512696494 0.1574074074074074
0 0.3948004836759372 0.7842592592592592 0.05320435308343411 0.15555555555555553
0 0.412031438935913 0.7476851851851851 0.04534461910519952 0.17129629629629628
0 0.36366384522370016 0.7407407407407407 0.039298669891172915 0.17407407407407408
0 0.20042321644498187 0.18796296296296294 0.034461910519951636 0.13148148148148148
0 0.7197702539298669 0.1773148148148148 0.034461910519951636 0.1324074074074074
0 0.019649334945586457 0.4037037037037037 0.0380894800483676 0.15925925925925927
0 0.0063482466747279325 0.9101851851851851 0.011487303506650545 0.18148148148148147
0 0.003929866989117292 0.24305555555555552 0.006650544135429264 0.12685185185185185
0 0.005139056831922612 0.4 0.009068923821039904 0.14629629629629629
0 0.8452237001209191 0.312962962962963 0.03748488512696494 0.137037037037037
0 0.2388149939540508 0.46527777777777773 0.03748488512696494 0.14351851851851852
0 0.4685610640870617 0.7486111111111111 0.04474002418379686 0.15462962962962962
0 0.01844014510278114 0.9685185185185184 0.035671100362756954 0.06481481481481481
0 0.6844014510278115 0.7074074074074074 0.05441354292623943 0.14814814814814817
0 0.20193470374848854 0.45555555555555555 0.03748488512696494 0.14074074074074075
0 0.2629987908101572 0.4560185185185185 0.05441354292623943 0.15092592592592594
0 0.47067714631197105 0.5513888888888888 0.039298669891172915 0.13796296296296295
0 0.4594921402660218 0.5222222222222221 0.04957678355501814 0.13518518518518519
0 0.4141475211608223 0.4087962962962963 0.04232164449818622 0.14351851851851852
0 0.28718258766626364 0.5412037037037037 0.0350665054413543 0.15092592592592594
0 0.2357920193470375 0.773611111111111 0.056831922611850064 0.15462962962962962
0 0.4721886336154777 0.42546296296296293 0.032648125755743655 0.14907407407407408
0 0.4900241837968562 0.3981481481481481 0.034461910519951636 0.14074074074074075
0 0.503627569528416 0.6351851851851851 0.04232164449818622 0.1574074074074074
0 0.39056831922611857 0.6337962962962963 0.03748488512696494 0.14907407407407408
0 0.36668681983071344 0.549537037037037 0.04050785973397824 0.1361111111111111
0 0.3639661426844015 0.524074074074074 0.03748488512696494 0.13518518518518519
0 0.44467956469165665 0.45509259259259255 0.029625151148730353 0.11574074074074073
0 0.4957678355501814 0.46851851851851845 0.032648125755743655 0.11851851851851851
0 0.26178960096735193 0.9296296296296295 0.05078597339782346 0.14074074074074075
0 0.74093107617896 0.07685185185185185 0.034461910519951636 0.11851851851851851
0 0.2899032648125756 0.5787037037037037 0.046553808948004836 0.16296296296296295
0 0.7699516324062878 0.08888888888888888 0.02478839177750907 0.11296296296296296
0 0.046251511487303505 0.9902777777777777 0.030834340991535675 0.01944444444444444
0 0.989721886336155 0.04166666666666666 0.018137847642079808 0.08148148148148147
0 0.6493349455864572 0.10277777777777777 0.027811366384522373 0.08703703703703704
0 0.989721886336155 0.06157407407407407 0.018137847642079808 0.12129629629629629
0 0.9217049576783555 0.02824074074074074 0.034461910519951636 0.054629629629629625
0 0.9561668681983072 0.06759259259259259 0.041717049576783564 0.12777777777777777
0 0.9800483675937123 0.07592592592592592 0.03748488512696494 0.12407407407407406
0 0.9195888754534463 0.07453703703703703 0.03385731559854897 0.11944444444444444
0 0.9452841596130594 0.08703703703703704 0.04050785973397824 0.1259259259259259
0 0.921100362756953 0.0537037037037037 0.034461910519951636 0.10555555555555556
0 0.918379685610641 0.09351851851851851 0.03869407496977026 0.1259259259259259
0 0.9873035066505442 0.3097222222222222 0.024183796856106412 0.12685185185185185
0 0.9087061668681984 0.34675925925925927 0.04474002418379686 0.13425925925925924
0 0.7762998790810158 0.07037037037037037 0.027811366384522373 0.11296296296296296
0 0.6989117291414751 0.02037037037037037 0.030229746070133016 0.03888888888888888
0 0.7128174123337365 0.05046296296296295 0.03748488512696494 0.09907407407407406
0 0.6762394195888755 0.06527777777777778 0.034461910519951636 0.12685185185185185
0 0.7487908101571947 0.03703703703703703 0.034461910519951636 0.07222222222222222
0 0.6608222490931077 0.017129629629629627 0.032648125755743655 0.032407407407407406
0 0.6819830713422007 0.020833333333333332 0.030229746070133016 0.03981481481481482
0 0.5541112454655381 0.11944444444444444 0.041717049576783564 0.12962962962962962
0 0.7067714631197098 0.1111111111111111 0.0350665054413543 0.12407407407407406
0 0.1765417170495768 0.014814814814814814 0.032648125755743655 0.027777777777777776
0 0.13573155985489724 0.016666666666666666 0.029625151148730353 0.03148148148148148
0 0.677750906892382 0.04305555555555555 0.0350665054413543 0.08425925925925926
0 0.5154171704957679 0.033796296296296297 0.029625151148730353 0.06574074074074074
0 0.5296251511487304 0.03657407407407407 0.03143893591293833 0.07129629629629629
0 0.16747279322853692 0.04629629629629629 0.0350665054413543 0.09074074074074073
0 0.13422007255139057 0.04953703703703703 0.03748488512696494 0.09722222222222222
0 0.6668681983071343 0.027314814814814813 0.032648125755743655 0.05277777777777778
0 0.7128174123337365 0.03888888888888888 0.032648125755743655 0.07592592592592592
0 0.6590084643288997 0.05648148148148147 0.032648125755743655 0.1111111111111111
0 0.6314993954050786 0.05555555555555555 0.034461910519951636 0.10925925925925925
0 0.49486094316807744 0.075 0.028415961305925032 0.10925925925925925
0 0.4727932285368804 0.0611111111111111 0.032648125755743655 0.12037037037037036
0 0.3201330108827086 0.047222222222222214 0.034461910519951636 0.09259259259259259
0 0.27902055622732774 0.03333333333333333 0.032043530834341 0.06481481481481481
0 0.31590084643289 0.027314814814814813 0.02478839177750907 0.05277777777777778
0 0.977932285368803 0.06157407407407407 0.034461910519951636 0.12129629629629629
0 0.7345828295042323 0.05462962962962962 0.030229746070133016 0.1074074074074074
