0 0.017835550181378477 0.5791666666666667 0.034461910519951636 0.13796296296296295
0 0.43561064087061674 0.15 0.041717049576783564 0.13518518518518519
0 0.1233373639661427 0.1148148148148148 0.04353083434099154 0.11851851851851851
0 0.08403869407496979 0.10370370370370369 0.04232164449818622 0.13518518518518519
0 0.13724304715840388 0.08194444444444443 0.036275695284159616 0.1324074074074074
0 0.05804111245465538 0.058796296296296284 0.03990326481257558 0.11574074074074073
0 0.13724304715840388 0.02824074074074074 0.030229746070133016 0.054629629629629625
0 0.10157194679564692 0.02824074074074074 0.030229746070133016 0.054629629629629625
0 0.49093107617896015 0.07222222222222222 0.03385731559854897 0.12037037037037036
0 0.4616082224909311 0.06666666666666667 0.035671100362756954 0.1148148148148148
0 0.3567110036275696 0.018055555555555554 0.03748488512696494 0.03425925925925925
0 0.37696493349455873 0.018055555555555554 0.03688029020556228 0.03425925925925925
0 0.3948004836759372 0.013888888888888888 0.032648125755743655 0.02592592592592592
0 0.4863966142684402 0.05555555555555555 0.039298669891172915 0.10925925925925925
0 0.5205562273276905 0.05231481481481481 0.03869407496977026 0.10277777777777777
0 0.6145707376058042 0.021296296296296296 0.032043530834341 0.04074074074074074
0 0.6856106408706167 0.03194444444444444 0.03748488512696494 0.06203703703703703
0 0.7094921402660218 0.03749999999999999 0.034461910519951636 0.07314814814814814
0 0.721584038694075 0.16898148148148145 0.0380894800483676 0.13055555555555556
0 0.6127569528415961 0.1310185185185185 0.039298669891172915 0.1398148148148148
0 0.6910519951632408 0.12916666666666668 0.036275695284159616 0.12129629629629629
0 0.6381499395405079 0.09583333333333334 0.03688029020556228 0.12129629629629629
0 0.6082224909310762 0.04953703703703703 0.032648125755743655 0.09722222222222222
0 0.5822249093107619 0.05509259259259259 0.03990326481257558 0.10833333333333334
0 0.7306529625151149 0.04166666666666666 0.034461910519951636 0.08148148148148147
0 0.7490931076178962 0.06898148148148148 0.036275695284159616 0.12314814814814815
0 0.718863361547763 0.06388888888888888 0.03990326481257558 0.11851851851851851
0 0.7010278113663846 0.05185185185185184 0.03688029020556228 0.10185185185185185
0 0.782950423216445 0.03611111111111111 0.0350665054413543 0.07037037037037037
0 0.9480048367593712 0.04212962962962962 0.03990326481257558 0.0824074074074074
0 0.9679564691656593 0.03749999999999999 0.03143893591293833 0.07314814814814814
0 0.9307738814993954 0.15833333333333333 0.039298669891172915 0.12962962962962962
0 0.9703748488512697 0.1773148148148148 0.03748488512696494 0.1324074074074074
0 0.9794437726723096 0.5731481481481481 0.03869407496977026 0.1537037037037037
0 0.3833131801692866 0.9805555555555555 0.03990326481257558 0.04074074074074074
0 0.4286577992744861 0.924074074074074 0.04957678355501814 0.15185185185185185
0 0.13573155985489724 0.6050925925925925 0.041717049576783564 0.15462962962962962
0 0.1874244256348247 0.6032407407407407 0.03990326481257558 0.14537037037037034
0 0.16686819830713423 0.5652777777777778 0.03748488512696494 0.13796296296296295
0 0.21130592503022977 0.5671296296296297 0.039298669891172915 0.14907407407407408
0 0.19588875453446195 0.5083333333333333 0.0350665054413543 0.13518518518518519
0 0.17019347037484886 0.5101851851851851 0.039298669891172915 0.13518518518518519
0 0.012091898428053204 0.27777777777777773 0.02297460701330109 0.137037037037037
0 0.06892382103990327 0.1537037037037037 0.0350665054413543 0.14074074074074075
0 0.10580411124546556 0.16527777777777777 0.04353083434099154 0.14537037037037034
0 0.7116082224909311 0.5671296296296297 0.048367593712212824 0.1824074074074074
0 0.4395405078597341 0.21805555555555553 0.0350665054413543 0.1324074074074074
0 0.412031438935913 0.20833333333333334 0.034461910519951636 0.13148148148148148
0 0.4322853688029021 0.21435185185185185 0.0350665054413543 0.1324074074074074
0 0.412938331318017 0.2287037037037037 0.04957678355501814 0.14074074074074075
0 0.08343409915356713 0.38240740740740736 0.048367593712212824 0.14629629629629629
0 0.058645707376058044 0.36944444444444446 0.041112454655380895 0.14629629629629629
0 0.14147521160822252 0.3347222222222222 0.0350665054413543 0.13796296296296295
0 0.16868198307134222 0.33888888888888885 0.047158403869407506 0.1574074074074074
0 0.3282950423216445 0.23055555555555554 0.03990326481257558 0.12407407407407406
0 0.31499395405078595 0.3976851851851852 0.03748488512696494 0.125
0 0.34975816203143895 0.2828703703703704 0.046553808948004836 0.14166666666666666
0 0.33403869407496983 0.36064814814814816 0.041717049576783564 0.15092592592592594
0 0.33857315598548976 0.38611111111111107 0.04594921402660218 0.1685185185185185
0 0.35519951632406294 0.22824074074074072 0.039298669891172915 0.13796296296296295
0 0.4365175332527207 0.2828703703703704 0.041112454655380895 0.1361111111111111
0 0.3252720677146312 0.18564814814814815 0.036275695284159616 0.12685185185185185
0 0.3446191051995164 0.1935185185185185 0.03748488512696494 0.13148148148148148
0 0.6934703748488514 0.538425925925926 0.04957678355501814 0.15277777777777776
0 0.6587061668681984 0.48379629629629634 0.046553808948004836 0.17129629629629628
0 0.7324667472793229 0.4824074074074074 0.0441354292623942 0.1796296296296296
0 0.7445586457073761 0.4185185185185185 0.0441354292623942 0.16296296296296295
0 0.7877871825876664 0.47453703703703703 0.05199516324062878 0.1787037037037037
0 0.45253929866989123 0.1662037037037037 0.03688029020556228 0.1324074074074074
0 0.7010278113663845 0.16388888888888886 0.034461910519951636 0.11296296296296296
0 0.7019347037484885 0.2421296296296296 0.03385731559854897 0.12129629629629629
0 0.8775695284159615 0.36203703703703705 0.032043530834341 0.11851851851851851
0 0.8972188633615479 0.44814814814814813 0.055622732769044746 0.14629629629629629
0 0.9730955259975818 0.4601851851851852 0.050181378476420804 0.17037037037037037
0 0.8621523579201935 0.4259259259259259 0.05320435308343411 0.14074074074074075
0 0.9703748488512697 0.2472222222222222 0.02902055622732769 0.09074074074074073
0 0.9525392986698912 0.21527777777777776 0.039298669891172915 0.12314814814814815
0 0.9588875453446193 0.4222222222222222 0.041112454655380895 0.14259259259259258
0 0.9310761789600969 0.43333333333333335 0.041112454655380895 0.14259259259259258
0 0.9625151148730352 0.36388888888888893 0.036275695284159616 0.13518518518518519
0 0.21584038694074972 0.1486111111111111 0.03748488512696494 0.13796296296296295
0 0.20767835550181382 0.37175925925925923 0.05139056831922612 0.15462962962962962
0 0.7672309552599759 0.13287037037037036 0.03748488512696494 0.12129629629629629
0 0.9758162031438937 0.29814814814814816 0.03143893591293833 0.1259259259259259
0 0.856106408706167 0.34907407407407404 0.047158403869407506 0.1574074074074074
0 0.9531438935912939 0.29953703703703705 0.027206771463119714 0.09166666666666666
0 0.94316807738815 0.312037037037037 0.03385731559854897 0.12407407407407406
0 0.6463119709794439 0.1375 0.04232164449818622 0.11203703703703702
0 0.414752116082225 0.4462962962962963 0.032648125755743655 0.0962962962962963
0 0.8633615477629989 0.3782407407407407 0.04353083434099154 0.1398148148148148
0 0.8301088270858527 0.3587962962962962 0.032648125755743655 0.11203703703703702
0 0.9313784764207981 0.33009259259259255 0.039298669891172915 0.15648148148148147
0 0.7400241837968563 0.5944444444444444 0.041112454655380895 0.16296296296296295
0 0.7672309552599758 0.5791666666666667 0.03990326481257558 0.13796296296296295
0 0.8691051995163241 0.6231481481481481 0.048972188633615486 0.17037037037037037
0 0.8681983071342202 0.5097222222222222 0.04957678355501814 0.1935185185185185
0 0.910217654171705 0.7523148148148148 0.048972188633615486 0.18055555555555552
0 0.17865779927448613 0.9157407407407407 0.05985489721886337 0.17037037037037037
0 0.9074969770253931 0.6587962962962962 0.04474002418379686 0.15648148148148147
0 0.8325272067714633 0.6597222222222221 0.056831922611850064 0.14907407407407408
0 0.8796856106408707 0.674074074074074 0.04594921402660218 0.19074074074074074
0 0.5489721886336155 0.9217592592592592 0.05441354292623943 0.14166666666666666
0 0.8960096735187426 0.5689814814814814 0.04232164449818622 0.14907407407407408
0 0.9486094316807738 0.5337962962962963 0.03990326481257558 0.15092592592592594
0 0.8409915356711005 0.7273148148148147 0.04957678355501814 0.16388888888888886
0 0.7412333736396614 0.35138888888888886 0.03990326481257558 0.12129629629629629
0 0.7766021765417171 0.3532407407407407 0.041717049576783564 0.14351851851851852
0 0.5196493349455865 0.9685185185185184 0.0441354292623942 0.06296296296296296
0 0.8957073760580412 0.798148148148148 0.05259975816203145 0.18518518518518517
0 0.9507255139056832 0.6055555555555555 0.053808948004836765 0.17037037037037037
0 0.8473397823458284 0.8638888888888888 0.048972188633615486 0.1574074074074074
0 0.07496977025392988 0.7935185185185186 0.04474002418379686 0.17037037037037037
0 0.3482466747279323 0.5662037037037037 0.04232164449818622 0.14537037037037034
0 0.29081015719467956 0.3449074074074074 0.04232164449818622 0.13796296296296295
0 0.28536880290205563 0.36157407407407405 0.03385731559854897 0.14351851851851852
0 0.9767230955259977 0.7462962962962962 0.04534461910519952 0.17037037037037037
0 0.8101571946795647 0.8601851851851852 0.05078597339782346 0.1722222222222222
0 0.8210399032648127 0.9449074074074074 0.055622732769044746 0.11018518518518518
0 0.9730955259975816 0.8439814814814814 0.05259975816203145 0.18425925925925926
0 0.8482466747279325 0.7837962962962963 0.05925030229746071 0.17685185185185184
0 0.5507859733978235 0.48472222222222217 0.030229746070133016 0.12685185185185185
0 0.8848246674727933 0.5643518518518519 0.0441354292623942 0.14537037037037034
0 0.9416565900846434 0.764351851851852 0.041717049576783564 0.09537037037037037
0 0.9809552599758163 0.575 0.0380894800483676 0.14814814814814817
0 0.27388149939540507 0.9583333333333334 0.048367593712212824 0.08518518518518518
0 0.44316807738815 0.9421296296296297 0.05320435308343411 0.1175925925925926
0 0.49818621523579204 0.6555555555555556 0.03990326481257558 0.1685185185185185
0 0.5133010882708585 0.6615740740740741 0.04232164449818622 0.17314814814814813
0 0.23428053204353086 0.7129629629629629 0.05139056831922612 0.17407407407407408
0 0.1995163240628779 0.6810185185185186 0.04353083434099154 0.17685185185185184
0 0.23035066505441357 0.673611111111111 0.04474002418379686 0.17685185185185184
0 0.5151148730350665 0.7833333333333333 0.04957678355501814 0.17592592592592593
0 0.4603990326481258 0.8435185185185184 0.046553808948004836 0.16296296296296295
0 0.5743651753325273 0.5842592592592591 0.03869407496977026 0.16296296296296295
0 0.6130592503022976 0.5990740740740741 0.047158403869407506 0.15185185185185185
0 0.35368802902055624 0.7629629629629628 0.047158403869407506 0.1648148148148148
0 0.46493349455864574 0.4481481481481481 0.047158403869407506 0.13518518518518519
0 0.2932285368802902 0.6986111111111111 0.036275695284159616 0.15833333333333333
0 0.3715235792019347 0.6759259259259258 0.05259975816203145 0.18148148148148147
0 0.5858524788391778 0.5004629629629629 0.04232164449818622 0.13796296296296295
0 0.5574365175332529 0.5097222222222222 0.030229746070133016 0.11018518518518518
0 0.6082224909310762 0.5722222222222222 0.04232164449818622 0.15185185185185185
0 0.8984280532043533 0.2842592592592592 0.03748488512696494 0.12962962962962962
0 0.8966142684401452 0.25740740740740736 0.036275695284159616 0.13518518518518519
0 0.8651753325272068 0.2601851851851852 0.03990326481257558 0.13518518518518519
0 0.5272067714631198 0.8374999999999999 0.04232164449818622 0.18796296296296294
0 0.3597339782345829 0.44675925925925924 0.04232164449818622 0.13796296296296295
0 0.2406287787182588 0.44351851851851853 0.03748488512696494 0.1574074074074074
0 0.2642079806529625 0.4611111111111111 0.03990326481257558 0.14629629629629629
0 0.48730350665054417 0.5680555555555554 0.04474002418379686 0.16388888888888886
0 0.3963119709794438 0.3425925925925926 0.041717049576783564 0.15185185185185185
0 0.49637243047158414 0.3976851851851852 0.032648125755743655 0.1324074074074074
0 0.11668681983071343 0.20648148148148146 0.032648125755743655 0.13518518518518519
0 0.6744256348246677 0.9462962962962963 0.032043530834341 0.10925925925925925
0 0.6499395405078597 0.9375 0.04594921402660218 0.12685185185185185
0 0.6345223700120919 0.8708333333333333 0.053808948004836765 0.1675925925925926
0 0.6178960096735188 0.9175925925925925 0.04353083434099154 0.1648148148148148
0 0.4047762998790811 0.6949074074074074 0.03688029020556228 0.16574074074074074
0 0.412031438935913 0.7412037037037036 0.06831922611850061 0.16203703703703703
0 0.44860943168077394 0.7097222222222223 0.04232164449818622 0.16018518518518518
0 0.3866384522370013 0.7074074074074074 0.039298669891172915 0.1685185185185185
0 0.2379081015719468 0.1398148148148148 0.0441354292623942 0.137037037037037
0 0.7466747279322854 0.1388888888888889 0.0350665054413543 0.12962962962962962
0 0.9081015719467957 0.8953703703703704 0.047158403869407506 0.17592592592592593
0 0.8905683192261186 0.9407407407407408 0.06045949214026603 0.12037037037037036
0 0.9171704957678357 0.537962962962963 0.04232164449818622 0.14074074074074075
0 0.3440145102781137 0.10833333333333334 0.03748488512696494 0.14074074074074075
0 0.9498186215235793 0.9754629629629629 0.04474002418379686 0.04907407407407407
0 0.9803506650544137 0.9657407407407407 0.03688029020556228 0.07037037037037037
0 0.32194679564691664 0.09398148148148147 0.032043530834341 0.11574074074074073
0 0.30925030229746076 0.07175925925925926 0.032043530834341 0.11574074074074073
0 0.011789600967351875 0.8768518518518518 0.02237001209189843 0.18333333333333332
0 0.2968561064087062 0.10185185185185185 0.032648125755743655 0.13148148148148148
0 0.9425634824667475 0.9300925925925925 0.055622732769044746 0.13796296296296295
0 0.922914147521161 0.5828703703703704 0.048972188633615486 0.16018518518518518
0 0.8694074969770255 0.2731481481481481 0.03748488512696494 0.13518518518518519
0 0.25241837968561065 0.4324074074074074 0.039298669891172915 0.14629629629629629
0 0.564087061668682 0.6504629629629629 0.04353083434099154 0.15648148148148147
0 0.5568319226118501 0.6416666666666665 0.05320435308343411 0.15555555555555553
0 0.5858524788391778 0.624537037037037 0.041112454655380895 0.16018518518518518
0 0.6940749697702541 0.6722222222222222 0.04353083434099154 0.14814814814814817
0 0.21523579201934706 0.41527777777777775 0.04353083434099154 0.1361111111111111
0 0.27448609431680776 0.42777777777777776 0.036275695284159616 0.14629629629629629
0 0.5220677146311972 0.5111111111111111 0.034461910519951636 0.13518518518518519
0 0.3406892382103991 0.6611111111111111 0.046553808948004836 0.17407407407407408
0 0.49879081015719473 0.49305555555555547 0.03748488512696494 0.14351851851851852
0 0.41686819830713423 0.3819444444444444 0.0441354292623942 0.13796296296296295
0 0.41475211608222495 0.3375 0.03748488512696494 0.13796296296296295
0 0.3760580411124547 0.39212962962962966 0.03990326481257558 0.14351851851851852
0 0.4794437726723096 0.36712962962962964 0.032648125755743655 0.14351851851851852
0 0.5205562273276905 0.3782407407407407 0.032648125755743655 0.14907407407407408
0 0.45042321644498196 0.5282407407407407 0.04232164449818622 0.14907407407407408
0 0.4044740024183798 0.5699074074074074 0.03748488512696494 0.14351851851851852
0 0.3793833131801693 0.5111111111111111 0.053808948004836765 0.14074074074074075
0 0.3805925030229747 0.4972222222222222 0.0441354292623942 0.1574074074074074
0 0.317714631197098 0.1175925925925926 0.034461910519951636 0.11851851851851851
0 0.3143893591293833 0.549537037037037 0.047158403869407506 0.15648148148148147
0 0.46553808948004843 0.4199074074074074 0.03748488512696494 0.12129629629629629
0 0.4903264812575575 0.41898148148148145 0.030229746070133016 0.11574074074074073
0 0.2735792019347038 0.9203703703703704 0.048972188633615486 0.15925925925925927
0 0.7152357920193472 0.9402777777777777 0.05078597339782346 0.12129629629629629
0 0.7515114873035068 0.05138888888888889 0.03143893591293833 0.10092592592592592
0 0.7769044740024185 0.05092592592592592 0.03748488512696494 0.1
0 0.7971584038694076 0.05046296296296295 0.032043530834341 0.09907407407407406
0 0.0063482466747279325 0.16388888888888886 0.011487303506650545 0.12407407407407406
0 0.751813784764208 0.0412037037037037 0.029625151148730353 0.08055555555555555
