0 0.40507859733978235 0.775 0.04232164449818622 0.17407407407407408
0 0.4437726723095527 0.7874999999999999 0.04353083434099154 0.15648148148148147
0 0.45042321644498184 0.923611111111111 0.04594921402660218 0.15277777777777776
0 0.48730350665054417 0.937037037037037 0.03748488512696494 0.12777777777777777
0 0.49062877871825883 0.7842592592592592 0.053808948004836765 0.18148148148148147
0 0.45223700120918986 0.3148148148148148 0.03748488512696494 0.1574074074074074
0 0.5323458282950424 0.9449074074074074 0.05864570737605805 0.11203703703703702
0 0.5553204353083435 0.9013888888888888 0.039298669891172915 0.15462962962962962
0 0.30169286577992743 0.8884259259259258 0.055622732769044746 0.1824074074074074
0 0.4691656590084644 0.34768518518518515 0.047158403869407506 0.16203703703703703
0 0.7119105199516325 0.8976851851851851 0.06106408706166869 0.1898148148148148
0 0.5937122128174124 0.9407407407407408 0.055622732769044746 0.12037037037037036
0 0.4295646916565901 0.936574074074074 0.029625151148730353 0.11203703703703702
0 0.5120918984280532 0.9078703703703702 0.047158403869407506 0.14537037037037034
0 0.3851269649334946 0.9388888888888888 0.03869407496977026 0.11666666666666667
0 0.2762998790810157 0.8699074074074074 0.047158403869407506 0.17314814814814813
0 0.6780532043530835 0.5773148148148147 0.04534461910519952 0.13796296296296295
0 0.7258162031438936 0.5736111111111111 0.048972188633615486 0.16944444444444443
0 0.8567110036275696 0.8851851851851852 0.048367593712212824 0.17037037037037037
0 0.5825272067714632 0.5606481481481481 0.048972188633615486 0.17314814814814813
0 0.3923821039903265 0.5953703703703703 0.03385731559854897 0.1574074074074074
0 0.8494558645707377 0.8050925925925926 0.048367593712212824 0.18425925925925926
0 0.8929866989117292 0.7546296296296297 0.048367593712212824 0.18518518518518517
0 0.4891172914147522 0.6037037037037037 0.04474002418379686 0.1537037037037037
0 0.5178355501813785 0.6319444444444444 0.0441354292623942 0.1398148148148148
0 0.5997581620314391 0.3171296296296296 0.0350665054413543 0.15648148148148147
0 0.5743651753325273 0.3351851851851852 0.04232164449818622 0.14814814814814817
0 0.5290205562273277 0.3726851851851851 0.04474002418379686 0.16018518518518518
0 0.5389963724304716 0.3597222222222223 0.03688029020556228 0.14351851851851852
0 0.4183796856106409 0.6523148148148148 0.04474002418379686 0.16574074074074074
0 0.45646916565900847 0.6611111111111111 0.041112454655380895 0.16296296296296295
0 0.45858524788391786 0.7004629629629628 0.046553808948004836 0.17129629629629628
0 0.49214026602176547 0.7254629629629629 0.041112454655380895 0.15462962962962962
0 0.5187424425634826 0.7398148148148148 0.048367593712212824 0.1537037037037037
0 0.7354897218863362 0.7537037037037035 0.04776299879081017 0.17037037037037037
0 0.41535671100362764 0.8949074074074074 0.05199516324062878 0.17314814814814813
0 0.8183192261185006 0.5550925925925926 0.0441354292623942 0.14907407407407408
0 0.8609431680773881 0.5587962962962963 0.04353083434099154 0.13425925925925924
0 0.8264812575574366 0.5162037037037037 0.05199516324062878 0.15462962962962962
0 0.852478839177751 0.5046296296296297 0.032648125755743655 0.13518518518518519
0 0.9074969770253931 0.6273148148148148 0.04474002418379686 0.15648148148148147
0 0.9773276904474003 0.4662037037037037 0.04292623941958888 0.17129629629629628
0 0.9480048367593713 0.48657407407407405 0.05078597339782346 0.15092592592592594
0 0.8382708585247884 0.5189814814814814 0.032043530834341 0.12314814814814815
0 0.7962515114873036 0.5476851851851852 0.03748488512696494 0.11018518518518518
0 0.8715235792019349 0.5384259259259259 0.035671100362756954 0.13425925925925924
0 0.878174123337364 0.4972222222222221 0.034461910519951636 0.13518518518518519
0 0.45284159613059255 0.8574074074074074 0.047158403869407506 0.17037037037037037
0 0.3935912938331319 0.8314814814814814 0.048367593712212824 0.1722222222222222
0 0.07164449818621524 0.9638888888888888 0.046553808948004836 0.07222222222222222
0 0.8772672309552602 0.9699074074074073 0.04594921402660218 0.06203703703703703
0 0.8204353083434099 0.6791666666666667 0.03990326481257558 0.15277777777777776
0 0.8736396614268441 0.6097222222222222 0.04353083434099154 0.15648148148148147
0 0.7657194679564692 0.4976851851851852 0.057436517533252726 0.1675925925925926
0 0.9449818621523581 0.3949074074074074 0.036275695284159616 0.14537037037037034
0 0.9655380894800485 0.3712962962962963 0.03990326481257558 0.15925925925925927
0 0.9395405078597342 0.24305555555555552 0.04474002418379686 0.13796296296296295
0 0.9464933494558646 0.43194444444444446 0.03688029020556228 0.15092592592592594
0 0.750906892382104 0.30046296296296293 0.04474002418379686 0.15462962962962962
0 0.786577992744861 0.3074074074074074 0.04353083434099154 0.14074074074074075
0 0.9135429262394197 0.41388888888888886 0.04594921402660218 0.1574074074074074
0 0.9135429262394197 0.34907407407407404 0.03990326481257558 0.15185185185185185
0 0.8833131801692866 0.36296296296296293 0.03748488512696494 0.14074074074074075
0 0.9171704957678357 0.29027777777777775 0.03748488512696494 0.1324074074074074
0 0.9498186215235793 0.2939814814814815 0.041112454655380895 0.1324074074074074
0 0.8814993954050786 0.2185185185185185 0.04232164449818622 0.14074074074074075
0 0.915659008464329 0.18888888888888886 0.039298669891172915 0.137037037037037
0 0.004836759371221282 0.38101851851851853 0.008464328899637243 0.11574074074074073
0 0.009673518742442565 0.3314814814814815 0.018137847642079808 0.12037037037037036
0 0.02902055622732769 0.31481481481481477 0.041112454655380895 0.15555555555555553
0 0.048669891172914155 0.44166666666666665 0.041717049576783564 0.15185185185185185
0 0.09975816203143895 0.4037037037037037 0.047158403869407506 0.15185185185185185
0 0.015719467956469165 0.39305555555555555 0.030229746070133016 0.12129629629629629
0 0.03325272067714632 0.3773148148148148 0.04474002418379686 0.15462962962962962
0 0.06287787182587666 0.3814814814814814 0.0350665054413543 0.13518518518518519
0 0.07648125755743652 0.41203703703703703 0.02478839177750907 0.09074074074074073
0 0.510882708585248 0.5467592592592592 0.05441354292623943 0.1675925925925926
0 0.756348246674728 0.675 0.05804111245465538 0.18518518518518517
0 0.7926239419588876 0.6143518518518518 0.047158403869407506 0.15648148148148147
0 0.5471584038694076 0.5300925925925926 0.04957678355501814 0.16203703703703703
0 0.6426844014510279 0.5212962962962963 0.04594921402660218 0.15925925925925927
0 0.758162031438936 0.44490740740740736 0.047158403869407506 0.1398148148148148
0 0.5229746070133011 0.44907407407407407 0.04353083434099154 0.15185185185185185
0 0.8292019347037486 0.39583333333333326 0.039298669891172915 0.14907407407407408
0 0.8035066505441356 0.4166666666666667 0.04474002418379686 0.14814814814814817
0 0.7720677146311972 0.40324074074074073 0.03990326481257558 0.14537037037037034
0 0.818621523579202 0.3532407407407407 0.03385731559854897 0.12314814814814815
0 0.6916565900846434 0.437962962962963 0.05199516324062878 0.15185185185185185
0 0.7732769044740024 0.3375 0.04353083434099154 0.14351851851851852
0 0.6777509068923822 0.33842592592592596 0.03869407496977026 0.1398148148148148
0 0.7131197097944378 0.35787037037037034 0.039298669891172915 0.1398148148148148
0 0.5934099153567111 0.5134259259259258 0.046553808948004836 0.15648148148148147
0 0.538391777509069 0.4671296296296296 0.0441354292623942 0.14351851851851852
0 0.6130592503022975 0.4148148148148148 0.03990326481257558 0.15925925925925927
0 0.5625755743651754 0.3777777777777777 0.04050785973397824 0.13518518518518519
0 0.5592503022974608 0.4111111111111111 0.036275695284159616 0.14444444444444443
0 0.5955259975816204 0.38333333333333325 0.03869407496977026 0.1574074074074074
0 0.6444981862152359 0.4069444444444444 0.041112454655380895 0.16203703703703703
0 0.7971584038694075 0.2611111111111111 0.039298669891172915 0.13518518518518519
0 0.219770253929867 0.15138888888888888 0.039298669891172915 0.17129629629629628
0 0.18863361547763002 0.1625 0.03385731559854897 0.1324074074074074
0 0.7237001209189843 0.20787037037037034 0.04232164449818622 0.14166666666666666
0 0.7575574365175334 0.20324074074074072 0.03748488512696494 0.12870370370370368
0 0.02902055622732769 0.32175925925925924 0.032648125755743655 0.07129629629629629
0 0.7636033857315598 0.6425925925925926 0.032648125755743655 0.11851851851851851
0 0.9809552599758163 0.12175925925925926 0.035671100362756954 0.13055555555555556
0 0.9425634824667474 0.20185185185185184 0.03990326481257558 0.12962962962962962
0 0.949516324062878 0.12546296296296297 0.04050785973397824 0.14907407407407408
0 0.857920193470375 0.1662037037037037 0.032648125755743655 0.1398148148148148
0 0.9552599758162033 0.09074074074074075 0.027811366384522373 0.13148148148148148
0 0.9232164449818622 0.06712962962962962 0.0350665054413543 0.1324074074074074
0 0.9153567110036276 0.1375 0.03990326481257558 0.12685185185185185
0 0.9455864570737605 0.04583333333333332 0.03990326481257558 0.0898148148148148
0 0.9431680773881501 0.0574074074074074 0.03748488512696494 0.11296296296296296
0 0.8811970979443774 0.10833333333333334 0.03688029020556228 0.12962962962962962
0 0.9171704957678357 0.05277777777777777 0.03748488512696494 0.10370370370370369
0 0.8536880290205564 0.04953703703703703 0.036275695284159616 0.09722222222222222
0 0.8328295042321644 0.0875 0.034461910519951636 0.1175925925925926
0 0.6251511487303506 0.3467592592592592 0.03869407496977026 0.14537037037037034
0 0.6765417170495768 0.17824074074074073 0.04232164449818622 0.13796296296296295
0 0.641777509068924 0.1796296296296296 0.03688029020556228 0.137037037037037
0 0.6160822249093109 0.1675925925925926 0.02902055622732769 0.13148148148148148
0 0.5943168077388151 0.17962962962962964 0.036275695284159616 0.14074074074074075
0 0.5713422007255139 0.1726851851851852 0.03869407496977026 0.14907407407407408
0 0.7351874244256349 0.03981481481481482 0.02902055622732769 0.0685185185185185
0 0.7116082224909311 0.04259259259259259 0.03385731559854897 0.08333333333333333
0 0.6221281741233374 0.07268518518518517 0.030229746070133016 0.12129629629629629
0 0.11064087061668683 0.15833333333333333 0.03869407496977026 0.14074074074074075
0 0.13059250302297462 0.1712962962962963 0.03990326481257558 0.14259259259259258
0 0.18288996372430472 0.10138888888888889 0.039298669891172915 0.13796296296296295
0 0.041717049576783564 0.06388888888888888 0.036275695284159616 0.1111111111111111
0 0.11608222490931078 0.06388888888888888 0.03748488512696494 0.12407407407407406
0 0.17805320435308344 0.038425925925925926 0.032043530834341 0.075
0 0.11759371221281742 0.08935185185185185 0.029625151148730353 0.12870370370370368
0 0.20465538089480048 0.04907407407407407 0.03688029020556228 0.0962962962962963
0 0.26118500604594924 0.07870370370370369 0.032648125755743655 0.09074074074074073
0 0.26844014510278114 0.07546296296296297 0.036275695284159616 0.12314814814814815
0 0.2995767835550182 0.10509259259259258 0.039298669891172915 0.12870370370370368
0 0.29504232164449823 0.07870370370370369 0.027811366384522373 0.1074074074074074
0 0.5096735187424426 0.0685185185185185 0.03990326481257558 0.12037037037037036
0 0.3252720677146312 0.07037037037037036 0.03748488512696494 0.13888888888888887
0 0.5525997581620316 0.05972222222222222 0.03990326481257558 0.1175925925925926
0 0.5967351874244258 0.07083333333333333 0.04232164449818622 0.125
0 0.5235792019347039 0.03472222222222222 0.032648125755743655 0.06759259259259259
0 0.46493349455864574 0.05185185185185184 0.036275695284159616 0.10185185185185185
0 0.854292623941959 0.017592592592592594 0.032648125755743655 0.03333333333333333
0 0.6732164449818622 0.039351851851851846 0.034461910519951636 0.07685185185185185
0 0.8101571946795647 0.10601851851851851 0.041112454655380895 0.14351851851851852
0 0.813180169286578 0.05231481481481481 0.03990326481257558 0.10277777777777777
0 0.13663845223700125 0.08148148148148149 0.03748488512696494 0.13333333333333333
0 0.6934703748488512 0.008796296296296297 0.02902055622732769 0.01574074074074074
0 0.35126964933494564 0.4574074074074074 0.0350665054413543 0.1574074074074074
0 0.34703748488512703 0.2162037037037037 0.02902055622732769 0.1175925925925926
0 0.13301088270858527 0.7125 0.04957678355501814 0.16018518518518518
0 0.36245465538089483 0.2273148148148148 0.027206771463119714 0.12685185185185185
0 0.13301088270858527 0.6754629629629628 0.05199516324062878 0.16203703703703703
0 0.8337363966142685 0.3416666666666667 0.032648125755743655 0.13518518518518519
0 0.8615477629987909 0.33194444444444443 0.03385731559854897 0.12314814814814815
0 0.23367593712212822 0.5703703703703703 0.04292623941958888 0.1685185185185185
0 0.20888754534461912 0.5513888888888888 0.0380894800483676 0.17685185185185184
0 0.3455259975816204 0.549537037037037 0.032043530834341 0.1398148148148148
0 0.20314389359129384 0.4824074074074074 0.036275695284159616 0.14814814814814817
0 0.21009673518742444 0.4666666666666666 0.032043530834341 0.1574074074074074
0 0.17472793228536881 0.45972222222222214 0.03143893591293833 0.12685185185185185
0 0.16898428053204353 0.42407407407407405 0.039298669891172915 0.14629629629629629
0 0.1363361547762999 0.43981481481481477 0.0441354292623942 0.14814814814814817
0 0.34703748488512703 0.12037037037037036 0.030229746070133016 0.12407407407407406
0 0.37031438935912947 0.12129629629629629 0.034461910519951636 0.12962962962962962
0 0.35066505441354295 0.3254629629629629 0.027811366384522373 0.11574074074074073
0 0.2629987908101572 0.3532407407407407 0.04474002418379686 0.1398148148148148
0 0.24939540507859734 0.3662037037037037 0.034461910519951636 0.14537037037037034
0 0.18923821039903269 0.8643518518518518 0.04474002418379686 0.1675925925925926
0 0.439540507859734 0.5574074074074074 0.03143893591293833 0.14074074074074075
0 0.4425634824667473 0.576388888888889 0.04232164449818622 0.16574074074074074
0 0.18591293833131803 0.6194444444444444 0.046553808948004836 0.17407407407407408
0 0.14117291414752117 0.6050925925925925 0.034461910519951636 0.15462962962962962
0 0.16989117291414754 0.5944444444444444 0.03748488512696494 0.16296296296296295
0 0.29081015719467956 0.6800925925925925 0.047158403869407506 0.15648148148148147
0 0.4071946795646917 0.3773148148148148 0.03688029020556228 0.12129629629629629
0 0.8385731559854898 0.2236111111111111 0.030229746070133016 0.1324074074074074
0 0.82043530834341 0.1884259259259259 0.03143893591293833 0.11574074074074073
0 0.7892986698911729 0.1935185185185185 0.032043530834341 0.1259259259259259
0 0.407496977025393 0.5356481481481481 0.041112454655380895 0.15462962962962962
0 0.14963724304715842 0.3657407407407407 0.0380894800483676 0.15185185185185185
0 0.18621523579201937 0.3722222222222222 0.0350665054413543 0.14629629629629629
0 0.32920193470374853 0.6004629629629629 0.03688029020556228 0.15462962962962962
0 0.32980652962515117 0.6388888888888888 0.0441354292623942 0.16666666666666666
0 0.16596130592503025 0.09398148148148149 0.03325272067714632 0.1398148148148148
0 0.6744256348246677 0.07453703703703703 0.03688029020556228 0.1324074074074074
0 0.8053204353083435 0.21944444444444447 0.041112454655380895 0.14074074074074075
0 0.18107617896009673 0.35879629629629634 0.034461910519951636 0.14351851851851852
0 0.40417170495767846 0.6347222222222223 0.05139056831922612 0.15092592592592594
0 0.6033857315598551 0.6856481481481481 0.04957678355501814 0.14907407407407408
0 0.15054413542926243 0.34027777777777773 0.03385731559854897 0.14537037037037034
0 0.43077388149939544 0.4314814814814814 0.034461910519951636 0.12407407407407406
0 0.41354292623941963 0.3972222222222222 0.041112454655380895 0.1074074074074074
0 0.34945586457073763 0.2962962962962962 0.03990326481257558 0.14629629629629629
0 0.34220072551390573 0.5134259259259258 0.03748488512696494 0.1324074074074074
0 0.3180169286577993 0.4412037037037037 0.04232164449818622 0.1324074074074074
0 0.31559854897218864 0.40879629629629627 0.03748488512696494 0.12870370370370368
0 0.23488512696493352 0.787962962962963 0.0380894800483676 0.1611111111111111
0 0.6907496977025394 0.016666666666666666 0.034461910519951636 0.03148148148148148
0 0.7224909310761789 0.021296296296296296 0.030229746070133016 0.04074074074074074
0 0.7258162031438937 0.02175925925925926 0.027206771463119714 0.041666666666666664
0 0.4062877871825877 0.4824074074074074 0.0350665054413543 0.137037037037037
0 0.41475211608222495 0.4541666666666666 0.02902055622732769 0.1324074074074074
0 0.2194679564691657 0.524074074074074 0.03748488512696494 0.14629629629629629
0 0.2726723095525998 0.5046296296296295 0.055622732769044746 0.1574074074074074
0 0.27055622732769047 0.5546296296296297 0.039298669891172915 0.17407407407407408
0 0.6254534461910521 0.9013888888888889 0.05139056831922612 0.16944444444444443
0 0.24123337363966146 0.312962962962963 0.0350665054413543 0.14074074074074075
0 0.7986698911729143 0.8736111111111111 0.04594921402660218 0.16388888888888886
0 0.27841596130592505 0.3023148148148148 0.039298669891172915 0.14907407407407408
0 0.3881499395405079 0.3597222222222222 0.03990326481257558 0.13796296296296295
0 0.19588875453446195 0.2819444444444444 0.0350665054413543 0.12685185185185185
0 0.4625151148730351 0.4680555555555555 0.03869407496977026 0.1472222222222222
0 0.12273276904474005 0.3050925925925926 0.0350665054413543 0.13796296296296295
0 0.11608222490931078 0.32685185185185184 0.0350665054413543 0.12407407407407406
