0 0.5589480048367594 0.8842592592592592 0.041717049576783564 0.16666666666666666
0 0.5719467956469166 0.9319444444444442 0.04474002418379686 0.13796296296296295
0 0.38935912938331324 0.5587962962962963 0.03748488512696494 0.13425925925925924
0 0.3231559854897219 0.33194444444444443 0.04292623941958888 0.1361111111111111
0 0.15024183796856108 0.3902777777777777 0.0380894800483676 0.1361111111111111
0 0.29020556227327693 0.5828703703703704 0.041112454655380895 0.16203703703703703
0 0.3189238210399033 0.36296296296296293 0.034461910519951636 0.14444444444444443
0 0.15266021765417173 0.4064814814814815 0.0441354292623942 0.14629629629629629
0 0.632708585247884 0.961574074074074 0.050181378476420804 0.0787037037037037
0 0.6704957678355503 0.9467592592592592 0.04232164449818622 0.10833333333333334
0 0.6154776299879081 0.9453703703703703 0.03748488512696494 0.10925925925925925
0 0.7394195888754536 0.05601851851851851 0.030229746070133016 0.10648148148148147
0 0.37545344619105203 0.9703703703703703 0.04232164449818622 0.059259259259259255
0 0.7636033857315598 0.749074074074074 0.04474002418379686 0.1611111111111111
0 0.8095525997581622 0.7185185185185184 0.05078597339782346 0.16296296296296295
0 0.839782345828295 0.6481481481481481 0.05320435308343411 0.15555555555555553
0 0.889056831922612 0.775 0.05259975816203145 0.15
0 0.8585247883917776 0.7875 0.047158403869407506 0.16574074074074074
0 0.8292019347037487 0.912962962962963 0.050181378476420804 0.1685185185185185
0 0.8403869407496978 0.37916666666666665 0.03748488512696494 0.13425925925925924
0 0.8600362756952842 0.3671296296296296 0.0380894800483676 0.12314814814814815
0 0.29564691656590086 0.6685185185185184 0.04474002418379686 0.15925925925925927
0 0.3551995163240629 0.6263888888888888 0.04776299879081017 0.15833333333333333
0 0.37666263603385736 0.6546296296296296 0.036275695284159616 0.13148148148148148
0 0.5692261185006046 0.9495370370370371 0.035671100362756954 0.10277777777777777
0 0.49909310761789605 0.9282407407407407 0.04776299879081017 0.14537037037037034
0 0.879081015719468 0.8976851851851853 0.05320435308343411 0.16944444444444443
0 0.2336759371221282 0.5981481481481481 0.035671100362756954 0.1537037037037037
0 0.2376058041112455 0.5685185185185184 0.03385731559854897 0.14814814814814817
0 0.18772672309552604 0.5810185185185185 0.041717049576783564 0.1398148148148148
0 0.1974002418379686 0.5435185185185184 0.04534461910519952 0.14629629629629629
0 0.16717049576783558 0.5541666666666667 0.046553808948004836 0.14907407407407408
0 0.002418379685610641 0.7810185185185186 0.0036275695284159614 0.16203703703703703
0 0.379081015719468 0.24398148148148147 0.03143893591293833 0.1324074074074074
0 0.4044740024183798 0.24675925925925923 0.032648125755743655 0.1324074074074074
0 0.7128174123337364 0.9587962962962961 0.04474002418379686 0.0824074074074074
0 0.673821039903265 0.9717592592592592 0.04050785973397824 0.058333333333333334
0 0.41777509068923824 0.4481481481481481 0.030229746070133016 0.11851851851851851
0 0.7122128174123339 0.39259259259259255 0.04232164449818622 0.1259259259259259
0 0.7509068923821041 0.40185185185185185 0.03990326481257558 0.12962962962962962
0 0.2699516324062878 0.3893518518518518 0.04534461910519952 0.14351851851851852
0 0.24607013301088274 0.4037037037037037 0.0350665054413543 0.13888888888888887
0 0.9328899637243048 0.6990740740740741 0.0350665054413543 0.13888888888888887
0 0.3077388149939541 0.9712962962962963 0.04232164449818622 0.059259259259259255
0 0.4552599758162032 0.9833333333333333 0.030229746070133016 0.03518518518518519
0 0.47883917775090695 0.673148148148148 0.03748488512696494 0.14629629629629629
0 0.4758162031438936 0.6888888888888888 0.041112454655380895 0.17407407407407408
0 0.21311970979443776 0.7439814814814815 0.053808948004836765 0.17129629629629628
0 0.17382103990326486 0.7208333333333333 0.0441354292623942 0.17685185185185184
0 0.20405078597339782 0.7060185185185185 0.04292623941958888 0.17129629629629628
0 0.5350665054413544 0.48101851851851846 0.03990326481257558 0.14351851851851852
0 0.3180169286577993 0.7851851851851851 0.04594921402660218 0.16296296296296295
0 0.4443772672309553 0.48287037037037034 0.05199516324062878 0.12129629629629629
0 0.922914147521161 0.7328703703703704 0.04534461910519952 0.14907407407407408
0 0.8941958887545345 0.7319444444444444 0.0350665054413543 0.12314814814814815
0 0.560459492140266 0.46481481481481485 0.03748488512696494 0.14629629629629629
0 0.8675937122128176 0.31990740740740736 0.036275695284159616 0.1361111111111111
0 0.8621523579201935 0.29768518518518516 0.0350665054413543 0.13425925925925924
0 0.8364570737605805 0.300462962962963 0.030834340991535675 0.13425925925925924
0 0.3506650544135429 0.4875 0.03869407496977026 0.12129629629629629
0 0.19830713422007257 0.47407407407407404 0.03748488512696494 0.14259259259259258
0 0.2285368802902056 0.48009259259259257 0.032648125755743655 0.14537037037037034
0 0.29171704957678357 0.548148148148148 0.0441354292623942 0.1574074074074074
0 0.4800483675937123 0.4444444444444444 0.027811366384522373 0.13518518518518519
0 0.05108827085852479 0.16435185185185183 0.03325272067714632 0.12870370370370368
0 0.3588270858524789 0.7148148148148148 0.034461910519951636 0.1574074074074074
0 0.379987908101572 0.7453703703703702 0.04292623941958888 0.17037037037037037
0 0.19800483675937122 0.1935185185185185 0.034461910519951636 0.13518518518518519
0 0.7091898428053205 0.1814814814814815 0.03869407496977026 0.13518518518518519
0 0.47732769044740025 0.7722222222222223 0.05259975816203145 0.1685185185185185
0 0.5568319226118501 0.787962962962963 0.041112454655380895 0.16666666666666666
0 0.5308343409915357 0.762962962962963 0.03385731559854897 0.14444444444444443
0 0.8376662636033858 0.31712962962962965 0.035671100362756954 0.1324074074074074
0 0.22218863361547764 0.4782407407407407 0.034461910519951636 0.1398148148148148
0 0.4374244256348247 0.7412037037037036 0.04534461910519952 0.1472222222222222
0 0.6795646916565901 0.7282407407407407 0.048367593712212824 0.15092592592592594
0 0.19014510278113667 0.4444444444444445 0.03325272067714632 0.12222222222222222
0 0.3863361547762999 0.45879629629629626 0.0350665054413543 0.11203703703703702
0 0.46493349455864574 0.5435185185185186 0.0350665054413543 0.13333333333333333
0 0.45193470374848854 0.5092592592592592 0.048972188633615486 0.1074074074074074
0 0.407496977025393 0.41481481481481475 0.04232164449818622 0.1537037037037037
0 0.46221281741233383 0.42314814814814816 0.03325272067714632 0.14259259259259258
0 0.4966747279322854 0.4638888888888888 0.04050785973397824 0.15185185185185185
0 0.15084643288996372 0.7726851851851851 0.05259975816203145 0.16574074074074074
0 0.3969165659008465 0.6388888888888888 0.03688029020556228 0.14814814814814817
0 0.35550181378476425 0.5555555555555555 0.047158403869407506 0.13888888888888887
0 0.35217654171704965 0.524537037037037 0.03688029020556228 0.12685185185185185
0 0.4386336154776301 0.4296296296296296 0.030834340991535675 0.11666666666666667
0 0.5133010882708585 0.611111111111111 0.03869407496977026 0.12407407407407406
0 0.26632406287787186 0.9314814814814815 0.0441354292623942 0.13888888888888887
0 0.7321644498186216 0.07638888888888888 0.036275695284159616 0.12314814814814815
0 0.7596735187424427 0.09120370370370369 0.030834340991535675 0.11388888888888889
0 0.5374848851269649 0.19907407407407407 0.03385731559854897 0.09814814814814814
0 0.5087666263603386 0.17129629629629628 0.04050785973397824 0.12962962962962962
0 0.7639056831922614 0.48564814814814816 0.05501813784764208 0.15833333333333333
0 0.7406287787182589 0.32175925925925924 0.047158403869407506 0.14537037037037034
0 0.7914147521160823 0.5009259259259259 0.036275695284159616 0.12037037037037036
0 0.7620918984280534 0.274537037037037 0.03688029020556228 0.1324074074074074
0 0.6242442563482468 0.2944444444444444 0.041717049576783564 0.14629629629629629
0 0.6590084643288997 0.30046296296296293 0.03869407496977026 0.13796296296296295
0 0.7267230955259977 0.27037037037037037 0.041112454655380895 0.14814814814814817
0 0.6493349455864572 0.35601851851851846 0.03748488512696494 0.1472222222222222
0 0.5946191051995164 0.3694444444444444 0.0380894800483676 0.137037037037037
0 0.8249697702539299 0.14259259259259258 0.0380894800483676 0.1259259259259259
0 0.6834945586457074 0.40509259259259256 0.04776299879081017 0.15092592592592594
0 0.6958887545344621 0.43611111111111106 0.036275695284159616 0.13888888888888887
0 0.8509673518742444 0.523611111111111 0.046553808948004836 0.14351851851851852
0 0.7128174123337365 0.5449074074074074 0.05078597339782346 0.15277777777777776
0 0.6744256348246677 0.5796296296296296 0.046553808948004836 0.14814814814814817
0 0.822249093107618 0.548611111111111 0.03990326481257558 0.09722222222222222
0 0.7291414752116083 0.5953703703703703 0.04474002418379686 0.14629629629629629
0 0.6151753325272068 0.43981481481481477 0.0380894800483676 0.137037037037037
0 0.5882708585247884 0.4527777777777777 0.03869407496977026 0.13148148148148148
0 0.5701330108827086 0.28657407407407404 0.041112454655380895 0.14351851851851852
0 0.542926239419589 0.28425925925925927 0.02902055622732769 0.11851851851851851
0 0.7611850060459493 0.07314814814814814 0.030229746070133016 0.1111111111111111
0 0.8152962515114873 0.5537037037037037 0.05259975816203145 0.1574074074074074
0 0.5066505441354293 0.5662037037037037 0.048367593712212824 0.14166666666666666
0 0.5589480048367594 0.6055555555555556 0.0380894800483676 0.1574074074074074
0 0.6275695284159613 0.5907407407407407 0.04353083434099154 0.15925925925925927
0 0.3050181378476421 0.29768518518518516 0.039298669891172915 0.13425925925925924
0 0.19830713422007257 0.40925925925925927 0.041112454655380895 0.15555555555555553
0 0.5426239419588876 0.3699074074074074 0.041717049576783564 0.14907407407407408
0 0.5111850060459493 0.31342592592592594 0.039298669891172915 0.1398148148148148
0 0.2787182587666264 0.28981481481481475 0.0350665054413543 0.13148148148148148
0 0.02146311970979444 0.4444444444444445 0.041717049576783564 0.15925925925925927
0 0.054111245465538096 0.4652777777777778 0.04534461910519952 0.15092592592592594
0 0.3875453446191052 0.948611111111111 0.056831922611850064 0.10462962962962963
0 0.813180169286578 0.7949074074074074 0.048367593712212824 0.16203703703703703
0 0.976118500604595 0.4888888888888889 0.04050785973397824 0.14259259259259258
0 0.010882708585247883 0.2791666666666667 0.020556227327690448 0.14537037037037034
0 0.09280532043530837 0.24907407407407406 0.041717049576783564 0.137037037037037
0 0.07345828295042323 0.26481481481481484 0.0380894800483676 0.12962962962962962
0 0.23276904474002422 0.21666666666666667 0.03869407496977026 0.12777777777777777
0 0.2720677146311971 0.19027777777777777 0.03869407496977026 0.13055555555555556
0 0.07829504232164451 0.199537037037037 0.04050785973397824 0.1472222222222222
0 0.005441354292623942 0.18703703703703703 0.009673518742442565 0.15185185185185185
0 0.06348246674727932 0.4162037037037037 0.04474002418379686 0.15833333333333333
0 0.832224909310762 0.16018518518518518 0.03688029020556228 0.13148148148148148
0 0.7669286577992745 0.1472222222222222 0.03688029020556228 0.13148148148148148
0 0.7113059250302298 0.11388888888888889 0.03325272067714632 0.13333333333333333
0 0.12212817412333737 0.5564814814814815 0.041112454655380895 0.15555555555555553
0 0.012394195888754535 0.5254629629629629 0.023579201934703753 0.15462962962962962
0 0.7306529625151149 0.437962962962963 0.04292623941958888 0.15185185185185185
0 0.7258162031438936 0.47407407407407404 0.04292623941958888 0.14074074074074075
0 0.08010882708585249 0.5462962962962962 0.04534461910519952 0.16666666666666666
0 0.1345223700120919 0.5157407407407407 0.04776299879081017 0.1537037037037037
0 0.27025392986698915 0.7518518518518518 0.04474002418379686 0.18333333333333332
0 0.23669891172914148 0.7796296296296296 0.041717049576783564 0.17037037037037037
0 0.8887545344619107 0.5050925925925925 0.047158403869407506 0.16944444444444443
0 0.016324062877871828 0.9717592592592592 0.03143893591293833 0.058333333333333334
0 0.05501813784764208 0.9592592592592591 0.05199516324062878 0.08148148148148147
0 0.07406287787182589 0.9398148148148148 0.05259975816203145 0.12222222222222222
0 0.3751511487303507 0.8592592592592592 0.048972188633615486 0.1574074074074074
0 0.3585247883917776 0.811574074074074 0.06287787182587666 0.1675925925925926
0 0.9918379685610641 0.3962962962962963 0.015114873035066508 0.10555555555555556
0 0.9622128174123339 0.38101851851851853 0.04050785973397824 0.16203703703703703
0 0.9746070133010883 0.19583333333333333 0.03990326481257558 0.14351851851851852
0 0.9452841596130594 0.19120370370370368 0.03688029020556228 0.12685185185185185
0 0.9661426844014511 0.1273148148148148 0.03748488512696494 0.12314814814814815
0 0.9449818621523579 0.12222222222222222 0.03748488512696494 0.1148148148148148
0 0.799274486094317 0.30277777777777776 0.04232164449818622 0.14259259259259258
0 0.03657799274486095 0.699537037037037 0.05259975816203145 0.14537037037037034
0 0.04232164449818622 0.6393518518518518 0.056831922611850064 0.15462962962962962
0 0.1816807738814994 0.6476851851851851 0.0441354292623942 0.16388888888888886
0 0.004534461910519952 0.2712962962962963 0.007859733978234583 0.14444444444444443
0 0.018137847642079808 0.22268518518518518 0.0350665054413543 0.14907407407407408
0 0.24758162031438935 0.3226851851851852 0.034461910519951636 0.14351851851851852
0 0.662031438935913 0.4300925925925926 0.03869407496977026 0.1361111111111111
0 0.10852478839177751 0.20833333333333334 0.034461910519951636 0.15
0 0.6203143893591295 0.3796296296296296 0.04474002418379686 0.137037037037037
0 0.6862152357920194 0.3611111111111111 0.03990326481257558 0.14259259259259258
0 0.23488512696493352 0.2916666666666667 0.039298669891172915 0.15185185185185185
0 0.6175937122128176 0.32870370370370366 0.04534461910519952 0.15
0 0.24214026602176542 0.2379629629629629 0.03688029020556228 0.14629629629629629
0 0.6901451027811367 0.24490740740740738 0.053808948004836765 0.15462962962962962
0 0.6662636033857317 0.03194444444444444 0.032648125755743655 0.06203703703703703
0 0.6381499395405079 0.032407407407407406 0.03325272067714632 0.06296296296296296
0 0.6203143893591294 0.024537037037037034 0.02902055622732769 0.047222222222222214
0 0.6635429262394197 0.18240740740740738 0.04050785973397824 0.14259259259259258
0 0.6230350665054414 0.1824074074074074 0.0441354292623942 0.12962962962962962
0 0.5788996372430473 0.10185185185185185 0.039298669891172915 0.12407407407407406
0 0.5483675937122129 0.09166666666666666 0.04474002418379686 0.12962962962962962
0 0.4803506650544136 0.18888888888888886 0.041717049576783564 0.13333333333333333
0 0.44800483675937125 0.03796296296296296 0.03143893591293833 0.07407407407407408
0 0.4619105199516325 0.08796296296296297 0.03748488512696494 0.11851851851851851
0 0.38301088270858524 0.05601851851851851 0.035671100362756954 0.11018518518518518
0 0.33585247883917785 0.04953703703703703 0.03688029020556228 0.09722222222222222
0 0.30199516324062886 0.04629629629629629 0.03688029020556228 0.09074074074074073
0 0.06408706166868199 0.1861111111111111 0.036275695284159616 0.1259259259259259
0 0.0982466747279323 0.12777777777777777 0.034461910519951636 0.12407407407407406
0 0.16989117291414754 0.17037037037037037 0.03869407496977026 0.13148148148148148
0 0.14207980652962518 0.09675925925925925 0.036275695284159616 0.12314814814814815
0 0.15477629987908104 0.12175925925925926 0.03990326481257558 0.1324074074074074
0 0.1816807738814994 0.137037037037037 0.035671100362756954 0.13333333333333333
0 0.17714631197097946 0.04305555555555555 0.0350665054413543 0.08425925925925926
0 0.21825876662636037 0.04259259259259259 0.03748488512696494 0.08333333333333333
0 0.2886940749697703 0.2046296296296296 0.04292623941958888 0.14444444444444443
0 0.22914147521160827 0.16527777777777777 0.030229746070133016 0.12314814814814815
0 0.24879081015719468 0.15462962962962962 0.03325272067714632 0.12407407407407406
0 0.24758162031438935 0.12407407407407407 0.032043530834341 0.11666666666666667
0 0.2666263603385732 0.08888888888888888 0.03385731559854897 0.1259259259259259
0 0.34643288996372434 0.23333333333333334 0.03385731559854897 0.13148148148148148
0 0.3431076178960097 0.21111111111111108 0.04050785973397824 0.14629629629629629
0 0.44860943168077394 0.199537037037037 0.03385731559854897 0.09907407407407406
0 0.4277509068923822 0.16203703703703703 0.032043530834341 0.12037037037037036
0 0.405683192261185 0.16898148148148148 0.036275695284159616 0.13425925925925924
0 0.2844619105199517 0.13287037037037036 0.032043530834341 0.1175925925925926
0 0.3787787182587667 0.17546296296296296 0.03688029020556228 0.12129629629629629
0 0.37666263603385736 0.1398148148148148 0.03748488512696494 0.11296296296296296
0 0.3567110036275696 0.11805555555555555 0.04232164449818622 0.13425925925925924
0 0.33827085852478844 0.1837962962962963 0.034461910519951636 0.12685185185185185
0 0.3198307134220073 0.16666666666666666 0.0350665054413543 0.12222222222222222
0 0.010278113663845224 0.20787037037037034 0.01934703748488513 0.14166666666666666
0 0.35519951632406294 0.16527777777777777 0.035671100362756954 0.11944444444444444
0 0.2808343409915357 0.0787037037037037 0.03325272067714632 0.1259259259259259
0 0.11396614268440147 0.0875 0.0380894800483676 0.1398148148148148
0 0.11880290205562273 0.22453703703703703 0.028415961305925032 0.11574074074074073
0 0.11638452237001211 0.1310185185185185 0.034461910519951636 0.13055555555555556
0 0.20918984280532046 0.030555555555555555 0.036275695284159616 0.059259259259259255
0 0.722490931076179 0.06203703703703703 0.026602176541717055 0.12037037037037036
0 0.13754534461910523 0.22824074074074072 0.0380894800483676 0.1472222222222222
0 0.4987908101571947 0.0685185185185185 0.036275695284159616 0.12962962962962962
