0 0.4180773881499396 0.4328703703703703 0.029625151148730353 0.07314814814814814
0 0.3615477629987908 0.02222222222222222 0.032648125755743655 0.04259259259259259
0 0.6656590084643289 0.06435185185185185 0.030229746070133016 0.12129629629629629
0 0.5807134220072553 0.06481481481481481 0.034461910519951636 0.12777777777777777
0 0.5852478839177752 0.09583333333333334 0.0350665054413543 0.1324074074074074
0 0.4848851269649335 0.03564814814814814 0.02902055622732769 0.06944444444444443
0 0.5193470374848852 0.04074074074074074 0.0350665054413543 0.07962962962962963
0 0.5501813784764208 0.047222222222222214 0.03385731559854897 0.09259259259259259
0 0.650241837968561 0.05185185185185184 0.032043530834341 0.10185185185185185
0 0.6590084643288997 0.10324074074074074 0.0350665054413543 0.13425925925925924
0 0.6940749697702538 0.07777777777777777 0.030229746070133016 0.1111111111111111
0 0.8035066505441355 0.17175925925925922 0.032648125755743655 0.11203703703703702
0 0.7620918984280531 0.14259259259259258 0.034461910519951636 0.1259259259259259
0 0.7218863361547763 0.07083333333333333 0.02902055622732769 0.1175925925925926
0 0.7484885126964934 0.07037037037037037 0.032648125755743655 0.11666666666666667
0 0.9244256348246677 0.06666666666666667 0.03748488512696494 0.13148148148148148
0 0.9740024183796857 0.04907407407407407 0.02902055622732769 0.0962962962962963
0 0.9863966142684404 0.11203703703703702 0.02599758162031439 0.1259259259259259
0 0.9247279322853689 0.1421296296296296 0.032043530834341 0.13796296296296295
0 0.8198307134220073 0.22824074074074072 0.03748488512696494 0.14351851851851852
0 0.9310761789600968 0.2421296296296296 0.0350665054413543 0.1324074074074074
0 0.9788391777509069 0.28425925925925927 0.030229746070133016 0.10185185185185185
0 0.8848246674727933 0.2 0.029625151148730353 0.13518518518518519
0 0.7853688029020558 0.14490740740740737 0.032648125755743655 0.14537037037037034
0 0.8264812575574366 0.11064814814814815 0.030229746070133016 0.13425925925925924
0 0.6940749697702541 0.24074074074074073 0.032648125755743655 0.14074074074074075
0 0.6689842805320436 0.20833333333333334 0.034461910519951636 0.14814814814814817
0 0.8101571946795647 0.5606481481481481 0.036275695284159616 0.1324074074074074
0 0.8367593712212817 0.6347222222222223 0.048367593712212824 0.15092592592592594
0 0.5241837968561064 0.21527777777777773 0.032648125755743655 0.15462962962962962
0 0.2596735187424426 0.03518518518518518 0.029625151148730353 0.0685185185185185
0 0.1756348246674728 0.03287037037037037 0.029625151148730353 0.06388888888888888
0 0.06136638452237002 0.11990740740740741 0.032043530834341 0.14351851851851852
0 0.4610036275695285 0.09722222222222222 0.032043530834341 0.12962962962962962
0 0.4289600967351875 0.09722222222222222 0.034461910519951636 0.13148148148148148
0 0.4123337363966143 0.14074074074074075 0.03385731559854897 0.13148148148148148
0 0.40266021765417176 0.13287037037037036 0.02902055622732769 0.13796296296296295
0 0.26239419588875457 0.23379629629629628 0.032648125755743655 0.12685185185185185
0 0.21704957678355505 0.20787037037037034 0.030229746070133016 0.13425925925925924
0 0.18712212817412335 0.2189814814814815 0.032043530834341 0.13796296296296295
0 0.912938331318017 0.1625 0.02902055622732769 0.11203703703703702
0 0.6390568319226119 0.12916666666666668 0.03990326481257558 0.12685185185185185
0 0.8814993954050787 0.6833333333333333 0.041112454655380895 0.15925925925925927
0 0.5417170495767836 0.20277777777777778 0.027811366384522373 0.12962962962962962
0 0.5698307134220074 0.19583333333333333 0.027206771463119714 0.1324074074074074
0 0.5580411124546555 0.2935185185185185 0.032648125755743655 0.13148148148148148
0 0.6393591293833132 0.23657407407407405 0.039298669891172915 0.13425925925925924
0 0.6045949214026604 0.250462962962963 0.036275695284159616 0.1361111111111111
0 0.6191051995163241 0.3699074074074074 0.03990326481257558 0.14351851851851852
0 0.8624546553808949 0.17453703703703702 0.032043530834341 0.12129629629629629
0 0.28688029020556227 0.9884259259259258 0.027206771463119714 0.025
0 0.3180169286577993 0.9768518518518517 0.02902055622732769 0.046296296296296294
0 0.21191051995163243 0.4768518518518518 0.034461910519951636 0.13148148148148148
0 0.3518742442563483 0.41898148148148145 0.0350665054413543 0.1398148148148148
0 0.8047158403869408 0.09351851851851851 0.0350665054413543 0.12407407407407406
0 0.7418379685610641 0.7199074074074073 0.036275695284159616 0.17314814814814813
0 0.7227932285368803 0.624074074074074 0.035671100362756954 0.11851851851851851
0 0.7197702539298669 0.412962962962963 0.0441354292623942 0.14259259259259258
0 0.6819830713422007 0.4180555555555555 0.0350665054413543 0.13796296296296295
0 0.900241837968561 0.9087962962962963 0.04232164449818622 0.16018518518518518
0 0.9437726723095528 0.11296296296296296 0.032648125755743655 0.12962962962962962
0 0.94316807738815 0.638888888888889 0.048367593712212824 0.1685185185185185
0 0.718863361547763 0.22824074074074072 0.032648125755743655 0.1324074074074074
0 0.9806529625151149 0.1837962962962963 0.02902055622732769 0.12129629629629629
0 0.7509068923821041 0.09768518518518518 0.03990326481257558 0.12129629629629629
0 0.5879685610640871 0.48796296296296293 0.032043530834341 0.13148148148148148
0 0.8349455864570738 0.12407407407407407 0.03748488512696494 0.11296296296296296
0 0.9619105199516325 0.08287037037037036 0.0350665054413543 0.11574074074074073
0 0.973397823458283 0.14537037037037034 0.03869407496977026 0.13518518518518519
0 0.6384522370012092 0.09166666666666666 0.030229746070133016 0.11296296296296296
0 0.6157799274486094 0.14907407407407408 0.029625151148730353 0.07962962962962963
0 0.2799274486094317 0.9560185185185185 0.04474002418379686 0.08796296296296297
0 0.4480048367593713 0.9439814814814814 0.048367593712212824 0.11388888888888889
0 0.9857920193470376 0.9407407407407408 0.027206771463119714 0.12037037037037036
0 0.9842805320435309 0.962962962962963 0.02902055622732769 0.07592592592592592
0 0.50453446191052 0.6675925925925926 0.02478839177750907 0.15185185185185185
0 0.5163240628778718 0.6675925925925926 0.03869407496977026 0.17037037037037037
0 0.24093107617896015 0.7064814814814814 0.04776299879081017 0.17037037037037037
0 0.21009673518742444 0.6861111111111111 0.03688029020556228 0.1648148148148148
0 0.23700120918984283 0.6717592592592592 0.03990326481257558 0.15462962962962962
0 0.49032648125755746 0.8050925925925926 0.04594921402660218 0.1787037037037037
0 0.5278113663845224 0.9671296296296297 0.05078597339782346 0.06759259259259259
0 0.5776904474002419 0.9759259259259259 0.04292623941958888 0.05
0 0.40507859733978235 0.824537037037037 0.047158403869407506 0.15462962962962962
0 0.5353688029020557 0.7824074074074073 0.034461910519951636 0.14814814814814817
0 0.5912938331318017 0.7388888888888888 0.03869407496977026 0.15555555555555553
0 0.5749697702539299 0.7143518518518518 0.0350665054413543 0.14351851851851852
0 0.6124546553808948 0.774074074074074 0.05441354292623943 0.14074074074074075
0 0.6544740024183797 0.7449074074074074 0.0380894800483676 0.15277777777777776
0 0.659310761789601 0.9101851851851851 0.050181378476420804 0.16296296296296295
0 0.7182587666263606 0.862037037037037 0.04957678355501814 0.15185185185185185
0 0.5834340991535671 0.5796296296296296 0.03869407496977026 0.14814814814814817
0 0.6209189842805322 0.5921296296296297 0.036275695284159616 0.14351851851851852
0 0.82043530834341 0.9810185185185184 0.03143893591293833 0.03981481481481482
0 0.7874848851269649 0.8083333333333333 0.048972188633615486 0.15185185185185185
0 0.8415961305925032 0.8143518518518518 0.04594921402660218 0.15648148148148147
0 0.8914752116082226 0.9583333333333334 0.0380894800483676 0.08518518518518518
0 0.9389359129383313 0.9560185185185185 0.03990326481257558 0.0861111111111111
0 0.7551390568319226 0.9046296296296296 0.05320435308343411 0.17037037037037037
0 0.9437726723095528 0.8888888888888888 0.047158403869407506 0.1648148148148148
0 0.940447400241838 0.8236111111111111 0.0441354292623942 0.16574074074074074
0 0.852478839177751 0.8782407407407408 0.047158403869407506 0.15648148148148147
0 0.8938935912938332 0.8564814814814814 0.0441354292623942 0.1648148148148148
0 0.9498186215235792 0.6907407407407408 0.048367593712212824 0.17777777777777776
0 0.38301088270858535 0.7162037037037036 0.046553808948004836 0.16203703703703703
0 0.4758162031438936 0.4504629629629629 0.041112454655380895 0.1324074074074074
0 0.5169286577992745 0.499537037037037 0.036275695284159616 0.13796296296296295
0 0.5308343409915357 0.4837962962962962 0.03143893591293833 0.13796296296296295
0 0.5405078597339783 0.3412037037037037 0.032648125755743655 0.1398148148148148
0 0.7385126964933494 0.5722222222222223 0.0441354292623942 0.1574074074074074
0 0.7445586457073761 0.6657407407407407 0.0441354292623942 0.16296296296296295
0 0.5894800483675937 0.4921296296296296 0.041112454655380895 0.1324074074074074
0 0.6154776299879082 0.49583333333333335 0.027811366384522373 0.12129629629629629
0 0.6130592503022975 0.5671296296296297 0.03990326481257558 0.14907407407407408
0 0.8143893591293834 0.674074074074074 0.03869407496977026 0.1796296296296296
0 0.813180169286578 0.7027777777777777 0.03748488512696494 0.16666666666666666
0 0.9029625151148731 0.2787037037037037 0.032043530834341 0.12962962962962962
0 0.8951027811366385 0.2574074074074074 0.03688029020556228 0.13148148148148148
0 0.8663845223700122 0.25740740740740736 0.027811366384522373 0.1259259259259259
0 0.1844014510278114 0.7435185185185186 0.03385731559854897 0.1537037037037037
0 0.15266021765417173 0.7712962962962961 0.04292623941958888 0.1648148148148148
0 0.22611850060459493 0.7972222222222222 0.06650544135429264 0.1796296296296296
0 0.47067714631197105 0.41435185185185186 0.032043530834341 0.10092592592592592
0 0.23609431680773885 0.4611111111111111 0.03688029020556228 0.1574074074074074
0 0.2699516324062878 0.46481481481481474 0.03688029020556228 0.14074074074074075
0 0.35157194679564696 0.5601851851851851 0.034461910519951636 0.15185185185185185
0 0.31741233373639666 0.5810185185185186 0.032648125755743655 0.14537037037037034
0 0.2956469165659009 0.5449074074074074 0.03748488512696494 0.16018518518518518
0 0.42986698911729143 0.28518518518518515 0.02902055622732769 0.13518518518518519
0 0.39540507859733975 0.34305555555555556 0.041112454655380895 0.14537037037037034
0 0.5042321644498187 0.3939814814814815 0.032648125755743655 0.12129629629629629
0 0.7557436517533254 0.6060185185185184 0.03990326481257558 0.13796296296296295
0 0.07859733978234583 0.6912037037037037 0.03990326481257558 0.16018518518518518
0 0.032648125755743655 0.7129629629629629 0.04957678355501814 0.1796296296296296
0 0.04443772672309553 0.35462962962962963 0.04292623941958888 0.14629629629629629
0 0.32315598548972196 0.7972222222222222 0.048972188633615486 0.18333333333333332
0 0.36245465538089483 0.7967592592592593 0.039298669891172915 0.1675925925925926
0 0.3482466747279323 0.22037037037037036 0.02539298669891173 0.10185185185185185
0 0.3485489721886336 0.2189814814814815 0.0380894800483676 0.13425925925925924
0 0.05169286577992746 0.4402777777777777 0.04776299879081017 0.15648148148148147
0 0.1393591293833132 0.7199074074074073 0.0441354292623942 0.16018518518518518
0 0.2376058041112455 0.6004629629629629 0.04232164449818622 0.15462962962962962
0 0.28808948004836765 0.6342592592592592 0.04776299879081017 0.1648148148148148
0 0.691354292623942 0.48935185185185187 0.0441354292623942 0.15092592592592594
0 0.6487303506650544 0.5194444444444444 0.04353083434099154 0.14629629629629629
0 0.5940145102781137 0.5259259259259259 0.041717049576783564 0.14259259259259258
0 0.5408101571946796 0.5337962962962962 0.0441354292623942 0.16203703703703703
0 0.2548367593712213 0.16018518518518518 0.034461910519951636 0.13333333333333333
0 0.1544740024183797 0.4550925925925926 0.039298669891172915 0.1472222222222222
0 0.19105199516324067 0.4472222222222222 0.03748488512696494 0.1648148148148148
0 0.32345828295042317 0.4208333333333333 0.036275695284159616 0.1324074074074074
0 0.653869407496977 0.36435185185185187 0.0441354292623942 0.13796296296296295
0 0.7448609431680774 0.14675925925925926 0.032648125755743655 0.1324074074074074
0 0.724304715840387 0.30092592592592593 0.03748488512696494 0.15185185185185185
0 0.6393591293833133 0.31759259259259254 0.035671100362756954 0.13148148148148148
0 0.663845223700121 0.44768518518518513 0.047158403869407506 0.15648148148148147
0 0.7527206771463121 0.31481481481481477 0.027811366384522373 0.09074074074074073
0 0.5858524788391778 0.3074074074074074 0.030229746070133016 0.14444444444444443
0 0.8597339782345829 0.43981481481481477 0.03748488512696494 0.14074074074074075
0 0.6318016928657799 0.29398148148148145 0.0350665054413543 0.12314814814814815
0 0.6925634824667474 0.324537037037037 0.039298669891172915 0.14351851851851852
0 0.8521765417170497 0.14444444444444443 0.032043530834341 0.1148148148148148
0 0.7690447400241839 0.20416666666666666 0.03385731559854897 0.14537037037037034
0 0.979746070133011 0.5449074074074074 0.039298669891172915 0.15462962962962962
0 0.9746070133010883 0.41759259259259257 0.03990326481257558 0.14259259259259258
0 0.9558645707376059 0.26157407407407407 0.036275695284159616 0.14907407407407408
0 0.9461910519951634 0.5138888888888888 0.041112454655380895 0.15925925925925927
0 0.7493954050785975 0.23333333333333334 0.032043530834341 0.12962962962962962
0 0.027811366384522373 0.3092592592592593 0.04474002418379686 0.15185185185185185
0 0.23609431680773887 0.34768518518518515 0.04534461910519952 0.15092592592592594
0 0.6946795646916567 0.12175925925925926 0.0350665054413543 0.12870370370370368
0 0.6777509068923822 0.10092592592592592 0.03385731559854897 0.11851851851851851
0 0.3588270858524789 0.08240740740740742 0.032043530834341 0.14074074074074075
0 0.1444981862152358 0.2847222222222222 0.03869407496977026 0.1398148148148148
0 0.844316807738815 0.21527777777777776 0.029625151148730353 0.12870370370370368
0 0.93409915356711 0.20879629629629629 0.0350665054413543 0.12870370370370368
0 0.9591898428053206 0.2319444444444444 0.03688029020556228 0.13796296296296295
0 0.8748488512696494 0.225 0.030229746070133016 0.13518518518518519
0 0.33131801692865787 0.10277777777777777 0.02539298669891173 0.12037037037037036
0 0.31650544135429265 0.075 0.027206771463119714 0.11666666666666667
0 0.02025392986698912 0.8722222222222221 0.039298669891172915 0.17407407407407408
0 0.0030229746070133015 0.8717592592592592 0.004836759371221282 0.16018518518518518
0 0.30320435308343413 0.09212962962962963 0.032043530834341 0.12685185185185185
0 0.7868802902055623 0.22916666666666663 0.034461910519951636 0.14537037037037034
0 0.10247883917775091 0.3106481481481481 0.046553808948004836 0.14537037037037034
0 0.6172914147521161 0.09861111111111111 0.032648125755743655 0.12685185185185185
0 0.8678960096735188 0.12685185185185185 0.029625151148730353 0.12962962962962962
0 0.8663845223700122 0.27546296296296297 0.03869407496977026 0.1324074074074074
0 0.8923821039903266 0.4347222222222222 0.041112454655380895 0.14907407407407408
0 0.24365175332527209 0.44537037037037036 0.032648125755743655 0.14074074074074075
0 0.5894800483675938 0.6532407407407407 0.05078597339782346 0.14907407407407408
0 0.566807738814994 0.6222222222222221 0.039298669891172915 0.16296296296296295
0 0.6151753325272068 0.6296296296296295 0.03688029020556228 0.14814814814814817
0 0.7805320435308345 0.7175925925925924 0.05441354292623943 0.14074074074074075
0 0.22581620314389358 0.4185185185185185 0.032043530834341 0.14629629629629629
0 0.2769044740024184 0.43333333333333335 0.03748488512696494 0.14629629629629629
0 0.5646916565900847 0.44583333333333336 0.0350665054413543 0.13796296296296295
0 0.5601571946795647 0.43194444444444446 0.041717049576783564 0.13425925925925924
0 0.4957678355501814 0.4856481481481481 0.030229746070133016 0.14351851851851852
0 0.4017533252720678 0.41481481481481475 0.034461910519951636 0.14074074074074075
0 0.41898428053204356 0.3351851851851852 0.03143893591293833 0.12407407407407406
0 0.44498186215235797 0.3523148148148148 0.0350665054413543 0.13796296296296295
0 0.48337363966142693 0.3384259259259259 0.029625151148730353 0.0824074074074074
0 0.5163240628778719 0.36018518518518516 0.030229746070133016 0.12407407407407406
0 0.44951632406287795 0.525 0.039298669891172915 0.14814814814814817
0 0.3890568319226119 0.5712962962962962 0.029625151148730353 0.14629629629629629
0 0.3890568319226119 0.5134259259259258 0.027206771463119714 0.12314814814814815
0 0.3863361547762999 0.4907407407407407 0.03385731559854897 0.13148148148148148
0 0.17533252720677148 0.30925925925925923 0.0350665054413543 0.11296296296296296
0 0.3192261185006046 0.11296296296296296 0.030229746070133016 0.11296296296296296
0 0.009975816203143894 0.38101851851851853 0.01874244256348247 0.15092592592592594
0 0.24425634824667475 0.20925925925925926 0.0350665054413543 0.12962962962962962
0 0.4746070133010883 0.399074074074074 0.027811366384522373 0.09074074074074073
0 0.4975816203143894 0.41527777777777775 0.027811366384522373 0.10462962962962963
0 0.27327690447400244 0.924074074074074 0.04957678355501814 0.15185185185185185
0 0.3914752116082225 0.21805555555555553 0.04534461910519952 0.16203703703703703
0 0.7566505441354293 0.045370370370370366 0.03325272067714632 0.08888888888888888
0 0.7859733978234584 0.04907407407407407 0.02902055622732769 0.0962962962962963
0 0.7868802902055623 0.04027777777777777 0.028415961305925032 0.0787037037037037
0 0.042019347037484896 0.4222222222222222 0.029625151148730353 0.12962962962962962
0 0.005441354292623942 0.16203703703703703 0.009673518742442565 0.12407407407407406
0 0.7566505441354293 0.03333333333333333 0.03325272067714632 0.06481481481481481
