0 0.38331318016928656 0.8180555555555554 0.03869407496977026 0.1675925925925926
0 0.3639661426844015 0.8680555555555556 0.03869407496977026 0.16018518518518518
0 0.6438935912938333 0.8310185185185185 0.04957678355501814 0.17685185185185184
0 0.37182587666263606 0.5768518518518518 0.04594921402660218 0.14259259259259258
0 0.32859733978234584 0.587037037037037 0.041717049576783564 0.14629629629629629
0 0.06287787182587667 0.6268518518518519 0.047158403869407506 0.15185185185185185
0 0.07194679564691657 0.7847222222222221 0.05441354292623943 0.1824074074074074
0 0.11275695284159613 0.8046296296296297 0.050181378476420804 0.19444444444444445
0 0.7128174123337365 0.4791666666666667 0.03748488512696494 0.1675925925925926
0 0.6816807738814994 0.4944444444444444 0.048972188633615486 0.1648148148148148
0 0.69316807738815 0.5402777777777777 0.0441354292623942 0.16203703703703703
0 0.7989721886336155 0.7791666666666666 0.0441354292623942 0.15648148148148147
0 0.7799274486094318 0.8157407407407408 0.05320435308343411 0.15555555555555553
0 0.3618500604594922 0.28148148148148144 0.03688029020556228 0.13518518518518519
0 0.3143893591293833 0.3055555555555555 0.0350665054413543 0.12962962962962962
0 0.40689238210399037 0.28425925925925927 0.03748488512696494 0.13518518518518519
0 0.39873035066505447 0.30462962962962964 0.046553808948004836 0.14074074074074075
0 0.25272067714631197 0.7921296296296296 0.04594921402660218 0.175
0 0.34794437726723104 0.6949074074074073 0.039298669891172915 0.17129629629629628
0 0.3518742442563483 0.7097222222222221 0.047158403869407506 0.15648148148148147
0 0.25151148730350664 0.8231481481481481 0.04594921402660218 0.18518518518518517
0 0.32073760580411126 0.3231481481481481 0.04534461910519952 0.137037037037037
0 0.6330108827085853 0.937037037037037 0.048367593712212824 0.12407407407407406
0 0.6892382103990328 0.9226851851851852 0.04594921402660218 0.15648148148148147
0 0.6493349455864572 0.9032407407407407 0.041112454655380895 0.16203703703703703
0 0.9694679564691658 0.8032407407407407 0.05139056831922612 0.16388888888888886
0 0.9180773881499397 0.7564814814814814 0.053808948004836765 0.15185185185185185
0 0.986094316807739 0.7532407407407405 0.02539298669891173 0.17129629629629628
0 0.8990326481257559 0.9601851851851851 0.05320435308343411 0.08148148148148147
0 0.9434703748488514 0.9606481481481481 0.04292623941958888 0.0787037037037037
0 0.7569528415961306 0.05416666666666666 0.030229746070133016 0.10648148148148147
0 0.8107617896009673 0.962962962962963 0.048367593712212824 0.07592592592592592
0 0.7629987908101573 0.9467592592592592 0.04594921402660218 0.10648148148148147
0 0.8098548972188634 0.5458333333333333 0.03688029020556228 0.15462962962962962
0 0.8672914147521161 0.5731481481481481 0.048972188633615486 0.1648148148148148
0 0.8412938331318018 0.5013888888888889 0.030834340991535675 0.10462962962962963
0 0.8730350665054415 0.5143518518518518 0.03385731559854897 0.12314814814814815
0 0.37605804111245467 0.9689814814814814 0.041112454655380895 0.06388888888888888
0 0.1523579201934704 0.1587962962962963 0.0350665054413543 0.12685185185185185
0 0.10066505441354294 0.27824074074074073 0.046553808948004836 0.16203703703703703
0 0.1807738814993954 0.18703703703703703 0.0350665054413543 0.12962962962962962
0 0.6692865779927449 0.11342592592592592 0.03385731559854897 0.12685185185185185
0 0.7007255139056833 0.11712962962962963 0.032648125755743655 0.1175925925925926
0 0.3533857315598549 0.15925925925925927 0.0380894800483676 0.1148148148148148
0 0.31559854897218864 0.2310185185185185 0.03748488512696494 0.1398148148148148
0 0.41958887545344625 0.19027777777777777 0.032648125755743655 0.1324074074074074
0 0.5266021765417171 0.1597222222222222 0.0350665054413543 0.14351851851851852
0 0.42986698911729143 0.15277777777777776 0.032648125755743655 0.12777777777777777
0 0.510882708585248 0.1907407407407407 0.041112454655380895 0.12407407407407406
0 0.5909915356711004 0.1472222222222222 0.03688029020556228 0.12407407407407406
0 0.6269649334945586 0.13564814814814816 0.04232164449818622 0.12685185185185185
0 0.6744256348246674 0.13796296296296295 0.0441354292623942 0.12407407407407406
0 0.7203748488512697 0.10416666666666667 0.034461910519951636 0.11203703703703702
0 0.7469770253929867 0.13518518518518519 0.034461910519951636 0.13518518518518519
0 0.7708585247883919 0.2597222222222222 0.04474002418379686 0.1324074074074074
0 0.9044740024183797 0.3148148148148148 0.0350665054413543 0.11296296296296296
0 0.9328899637243048 0.3097222222222222 0.0350665054413543 0.13425925925925924
0 0.9631197097944378 0.2268518518518518 0.032648125755743655 0.12407407407407406
0 0.9180773881499397 0.2657407407407407 0.034461910519951636 0.13148148148148148
0 0.9622128174123338 0.2837962962962963 0.039298669891172915 0.1398148148148148
0 0.9440749697702541 0.3560185185185185 0.0441354292623942 0.15462962962962962
0 0.9117291414752117 0.35833333333333334 0.04232164449818622 0.1574074074074074
0 0.7796251511487304 0.3546296296296296 0.029625151148730353 0.09814814814814814
0 0.8053204353083435 0.33055555555555555 0.03748488512696494 0.13518518518518519
0 0.8210399032648126 0.33888888888888885 0.030229746070133016 0.1074074074074074
0 0.9863966142684403 0.26620370370370366 0.027206771463119714 0.14537037037037034
0 0.8975211608222492 0.4300925925925926 0.053808948004836765 0.13796296296296295
0 0.9419588875453447 0.4282407407407407 0.04232164449818622 0.15648148148148147
0 0.9552599758162033 0.4194444444444444 0.041112454655380895 0.14629629629629629
0 0.9812575574365175 0.40555555555555556 0.0350665054413543 0.1537037037037037
0 0.9812575574365175 0.4388888888888889 0.0350665054413543 0.14629629629629629
0 0.9195888754534464 0.4912037037037037 0.047158403869407506 0.1472222222222222
0 0.9247279322853689 0.5652777777777778 0.046553808948004836 0.15648148148148147
0 0.6142684401451028 0.32962962962962966 0.04232164449818622 0.137037037037037
0 0.6423821039903266 0.3425925925925926 0.039298669891172915 0.15185185185185185
0 0.7738814993954051 0.3097222222222222 0.030229746070133016 0.12685185185185185
0 0.7527206771463121 0.3032407407407407 0.03385731559854897 0.125
0 0.6632406287787184 0.40277777777777773 0.03748488512696494 0.1537037037037037
0 0.632708585247884 0.3962962962962963 0.03688029020556228 0.14814814814814817
0 0.6671704957678356 0.3689814814814814 0.029625151148730353 0.11018518518518518
0 0.6816807738814995 0.3759259259259259 0.030834340991535675 0.10925925925925925
0 0.6967956469165659 0.3782407407407407 0.041717049576783564 0.14166666666666666
0 0.8573155985489722 0.3759259259259259 0.03748488512696494 0.13148148148148148
0 0.8663845223700122 0.3638888888888889 0.0350665054413543 0.12407407407407406
0 0.7769044740024185 0.6037037037037037 0.05078597339782346 0.15925925925925927
0 0.14752116082224911 0.3402777777777778 0.041112454655380895 0.13796296296296295
0 0.18651753325272066 0.3356481481481481 0.041717049576783564 0.1324074074074074
0 0.18016928657799275 0.4074074074074074 0.041112454655380895 0.15555555555555553
0 0.13119709794437728 0.41018518518518515 0.04232164449818622 0.14259259259259258
0 0.046553808948004836 0.5101851851851851 0.041112454655380895 0.1648148148148148
0 0.0761789600967352 0.5361111111111111 0.04957678355501814 0.1685185185185185
0 0.10973397823458282 0.5527777777777777 0.034461910519951636 0.10185185185185185
0 0.41142684401451035 0.663888888888889 0.0441354292623942 0.15925925925925927
0 0.08948004836759373 0.19398148148148145 0.03748488512696494 0.12314814814814815
0 0.08434099153567111 0.21018518518518517 0.039298669891172915 0.1148148148148148
0 0.11003627569528417 0.6222222222222221 0.048367593712212824 0.1574074074074074
0 0.2989721886336155 0.6652777777777777 0.041717049576783564 0.16388888888888886
0 0.3137847642079806 0.6347222222222222 0.03869407496977026 0.16574074074074074
0 0.35036275695284164 0.6532407407407407 0.03688029020556228 0.14351851851851852
0 0.6330108827085853 0.8046296296296295 0.05925030229746071 0.14814814814814817
0 0.6311970979443773 0.7685185185185185 0.07376058041112456 0.15925925925925927
0 0.6444981862152359 0.7518518518518518 0.04232164449818622 0.14074074074074075
0 0.3270858524788392 0.8379629629629629 0.027811366384522373 0.1074074074074074
0 0.5075574365175334 0.3175925925925926 0.039298669891172915 0.11851851851851851
0 0.3346432889963725 0.8416666666666667 0.048972188633615486 0.17037037037037037
0 0.7814389359129384 0.24074074074074073 0.034461910519951636 0.14074074074074075
0 0.3827085852478839 0.17037037037037037 0.036275695284159616 0.13148148148148148
0 0.29020556227327693 0.23287037037037037 0.036275695284159616 0.125
0 0.5048367593712213 0.27824074074074073 0.04474002418379686 0.16018518518518518
0 0.23700120918984283 0.5967592592592592 0.03990326481257558 0.15462962962962962
0 0.2406287787182588 0.5666666666666667 0.03748488512696494 0.14629629629629629
0 0.061668681983071356 0.8560185185185186 0.048367593712212824 0.16203703703703703
0 0.19800483675937122 0.5972222222222221 0.0441354292623942 0.14629629629629629
0 0.21432889963724305 0.5393518518518517 0.03688029020556228 0.15092592592592594
0 0.1783555018137848 0.5578703703703703 0.047158403869407506 0.15462962962962962
0 0.48790810157194686 0.5828703703703704 0.03990326481257558 0.16018518518518518
0 0.3935912938331319 0.24259259259259258 0.030229746070133016 0.12962962962962962
0 0.4141475211608223 0.2486111111111111 0.032648125755743655 0.12685185185185185
0 0.5163240628778718 0.5703703703703703 0.036275695284159616 0.14629629629629629
0 0.7128174123337364 0.9541666666666667 0.04474002418379686 0.09166666666666666
0 0.9117291414752118 0.8629629629629629 0.04957678355501814 0.1685185185185185
0 0.671100362756953 0.9587962962962963 0.03869407496977026 0.08425925925925926
0 0.41686819830713423 0.4305555555555555 0.030834340991535675 0.11296296296296296
0 0.719770253929867 0.38611111111111107 0.041717049576783564 0.11851851851851851
0 0.7663240628778719 0.3884259259259259 0.041717049576783564 0.13796296296296295
0 0.27902055622732774 0.38287037037037036 0.0441354292623942 0.13796296296296295
0 0.2578597339782346 0.3976851851851852 0.034461910519951636 0.13796296296296295
0 0.5495767835550182 0.5060185185185184 0.032648125755743655 0.12685185185185185
0 0.25392986698911735 0.9777777777777776 0.03990326481257558 0.046296296296296294
0 0.47702539298669894 0.9787037037037037 0.03869407496977026 0.04444444444444444
0 0.49214026602176547 0.6759259259259259 0.0350665054413543 0.15185185185185185
0 0.4885126964933495 0.6833333333333333 0.04232164449818622 0.1685185185185185
0 0.2097944377267231 0.749537037037037 0.047158403869407506 0.17685185185185184
0 0.18228536880290208 0.7162037037037037 0.041717049576783564 0.17314814814814813
0 0.2113059250302298 0.7009259259259258 0.0441354292623942 0.1574074074074074
0 0.5302297460701331 0.8240740740740741 0.047158403869407506 0.17777777777777776
0 0.43500604594921405 0.8791666666666667 0.04534461910519952 0.16203703703703703
0 0.5338573155985491 0.5907407407407407 0.04474002418379686 0.1574074074074074
0 0.5042321644498187 0.9217592592592592 0.056831922611850064 0.15648148148148147
0 0.3261789600967352 0.7768518518518518 0.0441354292623942 0.17407407407407408
0 0.4597944377267232 0.4912037037037037 0.05622732769044741 0.14907407407407408
0 0.5532043530834342 0.523611111111111 0.03990326481257558 0.1324074074074074
0 0.5253929866989118 0.5277777777777778 0.02902055622732769 0.1074074074074074
0 0.5486698911729142 0.6226851851851851 0.041717049576783564 0.14907407407407408
0 0.8787787182587669 0.3194444444444444 0.032043530834341 0.13333333333333333
0 0.8718258766626361 0.29212962962962963 0.032648125755743655 0.12685185185185185
0 0.8467351874244258 0.29398148148148145 0.032043530834341 0.12314814814814815
0 0.4930471584038695 0.874074074074074 0.046553808948004836 0.1925925925925926
0 0.3603385731559855 0.4888888888888888 0.03748488512696494 0.13518518518518519
0 0.20918984280532046 0.48055555555555546 0.03990326481257558 0.15185185185185185
0 0.24093107617896012 0.48703703703703705 0.03688029020556228 0.1574074074074074
0 0.33857315598548976 0.40324074074074073 0.0350665054413543 0.14537037037037034
0 0.3047158403869408 0.48287037037037034 0.03748488512696494 0.16203703703703703
0 0.4824667472793229 0.4347222222222222 0.027811366384522373 0.12129629629629629
0 0.06136638452237002 0.1662037037037037 0.034461910519951636 0.12685185185185185
0 0.37545344619105203 0.7203703703703703 0.03748488512696494 0.1574074074074074
0 0.3890568319226119 0.7773148148148148 0.048972188633615486 0.16388888888888886
0 0.4141475211608223 0.7453703703703703 0.04353083434099154 0.16666666666666666
0 0.36245465538089483 0.7407407407407407 0.039298669891172915 0.17407407407407408
0 0.2134220072551391 0.1935185185185185 0.03385731559854897 0.14074074074074075
0 0.718863361547763 0.17824074074074073 0.03385731559854897 0.1324074074074074
0 0.8470374848851271 0.312037037037037 0.03748488512696494 0.137037037037037
0 0.24546553808948007 0.46759259259259256 0.048367593712212824 0.14259259259259258
0 0.46674727932285376 0.7486111111111111 0.04474002418379686 0.15462962962962962
0 0.6783555018137848 0.7050925925925925 0.05199516324062878 0.14907407407407408
0 0.20133010882708588 0.4527777777777777 0.03748488512696494 0.14074074074074075
0 0.2578597339782346 0.4601851851851852 0.057436517533252726 0.137037037037037
0 0.4740024183796856 0.5527777777777777 0.03869407496977026 0.13518518518518519
0 0.4594921402660218 0.5212962962962963 0.04957678355501814 0.13518518518518519
0 0.41354292623941963 0.40555555555555556 0.04232164449818622 0.14259259259259258
0 0.2778113663845224 0.5898148148148148 0.039298669891172915 0.15185185185185185
0 0.19165659008464328 0.8111111111111111 0.06045949214026603 0.1574074074074074
0 0.46977025392986704 0.42361111111111105 0.032648125755743655 0.14907407407407408
0 0.49093107617896015 0.39768518518518514 0.03385731559854897 0.1398148148148148
0 0.49214026602176547 0.6370370370370371 0.04232164449818622 0.15925925925925927
0 0.39752116082224914 0.6402777777777777 0.04050785973397824 0.14907407407407408
0 0.36729141475211613 0.549074074074074 0.039298669891172915 0.137037037037037
0 0.36245465538089483 0.5222222222222221 0.03688029020556228 0.13518518518518519
0 0.45586457073760583 0.44999999999999996 0.030229746070133016 0.1148148148148148
0 0.49546553808948013 0.4666666666666667 0.032043530834341 0.11851851851851851
0 0.2587666263603386 0.9300925925925925 0.05078597339782346 0.1398148148148148
0 0.7397218863361549 0.07222222222222222 0.034461910519951636 0.11851851851851851
0 0.26964933494558646 0.6268518518518519 0.048367593712212824 0.1685185185185185
0 0.7684401451027811 0.0861111111111111 0.02539298669891173 0.11296296296296296
0 0.22853688029020558 0.9606481481481481 0.03748488512696494 0.08055555555555555
0 0.16263603385731565 0.9569444444444443 0.047158403869407506 0.08796296296296297
0 0.5438331318016929 0.9657407407407407 0.048972188633615486 0.07037037037037037
0 0.989721886336155 0.0699074074074074 0.018137847642079808 0.10833333333333334
0 0.70223700120919 0.12453703703703703 0.02599758162031439 0.0898148148148148
0 0.9486094316807739 0.03703703703703703 0.03385731559854897 0.07222222222222222
0 0.9740024183796856 0.03888888888888888 0.030229746070133016 0.07592592592592592
0 0.987908101571947 0.09583333333333334 0.02176541717049577 0.13055555555555556
0 0.925634824667473 0.0574074074074074 0.036275695284159616 0.11296296296296296
0 0.9579806529625152 0.10972222222222222 0.041717049576783564 0.1324074074074074
0 0.979746070133011 0.11574074074074073 0.03688029020556228 0.12407407407407406
0 0.921100362756953 0.1259259259259259 0.034461910519951636 0.12407407407407406
0 0.9356106408706168 0.13796296296296295 0.041717049576783564 0.13148148148148148
0 0.9171704957678356 0.08888888888888888 0.0350665054413543 0.12222222222222222
0 0.8929866989117292 0.14074074074074075 0.04232164449818622 0.13148148148148148
0 0.9839782345828296 0.3449074074074074 0.030834340991535675 0.12685185185185185
0 0.8948004836759372 0.3875 0.047158403869407506 0.13425925925925924
0 0.57043530834341 0.027777777777777776 0.027206771463119714 0.0537037037037037
0 0.5556227327690448 0.025925925925925925 0.02539298669891173 0.05
0 0.7750906892382105 0.07037037037037037 0.027811366384522373 0.11296296296296296
0 0.6995163240628779 0.03425925925925925 0.0350665054413543 0.06666666666666667
0 0.6847037484885128 0.07175925925925926 0.03688029020556228 0.11574074074074073
0 0.6695888754534463 0.08888888888888888 0.034461910519951636 0.1259259259259259
0 0.7097944377267231 0.05555555555555555 0.0350665054413543 0.10925925925925925
0 0.6278718258766628 0.039351851851851846 0.032043530834341 0.07685185185185185
0 0.6526602176541717 0.0412037037037037 0.029625151148730353 0.08055555555555555
0 0.5559250302297462 0.16342592592592592 0.041717049576783564 0.13425925925925924
0 0.7194679564691656 0.1398148148148148 0.0350665054413543 0.12962962962962962
0 0.2125151148730351 0.01990740740740741 0.032043530834341 0.03796296296296296
0 0.1756348246674728 0.02546296296296296 0.034461910519951636 0.04907407407407407
0 0.06045949214026603 0.02175925925925926 0.030229746070133016 0.041666666666666664
0 0.08343409915356712 0.02037037037037037 0.02902055622732769 0.03888888888888888
0 0.11366384522370013 0.025 0.027811366384522373 0.04814814814814815
0 0.6472188633615479 0.060648148148148145 0.034461910519951636 0.10833333333333334
0 0.45163240628778717 0.04305555555555555 0.02902055622732769 0.08425925925925926
0 0.46674727932285376 0.04629629629629629 0.0350665054413543 0.09074074074074073
0 0.4546553808948005 0.02638888888888889 0.02902055622732769 0.05092592592592592
0 0.4292623941958888 0.025 0.027811366384522373 0.04814814814814815
0 0.20072551390568322 0.06481481481481481 0.03748488512696494 0.12037037037037036
0 0.1635429262394196 0.06666666666666667 0.03688029020556228 0.11666666666666667
0 0.6351269649334946 0.053240740740740734 0.032043530834341 0.10462962962962963
0 0.6777509068923822 0.059259259259259255 0.032648125755743655 0.1111111111111111
0 0.6402660217654172 0.08379629629629629 0.03748488512696494 0.13796296296296295
0 0.6058041112454655 0.08425925925925926 0.03385731559854897 0.12407407407407406
0 0.44498186215235797 0.11342592592592592 0.032648125755743655 0.11203703703703702
0 0.4274486094316808 0.08518518518518518 0.036275695284159616 0.12962962962962962
0 0.29443772672309554 0.06666666666666667 0.036275695284159616 0.11851851851851851
0 0.24365175332527209 0.04629629629629629 0.03385731559854897 0.09074074074074073
0 0.29171704957678357 0.03333333333333333 0.029625151148730353 0.06481481481481481
0 0.9740024183796856 0.09583333333333334 0.0350665054413543 0.12685185185185185
0 0.5819226118500604 0.02546296296296296 0.028415961305925032 0.04907407407407407
0 0.7327690447400242 0.05462962962962962 0.030229746070133016 0.1074074074074074
