0 0.22249093107617898 0.0412037037037037 0.036275695284159616 0.08055555555555555
0 0.2560459492140266 0.038425925925925926 0.034461910519951636 0.075
0 0.2892986698911729 0.03611111111111111 0.03688029020556228 0.07037037037037037
0 0.4727932285368803 0.04953703703703704 0.03143893591293833 0.09537037037037037
0 0.14812575574365178 0.06527777777777778 0.032648125755743655 0.11944444444444444
0 0.4464933494558646 0.03888888888888888 0.035671100362756954 0.07592592592592592
0 0.23125755743651755 0.06805555555555555 0.027206771463119714 0.1175925925925926
0 0.2629987908101572 0.053240740740740734 0.03748488512696494 0.10462962962962963
0 0.9558645707376059 0.04629629629629629 0.0350665054413543 0.09074074074074073
0 0.6411729141475213 0.05046296296296296 0.04050785973397824 0.09722222222222222
0 0.6686819830713423 0.04907407407407407 0.030229746070133016 0.0962962962962963
0 0.9368198307134221 0.06666666666666667 0.032043530834341 0.10925925925925925
0 0.9141475211608223 0.05972222222222222 0.030229746070133016 0.11018518518518518
0 0.9074969770253931 0.07546296296296297 0.03143893591293833 0.12685185185185185
0 0.6402660217654172 0.04861111111111111 0.03143893591293833 0.09537037037037037
0 0.985187424425635 0.06620370370370371 0.027206771463119714 0.125
0 0.9235187424425637 0.04675925925925926 0.032043530834341 0.09166666666666666
0 0.09461910519951634 0.015277777777777777 0.032043530834341 0.0287037037037037
0 0.42200725513905685 0.025 0.02176541717049577 0.04814814814814815
0 0.9365175332527208 0.9824074074074074 0.032648125755743655 0.03703703703703704
0 0.38542926239419595 0.5625 0.03688029020556228 0.16574074074074074
0 0.1405683192261185 0.4078703703703704 0.034461910519951636 0.14351851851851852
0 0.07073760580411126 0.499537037037037 0.036275695284159616 0.14537037037037034
0 0.047762998790810154 0.4731481481481481 0.032648125755743655 0.1574074074074074
0 0.1051995163240629 0.4819444444444444 0.03990326481257558 0.15648148148148147
0 0.7487908101571947 0.05277777777777777 0.029625151148730353 0.10370370370370369
0 0.8485489721886338 0.3888888888888889 0.03688029020556228 0.13148148148148148
0 0.8669891172914148 0.3555555555555555 0.0350665054413543 0.12407407407407406
0 0.2711608222490931 0.6745370370370369 0.0441354292623942 0.17129629629629628
0 0.2620918984280532 0.6546296296296296 0.03688029020556228 0.18148148148148147
0 0.37666263603385736 0.6509259259259258 0.0350665054413543 0.14629629629629629
0 0.22883917775090692 0.586574074074074 0.034461910519951636 0.14907407407407408
0 0.24274486094316808 0.5583333333333333 0.029625151148730353 0.14074074074074075
0 0.19407496977025396 0.5625 0.04232164449818622 0.13425925925925924
0 0.2037484885126965 0.5226851851851851 0.04232164449818622 0.15648148148148147
0 0.1626360338573156 0.5467592592592592 0.04353083434099154 0.16388888888888886
0 0.38391777509068925 0.23148148148148148 0.0350665054413543 0.12962962962962962
0 0.4044740024183798 0.23796296296296296 0.032648125755743655 0.12962962962962962
0 0.36789600967351876 0.42407407407407405 0.028415961305925032 0.1148148148148148
0 0.7043530834340992 0.38101851851851853 0.04353083434099154 0.11574074074074073
0 0.749093107617896 0.3972222222222222 0.04232164449818622 0.137037037037037
0 0.24516324062877873 0.374537037037037 0.034461910519951636 0.14351851851851852
0 0.24002418379685614 0.39398148148148143 0.03748488512696494 0.14537037037037034
0 0.9646311970979445 0.860648148148148 0.041717049576783564 0.14537037037037034
0 0.2941354292623942 0.9643518518518518 0.046553808948004836 0.07129629629629629
0 0.4764207980652963 0.6787037037037037 0.03748488512696494 0.15925925925925927
0 0.4755139056831923 0.6810185185185186 0.039298669891172915 0.16944444444444443
0 0.20737605804111248 0.737037037037037 0.04474002418379686 0.18518518518518517
0 0.17261185006045954 0.7212962962962963 0.046553808948004836 0.1685185185185185
0 0.20193470374848854 0.699074074074074 0.041112454655380895 0.16296296296296295
0 0.38210399032648135 0.43935185185185177 0.0350665054413543 0.15648148148148147
0 0.31620314389359133 0.7791666666666667 0.047158403869407506 0.16944444444444443
0 0.44498186215235797 0.4699074074074074 0.05199516324062878 0.12685185185185185
0 0.9712817412333737 0.9023148148148148 0.05501813784764208 0.1675925925925926
0 0.9470979443772675 0.9083333333333332 0.035671100362756954 0.13148148148148148
0 0.2732769044740025 0.3412037037037037 0.0350665054413543 0.14907407407407408
0 0.8694074969770255 0.3171296296296296 0.03385731559854897 0.13796296296296295
0 0.8555018137847644 0.28888888888888886 0.036275695284159616 0.137037037037037
0 0.8288996372430473 0.29027777777777775 0.0350665054413543 0.1324074074074074
0 0.3412938331318017 0.47731481481481475 0.03688029020556228 0.1324074074074074
0 0.19226118500604597 0.4708333333333333 0.04353083434099154 0.15092592592592594
0 0.2294437726723096 0.4708333333333333 0.034461910519951636 0.14351851851851852
0 0.3446191051995164 0.6842592592592592 0.03990326481257558 0.1685185185185185
0 0.5205562273276905 0.6402777777777777 0.032648125755743655 0.1398148148148148
0 0.04957678355501814 0.16203703703703703 0.032648125755743655 0.137037037037037
0 0.3663845223700121 0.7074074074074074 0.03990326481257558 0.1574074074074074
0 0.37031438935912947 0.737037037037037 0.041717049576783564 0.1648148148148148
0 0.1974002418379686 0.19768518518518519 0.041717049576783564 0.1398148148148148
0 0.7031438935912938 0.17175925925925925 0.04474002418379686 0.1324074074074074
0 0.5864570737605804 0.6189814814814815 0.04474002418379686 0.16574074074074074
0 0.6257557436517535 0.637037037037037 0.04474002418379686 0.17037037037037037
0 0.6426844014510279 0.6129629629629629 0.02902055622732769 0.12777777777777777
0 0.828597339782346 0.30462962962962964 0.039298669891172915 0.13518518518518519
0 0.20767835550181382 0.46388888888888885 0.034461910519951636 0.14259259259259258
0 0.44014510278113667 0.7407407407407407 0.04232164449818622 0.14814814814814817
0 0.6946795646916567 0.7074074074074074 0.05199516324062878 0.14814814814814817
0 0.1786577992744861 0.4407407407407407 0.030834340991535675 0.13518518518518519
0 0.49274486094316816 0.5837962962962963 0.03990326481257558 0.16018518518518518
0 0.4613059250302298 0.5393518518518519 0.04232164449818622 0.14537037037037034
0 0.44921402660217663 0.5037037037037037 0.04474002418379686 0.1074074074074074
0 0.40598548972188636 0.4087962962962963 0.041717049576783564 0.13796296296296295
0 0.5241837968561064 0.5888888888888888 0.03748488512696494 0.1537037037037037
0 0.5532043530834342 0.6203703703703703 0.041112454655380895 0.15185185185185185
0 0.38119709794437734 0.6236111111111111 0.035671100362756954 0.15462962962962962
0 0.3482466747279323 0.5453703703703704 0.03748488512696494 0.13148148148148148
0 0.3527811366384523 0.5231481481481481 0.032043530834341 0.14074074074074075
0 0.542019347037485 0.6032407407407407 0.029625151148730353 0.12685185185185185
0 0.5538089480048368 0.6810185185185185 0.03748488512696494 0.12685185185185185
0 0.25211608222490933 0.9175925925925926 0.047158403869407506 0.1611111111111111
0 0.7273276904474003 0.07037037037037036 0.03143893591293833 0.12407407407407406
0 0.7593712212817413 0.07824074074074074 0.02902055622732769 0.11203703703703702
0 0.41293833131801694 0.023611111111111107 0.03143893591293833 0.045370370370370366
0 0.6324062877871827 0.9347222222222221 0.05441354292623943 0.125
0 0.7161426844014512 0.962962962962963 0.04050785973397824 0.07592592592592592
0 0.9591898428053205 0.20740740740740737 0.034461910519951636 0.10370370370370369
0 0.7415356711003628 0.7379629629629628 0.0441354292623942 0.1574074074074074
0 0.7750906892382105 0.7712962962962963 0.04232164449818622 0.15185185185185185
0 0.7678355501813785 0.06388888888888888 0.02902055622732769 0.11296296296296296
0 0.42986698911729143 0.5902777777777778 0.04232164449818622 0.15092592592592594
0 0.4637243047158404 0.5898148148148148 0.030229746070133016 0.14814814814814817
0 0.11487303506650545 0.5958333333333333 0.04474002418379686 0.15462962962962962
0 0.14177750906892383 0.9342592592592591 0.046553808948004836 0.13333333333333333
0 0.5386940749697703 0.6939814814814814 0.04474002418379686 0.16574074074074074
0 0.5689238210399034 0.700462962962963 0.047158403869407506 0.16018518518518518
0 0.08585247883917776 0.5814814814814814 0.036275695284159616 0.14629629629629629
0 0.20525997581620317 0.22777777777777777 0.034461910519951636 0.11851851851851851
0 0.23700120918984283 0.225 0.047158403869407506 0.14074074074074075
0 0.9607013301088272 0.16435185185185183 0.030229746070133016 0.12685185185185185
0 0.9331922611850061 0.2064814814814815 0.039298669891172915 0.12962962962962962
0 0.9546553808948006 0.17777777777777776 0.036275695284159616 0.12407407407407406
0 0.7218863361547764 0.5717592592592592 0.047158403869407506 0.16388888888888886
0 0.6883313180169288 0.5833333333333334 0.03688029020556228 0.14259259259259258
0 0.6765417170495768 0.9222222222222222 0.05320435308343411 0.1574074074074074
0 0.24455864570737607 0.6328703703703703 0.0380894800483676 0.16018518518518518
0 0.2717654171704958 0.5990740740740741 0.048972188633615486 0.15925925925925927
0 0.29927448609431684 0.650462962962963 0.036275695284159616 0.1675925925925926
0 0.3137847642079806 0.399074074074074 0.036275695284159616 0.12962962962962962
0 0.22793228536880294 0.4319444444444444 0.0350665054413543 0.14907407407407408
0 0.2778113663845224 0.4212962962962962 0.04292623941958888 0.13148148148148148
0 0.2805320435308344 0.3893518518518518 0.04232164449818622 0.14351851851851852
0 0.6082224909310762 0.25555555555555554 0.041112454655380895 0.13148148148148148
0 0.6197097944377268 0.23749999999999996 0.03385731559854897 0.1324074074074074
0 0.13512696493349458 0.6462962962962961 0.039298669891172915 0.16296296296296295
0 0.002720677146311971 0.5976851851851851 0.004232164449818622 0.17314814814814813
0 0.7475816203143895 0.9694444444444443 0.04050785973397824 0.06296296296296296
0 0.11366384522370013 0.6180555555555555 0.04474002418379686 0.17314814814814813
0 0.9549576783555019 0.950462962962963 0.05622732769044741 0.10092592592592592
0 0.9552599758162033 0.7231481481481481 0.07134220072551391 0.17592592592592593
0 0.5396009673518743 0.32731481481481484 0.039298669891172915 0.14907407407407408
0 0.5057436517533254 0.3259259259259259 0.03688029020556228 0.13888888888888887
0 0.48337363966142693 0.31851851851851853 0.039298669891172915 0.14444444444444443
0 0.9195888754534463 0.6412037037037037 0.04474002418379686 0.1675925925925926
0 0.8633615477629989 0.6564814814814814 0.05199516324062878 0.1574074074074074
0 0.8648730350665055 0.5263888888888889 0.0441354292623942 0.15092592592592594
0 0.8234582829504233 0.5263888888888889 0.05078597339782346 0.1675925925925926
0 0.6744256348246674 0.6583333333333332 0.048972188633615486 0.16296296296296295
0 0.4607013301088272 0.20231481481481478 0.032648125755743655 0.12870370370370368
0 0.1874244256348247 0.34953703703703703 0.03748488512696494 0.15092592592592594
0 0.006952841596130593 0.500462962962963 0.012696493349455865 0.14351851851851852
0 0.7596735187424427 0.3449074074074074 0.04050785973397824 0.15833333333333333
0 0.7883917775090689 0.34027777777777773 0.0350665054413543 0.14537037037037034
0 0.24032648125755746 0.2064814814814815 0.029625151148730353 0.1148148148148148
0 0.25090689238210406 0.17777777777777776 0.02539298669891173 0.137037037037037
0 0.24607013301088274 0.11666666666666667 0.032648125755743655 0.13518518518518519
0 0.6311970979443773 0.4009259259259259 0.04353083434099154 0.14074074074074075
0 0.0350665054413543 0.5856481481481481 0.04232164449818622 0.15277777777777776
0 0.015417170495767837 0.5574074074074074 0.029625151148730353 0.17037037037037037
0 0.660217654171705 0.6569444444444444 0.02902055622732769 0.12685185185185185
0 0.6967956469165659 0.4981481481481481 0.03688029020556228 0.11851851851851851
0 0.6647521160822251 0.5055555555555554 0.041717049576783564 0.15185185185185185
0 0.27025392986698915 0.13518518518518519 0.03143893591293833 0.12037037037037036
0 0.6076178960096735 0.49861111111111106 0.04232164449818622 0.14351851851851852
0 0.6390568319226119 0.48009259259259257 0.03869407496977026 0.14907407407407408
0 0.13905683192261187 0.49398148148148147 0.04474002418379686 0.15092592592592594
0 0.1405683192261185 0.523611111111111 0.0380894800483676 0.15462962962962962
0 0.10973397823458285 0.5449074074074074 0.03688029020556228 0.14907407407407408
0 0.5894800483675938 0.5407407407407407 0.026602176541717055 0.1148148148148148
0 0.6523579201934704 0.38981481481481484 0.0350665054413543 0.12962962962962962
0 0.5133010882708585 0.8050925925925925 0.06650544135429264 0.16574074074074074
0 0.26541717049576785 0.9842592592592592 0.041112454655380895 0.029629629629629627
0 0.14177750906892383 0.9842592592592592 0.02599758162031439 0.03333333333333333
0 0.1073155985489722 0.987037037037037 0.02237001209189843 0.027777777777777776
0 0.2762998790810158 0.8851851851851851 0.04232164449818622 0.16296296296296295
0 0.7097944377267232 0.7731481481481481 0.06892382103990327 0.17407407407407408
0 0.6305925030229746 0.7699074074074074 0.055622732769044746 0.15648148148148147
0 0.7784159613059252 0.7152777777777778 0.04292623941958888 0.17129629629629628
0 0.14177750906892383 0.8925925925925926 0.04776299879081017 0.17037037037037037
0 0.7678355501813785 0.6587962962962962 0.04594921402660218 0.15462962962962962
0 0.05622732769044741 0.7180555555555554 0.048367593712212824 0.1675925925925926
0 0.22853688029020558 0.8662037037037037 0.041112454655380895 0.175
0 0.8053204353083435 0.3231481481481481 0.036275695284159616 0.14814814814814817
0 0.8025997581620316 0.2638888888888889 0.039298669891172915 0.12407407407407406
0 0.9217049576783557 0.2796296296296296 0.046553808948004836 0.14259259259259258
0 0.5795042321644499 0.2175925925925926 0.035671100362756954 0.137037037037037
0 0.6039903264812575 0.21666666666666667 0.0350665054413543 0.13333333333333333
0 0.665659008464329 0.24027777777777776 0.04353083434099154 0.1398148148148148
0 0.45133010882708596 0.11574074074074074 0.034461910519951636 0.11296296296296296
0 0.48730350665054417 0.12268518518518517 0.030229746070133016 0.12870370370370368
0 0.5535066505441355 0.11203703703703702 0.034461910519951636 0.13518518518518519
0 0.6058041112454655 0.06157407407407407 0.0350665054413543 0.12129629629629629
0 0.57043530834341 0.053240740740740734 0.046553808948004836 0.10462962962962963
0 0.03869407496977026 0.35833333333333334 0.03748488512696494 0.13888888888888887
0 0.30441354292623946 0.19166666666666668 0.041717049576783564 0.12777777777777777
0 0.2750906892382104 0.19444444444444445 0.04232164449818622 0.12037037037037036
0 0.09461910519951634 0.1907407407407407 0.034461910519951636 0.13333333333333333
0 0.13512696493349458 0.20740740740740737 0.034461910519951636 0.14629629629629629
0 0.1596130592503023 0.20416666666666666 0.03385731559854897 0.14351851851851852
0 0.2209794437726723 0.13472222222222224 0.039298669891172915 0.12129629629629629
0 0.014510278113663845 0.3476851851851851 0.027811366384522373 0.1398148148148148
0 0.012394195888754535 0.19398148148148148 0.023579201934703753 0.14351851851851852
0 0.1133615477629988 0.3152777777777777 0.039298669891172915 0.1398148148148148
0 0.005743651753325273 0.34722222222222215 0.010278113663845224 0.13888888888888887
0 0.057436517533252726 0.11944444444444444 0.0350665054413543 0.137037037037037
0 0.18470374848851273 0.12546296296296297 0.034461910519951636 0.1398148148148148
0 0.012998790810157194 0.2347222222222222 0.02478839177750907 0.13796296296296295
0 0.006650544135429264 0.14074074074074072 0.012091898428053206 0.11851851851851851
0 0.10761789600967353 0.11805555555555554 0.036275695284159616 0.14537037037037034
0 0.1665659008464329 0.10416666666666667 0.034461910519951636 0.13425925925925924
0 0.982466747279323 0.27314814814814814 0.03143893591293833 0.14444444444444443
0 0.885429262394196 0.2925925925925926 0.04292623941958888 0.13518518518518519
0 0.8733373639661428 0.20879629629629629 0.034461910519951636 0.11574074074074073
0 0.9132406287787184 0.22361111111111107 0.029625151148730353 0.13796296296296295
0 0.8406892382103991 0.15925925925925927 0.03688029020556228 0.13518518518518519
0 0.8875453446191053 0.10555555555555556 0.032648125755743655 0.12962962962962962
0 0.909310761789601 0.17129629629629628 0.032648125755743655 0.12407407407407406
0 0.017230955259975818 0.4444444444444444 0.03325272067714632 0.14814814814814817
0 0.040810157194679564 0.4194444444444444 0.03688029020556228 0.14629629629629629
0 0.02267230955259976 0.40462962962962956 0.032043530834341 0.14074074074074075
0 0.9600967351874246 0.26435185185185184 0.036275695284159616 0.12129629629629629
0 0.9214026602176544 0.12731481481481483 0.03143893591293833 0.12129629629629629
0 0.03627569528415962 0.4611111111111111 0.0350665054413543 0.12407407407407406
0 0.023276904474002418 0.1175925925925926 0.032043530834341 0.12037037037037036
0 0.14117291414752117 0.15833333333333333 0.03688029020556228 0.14444444444444443
0 0.048972188633615486 0.0875 0.03385731559854897 0.13425925925925924
0 0.013603385731559855 0.09305555555555554 0.02599758162031439 0.13425925925925924
0 0.18047158403869407 0.05416666666666666 0.030834340991535675 0.10648148148148147
0 0.8896614268440146 0.15555555555555553 0.034461910519951636 0.12962962962962962
0 0.9174727932285369 0.14166666666666666 0.034461910519951636 0.12407407407407406
0 0.8990326481257557 0.19675925925925924 0.030229746070133016 0.12685185185185185
0 0.9135429262394197 0.24953703703703703 0.03990326481257558 0.13796296296296295
0 0.11759371221281743 0.1986111111111111 0.032043530834341 0.1324074074074074
0 0.9123337363966143 0.17175925925925925 0.030229746070133016 0.09907407407407406
0 0.6185006045949215 0.5226851851851851 0.03748488512696494 0.15092592592592594
0 0.5205562273276905 0.09444444444444443 0.03143893591293833 0.1259259259259259
0 0.7246070133010883 0.04583333333333332 0.027206771463119714 0.0898148148148148
0 0.003627569528415962 0.4129629629629629 0.006045949214026603 0.1611111111111111
0 0.10459492140266023 0.2712962962962963 0.032648125755743655 0.13518518518518519
