0 0.011789600967351875 0.28564814814814815 0.02237001209189843 0.14907407407407408
0 0.005441354292623942 0.2513888888888889 0.009673518742442565 0.14537037037037034
0 0.04081015719467957 0.21435185185185185 0.0441354292623942 0.13425925925925924
0 0.5226723095525998 0.7277777777777777 0.034461910519951636 0.13518518518518519
0 0.09280532043530834 0.23935185185185184 0.039298669891172915 0.1398148148148148
0 0.49939540507859737 0.1472222222222222 0.0350665054413543 0.12962962962962962
0 0.5151148730350665 0.1324074074074074 0.030229746070133016 0.11851851851851851
0 0.7820435308343411 0.4787037037037037 0.039298669891172915 0.14259259259259258
0 0.49879081015719473 0.711574074074074 0.03748488512696494 0.16203703703703703
0 0.5586457073760581 0.44629629629629625 0.03990326481257558 0.1537037037037037
0 0.5235792019347039 0.4504629629629629 0.04474002418379686 0.15833333333333333
0 0.8340386940749698 0.5462962962962963 0.041717049576783564 0.15185185185185185
0 0.8851269649334946 0.537962962962963 0.04594921402660218 0.15185185185185185
0 0.535671100362757 0.18703703703703703 0.041112454655380895 0.12962962962962962
0 0.5646916565900847 0.22129629629629627 0.03385731559854897 0.12407407407407406
0 0.7357920193470375 0.4217592592592593 0.03990326481257558 0.14351851851851852
0 0.7079806529625152 0.4217592592592592 0.03869407496977026 0.1675925925925926
0 0.6590084643288997 0.4166666666666667 0.032648125755743655 0.13333333333333333
0 0.9857920193470376 0.1648148148148148 0.027206771463119714 0.12407407407407406
0 0.9452841596130592 0.16157407407407404 0.034461910519951636 0.13425925925925924
0 0.8884522370012092 0.1388888888888889 0.039298669891172915 0.14814814814814817
0 0.5725513905683193 0.15462962962962962 0.03143893591293833 0.1074074074074074
0 0.940447400241838 0.31157407407407406 0.039298669891172915 0.16018518518518518
0 0.9498186215235792 0.26805555555555555 0.0350665054413543 0.14537037037037034
0 0.9198911729141477 0.26157407407407407 0.030834340991535675 0.13425925925925924
0 0.5474607013301088 0.12037037037037036 0.034461910519951636 0.13518518518518519
0 0.5450423216444983 0.0898148148148148 0.034461910519951636 0.137037037037037
0 0.9603990326481259 0.5856481481481481 0.03688029020556228 0.14166666666666666
0 0.5970374848851271 0.2111111111111111 0.032043530834341 0.12407407407407406
0 0.6070133010882709 0.20833333333333334 0.03385731559854897 0.14629629629629629
0 0.6039903264812577 0.23703703703703702 0.036275695284159616 0.12962962962962962
0 0.7273276904474003 0.2023148148148148 0.032648125755743655 0.12129629629629629
0 0.7620918984280534 0.3356481481481481 0.06106408706166869 0.16203703703703703
0 0.7935308343409916 0.29583333333333334 0.039298669891172915 0.14537037037037034
0 0.7666263603385732 0.27638888888888885 0.04232164449818622 0.16018518518518518
0 0.6257557436517535 0.18703703703703703 0.02902055622732769 0.10925925925925925
0 0.7255139056831923 0.336574074074074 0.0350665054413543 0.13425925925925924
0 0.6868198307134221 0.2708333333333333 0.041112454655380895 0.12870370370370368
0 0.662031438935913 0.24583333333333332 0.03990326481257558 0.1398148148148148
0 0.5779927448609432 0.0949074074074074 0.03990326481257558 0.1472222222222222
0 0.6423821039903266 0.13842592592592592 0.046553808948004836 0.13425925925925924
0 0.7249093107617895 0.16990740740740737 0.0350665054413543 0.14537037037037034
0 0.830411124546554 0.4074074074074074 0.03688029020556228 0.14814814814814817
0 0.8007859733978235 0.3902777777777777 0.034461910519951636 0.1398148148148148
0 0.7781136638452237 0.3847222222222222 0.03869407496977026 0.14537037037037034
0 0.7354897218863363 0.21805555555555553 0.032043530834341 0.1324074074074074
0 0.7503022974607014 0.18564814814814815 0.03143893591293833 0.12685185185185185
0 0.6296856106408707 0.24398148148148147 0.03688029020556228 0.1324074074074074
0 0.9174727932285369 0.2981481481481481 0.039298669891172915 0.14814814814814817
0 0.8996372430471585 0.33842592592592596 0.03748488512696494 0.13425925925925924
0 0.8857315598548973 0.26666666666666666 0.03748488512696494 0.11851851851851851
0 0.7980652962515116 0.2685185185185185 0.03748488512696494 0.13518518518518519
0 0.7826481257557438 0.21574074074074073 0.027206771463119714 0.1148148148148148
0 0.7672309552599759 0.24027777777777773 0.03748488512696494 0.15092592592592594
0 0.6544740024183797 0.19537037037037036 0.0380894800483676 0.13518518518518519
0 0.8065296251511488 0.3634259259259259 0.0350665054413543 0.1324074074074074
0 0.5235792019347039 0.17824074074074076 0.024183796856106412 0.08796296296296297
0 0.5728536880290206 0.13425925925925924 0.034461910519951636 0.12222222222222222
0 0.9649334945586457 0.337037037037037 0.030229746070133016 0.1074074074074074
0 0.6366384522370012 0.47083333333333327 0.048367593712212824 0.15648148148148147
0 0.670193470374849 0.4592592592592592 0.035671100362756954 0.14074074074074075
0 0.4207980652962516 0.06203703703703703 0.02539298669891173 0.09814814814814814
0 0.7158403869407498 0.27314814814814814 0.041112454655380895 0.14629629629629629
0 0.5592503022974608 0.2148148148148148 0.030229746070133016 0.1074074074074074
0 0.7064691656590085 0.19212962962962962 0.032043530834341 0.12129629629629629
0 0.7693470374848852 0.21944444444444444 0.032043530834341 0.1074074074074074
0 0.05078597339782346 0.9384259259259259 0.036275695284159616 0.125
0 0.07980652962515115 0.9375 0.04353083434099154 0.12685185185185185
0 0.24244256348246676 0.10972222222222221 0.04232164449818622 0.13796296296296295
0 0.1151753325272068 0.04768518518518518 0.034461910519951636 0.09351851851851851
0 0.1354292623941959 0.05509259259259259 0.03869407496977026 0.10833333333333334
0 0.15840386940749698 0.04675925925925926 0.0350665054413543 0.09166666666666666
0 0.19528415961305928 0.03611111111111111 0.03748488512696494 0.07037037037037037
0 0.16021765417170497 0.0898148148148148 0.03748488512696494 0.12777777777777777
0 0.19014510278113667 0.08009259259259259 0.039298669891172915 0.13055555555555556
0 0.3778718258766627 0.02546296296296296 0.03143893591293833 0.04907407407407407
0 0.37726723095526005 0.1550925925925926 0.03990326481257558 0.12685185185185185
0 0.30078597339782354 0.03657407407407407 0.029625151148730353 0.07129629629629629
0 0.48428053204353094 0.049999999999999996 0.032648125755743655 0.09814814814814814
0 0.5084643288996373 0.053240740740740734 0.03385731559854897 0.10462962962962963
0 0.5831318016928658 0.06712962962962962 0.034461910519951636 0.12685185185185185
0 0.6499395405078597 0.10509259259259258 0.032648125755743655 0.12129629629629629
0 0.7046553808948006 0.1486111111111111 0.027206771463119714 0.11018518518518518
0 0.729746070133011 0.12083333333333333 0.02902055622732769 0.10462962962962963
0 0.6541717049576784 0.07268518518518517 0.036275695284159616 0.11944444444444444
0 0.6961910519951634 0.10879629629629628 0.03688029020556228 0.1361111111111111
0 0.9117291414752117 0.07268518518518517 0.032648125755743655 0.1175925925925926
0 0.8576178960096738 0.14907407407407405 0.027206771463119714 0.12037037037037036
0 0.9546553808948006 0.12546296296296294 0.032648125755743655 0.1324074074074074
0 0.975211608222491 0.06574074074074074 0.03748488512696494 0.12037037037037036
0 0.9461910519951634 0.08518518518518518 0.03748488512696494 0.12962962962962962
0 0.854292623941959 0.030092592592592594 0.03385731559854897 0.058333333333333334
0 0.884522370012092 0.02824074074074074 0.03143893591293833 0.054629629629629625
0 0.9316807738814995 0.08657407407407408 0.032648125755743655 0.1175925925925926
0 0.9383313180169288 0.05509259259259259 0.032648125755743655 0.10833333333333334
0 0.9087061668681984 0.33564814814814814 0.030229746070133016 0.08796296296296297
0 0.6934703748488512 0.09074074074074073 0.0350665054413543 0.12407407407407406
0 0.6780532043530835 0.0685185185185185 0.034461910519951636 0.11851851851851851
0 0.8932889963724305 0.13287037037037036 0.05864570737605805 0.15648148148148147
0 0.3724304715840387 0.5546296296296297 0.03748488512696494 0.14814814814814817
0 0.07436517533252722 0.46296296296296297 0.03990326481257558 0.14629629629629629
0 0.05804111245465538 0.5087962962962963 0.041112454655380895 0.15092592592592594
0 0.029625151148730353 0.48287037037037034 0.0350665054413543 0.16203703703703703
0 0.09794437726723097 0.4842592592592593 0.04232164449818622 0.15555555555555553
0 0.7321644498186216 0.04768518518518518 0.026602176541717055 0.09351851851851851
0 0.839782345828295 0.374537037037037 0.03990326481257558 0.12870370370370368
0 0.8500604594921404 0.3550925925925926 0.032648125755743655 0.12685185185185185
0 0.25665054413542926 0.6643518518518517 0.0441354292623942 0.16574074074074074
0 0.22793228536880292 0.6546296296296296 0.03748488512696494 0.16296296296296295
0 0.3600362756952842 0.6532407407407407 0.039298669891172915 0.14351851851851852
0 0.22611850060459493 0.5726851851851851 0.0350665054413543 0.13425925925925924
0 0.2303506650544136 0.562037037037037 0.03385731559854897 0.1537037037037037
0 0.186819830713422 0.562037037037037 0.04474002418379686 0.14814814814814817
0 0.19286577992744863 0.5263888888888889 0.04474002418379686 0.15462962962962962
0 0.15326481257557437 0.538425925925926 0.03688029020556228 0.14537037037037034
0 0.36880290205562277 0.23148148148148148 0.032648125755743655 0.12962962962962962
0 0.39026602176541725 0.22638888888888886 0.032043530834341 0.12685185185185185
0 0.38029020556227333 0.43287037037037035 0.027811366384522373 0.11018518518518518
0 0.5299274486094318 0.775462962962963 0.05139056831922612 0.14351851851851852
0 0.5876662636033858 0.786111111111111 0.05199516324062878 0.17037037037037037
0 0.2769044740024184 0.44537037037037036 0.03748488512696494 0.12962962962962962
0 0.2729746070133011 0.47268518518518515 0.03688029020556228 0.14537037037037034
0 0.2608827085852479 0.9393518518518518 0.041717049576783564 0.12314814814814815
0 0.4597944377267232 0.6675925925925925 0.03688029020556228 0.15555555555555553
0 0.4655380894800484 0.6837962962962962 0.036275695284159616 0.16574074074074074
0 0.2046553808948005 0.7296296296296295 0.04534461910519952 0.17407407407407408
0 0.1623337363966143 0.7083333333333334 0.039298669891172915 0.1685185185185185
0 0.19588875453446195 0.7078703703703704 0.03990326481257558 0.17314814814814813
0 0.31136638452237003 0.7828703703703703 0.03990326481257558 0.15092592592592594
0 0.4292623941958888 0.475462962962963 0.04957678355501814 0.12685185185185185
0 0.8548972188633616 0.3194444444444444 0.030229746070133016 0.12962962962962962
0 0.8385731559854898 0.2810185185185185 0.03990326481257558 0.1175925925925926
0 0.8152962515114874 0.2944444444444444 0.032043530834341 0.13148148148148148
0 0.3056227327690448 0.49907407407407406 0.0380894800483676 0.14444444444444443
0 0.16686819830713426 0.4703703703703704 0.0350665054413543 0.15185185185185185
0 0.21009673518742444 0.47453703703703703 0.034461910519951636 0.14351851851851852
0 0.034461910519951636 0.16018518518518518 0.02902055622732769 0.12962962962962962
0 0.3494558645707376 0.7041666666666665 0.036275695284159616 0.15462962962962962
0 0.3545949214026603 0.7393518518518518 0.0441354292623942 0.16574074074074074
0 0.18107617896009673 0.19768518518518519 0.03688029020556228 0.14166666666666666
0 0.6955864570737605 0.175 0.029625151148730353 0.13148148148148148
0 0.6357315598548973 0.7319444444444443 0.041717049576783564 0.1787037037037037
0 0.6750302297460701 0.7666666666666667 0.0441354292623942 0.1685185185185185
0 0.6771463119709794 0.7379629629629628 0.03385731559854897 0.14074074074074075
0 0.8288996372430473 0.3101851851851852 0.0350665054413543 0.137037037037037
0 0.19437726723095528 0.45555555555555555 0.032043530834341 0.12037037037037036
0 0.4274486094316808 0.7453703703703702 0.04957678355501814 0.14629629629629629
0 0.6457073760580412 0.6550925925925924 0.05199516324062878 0.14907407407407408
0 0.17110036275695287 0.44212962962962965 0.0350665054413543 0.1398148148148148
0 0.44981862152357927 0.5319444444444444 0.03385731559854897 0.13425925925925924
0 0.4274486094316808 0.5115740740740741 0.032648125755743655 0.13796296296296295
0 0.3972188633615478 0.4074074074074074 0.03990326481257558 0.14814814814814817
0 0.9543530834340992 0.9773148148148147 0.04292623941958888 0.047222222222222214
0 0.36547762998790817 0.6180555555555555 0.039298669891172915 0.1398148148148148
0 0.3440145102781137 0.5412037037037037 0.03869407496977026 0.12129629629629629
0 0.34340991535671106 0.5171296296296296 0.032648125755743655 0.14351851851851852
0 0.25755743651753327 0.8958333333333333 0.047158403869407506 0.17129629629629628
0 0.7113059250302298 0.06388888888888888 0.034461910519951636 0.11296296296296296
0 0.7418379685610641 0.08333333333333333 0.030229746070133016 0.11851851851851851
0 0.43621523579201943 0.07083333333333333 0.034461910519951636 0.1175925925925926
0 0.7460701330108828 0.0685185185185185 0.032648125755743655 0.1148148148148148
0 0.42261185006045954 0.5930555555555554 0.032648125755743655 0.15092592592592594
0 0.44498186215235797 0.5699074074074074 0.03748488512696494 0.15092592592592594
0 0.9746070133010883 0.44537037037037036 0.04474002418379686 0.15185185185185185
0 0.2379081015719468 0.6249999999999999 0.03688029020556228 0.14629629629629629
0 0.29141475211608225 0.6018518518518517 0.03990326481257558 0.15185185185185185
0 0.2899032648125756 0.6518518518518518 0.032043530834341 0.17407407407407408
0 0.3349455864570738 0.37916666666666665 0.03385731559854897 0.12685185185185185
0 0.3201330108827086 0.4124999999999999 0.0441354292623942 0.14907407407407408
0 0.3409915356711004 0.39814814814814814 0.03748488512696494 0.12962962962962962
0 0.3022974607013302 0.37361111111111106 0.03748488512696494 0.14351851851851852
0 0.7025392986698912 0.6412037037037037 0.047158403869407506 0.16018518518518518
0 0.40870616686819833 0.46527777777777773 0.03748488512696494 0.14351851851851852
0 0.7357920193470376 0.624074074074074 0.03748488512696494 0.15185185185185185
0 0.654776299879081 0.6912037037037035 0.04232164449818622 0.13796296296296295
0 0.11608222490931076 0.962037037037037 0.05199516324062878 0.07777777777777777
0 0.7762998790810158 0.8217592592592592 0.048367593712212824 0.17314814814814813
0 0.04987908101571947 0.9763888888888889 0.046553808948004836 0.04907407407407407
0 0.8071342200725515 0.8171296296296297 0.04232164449818622 0.15833333333333333
0 0.9298669891172915 0.9194444444444444 0.04957678355501814 0.15185185185185185
0 0.8675937122128176 0.973611111111111 0.041112454655380895 0.054629629629629625
0 0.9513301088270859 0.861111111111111 0.046553808948004836 0.15185185185185185
0 0.986094316807739 0.28425925925925927 0.026602176541717055 0.14814814814814817
0 0.8367593712212817 0.199537037037037 0.0350665054413543 0.12870370370370368
0 0.7799274486094318 0.6939814814814814 0.05804111245465538 0.1675925925925926
0 0.7321644498186216 0.9148148148148147 0.04594921402660218 0.16296296296296295
0 0.7690447400241839 0.9060185185185184 0.04594921402660218 0.15092592592592594
0 0.48428053204353094 0.4712962962962963 0.03748488512696494 0.12962962962962962
0 0.510882708585248 0.5175925925925926 0.03748488512696494 0.14444444444444443
0 0.7360943168077388 0.5925925925925924 0.034461910519951636 0.17592592592592593
0 0.6901451027811367 0.5601851851851851 0.05501813784764208 0.1685185185185185
0 0.08162031438935913 0.6648148148148147 0.06045949214026603 0.1537037037037037
0 0.03143893591293834 0.6805555555555555 0.04957678355501814 0.14814814814814817
0 0.723397823458283 0.7027777777777776 0.053808948004836765 0.1537037037037037
0 0.8434099153567112 0.7333333333333333 0.041112454655380895 0.14259259259259258
0 0.8703143893591295 0.7324074074074074 0.046553808948004836 0.15925925925925927
0 0.7766021765417171 0.5509259259259258 0.041717049576783564 0.14259259259259258
0 0.7509068923821041 0.387037037037037 0.0350665054413543 0.14074074074074075
0 0.921100362756953 0.7175925925925927 0.046553808948004836 0.17777777777777776
0 0.2983675937122129 0.3481481481481481 0.039298669891172915 0.14074074074074075
0 0.3512696493349456 0.3393518518518518 0.036275695284159616 0.1398148148148148
0 0.3527811366384523 0.3189814814814815 0.029625151148730353 0.15092592592592594
0 0.9740024183796857 0.38518518518518513 0.03385731559854897 0.13148148148148148
0 0.3273881499395405 0.35462962962962963 0.035671100362756954 0.11851851851851851
0 0.7856711003627571 0.4611111111111111 0.028415961305925032 0.1611111111111111
0 0.8204353083434099 0.5564814814814815 0.04353083434099154 0.15
0 0.9470979443772672 0.39537037037037037 0.03688029020556228 0.14629629629629629
0 0.9359129383313181 0.6708333333333333 0.03990326481257558 0.15092592592592594
0 0.8319226118500607 0.6726851851851853 0.05441354292623943 0.16203703703703703
0 0.9032648125755743 0.7115740740740739 0.0350665054413543 0.12129629629629629
0 0.49183796856106415 0.973611111111111 0.04292623941958888 0.054629629629629625
0 0.5399032648125756 0.9532407407407407 0.04353083434099154 0.09537037037037037
0 0.564087061668682 0.9375 0.03990326481257558 0.12685185185185185
0 0.7122128174123338 0.053240740740740734 0.02902055622732769 0.10462962962962963
