0 0.42412333736396624 0.9699074074074073 0.034461910519951636 0.06018518518518518
0 0.47400241837968565 0.22037037037037036 0.0350665054413543 0.12962962962962962
0 0.49395405078597343 0.21203703703703702 0.02902055622732769 0.11851851851851851
0 0.9455864570737608 0.5606481481481481 0.041112454655380895 0.15277777777777776
0 0.38633615477629996 0.9546296296296296 0.055622732769044746 0.08703703703703704
0 0.5816203143893591 0.6046296296296296 0.03748488512696494 0.14074074074074075
0 0.5447400241837969 0.612037037037037 0.04353083434099154 0.1611111111111111
0 0.5350665054413543 0.2736111111111111 0.041112454655380895 0.1398148148148148
0 0.5580411124546555 0.3162037037037037 0.0350665054413543 0.12685185185185185
0 0.8246674727932286 0.625 0.04232164449818622 0.1537037037037037
0 0.7899032648125757 0.6148148148148148 0.041717049576783564 0.1648148148148148
0 0.7515114873035068 0.6060185185185184 0.036275695284159616 0.13425925925925924
0 0.981559854897219 0.2925925925925926 0.03688029020556228 0.13518518518518519
0 0.8881499395405079 0.27824074074074073 0.04353083434099154 0.13425925925925924
0 0.5665054413542927 0.274537037037037 0.03143893591293833 0.11574074074074073
0 0.9189842805320436 0.3777777777777778 0.03990326481257558 0.16296296296296295
0 0.9694679564691658 0.35138888888888886 0.03688029020556228 0.14537037037037034
0 0.9404474002418381 0.33796296296296297 0.03688029020556228 0.13518518518518519
0 0.5296251511487304 0.20185185185185184 0.0350665054413543 0.13518518518518519
0 0.4933494558645708 0.15694444444444444 0.030229746070133016 0.13796296296296295
0 0.5912938331318018 0.3222222222222222 0.032648125755743655 0.13518518518518519
0 0.6073155985489722 0.3273148148148148 0.032043530834341 0.14537037037037034
0 0.5985489721886337 0.3481481481481481 0.036275695284159616 0.14074074074074075
0 0.6844014510278115 0.28564814814814815 0.03748488512696494 0.1324074074074074
0 0.7551390568319226 0.5171296296296296 0.05320435308343411 0.16203703703703703
0 0.7974607013301089 0.4162037037037037 0.04353083434099154 0.1472222222222222
0 0.7091898428053205 0.4185185185185185 0.04353083434099154 0.16666666666666666
0 0.6324062877871827 0.30787037037037035 0.03143893591293833 0.11574074074074073
0 0.6825876662636035 0.5652777777777778 0.03385731559854897 0.1472222222222222
0 0.5931076178960097 0.3726851851851852 0.047158403869407506 0.15092592592592594
0 0.6741233373639661 0.35787037037037034 0.04353083434099154 0.14351851851851852
0 0.5278113663845224 0.16712962962962966 0.04232164449818622 0.14907407407407408
0 0.6587061668681983 0.22592592592592592 0.0441354292623942 0.13518518518518519
0 0.7200725513905684 0.2967592592592592 0.03869407496977026 0.14537037037037034
0 0.8929866989117292 0.5851851851851851 0.04232164449818622 0.1574074074074074
0 0.8681983071342202 0.549074074074074 0.03748488512696494 0.14074074074074075
0 0.8409915356711005 0.5472222222222222 0.041112454655380895 0.15185185185185185
0 0.7503022974607014 0.37499999999999994 0.03385731559854897 0.14074074074074075
0 0.7427448609431683 0.31157407407407406 0.032043530834341 0.12685185185185185
0 0.6405683192261186 0.36203703703703705 0.03688029020556228 0.14259259259259258
0 0.9389359129383315 0.35694444444444445 0.03869407496977026 0.13796296296296295
0 0.8929866989117293 0.40648148148148144 0.036275695284159616 0.13518518518518519
0 0.9038694074969771 0.3421296296296296 0.03748488512696494 0.1175925925925926
0 0.7675332527206772 0.40277777777777773 0.041717049576783564 0.14074074074074075
0 0.7714631197097944 0.33055555555555555 0.0350665054413543 0.12962962962962962
0 0.786577992744861 0.36481481481481476 0.041112454655380895 0.15185185185185185
0 0.6568923821039904 0.312962962962963 0.039298669891172915 0.13518518518518519
0 0.8784764207980653 0.5125 0.036275695284159616 0.1324074074074074
0 0.5235792019347039 0.2726851851851852 0.024183796856106412 0.08796296296296297
0 0.568621523579202 0.225 0.030834340991535675 0.1259259259259259
0 0.940447400241838 0.41203703703703703 0.034461910519951636 0.1074074074074074
0 0.8016928657799276 0.6814814814814815 0.05441354292623943 0.17037037037037037
0 0.8449214026602178 0.6837962962962962 0.0441354292623942 0.15648148148148147
0 0.3397823458282951 0.18240740740740738 0.032648125755743655 0.10185185185185185
0 0.6269649334945586 0.37962962962962965 0.04474002418379686 0.14814814814814817
0 0.5477629987908101 0.30833333333333335 0.02902055622732769 0.11296296296296296
0 0.6741233373639661 0.26666666666666666 0.02539298669891173 0.12037037037037036
0 0.7620918984280531 0.3342592592592593 0.034461910519951636 0.10185185185185185
0 0.0982466747279323 0.9763888888888889 0.03688029020556228 0.04907407407407407
0 0.02357920193470375 0.7689814814814814 0.04594921402660218 0.16203703703703703
0 0.0922007255139057 0.2629629629629629 0.0441354292623942 0.14629629629629629
0 0.006952841596130593 0.14259259259259258 0.012696493349455865 0.14444444444444443
0 0.04504232164449819 0.17314814814814816 0.04534461910519952 0.14259259259259258
0 0.06680773881499397 0.17592592592592593 0.03325272067714632 0.14074074074074075
0 0.08857315598548973 0.1398148148148148 0.041717049576783564 0.13518518518518519
0 0.06983071342200725 0.04583333333333332 0.039298669891172915 0.0898148148148148
0 0.09613059250302299 0.21805555555555553 0.03748488512696494 0.12870370370370368
0 0.12575574365175332 0.2162037037037037 0.04232164449818622 0.14351851851851852
0 0.11789600967351876 0.04074074074074074 0.0350665054413543 0.07962962962962963
0 0.1314993954050786 0.04953703703703703 0.034461910519951636 0.09722222222222222
0 0.22249093107617898 0.09953703703703702 0.03143893591293833 0.11574074074074073
0 0.17684401451027812 0.058333333333333334 0.03688029020556228 0.11296296296296296
0 0.24969770253929868 0.10046296296296296 0.03748488512696494 0.12685185185185185
0 0.23821039903264815 0.3101851851851852 0.047158403869407506 0.14259259259259258
0 0.3237605804111246 0.038425925925925926 0.039298669891172915 0.075
0 0.39873035066505447 0.053240740740740734 0.03688029020556228 0.10462962962962963
0 0.36940749697702546 0.04074074074074074 0.032648125755743655 0.07962962962962963
0 0.3567110036275696 0.09953703703703702 0.030229746070133016 0.12685185185185185
0 0.40810157194679564 0.09074074074074073 0.036275695284159616 0.12407407407407406
0 0.3944981862152359 0.04444444444444444 0.032043530834341 0.08703703703703704
0 0.4546553808948005 0.04629629629629629 0.0350665054413543 0.09074074074074073
0 0.5840386940749698 0.02685185185185185 0.032648125755743655 0.05185185185185184
0 0.4824667472793229 0.10462962962962961 0.03143893591293833 0.137037037037037
0 0.5084643288996373 0.10740740740740741 0.0350665054413543 0.13148148148148148
0 0.5199516324062878 0.125 0.036275695284159616 0.12777777777777777
0 0.5492744860943168 0.1412037037037037 0.034461910519951636 0.1324074074074074
0 0.5532043530834342 0.08888888888888888 0.04474002418379686 0.1259259259259259
0 0.5852478839177752 0.10324074074074074 0.032648125755743655 0.12685185185185185
0 0.635429262394196 0.06574074074074074 0.032648125755743655 0.12407407407407406
0 0.656590084643289 0.08055555555555555 0.030229746070133016 0.11296296296296296
0 0.6774486094316808 0.08796296296296297 0.030834340991535675 0.11851851851851851
0 0.6723095525997583 0.059259259259259255 0.036275695284159616 0.11666666666666667
0 0.6677750906892383 0.199537037037037 0.032043530834341 0.11574074074074073
0 0.7152357920193472 0.2587962962962963 0.03143893591293833 0.12685185185185185
0 0.7388149939540509 0.25277777777777777 0.032648125755743655 0.13518518518518519
0 0.7276299879081017 0.1884259259259259 0.035671100362756954 0.12129629629629629
0 0.7575574365175334 0.23657407407407405 0.03385731559854897 0.13796296296296295
0 0.8527811366384523 0.1861111111111111 0.032043530834341 0.12407407407407406
0 0.9625151148730352 0.04074074074074074 0.03385731559854897 0.07962962962962963
0 0.9389359129383315 0.05092592592592592 0.032648125755743655 0.1
0 0.8594316807738815 0.2759259259259259 0.027206771463119714 0.12037037037037036
0 0.9691656590084643 0.26435185185185184 0.0350665054413543 0.1398148148148148
0 0.9673518742442565 0.1837962962962963 0.03748488512696494 0.1324074074074074
0 0.9434703748488514 0.2046296296296296 0.03688029020556228 0.13148148148148148
0 0.8739419588875454 0.11851851851851851 0.032043530834341 0.12962962962962962
0 0.9029625151148731 0.12129629629629629 0.03688029020556228 0.12962962962962962
0 0.916565900846433 0.21064814814814817 0.032648125755743655 0.12314814814814815
0 0.9319830713422008 0.15879629629629627 0.029625151148730353 0.12870370370370368
0 0.9767230955259977 0.12824074074074074 0.035671100362756954 0.12870370370370368
0 0.9489117291414753 0.1236111111111111 0.034461910519951636 0.12129629629629629
0 0.9005441354292626 0.09212962962962963 0.032043530834341 0.12685185185185185
0 0.9014510278113664 0.08518518518518518 0.030229746070133016 0.12037037037037036
0 0.8954050785973399 0.4050925925925926 0.030229746070133016 0.09351851851851851
0 0.8857315598548973 0.08472222222222221 0.030229746070133016 0.09907407407407406
0 0.8712212817412335 0.10879629629629628 0.030229746070133016 0.09351851851851851
0 0.9214026602176543 0.1148148148148148 0.032648125755743655 0.1074074074074074
0 0.9195888754534463 0.08148148148148147 0.030229746070133016 0.10555555555555556
0 0.7687424425634825 0.22777777777777777 0.034461910519951636 0.12407407407407406
0 0.7388149939540507 0.21018518518518517 0.0350665054413543 0.11296296296296296
0 0.05441354292623943 0.04305555555555555 0.030229746070133016 0.08425925925925926
0 0.8896614268440146 0.2222222222222222 0.06469165659008465 0.1685185185185185
0 0.36759371221281745 0.5532407407407407 0.0350665054413543 0.14907407407407408
0 0.07436517533252722 0.47129629629629627 0.03990326481257558 0.1537037037037037
0 0.04443772672309553 0.5254629629629629 0.039298669891172915 0.15462962962962962
0 0.028415961305925032 0.4949074074074074 0.0350665054413543 0.16203703703703703
0 0.09310761789600967 0.5097222222222222 0.04594921402660218 0.14907407407407408
0 0.7324667472793229 0.05185185185185184 0.029625151148730353 0.10185185185185185
0 0.8301088270858524 0.37083333333333335 0.03990326481257558 0.12870370370370368
0 0.8397823458282951 0.35231481481481475 0.03143893591293833 0.12685185185185185
0 0.25272067714631197 0.6671296296296296 0.04474002418379686 0.16574074074074074
0 0.2237001209189843 0.6541666666666667 0.03748488512696494 0.16018518518518518
0 0.35429262394195893 0.6425925925925926 0.03869407496977026 0.137037037037037
0 0.22007255139056833 0.575 0.032648125755743655 0.13518518518518519
0 0.2285368802902056 0.5652777777777778 0.0350665054413543 0.15462962962962962
0 0.17896009673518745 0.5578703703703703 0.04353083434099154 0.14351851851851852
0 0.190447400241838 0.524537037037037 0.04474002418379686 0.15462962962962962
0 0.14993954050785976 0.5388888888888889 0.03748488512696494 0.14259259259259258
0 0.3648730350665055 0.22685185185185183 0.032043530834341 0.12962962962962962
0 0.3851269649334946 0.22638888888888886 0.03143893591293833 0.12685185185185185
0 0.3579201934703749 0.4643518518518518 0.027811366384522373 0.11018518518518518
0 0.49093107617896015 0.9587962962962963 0.04957678355501814 0.08425925925925926
0 0.5302297460701331 0.9638888888888888 0.05320435308343411 0.07407407407407408
0 0.2762998790810158 0.44583333333333336 0.03748488512696494 0.12870370370370368
0 0.27025392986698915 0.4712962962962963 0.036275695284159616 0.14259259259259258
0 0.2557436517533253 0.9388888888888888 0.041112454655380895 0.12407407407407406
0 0.4594921402660218 0.663425925925926 0.036275695284159616 0.15277777777777776
0 0.4600967351874244 0.6773148148148148 0.036275695284159616 0.17129629629629628
0 0.18833131801692868 0.7374999999999999 0.0441354292623942 0.17314814814814813
0 0.15598548972188636 0.7050925925925926 0.03990326481257558 0.16944444444444443
0 0.19105199516324067 0.7046296296296295 0.03990326481257558 0.17407407407407408
0 0.30743651753325274 0.7819444444444444 0.041717049576783564 0.15462962962962962
0 0.4250302297460702 0.47175925925925927 0.04957678355501814 0.12685185185185185
0 0.8482466747279324 0.312037037037037 0.032648125755743655 0.12962962962962962
0 0.8292019347037486 0.275 0.039298669891172915 0.11851851851851851
0 0.8050181378476422 0.2935185185185185 0.032043530834341 0.13333333333333333
0 0.3198307134220073 0.5819444444444444 0.0350665054413543 0.14907407407407408
0 0.15870616686819833 0.46574074074074073 0.035671100362756954 0.15185185185185185
0 0.20556227327690452 0.47083333333333327 0.030229746070133016 0.14907407407407408
0 0.03143893591293834 0.15833333333333333 0.0350665054413543 0.13148148148148148
0 0.34280532043530837 0.7050925925925926 0.03748488512696494 0.15092592592592594
0 0.35157194679564696 0.736574074074074 0.0441354292623942 0.16574074074074074
0 0.17775090689238213 0.19675925925925922 0.041112454655380895 0.13796296296296295
0 0.692261185006046 0.17407407407407408 0.030229746070133016 0.13148148148148148
0 0.6429866989117292 0.8106481481481481 0.05139056831922612 0.1675925925925926
0 0.6825876662636035 0.836574074074074 0.047158403869407506 0.16203703703703703
0 0.6889359129383315 0.8055555555555555 0.03688029020556228 0.14629629629629629
0 0.813180169286578 0.3032407407407407 0.03748488512696494 0.13796296296296295
0 0.19135429262394196 0.4532407407407407 0.029625151148730353 0.12129629629629629
0 0.42261185006045954 0.7393518518518519 0.04957678355501814 0.14537037037037034
0 0.6487303506650546 0.6546296296296296 0.04232164449818622 0.14814814814814817
0 0.16565900846432893 0.44583333333333325 0.03385731559854897 0.14907407407407408
0 0.4474002418379686 0.5268518518518518 0.0350665054413543 0.13148148148148148
0 0.42442563482466755 0.5106481481481482 0.032648125755743655 0.13796296296296295
0 0.3893591293833132 0.40277777777777773 0.03869407496977026 0.14814814814814817
0 0.3579201934703749 0.6199074074074074 0.04232164449818622 0.1398148148148148
0 0.33796856106408707 0.5356481481481481 0.0350665054413543 0.11574074074074073
0 0.33675937122128174 0.5162037037037037 0.032648125755743655 0.14351851851851852
0 0.25272067714631197 0.8935185185185185 0.047158403869407506 0.1722222222222222
0 0.7046553808948005 0.06574074074074074 0.029625151148730353 0.1074074074074074
0 0.7360943168077388 0.0861111111111111 0.029625151148730353 0.11851851851851851
0 0.3588270858524789 0.1722222222222222 0.034461910519951636 0.137037037037037
0 0.7400241837968563 0.06574074074074074 0.03143893591293833 0.1148148148148148
0 0.41928657799274494 0.5898148148148148 0.032043530834341 0.14814814814814817
0 0.4262394195888755 0.561574074074074 0.03385731559854897 0.15092592592592594
0 0.23397823458282954 0.6273148148148148 0.03143893591293833 0.14166666666666666
0 0.28839177750906897 0.5958333333333333 0.04232164449818622 0.15092592592592594
0 0.2886940749697703 0.6513888888888888 0.03325272067714632 0.17314814814814813
0 0.3270858524788392 0.38287037037037036 0.03385731559854897 0.12685185185185185
0 0.30804111245465543 0.4134259259259259 0.0441354292623942 0.15648148148148147
0 0.33615477629987905 0.3972222222222222 0.036275695284159616 0.12962962962962962
0 0.2956469165659009 0.37731481481481477 0.03748488512696494 0.14351851851851852
0 0.8966142684401452 0.7703703703703703 0.05441354292623943 0.17037037037037037
0 0.40326481257557445 0.461574074074074 0.03748488512696494 0.14351851851851852
0 0.8920798065296253 0.6902777777777778 0.053808948004836765 0.15092592592592594
0 0.7315598548972189 0.7800925925925924 0.04474002418379686 0.13796296296296295
0 0.9038694074969771 0.24768518518518517 0.02902055622732769 0.12870370370370368
0 0.7738814993954052 0.19398148148148148 0.03385731559854897 0.12870370370370368
0 0.7330713422007257 0.8953703703703703 0.06469165659008465 0.19629629629629627
0 0.4812575574365176 0.5537037037037037 0.03143893591293833 0.12962962962962962
0 0.4833736396614268 0.5722222222222222 0.0380894800483676 0.15
0 0.825876662636034 0.8018518518518518 0.047158403869407506 0.17592592592592593
0 0.7841596130592504 0.7787037037037037 0.05804111245465538 0.18148148148148147
0 0.06106408706166869 0.9157407407407407 0.06287787182587666 0.17037037037037037
0 0.011789600967351875 0.9263888888888888 0.02237001209189843 0.1472222222222222
0 0.6804715840386941 0.900462962962963 0.053808948004836765 0.1675925925925926
0 0.7551390568319227 0.9564814814814814 0.04594921402660218 0.08888888888888888
0 0.8110640870616687 0.9486111111111111 0.053808948004836765 0.10092592592592592
0 0.7094921402660219 0.6828703703703703 0.04534461910519952 0.15092592592592594
0 0.8101571946795647 0.548148148148148 0.036275695284159616 0.15185185185185185
0 0.823155985489722 0.9060185185185184 0.04776299879081017 0.15648148148148147
0 0.27932285368802906 0.35648148148148145 0.03869407496977026 0.14074074074074075
0 0.4534461910519952 0.4398148148148148 0.04232164449818622 0.16296296296296295
0 0.4960701330108828 0.3967592592592592 0.03688029020556228 0.15462962962962962
0 0.25241837968561065 0.39629629629629626 0.034461910519951636 0.12037037037037036
0 0.9189842805320436 0.5546296296296297 0.03990326481257558 0.1648148148148148
0 0.7436517533252721 0.6824074074074072 0.04353083434099154 0.14629629629629629
0 0.9827690447400244 0.5013888888888888 0.032043530834341 0.15648148148148147
0 0.8669891172914149 0.8833333333333333 0.041112454655380895 0.1574074074074074
0 0.7841596130592504 0.8708333333333332 0.055622732769044746 0.17314814814814813
0 0.8458282950423217 0.9347222222222221 0.03385731559854897 0.13055555555555556
0 0.7052599758162031 0.05185185185185184 0.029625151148730353 0.10185185185185185
