0 0.409310761789601 0.4324074074074074 0.030229746070133016 0.07407407407407408
0 0.6287787182587666 0.04305555555555555 0.030229746070133016 0.08425925925925926
0 0.578597339782346 0.03703703703703703 0.0350665054413543 0.07222222222222222
0 0.598851269649335 0.05833333333333333 0.034461910519951636 0.1148148148148148
0 0.6396614268440145 0.03796296296296296 0.030229746070133016 0.07407407407407408
0 0.8920798065296253 0.09027777777777776 0.032043530834341 0.11203703703703702
0 0.7218863361547763 0.075 0.0350665054413543 0.1259259259259259
0 0.9310761789600969 0.06944444444444445 0.032648125755743655 0.13333333333333333
0 0.7932285368802903 0.1449074074074074 0.03748488512696494 0.1398148148148148
0 0.9449818621523579 0.19027777777777777 0.0350665054413543 0.1324074074074074
0 0.9298669891172915 0.2222222222222222 0.030229746070133016 0.10185185185185185
0 0.9274486094316808 0.13518518518518519 0.030229746070133016 0.13518518518518519
0 0.7336759371221283 0.06712962962962962 0.032043530834341 0.12685185185185185
0 0.7515114873035067 0.06296296296296296 0.030229746070133016 0.12407407407407406
0 0.6777509068923822 0.12962962962962962 0.032648125755743655 0.14074074074074075
0 0.6499395405078597 0.1037037037037037 0.0350665054413543 0.14074074074074075
0 0.8784764207980653 0.7717592592592591 0.03748488512696494 0.15462962962962962
0 0.8273881499395406 0.8319444444444444 0.0380894800483676 0.15092592592592594
0 0.4262394195888755 0.11574074074074074 0.03143893591293833 0.13333333333333333
0 0.08706166868198308 0.05277777777777777 0.032648125755743655 0.10370370370370369
0 0.49395405078597343 0.03425925925925925 0.03385731559854897 0.06666666666666667
0 0.47883917775090695 0.05046296296296295 0.0350665054413543 0.09907407407407406
0 0.4643288996372431 0.049999999999999996 0.027811366384522373 0.09814814814814814
0 0.20253929866989118 0.15462962962962964 0.032648125755743655 0.1259259259259259
0 0.18591293833131803 0.13055555555555556 0.029625151148730353 0.13148148148148148
0 0.15024183796856108 0.13148148148148148 0.035671100362756954 0.14074074074074075
0 0.9510278113663846 0.08379629629629629 0.024183796856106412 0.11203703703703702
0 0.5556227327690448 0.07222222222222222 0.041112454655380895 0.1259259259259259
0 0.8292019347037486 0.8773148148148148 0.04776299879081017 0.16203703703703703
0 0.44951632406287795 0.10462962962962963 0.027206771463119714 0.12962962962962962
0 0.4712817412333737 0.09259259259259259 0.028415961305925032 0.12037037037037036
0 0.5199516324062878 0.21527777777777776 0.026602176541717055 0.11388888888888889
0 0.5852478839177752 0.13935185185185184 0.036275695284159616 0.13425925925925924
0 0.5577388149939542 0.14074074074074075 0.032043530834341 0.12962962962962962
0 0.5513905683192262 0.2787037037037037 0.03869407496977026 0.14074074074074075
0 0.891777509068924 0.11527777777777777 0.032648125755743655 0.12129629629629629
0 0.08887545344619106 0.9912037037037037 0.02176541717049577 0.01944444444444444
0 0.11759371221281742 0.9819444444444443 0.029625151148730353 0.03796296296296296
0 0.002720677146311971 0.9884259259259258 0.004232164449818622 0.025
0 0.26239419588875457 0.34074074074074073 0.0350665054413543 0.1259259259259259
0 0.3721281741233375 0.3333333333333333 0.029625151148730353 0.14074074074074075
0 0.7134220072551392 0.5699074074074074 0.03748488512696494 0.16574074074074074
0 0.7382103990326482 0.5268518518518518 0.02902055622732769 0.1111111111111111
0 0.7128174123337364 0.3 0.03990326481257558 0.14259259259259258
0 0.6783555018137848 0.3310185185185185 0.032648125755743655 0.13796296296296295
0 0.9682587666263603 0.7527777777777778 0.041717049576783564 0.15185185185185185
0 0.9800483675937123 0.35138888888888886 0.03748488512696494 0.14537037037037034
0 0.9851874244256349 0.25925925925925924 0.028415961305925032 0.1148148148148148
0 0.9685610640870617 0.4606481481481481 0.04353083434099154 0.14537037037037034
0 0.6940749697702541 0.16805555555555554 0.032648125755743655 0.1324074074074074
0 0.9851874244256349 0.11805555555555555 0.028415961305925032 0.12129629629629629
0 0.7028415961305925 0.04768518518518518 0.039298669891172915 0.09351851851851851
0 0.5746674727932286 0.4856481481481481 0.032043530834341 0.1324074074074074
0 0.9334945586457075 0.05046296296296295 0.03748488512696494 0.09907407407407406
0 0.975211608222491 0.07453703703703704 0.03748488512696494 0.12685185185185185
0 0.5752720677146312 0.05046296296296295 0.029625151148730353 0.09907407407407406
0 0.5344619105199517 0.09907407407407408 0.030229746070133016 0.07962962962962963
0 0.2756952841596131 0.9578703703703704 0.04474002418379686 0.0861111111111111
0 0.44558645707376066 0.9416666666666667 0.048367593712212824 0.11851851851851851
0 0.9836759371221282 0.9393518518518518 0.030229746070133016 0.12314814814814815
0 0.9857920193470376 0.9712962962962963 0.02599758162031439 0.059259259259259255
0 0.5012091898428054 0.6657407407407407 0.027811366384522373 0.15185185185185185
0 0.5184401451027812 0.6615740740740741 0.039298669891172915 0.1675925925925926
0 0.24032648125755746 0.7046296296296295 0.0441354292623942 0.17037037037037037
0 0.20918984280532046 0.6851851851851851 0.03748488512696494 0.1648148148148148
0 0.23518742442563487 0.6689814814814814 0.03990326481257558 0.15462962962962962
0 0.40961305925030234 0.7768518518518518 0.039298669891172915 0.17592592592592593
0 0.4543530834340992 0.8564814814814814 0.053808948004836765 0.17037037037037037
0 0.4975816203143894 0.8583333333333332 0.05199516324062878 0.16296296296296295
0 0.5120918984280532 0.9564814814814814 0.03385731559854897 0.08888888888888888
0 0.5483675937122129 0.950462962962963 0.03990326481257558 0.10092592592592592
0 0.8198307134220074 0.9541666666666667 0.05925030229746071 0.09351851851851851
0 0.8651753325272069 0.9740740740740741 0.05078597339782346 0.0537037037037037
0 0.013603385731559855 0.7398148148148148 0.02599758162031439 0.1648148148148148
0 0.2107013301088271 0.7944444444444444 0.048972188633615486 0.15
0 0.3929866989117291 0.7162037037037036 0.03869407496977026 0.13796296296296295
0 0.44951632406287795 0.7166666666666667 0.0441354292623942 0.1685185185185185
0 0.4643288996372431 0.6921296296296297 0.03990326481257558 0.14351851851851852
0 0.5024183796856106 0.7458333333333333 0.05804111245465538 0.14351851851851852
0 0.5296251511487304 0.7185185185185184 0.03990326481257558 0.14259259259259258
0 0.6961910519951634 0.9587962962962963 0.04776299879081017 0.08425925925925926
0 0.7152357920193472 0.7666666666666665 0.05078597339782346 0.14629629629629629
0 0.7877871825876664 0.749537037037037 0.05078597339782346 0.14907407407407408
0 0.5776904474002419 0.5837962962962963 0.046553808948004836 0.14907407407407408
0 0.6200120918984282 0.5921296296296297 0.03688029020556228 0.14907407407407408
0 0.648428053204353 0.8652777777777777 0.048972188633615486 0.16944444444444443
0 0.6650544135429263 0.8296296296296296 0.03869407496977026 0.17592592592592593
0 0.8022974607013302 0.6685185185185186 0.04353083434099154 0.15185185185185185
0 0.8409915356711004 0.6861111111111111 0.04594921402660218 0.1648148148148148
0 0.8709189842805322 0.8870370370370371 0.048972188633615486 0.17407407407407408
0 0.912938331318017 0.8629629629629628 0.05199516324062878 0.17037037037037037
0 0.8246674727932287 0.775 0.04594921402660218 0.1537037037037037
0 0.9915356711003628 0.7532407407407408 0.015719467956469165 0.15092592592592594
0 0.975211608222491 0.6629629629629629 0.04353083434099154 0.137037037037037
0 0.9238210399032648 0.7078703703703703 0.04353083434099154 0.14537037037037034
0 0.9464933494558646 0.6944444444444444 0.039298669891172915 0.1574074074074074
0 0.9791414752116083 0.5953703703703703 0.039298669891172915 0.14629629629629629
0 0.9286577992744862 0.48611111111111105 0.041112454655380895 0.16296296296296295
0 0.4020556227327691 0.6263888888888888 0.047158403869407506 0.15648148148148147
0 0.4800483675937123 0.45694444444444443 0.04594921402660218 0.1472222222222222
0 0.5160217654171706 0.48379629629629634 0.03688029020556228 0.13425925925925924
0 0.5377871825876663 0.4759259259259259 0.03688029020556228 0.14629629629629629
0 0.6094316807738814 0.3949074074074074 0.030229746070133016 0.1398148148148148
0 0.7294437726723096 0.48287037037037034 0.04292623941958888 0.14537037037037034
0 0.7370012091898429 0.5509259259259259 0.03990326481257558 0.1574074074074074
0 0.5946191051995163 0.4930555555555555 0.041717049576783564 0.1324074074074074
0 0.6160822249093109 0.5013888888888889 0.027811366384522373 0.12129629629629629
0 0.6064087061668681 0.5662037037037037 0.03990326481257558 0.14907407407407408
0 0.7923216444981863 0.5435185185185184 0.046553808948004836 0.15925925925925927
0 0.8210399032648127 0.5587962962962963 0.03748488512696494 0.1472222222222222
0 0.986094316807739 0.5671296296296297 0.026602176541717055 0.1398148148148148
0 0.8639661426844015 0.2939814814814815 0.048367593712212824 0.13055555555555556
0 0.8923821039903266 0.2597222222222222 0.032648125755743655 0.1324074074074074
0 0.8606408706166869 0.25787037037037036 0.027206771463119714 0.12685185185185185
0 0.05622732769044741 0.648611111111111 0.03990326481257558 0.15092592592592594
0 0.02176541717049577 0.6634259259259259 0.03748488512696494 0.15648148148148147
0 0.09643288996372432 0.7074074074074074 0.0441354292623942 0.18148148148148147
0 0.4280532043530835 0.3986111111111111 0.0350665054413543 0.10462962962962963
0 0.2315598548972189 0.462037037037037 0.03748488512696494 0.1574074074074074
0 0.26964933494558646 0.4611111111111111 0.036275695284159616 0.14074074074074075
0 0.3373639661426844 0.5208333333333333 0.036275695284159616 0.15277777777777776
0 0.32889963724304716 0.5712962962962963 0.036275695284159616 0.14814814814814817
0 0.2938331318016929 0.538425925925926 0.03748488512696494 0.16018518518518518
0 0.32496977025392987 0.3273148148148148 0.032043530834341 0.12870370370370368
0 0.39782345828295046 0.3449074074074074 0.041112454655380895 0.14537037037037034
0 0.512696493349456 0.3884259259259259 0.032648125755743655 0.11944444444444444
0 0.759975816203144 0.5138888888888888 0.03385731559854897 0.15
0 0.06015719467956469 0.5898148148148148 0.039298669891172915 0.15555555555555553
0 0.02237001209189843 0.5884259259259259 0.04353083434099154 0.16574074074074074
0 0.0441354292623942 0.3611111111111111 0.0350665054413543 0.14629629629629629
0 0.011185006045949216 0.46574074074074073 0.02116082224909311 0.14814814814814817
0 0.03476420798065297 0.4819444444444444 0.03688029020556228 0.11018518518518518
0 0.25665054413542926 0.611111111111111 0.039298669891172915 0.16296296296296295
0 0.29474002418379686 0.6129629629629629 0.04050785973397824 0.14259259259259258
0 0.2116082224909311 0.22638888888888886 0.026602176541717055 0.09537037037037037
0 0.21221281741233378 0.22083333333333333 0.03990326481257558 0.12685185185185185
0 0.08162031438935914 0.3592592592592593 0.04353083434099154 0.15185185185185185
0 0.1568923821039903 0.5574074074074074 0.0441354292623942 0.15185185185185185
0 0.16475211608222493 0.4611111111111111 0.041717049576783564 0.14629629629629629
0 0.20012091898428055 0.4847222222222222 0.04353083434099154 0.15648148148148147
0 0.7357920193470375 0.40694444444444444 0.03990326481257558 0.15092592592592594
0 0.7110036275695285 0.437037037037037 0.03869407496977026 0.14074074074074075
0 0.6825876662636035 0.425 0.041112454655380895 0.14259259259259258
0 0.6577992744860943 0.4435185185185185 0.03385731559854897 0.1722222222222222
0 0.25392986698911735 0.15694444444444444 0.0350665054413543 0.1324074074074074
0 0.20767835550181382 0.31990740740740736 0.0380894800483676 0.14907407407407408
0 0.2406287787182588 0.32731481481481484 0.03748488512696494 0.16574074074074074
0 0.34854897218863373 0.336574074074074 0.032043530834341 0.1324074074074074
0 0.5864570737605804 0.274537037037037 0.04474002418379686 0.13796296296296295
0 0.10036275695284161 0.25787037037037036 0.0350665054413543 0.13796296296296295
0 0.7418379685610641 0.14675925925925926 0.032648125755743655 0.1324074074074074
0 0.6813784764207981 0.2398148148148148 0.03748488512696494 0.15185185185185185
0 0.6269649334945586 0.25 0.0350665054413543 0.14444444444444443
0 0.655683192261185 0.3435185185185185 0.0441354292623942 0.1574074074074074
0 0.7085852478839179 0.2435185185185185 0.027811366384522373 0.09074074074074073
0 0.5477629987908103 0.23379629629629628 0.030229746070133016 0.1324074074074074
0 0.81136638452237 0.32870370370370366 0.0350665054413543 0.13518518518518519
0 0.5810157194679566 0.19675925925925924 0.0350665054413543 0.12314814814814815
0 0.6236396614268441 0.21157407407407405 0.034461910519951636 0.13055555555555556
0 0.7781136638452238 0.09814814814814814 0.032648125755743655 0.1148148148148148
0 0.7654171704957679 0.13935185185185184 0.03385731559854897 0.13425925925925924
0 0.9534461910519952 0.39305555555555555 0.04232164449818622 0.14907407407407408
0 0.9477025392986699 0.2962962962962962 0.039298669891172915 0.12962962962962962
0 0.8981257557436519 0.19537037037037036 0.03688029020556228 0.137037037037037
0 0.9277509068923822 0.38240740740740736 0.041717049576783564 0.1537037037037037
0 0.7264207980652964 0.17129629629629628 0.032043530834341 0.12962962962962962
0 0.0912938331318017 0.1986111111111111 0.04474002418379686 0.14351851851851852
0 0.3089480048367594 0.2412037037037037 0.04353083434099154 0.15092592592592594
0 0.6163845223700122 0.07037037037037036 0.032043530834341 0.1148148148148148
0 0.6423821039903266 0.05138888888888889 0.032043530834341 0.10092592592592592
0 0.03385731559854897 0.21527777777777776 0.03143893591293833 0.1324074074074074
0 0.05441354292623943 0.23287037037037037 0.0350665054413543 0.14351851851851852
0 0.3639661426844015 0.08101851851851852 0.032648125755743655 0.13796296296296295
0 0.1765417170495768 0.1865740740740741 0.0350665054413543 0.1398148148148148
0 0.8663845223700122 0.1550925925925926 0.030229746070133016 0.12314814814814815
0 0.9319830713422008 0.15138888888888888 0.034461910519951636 0.12870370370370368
0 0.9691656590084645 0.17546296296296296 0.03748488512696494 0.13796296296296295
0 0.9081015719467956 0.17129629629629628 0.030229746070133016 0.13518518518518519
0 0.33403869407496983 0.09166666666666666 0.02478839177750907 0.12037037037037036
0 0.32224909310761796 0.07268518518518517 0.027811366384522373 0.11574074074074073
0 0.02176541717049577 0.8555555555555555 0.04232164449818622 0.19074074074074074
0 0.29715840386940756 0.07546296296296297 0.032043530834341 0.12685185185185185
0 0.7814389359129384 0.1625 0.034461910519951636 0.14537037037037034
0 0.010882708585247883 0.22638888888888886 0.020556227327690448 0.1324074074074074
0 0.1333131801692866 0.18101851851851852 0.0380894800483676 0.12870370370370368
0 0.560459492140266 0.06157407407407407 0.032648125755743655 0.1175925925925926
0 0.7947400241837969 0.08333333333333333 0.029625151148730353 0.12962962962962962
0 0.8703143893591294 0.2736111111111111 0.039298669891172915 0.1324074074074074
0 0.8376662636033858 0.3074074074074074 0.03688029020556228 0.14259259259259258
0 0.24153567110036278 0.44259259259259254 0.032043530834341 0.14074074074074075
0 0.5909915356711004 0.6523148148148148 0.05139056831922612 0.14907407407407408
0 0.5628778718258767 0.625925925925926 0.03990326481257558 0.15925925925925927
0 0.6136638452237002 0.6259259259259259 0.036275695284159616 0.1574074074074074
0 0.7762998790810158 0.712037037037037 0.05441354292623943 0.14259259259259258
0 0.22460701330108826 0.41759259259259257 0.032043530834341 0.14629629629629629
0 0.2738814993954051 0.4324074074074074 0.03748488512696494 0.14629629629629629
0 0.5625755743651754 0.41435185185185186 0.034461910519951636 0.13796296296296295
0 0.5637847642079807 0.40879629629629627 0.0441354292623942 0.14537037037037034
0 0.5133010882708585 0.46296296296296297 0.030229746070133016 0.14259259259259258
0 0.40326481257557445 0.41481481481481475 0.0350665054413543 0.13518518518518519
0 0.41717049576783555 0.3282407407407407 0.03143893591293833 0.12129629629629629
0 0.44498186215235797 0.35138888888888886 0.0350665054413543 0.13796296296296295
0 0.4800483675937123 0.336574074074074 0.030229746070133016 0.0824074074074074
0 0.5142079806529626 0.36018518518518516 0.029625151148730353 0.12407407407407406
0 0.44981862152357927 0.523611111111111 0.03869407496977026 0.14907407407407408
0 0.3932889963724306 0.5777777777777777 0.029625151148730353 0.14629629629629629
0 0.3869407496977026 0.5115740740740741 0.03748488512696494 0.12314814814814815
0 0.38875453446191055 0.48935185185185176 0.03143893591293833 0.1324074074074074
0 0.20495767835550185 0.19444444444444445 0.032648125755743655 0.11296296296296296
0 0.3122732769044741 0.10277777777777777 0.029625151148730353 0.11296296296296296
0 0.12636033857315598 0.2671296296296296 0.02902055622732769 0.13796296296296295
0 0.21130592503022977 0.12314814814814816 0.034461910519951636 0.12962962962962962
0 0.47430471584038697 0.3981481481481481 0.027206771463119714 0.09074074074074073
0 0.48700120918984285 0.4134259259259259 0.027206771463119714 0.10833333333333334
0 0.2714631197097945 0.9208333333333332 0.04594921402660218 0.15462962962962962
0 0.2989721886336155 0.1439814814814815 0.0441354292623942 0.15833333333333333
0 0.755441354292624 0.04305555555555555 0.032043530834341 0.08425925925925926
0 0.7841596130592504 0.049999999999999996 0.02902055622732769 0.09814814814814814
0 0.7874848851269649 0.03888888888888888 0.029625151148730353 0.07592592592592592
0 0.09975816203143893 0.3361111111111111 0.03385731559854897 0.13518518518518519
0 0.004836759371221282 0.15833333333333333 0.008464328899637243 0.12407407407407406
0 0.758162031438936 0.03611111111111111 0.03385731559854897 0.07037037037037037
