0 0.5120918984280532 0.3675925925925926 0.03990326481257558 0.14074074074074075
0 0.5259975816203144 0.3513888888888889 0.0350665054413543 0.12685185185185185
0 0.6517533252720678 0.9578703703703704 0.047158403869407506 0.08425925925925926
0 0.5925030229746071 0.9513888888888888 0.05804111245465538 0.09722222222222222
0 0.5810157194679566 0.5157407407407407 0.047158403869407506 0.1648148148148148
0 0.5876662636033858 0.5680555555555556 0.04474002418379686 0.14907407407407408
0 0.9241233373639661 0.6199074074074074 0.048972188633615486 0.1824074074074074
0 0.6260580411124548 0.5222222222222221 0.034461910519951636 0.13518518518518519
0 0.5713422007255139 0.35648148148148145 0.04232164449818622 0.1574074074074074
0 0.4534461910519952 0.2472222222222222 0.041112454655380895 0.15555555555555553
0 0.6463119709794438 0.5587962962962962 0.03869407496977026 0.15462962962962962
0 0.6520556227327691 0.524537037037037 0.034461910519951636 0.1398148148148148
0 0.6451027811366385 0.5842592592592593 0.04232164449818622 0.15185185185185185
0 0.6641475211608223 0.45787037037037037 0.04292623941958888 0.14907407407407408
0 0.658403869407497 0.6398148148148147 0.048367593712212824 0.17407407407407408
0 0.5828295042321646 0.6597222222222222 0.048367593712212824 0.1861111111111111
0 0.6813784764207981 0.5324074074074073 0.03748488512696494 0.15185185185185185
0 0.5317412333736398 0.5930555555555554 0.046553808948004836 0.16018518518518518
0 0.7273276904474003 0.6027777777777777 0.04957678355501814 0.1611111111111111
0 0.48790810157194686 0.25925925925925924 0.04474002418379686 0.1574074074074074
0 0.7040507859733979 0.42870370370370364 0.053808948004836765 0.1648148148148148
0 0.7575574365175334 0.6652777777777777 0.05441354292623943 0.17129629629629628
0 0.841596130592503 0.7569444444444444 0.047158403869407506 0.17685185185185184
0 0.7889963724304716 0.6782407407407407 0.047158403869407506 0.15092592592592594
0 0.692261185006046 0.6013888888888889 0.03990326481257558 0.15462962962962962
0 0.975211608222491 0.6236111111111112 0.04232164449818622 0.14537037037037034
0 0.6360338573155986 0.6199074074074074 0.04474002418379686 0.15462962962962962
0 0.8594316807738815 0.6069444444444444 0.046553808948004836 0.14907407407407408
0 0.8926844014510279 0.7532407407407408 0.05139056831922612 0.17314814814814813
0 0.7155380894800485 0.523611111111111 0.04292623941958888 0.15648148148148147
0 0.5610640870616687 0.5175925925925926 0.02902055622732769 0.1148148148148148
0 0.6003627569528417 0.41481481481481475 0.03869407496977026 0.14074074074074075
0 0.03778718258766627 0.3717592592592593 0.041717049576783564 0.11018518518518518
0 0.5665054413542927 0.5837962962962961 0.04353083434099154 0.17129629629629628
0 0.5728536880290206 0.5564814814814815 0.032043530834341 0.12407407407407406
0 0.6396614268440145 0.449537037037037 0.0350665054413543 0.15092592592592594
0 0.8349455864570738 0.6208333333333332 0.04232164449818622 0.12129629629629629
0 0.5858524788391778 0.7921296296296295 0.03869407496977026 0.17314814814814813
0 0.5205562273276905 0.8226851851851851 0.047158403869407506 0.1675925925925926
0 0.017533252720677146 0.5574074074074074 0.03385731559854897 0.15
0 0.04232164449818622 0.5472222222222223 0.04474002418379686 0.1611111111111111
0 0.35580411124546557 0.21944444444444444 0.035671100362756954 0.12962962962962962
0 0.4419588875453447 0.16296296296296295 0.030229746070133016 0.11296296296296296
0 0.009975816203143894 0.25555555555555554 0.01874244256348247 0.13333333333333333
0 0.1172914147521161 0.21018518518518517 0.04474002418379686 0.14629629629629629
0 0.06287787182587666 0.15740740740740738 0.036275695284159616 0.13518518518518519
0 0.1807738814993954 0.1787037037037037 0.04232164449818622 0.14814814814814817
0 0.15568319226118502 0.2824074074074074 0.041717049576783564 0.1574074074074074
0 0.21886336154776304 0.19444444444444445 0.03748488512696494 0.13518518518518519
0 0.542926239419589 0.32083333333333336 0.041112454655380895 0.14907407407407408
0 0.4582829504232165 0.13842592592592592 0.03990326481257558 0.1324074074074074
0 0.42382103990326486 0.23564814814814813 0.03990326481257558 0.12870370370370368
0 0.56590084643289 0.26111111111111107 0.036275695284159616 0.14259259259259258
0 0.5967351874244258 0.24027777777777773 0.04353083434099154 0.15092592592592594
0 0.5713422007255139 0.20694444444444443 0.03748488512696494 0.14537037037037034
0 0.5973397823458284 0.21435185185185185 0.03385731559854897 0.1324074074074074
0 0.47430471584038697 0.20925925925925923 0.032043530834341 0.12407407407407406
0 0.6647521160822251 0.21481481481481482 0.041717049576783564 0.15925925925925927
0 0.6970979443772672 0.21157407407407405 0.036275695284159616 0.15462962962962962
0 0.6804715840386941 0.07685185185185185 0.032043530834341 0.11666666666666667
0 0.4975816203143894 0.22037037037037036 0.03990326481257558 0.13518518518518519
0 0.50906892382104 0.2527777777777777 0.03990326481257558 0.16296296296296295
0 0.542926239419589 0.25277777777777777 0.03748488512696494 0.137037037037037
0 0.5396009673518743 0.2787037037037037 0.041717049576783564 0.14074074074074075
0 0.5592503022974608 0.2912037037037037 0.03990326481257558 0.1324074074074074
0 0.6535671100362757 0.3050925925925926 0.04353083434099154 0.15092592592592594
0 0.6819830713422007 0.3273148148148148 0.0350665054413543 0.12870370370370368
0 0.7103990326481258 0.33055555555555555 0.03990326481257558 0.14259259259259258
0 0.9123337363966143 0.3342592592592593 0.04353083434099154 0.15185185185185185
0 0.719770253929867 0.36527777777777776 0.041717049576783564 0.14351851851851852
0 0.7684401451027811 0.6041666666666666 0.04232164449818622 0.16018518518518518
0 0.7874848851269649 0.587037037037037 0.0441354292623942 0.17037037037037037
0 0.7847642079806532 0.4 0.041112454655380895 0.14814814814814817
0 0.8588270858524788 0.4791666666666667 0.048972188633615486 0.15462962962962962
0 0.7781136638452237 0.4546296296296296 0.04353083434099154 0.1648148148148148
0 0.9836759371221283 0.24583333333333332 0.03143893591293833 0.15092592592592594
0 0.9767230955259977 0.19629629629629627 0.041717049576783564 0.13148148148148148
0 0.9603990326481259 0.2532407407407407 0.032043530834341 0.11574074074074073
0 0.8875453446191053 0.6305555555555554 0.04353083434099154 0.14814814814814817
0 0.9827690447400242 0.5064814814814814 0.03325272067714632 0.1537037037037037
0 0.8860338573155986 0.2652777777777777 0.0380894800483676 0.13425925925925924
0 0.9271463119709795 0.2810185185185185 0.03688029020556228 0.11574074074074073
0 0.9528415961305926 0.5259259259259259 0.04594921402660218 0.137037037037037
0 0.9516324062877872 0.4625 0.04474002418379686 0.15462962962962962
0 0.9168681983071344 0.46435185185185185 0.050181378476420804 0.1675925925925926
0 0.902962515114873 0.24351851851851852 0.039298669891172915 0.14629629629629629
0 0.9108222490931077 0.23194444444444443 0.029625151148730353 0.11574074074074073
0 0.9652357920193472 0.7078703703703704 0.032043530834341 0.09537037037037037
0 0.880894800483676 0.12314814814814815 0.03869407496977026 0.12037037037037036
0 0.475211608222491 0.0861111111111111 0.04232164449818622 0.13518518518518519
0 0.4588875453446192 0.1125 0.032648125755743655 0.11574074074074073
0 0.8830108827085853 0.23333333333333334 0.029625151148730353 0.11666666666666667
0 0.8766626360338573 0.24444444444444444 0.030229746070133016 0.10185185185185185
0 0.9304715840386941 0.25972222222222224 0.032648125755743655 0.12129629629629629
0 0.9359129383313182 0.23888888888888887 0.032648125755743655 0.12407407407407406
0 0.8503627569528417 0.4699074074074074 0.041717049576783564 0.14907407407407408
0 0.7968561064087063 0.475462962962963 0.036275695284159616 0.15092592592592594
0 0.9431680773881501 0.5226851851851851 0.07496977025392988 0.17685185185185184
0 0.039298669891172915 0.7884259259259259 0.047158403869407506 0.17129629629629628
0 0.11668681983071343 0.8425925925925924 0.05078597339782346 0.1722222222222222
0 0.2899032648125756 0.14814814814814817 0.041717049576783564 0.14259259259259258
0 0.6197097944377268 0.17083333333333334 0.04594921402660218 0.14907407407407408
0 0.6668681983071343 0.1412037037037037 0.0350665054413543 0.11574074074074073
0 0.854292623941959 0.10694444444444444 0.03748488512696494 0.12685185185185185
0 0.9220072551390568 0.09907407407407408 0.03869407496977026 0.1259259259259259
0 0.9582829504232165 0.1125 0.04232164449818622 0.1398148148148148
0 0.9727932285368804 0.07546296296296294 0.041112454655380895 0.13796296296296295
0 0.9389359129383313 0.057870370370370364 0.0350665054413543 0.10648148148148147
0 0.9634220072551392 0.03657407407407407 0.034461910519951636 0.07129629629629629
0 0.9301692865779928 0.04259259259259259 0.03688029020556228 0.08333333333333333
0 0.9026602176541717 0.027314814814814813 0.03748488512696494 0.05277777777777778
0 0.9392382103990328 0.027777777777777776 0.034461910519951636 0.0537037037037037
0 0.11094316807738816 0.08009259259259259 0.03688029020556228 0.11944444444444444
0 0.2312575574365176 0.09722222222222222 0.041717049576783564 0.12962962962962962
0 0.18409915356711007 0.07916666666666666 0.034461910519951636 0.12685185185185185
0 0.1451027811366385 0.0861111111111111 0.0350665054413543 0.13518518518518519
0 0.1293833131801693 0.033796296296296297 0.03748488512696494 0.06574074074074074
0 0.3189238210399033 0.056944444444444436 0.03688029020556228 0.11203703703703702
0 0.3567110036275696 0.04583333333333332 0.03748488512696494 0.0898148148148148
0 0.3412938331318017 0.04583333333333332 0.02478839177750907 0.0861111111111111
0 0.4201934703748489 0.11712962962962961 0.03748488512696494 0.14351851851851852
0 0.6429866989117292 0.12407407407407407 0.041717049576783564 0.14074074074074075
0 0.6460096735187425 0.1175925925925926 0.03325272067714632 0.13888888888888887
0 0.4419588875453447 0.08055555555555555 0.03990326481257558 0.12407407407407406
0 0.5689238210399034 0.04907407407407407 0.03869407496977026 0.0962962962962963
0 0.6499395405078597 0.04861111111111111 0.03990326481257558 0.09537037037037037
0 0.8760580411124548 0.06620370370370371 0.032648125755743655 0.12129629629629629
0 0.6807738814993954 0.06296296296296296 0.032648125755743655 0.12407407407407406
0 0.6795646916565901 0.06944444444444443 0.0350665054413543 0.11851851851851851
0 0.6523579201934704 0.07407407407407406 0.0350665054413543 0.12037037037037036
0 0.6750302297460702 0.033796296296296297 0.041717049576783564 0.06574074074074074
0 0.534764207980653 0.045370370370370366 0.03688029020556228 0.08888888888888888
0 0.4389359129383314 0.03194444444444444 0.03748488512696494 0.06203703703703703
0 0.02025392986698912 0.06342592592592593 0.03688029020556228 0.125
0 0.04141475211608223 0.13842592592592592 0.04292623941958888 0.1398148148148148
0 0.009673518742442565 0.11481481481481483 0.018137847642079808 0.12962962962962962
0 0.9776299879081016 0.04212962962962962 0.0350665054413543 0.0824074074074074
0 0.6257557436517535 0.10324074074074074 0.02902055622732769 0.08796296296296297
0 0.8966142684401451 0.10324074074074073 0.030229746070133016 0.10277777777777777
0 0.37001209189842804 0.5134259259259258 0.03990326481257558 0.14907407407407408
0 0.16384522370012092 0.3472222222222222 0.04232164449818622 0.14074074074074075
0 0.12031438935912939 0.763888888888889 0.055622732769044746 0.1611111111111111
0 0.0852478839177751 0.7060185185185185 0.048367593712212824 0.175
0 0.15598548972188636 0.7328703703703704 0.04594921402660218 0.1675925925925926
0 0.725211608222491 0.033796296296296297 0.029625151148730353 0.06574074074074074
0 0.8125755743651754 0.31990740740740736 0.04232164449818622 0.13425925925925924
0 0.8428053204353084 0.3106481481481481 0.03385731559854897 0.12314814814814815
0 0.2551390568319226 0.6231481481481481 0.047158403869407506 0.1685185185185185
0 0.22732769044740025 0.6074074074074074 0.041112454655380895 0.1685185185185185
0 0.35731559854897227 0.611111111111111 0.0350665054413543 0.15185185185185185
0 0.22853688029020558 0.537037037037037 0.04232164449818622 0.14814814814814817
0 0.22793228536880292 0.5083333333333333 0.03748488512696494 0.13518518518518519
0 0.18833131801692868 0.5143518518518518 0.041717049576783564 0.1398148148148148
0 0.19709794437726724 0.4759259259259259 0.04594921402660218 0.14259259259259258
0 0.1511487303506651 0.5041666666666667 0.04232164449818622 0.14907407407407408
0 0.36547762998790817 0.1861111111111111 0.032043530834341 0.12962962962962962
0 0.38814993954050786 0.18425925925925926 0.026602176541717055 0.12407407407407406
0 0.36819830713422014 0.41435185185185186 0.032648125755743655 0.12129629629629629
0 0.28295042321644504 0.41018518518518515 0.04474002418379686 0.14259259259259258
0 0.2717654171704958 0.42916666666666664 0.03688029020556228 0.1398148148148148
0 0.1977025392986699 0.9310185185185185 0.055622732769044746 0.1398148148148148
0 0.4591898428053205 0.6282407407407408 0.039298669891172915 0.16018518518518518
0 0.4603990326481258 0.6398148148148147 0.039298669891172915 0.1685185185185185
0 0.20314389359129384 0.6870370370370369 0.04474002418379686 0.16296296296296295
0 0.15810157194679564 0.6675925925925926 0.041717049576783564 0.1685185185185185
0 0.19135429262394196 0.6555555555555556 0.04050785973397824 0.15925925925925927
0 0.31136638452237003 0.7412037037037036 0.04232164449818622 0.15462962962962962
0 0.4265417170495769 0.4337962962962963 0.046553808948004836 0.12685185185185185
0 0.854292623941959 0.2759259259259259 0.03748488512696494 0.1259259259259259
0 0.8364570737605804 0.2472222222222222 0.039298669891172915 0.13518518518518519
0 0.8041112454655381 0.25416666666666665 0.0350665054413543 0.13796296296296295
0 0.3588270858524789 0.5574074074074074 0.0441354292623942 0.14074074074074075
0 0.17351874244256352 0.4287037037037037 0.048367593712212824 0.1537037037037037
0 0.20888754534461912 0.42453703703703705 0.034461910519951636 0.13796296296296295
0 0.0350665054413543 0.11435185185185184 0.032648125755743655 0.12685185185185185
0 0.3428053204353084 0.6657407407407407 0.04594921402660218 0.1574074074074074
0 0.3539903264812576 0.699537037037037 0.041717049576783564 0.17129629629629628
0 0.19195888754534463 0.1486111111111111 0.03688029020556228 0.13796296296296295
0 0.6934703748488512 0.1337962962962963 0.030229746070133016 0.12685185185185185
0 0.8171100362756953 0.26666666666666666 0.034461910519951636 0.13518518518518519
0 0.18802902055622736 0.4314814814814814 0.03990326481257558 0.14074074074074075
0 0.42200725513905685 0.6958333333333333 0.04957678355501814 0.14907407407407408
0 0.6423821039903266 0.7351851851851853 0.046553808948004836 0.1537037037037037
0 0.17140266021765418 0.4069444444444444 0.039298669891172915 0.16018518518518518
0 0.4419588875453447 0.4981481481481481 0.0350665054413543 0.14074074074074075
0 0.43137847642079813 0.4699074074074074 0.034461910519951636 0.1324074074074074
0 0.3739419588875454 0.3597222222222222 0.03688029020556228 0.15277777777777776
0 0.3591293833131802 0.5717592592592592 0.03748488512696494 0.13425925925925924
0 0.3322249093107619 0.5027777777777778 0.039298669891172915 0.13518518518518519
0 0.3397823458282951 0.47453703703703703 0.03748488512696494 0.13796296296296295
0 0.24516324062877876 0.8495370370370369 0.05139056831922612 0.16203703703703703
0 0.7079806529625152 0.04953703703703703 0.026602176541717055 0.09722222222222222
0 0.7370012091898429 0.05046296296296295 0.030229746070133016 0.09907407407407406
0 0.07224909310761791 0.36018518518518516 0.048972188633615486 0.1537037037037037
0 0.7436517533252721 0.03888888888888888 0.03143893591293833 0.07592592592592592
0 0.42200725513905685 0.5513888888888889 0.03869407496977026 0.14907407407407408
0 0.4337968561064088 0.5231481481481481 0.032043530834341 0.14629629629629629
0 0.24153567110036278 0.586111111111111 0.03688029020556228 0.14074074074074075
0 0.28718258766626364 0.563425925925926 0.04957678355501814 0.16203703703703703
0 0.29081015719467956 0.6092592592592593 0.03990326481257558 0.1685185185185185
0 0.43923821039903266 0.3685185185185185 0.039298669891172915 0.14629629629629629
0 0.3137847642079806 0.3685185185185185 0.041112454655380895 0.14259259259259258
0 0.3585247883917776 0.3384259259259259 0.03990326481257558 0.1324074074074074
0 0.3068319226118501 0.33796296296296297 0.041717049576783564 0.15185185185185185
0 0.4071946795646917 0.41805555555555546 0.039298669891172915 0.14351851851851852
0 0.6278718258766628 0.06759259259259259 0.032043530834341 0.12407407407407406
0 0.6009673518742443 0.05416666666666666 0.032648125755743655 0.10648148148148147
0 0.4882103990326482 0.5097222222222222 0.034461910519951636 0.14351851851851852
0 0.48700120918984285 0.5291666666666667 0.03688029020556228 0.15092592592592594
0 0.27811366384522374 0.3226851851851852 0.03748488512696494 0.14351851851851852
0 0.5683192261185007 0.7106481481481481 0.05078597339782346 0.1675925925925926
0 0.540205562273277 0.7064814814814814 0.0441354292623942 0.1685185185185185
0 0.2578597339782346 0.34907407407407404 0.032043530834341 0.12777777777777777
0 0.7091898428053205 0.03518518518518518 0.027811366384522373 0.0685185185185185
