0 0.05501813784764208 0.7 0.04232164449818622 0.14259259259259258
0 0.07678355501813786 0.663425925925926 0.05078597339782346 0.16203703703703703
0 0.014510278113663845 0.6689814814814814 0.027811366384522373 0.17129629629629628
0 0.02569528415961306 0.6370370370370371 0.050181378476420804 0.15925925925925927
0 0.12182587666263604 0.6435185185185185 0.0441354292623942 0.14259259259259258
0 0.3098548972188634 0.23981481481481481 0.041717049576783564 0.14074074074074075
0 0.02599758162031439 0.19907407407407407 0.03990326481257558 0.12962962962962962
0 0.010580411124546553 0.18981481481481483 0.01995163240628779 0.14074074074074075
0 0.05773881499395405 0.16990740740740737 0.039298669891172915 0.1324074074074074
0 0.10126964933494559 0.1300925925925926 0.039298669891172915 0.13425925925925924
0 0.11487303506650547 0.07037037037037037 0.03990326481257558 0.1259259259259259
0 0.06952841596130593 0.06712962962962962 0.030229746070133016 0.1175925925925926
0 0.22581620314389358 0.04814814814814814 0.039298669891172915 0.09444444444444443
0 0.2557436517533253 0.04768518518518518 0.03990326481257558 0.09351851851851851
0 0.4159613059250302 0.15324074074074073 0.03748488512696494 0.1324074074074074
0 0.3899637243047159 0.15833333333333333 0.03748488512696494 0.12407407407407406
0 0.35429262394195893 0.02546296296296296 0.03748488512696494 0.04907407407407407
0 0.5181378476420798 0.0287037037037037 0.03748488512696494 0.05555555555555555
0 0.5525997581620316 0.04629629629629629 0.03990326481257558 0.09074074074074073
0 0.5858524788391778 0.02175925925925926 0.0350665054413543 0.041666666666666664
0 0.38452237001209194 0.027777777777777776 0.03748488512696494 0.0537037037037037
0 0.40145102781136643 0.01990740740740741 0.032648125755743655 0.03796296296296296
0 0.5344619105199517 0.12546296296296294 0.03990326481257558 0.12870370370370368
0 0.5550181378476422 0.11805555555555555 0.03990326481257558 0.12685185185185185
0 0.5858524788391778 0.05138888888888889 0.032648125755743655 0.10092592592592592
0 0.6472188633615479 0.06666666666666667 0.041717049576783564 0.12222222222222222
0 0.6142684401451027 0.0537037037037037 0.0350665054413543 0.10555555555555556
0 0.6807738814993954 0.06435185185185184 0.03869407496977026 0.11944444444444444
0 0.7137243047158405 0.3069444444444444 0.039298669891172915 0.14537037037037034
0 0.6151753325272068 0.2259259259259259 0.039298669891172915 0.14074074074074075
0 0.6741233373639661 0.2222222222222222 0.03748488512696494 0.13518518518518519
0 0.6396614268440146 0.19537037037037036 0.03748488512696494 0.12037037037037036
0 0.6753325272067715 0.13935185185185184 0.032648125755743655 0.125
0 0.6314993954050786 0.14212962962962963 0.039298669891172915 0.12685185185185185
0 0.6974002418379686 0.09861111111111111 0.034461910519951636 0.1324074074074074
0 0.7781136638452238 0.1259259259259259 0.03748488512696494 0.12962962962962962
0 0.7457678355501813 0.11203703703703702 0.039298669891172915 0.11851851851851851
0 0.7512091898428054 0.08796296296296295 0.03688029020556228 0.12407407407407406
0 0.9474002418379686 0.06574074074074074 0.04232164449818622 0.12037037037037036
0 0.916565900846433 0.07685185185185185 0.0350665054413543 0.1259259259259259
0 0.6940749697702538 0.04212962962962962 0.0350665054413543 0.0824074074074074
0 0.7826481257557437 0.03796296296296296 0.034461910519951636 0.07407407407407408
0 0.9540507859733979 0.05509259259259259 0.03748488512696494 0.10833333333333334
0 0.9501209189842806 0.04583333333333332 0.03688029020556228 0.0898148148148148
0 0.9516324062877872 0.018055555555555554 0.032648125755743655 0.03425925925925925
0 0.9546553808948005 0.09722222222222222 0.03990326481257558 0.12962962962962962
0 0.9779322853688031 0.08842592592592592 0.032043530834341 0.12129629629629629
0 0.9359129383313181 0.275 0.03990326481257558 0.137037037037037
0 0.9679564691656591 0.27731481481481485 0.03748488512696494 0.1324074074074074
0 0.9746070133010883 0.6842592592592591 0.04474002418379686 0.16296296296296295
0 0.5946191051995164 0.9564814814814814 0.0380894800483676 0.08703703703703704
0 0.6463119709794439 0.9319444444444444 0.05078597339782346 0.1361111111111111
0 0.10519951632406288 0.6074074074074074 0.04474002418379686 0.1537037037037037
0 0.18984280532043535 0.610648148148148 0.04474002418379686 0.14537037037037034
0 0.16928657799274488 0.5754629629629628 0.041112454655380895 0.13796296296296295
0 0.21130592503022977 0.576388888888889 0.039298669891172915 0.14907407407407408
0 0.19528415961305928 0.5166666666666667 0.0350665054413543 0.13518518518518519
0 0.16928657799274488 0.5180555555555555 0.03990326481257558 0.13425925925925924
0 0.012394195888754535 0.25833333333333336 0.023579201934703753 0.14629629629629629
0 0.039298669891172915 0.2638888888888889 0.04353083434099154 0.15
0 0.7285368802902056 0.6879629629629629 0.048367593712212824 0.18703703703703703
0 0.44498186215235797 0.22916666666666663 0.03385731559854897 0.1324074074074074
0 0.41172914147521167 0.21666666666666667 0.0350665054413543 0.13148148148148148
0 0.4322853688029021 0.21990740740740738 0.0350665054413543 0.1324074074074074
0 0.4201934703748489 0.24166666666666667 0.03990326481257558 0.14074074074074075
0 0.024183796856106412 0.48657407407407405 0.03869407496977026 0.15092592592592594
0 0.046553808948004836 0.4888888888888888 0.04474002418379686 0.1685185185185185
0 0.2587666263603386 0.3125 0.03990326481257558 0.13425925925925924
0 0.2932285368802902 0.537962962962963 0.03748488512696494 0.13148148148148148
0 0.3210399032648126 0.40231481481481474 0.04594921402660218 0.14907407407407408
0 0.3201330108827086 0.49305555555555547 0.0441354292623942 0.16018518518518518
0 0.3234582829504233 0.5287037037037037 0.047158403869407506 0.1685185185185185
0 0.29353083434099153 0.3 0.04050785973397824 0.137037037037037
0 0.3270858524788392 0.3712962962962963 0.0350665054413543 0.15
0 0.22823458282950423 0.26712962962962966 0.03688029020556228 0.13425925925925924
0 0.25 0.27638888888888885 0.03688029020556228 0.1324074074074074
0 0.652962515114873 0.6976851851851851 0.05199516324062878 0.16388888888888886
0 0.634522370012092 0.6449074074074074 0.06831922611850061 0.1787037037037037
0 0.8032043530834342 0.6379629629629628 0.0441354292623942 0.1796296296296296
0 0.8382708585247884 0.6060185185185184 0.046553808948004836 0.1824074074074074
0 0.8346432889963725 0.6444444444444444 0.05139056831922612 0.17592592592592593
0 0.3409915356711004 0.2458333333333333 0.03990326481257558 0.1324074074074074
0 0.6980048367593712 0.25925925925925924 0.034461910519951636 0.11851851851851851
0 0.7025392986698912 0.40185185185185185 0.03385731559854897 0.14074074074074075
0 0.9582829504232165 0.461574074074074 0.036275695284159616 0.12314814814814815
0 0.8893591293833133 0.5518518518518518 0.056831922611850064 0.1574074074074074
0 0.9827690447400242 0.562037037037037 0.034461910519951636 0.17592592592592593
0 0.8618500604594922 0.5074074074074074 0.05501813784764208 0.1537037037037037
0 0.9353083434099154 0.337037037037037 0.032648125755743655 0.0962962962962963
0 0.916565900846433 0.3148148148148148 0.04353083434099154 0.12777777777777777
0 0.9368198307134221 0.5337962962962963 0.039298669891172915 0.14907407407407408
0 0.21584038694074972 0.15787037037037036 0.03748488512696494 0.13796296296296295
0 0.12454655380894801 0.4662037037037037 0.05199516324062878 0.15462962962962962
0 0.7672309552599759 0.1439814814814815 0.03748488512696494 0.12129629629629629
0 0.9824667472793229 0.3722222222222222 0.0350665054413543 0.1259259259259259
0 0.9114268440145104 0.43935185185185177 0.041717049576783564 0.15648148148148147
0 0.9755139056831923 0.38611111111111107 0.02116082224909311 0.08148148148148147
0 0.9564691656590085 0.3481481481481481 0.03385731559854897 0.12407407407407406
0 0.6366384522370013 0.2462962962962963 0.032648125755743655 0.1074074074074074
0 0.41354292623941963 0.4555555555555555 0.03143893591293833 0.10185185185185185
0 0.8993349455864572 0.475462962962963 0.046553808948004836 0.15092592592592594
0 0.8818016928657799 0.4574074074074074 0.034461910519951636 0.11296296296296296
0 0.9619105199516325 0.4106481481481481 0.03990326481257558 0.15648148148148147
0 0.75906892382104 0.7138888888888888 0.04776299879081017 0.1537037037037037
0 0.7844619105199517 0.7069444444444444 0.039298669891172915 0.14907407407407408
0 0.9071946795646917 0.7393518518518518 0.05622732769044741 0.17129629629629628
0 0.8938935912938332 0.5569444444444444 0.048972188633615486 0.1935185185185185
0 0.9573760580411126 0.7768518518518518 0.046553808948004836 0.1648148148148148
0 0.8957073760580412 0.8106481481481481 0.057436517533252726 0.15648148148148147
0 0.9368198307134221 0.799537037037037 0.053808948004836765 0.19907407407407407
0 0.8978234582829505 0.6365740740740741 0.047158403869407506 0.15092592592592594
0 0.9232164449818624 0.9101851851851851 0.04957678355501814 0.17407407407407408
0 0.7442563482466747 0.35694444444444445 0.03990326481257558 0.12129629629629629
0 0.7841596130592504 0.35787037037037034 0.04232164449818622 0.14351851851851852
0 0.9546553808948006 0.9393518518518518 0.05441354292623943 0.12129629629629629
0 0.9289600967351874 0.687037037037037 0.04776299879081017 0.17592592592592593
0 0.07406287787182587 0.9412037037037037 0.04534461910519952 0.11944444444444444
0 0.409310761789601 0.6333333333333333 0.04232164449818622 0.14814814814814817
0 0.29474002418379686 0.34907407407407404 0.0441354292623942 0.137037037037037
0 0.28688029020556227 0.3689814814814814 0.034461910519951636 0.14351851851851852
0 0.8923821039903266 0.9314814814814815 0.064087061668682 0.13518518518518519
0 0.5532043530834342 0.49212962962962964 0.030229746070133016 0.12685185185185185
0 0.8796856106408707 0.6138888888888889 0.04474002418379686 0.15185185185185185
0 0.975211608222491 0.6851851851851851 0.04232164449818622 0.15925925925925927
0 0.27448609431680776 0.9611111111111109 0.04957678355501814 0.07962962962962963
0 0.44377267230955264 0.9453703703703703 0.05441354292623943 0.1111111111111111
0 0.502720677146312 0.6527777777777778 0.039298669891172915 0.1685185185185185
0 0.5060459492140267 0.6587962962962962 0.04474002418379686 0.17314814814814813
0 0.23216444981862153 0.7194444444444444 0.05199516324062878 0.17407407407407408
0 0.20133010882708588 0.6898148148148148 0.04353083434099154 0.17592592592592593
0 0.23125755743651752 0.6810185185185186 0.0441354292623942 0.17685185185185184
0 0.5154171704957679 0.7949074074074074 0.048972188633615486 0.17685185185185184
0 0.4610036275695285 0.8476851851851852 0.046553808948004836 0.16203703703703703
0 0.5716444981862153 0.5953703703703703 0.039298669891172915 0.1574074074074074
0 0.6115477629987909 0.6060185185185184 0.046553808948004836 0.15092592592592594
0 0.35368802902055624 0.7703703703703704 0.047158403869407506 0.1648148148148148
0 0.46614268440145107 0.45648148148148143 0.04594921402660218 0.13518518518518519
0 0.2137243047158404 0.8416666666666667 0.039298669891172915 0.1574074074074074
0 0.284764207980653 0.8328703703703703 0.06045949214026603 0.16203703703703703
0 0.5873639661426845 0.5064814814814814 0.041717049576783564 0.137037037037037
0 0.5568319226118501 0.5162037037037037 0.030229746070133016 0.11018518518518518
0 0.6051995163240629 0.5740740740740741 0.04232164449818622 0.15185185185185185
0 0.900241837968561 0.2810185185185185 0.03748488512696494 0.12870370370370368
0 0.8972188633615479 0.2611111111111111 0.03748488512696494 0.137037037037037
0 0.8642684401451028 0.2689814814814815 0.039298669891172915 0.13425925925925924
0 0.5241837968561064 0.8458333333333333 0.041112454655380895 0.1824074074074074
0 0.3615477629987908 0.44212962962962965 0.04232164449818622 0.13796296296296295
0 0.24848851269649336 0.44907407407407407 0.04594921402660218 0.15925925925925927
0 0.2605804111245466 0.4662037037037037 0.03990326481257558 0.1472222222222222
0 0.4616082224909311 0.5875 0.0441354292623942 0.16388888888888886
0 0.3972188633615478 0.35462962962962963 0.04232164449818622 0.15185185185185185
0 0.4978839177750907 0.40509259259259256 0.032043530834341 0.1324074074074074
0 0.10882708585247886 0.20092592592592592 0.03748488512696494 0.13148148148148148
0 0.7623941958887547 0.9375 0.05320435308343411 0.12685185185185185
0 0.731559854897219 0.9606481481481481 0.03869407496977026 0.0787037037037037
0 0.4062877871825877 0.7050925925925925 0.03748488512696494 0.16574074074074074
0 0.41535671100362764 0.7449074074074074 0.07496977025392988 0.16203703703703703
0 0.4507255139056832 0.7175925925925924 0.041717049576783564 0.1648148148148148
0 0.38845223700120923 0.7143518518518518 0.039298669891172915 0.1675925925925926
0 0.24153567110036278 0.14814814814814817 0.03688029020556228 0.137037037037037
0 0.7385126964933494 0.14768518518518517 0.034461910519951636 0.12870370370370368
0 0.9480048367593713 0.6222222222222221 0.036275695284159616 0.14074074074074075
0 0.3458282950423217 0.1138888888888889 0.03748488512696494 0.14074074074074075
0 0.3355501813784765 0.07129629629629629 0.03143893591293833 0.11666666666666667
0 0.30773881499395406 0.06666666666666667 0.032648125755743655 0.11666666666666667
0 0.013301088270858526 0.8851851851851852 0.02539298669891173 0.18703703703703703
0 0.30048367593712216 0.1111111111111111 0.032648125755743655 0.13148148148148148
0 0.9377267230955262 0.6532407407407407 0.04957678355501814 0.16574074074074074
0 0.8609431680773882 0.2787037037037037 0.03748488512696494 0.13518518518518519
0 0.24969770253929868 0.44722222222222213 0.036275695284159616 0.15185185185185185
0 0.5792019347037486 0.6546296296296296 0.064087061668682 0.1722222222222222
0 0.5399032648125757 0.6175925925925925 0.03990326481257558 0.1648148148148148
0 0.5752720677146312 0.6435185185185185 0.041717049576783564 0.1648148148148148
0 0.691354292623942 0.674074074074074 0.0441354292623942 0.14814814814814817
0 0.2134220072551391 0.43009259259259264 0.04232164449818622 0.1398148148148148
0 0.27932285368802906 0.43888888888888883 0.03748488512696494 0.13518518518518519
0 0.5120918984280532 0.5138888888888888 0.0350665054413543 0.13518518518518519
0 0.23700120918984283 0.8249999999999998 0.05078597339782346 0.16296296296296295
0 0.4951632406287788 0.4967592592592593 0.03748488512696494 0.14351851851851852
0 0.41686819830713423 0.38564814814814813 0.0441354292623942 0.13796296296296295
0 0.41475211608222495 0.34305555555555556 0.036275695284159616 0.13796296296296295
0 0.3588270858524789 0.4078703703703704 0.039298669891172915 0.14351851851851852
0 0.4818621523579203 0.3814814814814815 0.032648125755743655 0.14259259259259258
0 0.5208585247883919 0.38611111111111107 0.029625151148730353 0.14814814814814817
0 0.45284159613059255 0.5296296296296296 0.047158403869407506 0.14629629629629629
0 0.4044740024183798 0.5782407407407407 0.03748488512696494 0.14351851851851852
0 0.3793833131801693 0.5222222222222223 0.053808948004836765 0.14074074074074075
0 0.379081015719468 0.5041666666666667 0.04474002418379686 0.15648148148148147
0 0.32103990326481263 0.12129629629629628 0.0350665054413543 0.11851851851851851
0 0.36336154776299884 0.6180555555555556 0.047158403869407506 0.16018518518518518
0 0.46553808948004843 0.4287037037037037 0.03748488512696494 0.12037037037037036
0 0.49062877871825883 0.425 0.029625151148730353 0.12037037037037036
0 0.2750906892382104 0.9212962962962962 0.04957678355501814 0.1574074074074074
0 0.755441354292624 0.05185185185185184 0.032043530834341 0.10185185185185185
0 0.7790205562273278 0.05092592592592592 0.03688029020556228 0.1
0 0.799274486094317 0.04861111111111111 0.032648125755743655 0.09537037037037037
0 0.006952841596130593 0.1675925925925926 0.012696493349455865 0.12407407407407406
0 0.7521160822249093 0.04259259259259259 0.02902055622732769 0.08333333333333333
