0 0.38210399032648135 0.8569444444444444 0.04232164449818622 0.17314814814814813
0 0.41837968561064093 0.8675925925925925 0.03990326481257558 0.1574074074074074
0 0.4331922611850061 0.9666666666666666 0.04050785973397824 0.06481481481481481
0 0.4815598548972189 0.9810185185185184 0.028415961305925032 0.03981481481481482
0 0.46553808948004843 0.8546296296296295 0.055622732769044746 0.18148148148148147
0 0.44407496977025396 0.34074074074074073 0.0380894800483676 0.1574074074074074
0 0.5320435308343411 0.9564814814814814 0.041112454655380895 0.08703703703703704
0 0.20858524788391777 0.9476851851851851 0.05441354292623943 0.10277777777777777
0 0.45707376058041116 0.37361111111111106 0.04957678355501814 0.16203703703703703
0 0.719770253929867 0.9490740740740741 0.05985489721886337 0.10370370370370369
0 0.41172914147521167 0.9800925925925925 0.027811366384522373 0.03981481481481482
0 0.4812575574365176 0.9523148148148147 0.047158403869407506 0.09166666666666666
0 0.18561064087061674 0.9412037037037037 0.03143893591293833 0.11944444444444444
0 0.6883313180169288 0.6694444444444444 0.04534461910519952 0.15555555555555553
0 0.7427448609431683 0.6629629629629629 0.05139056831922612 0.17037037037037037
0 0.8972188633615479 0.9685185185185184 0.04353083434099154 0.06481481481481481
0 0.5477629987908101 0.6537037037037036 0.05441354292623943 0.1796296296296296
0 0.3651753325272068 0.6597222222222221 0.041112454655380895 0.15648148148148147
0 0.8808948004836762 0.9097222222222221 0.04957678355501814 0.1675925925925926
0 0.9371221281741235 0.8671296296296297 0.04957678355501814 0.1935185185185185
0 0.45858524788391786 0.6717592592592593 0.05139056831922612 0.16018518518518518
0 0.4821644498186216 0.6981481481481481 0.0441354292623942 0.14259259259259258
0 0.6142684401451028 0.3680555555555555 0.03748488512696494 0.15648148148148147
0 0.5837363966142685 0.3731481481481481 0.041717049576783564 0.14814814814814817
0 0.5244860943168077 0.3930555555555555 0.04534461910519952 0.16018518518518518
0 0.5214631197097945 0.38240740740740736 0.046553808948004836 0.14259259259259258
0 0.35671100362756963 0.7013888888888888 0.048367593712212824 0.16203703703703703
0 0.412031438935913 0.7157407407407406 0.041717049576783564 0.16296296296296295
0 0.40598548972188636 0.7671296296296296 0.046553808948004836 0.19166666666666668
0 0.4365175332527207 0.8004629629629629 0.041112454655380895 0.16018518518518518
0 0.4794437726723096 0.8175925925925926 0.04957678355501814 0.15925925925925927
0 0.731559854897219 0.8513888888888889 0.05078597339782346 0.1898148148148148
0 0.3706166868198308 0.9347222222222221 0.05320435308343411 0.1324074074074074
0 0.8331318016928658 0.6231481481481481 0.04353083434099154 0.15
0 0.8748488512696494 0.6425925925925925 0.04353083434099154 0.14629629629629629
0 0.8494558645707377 0.5893518518518518 0.05199516324062878 0.15462962962962962
0 0.8920798065296253 0.575925925925926 0.034461910519951636 0.13518518518518519
0 0.9198911729141476 0.7199074074074073 0.053808948004836765 0.16018518518518518
0 0.9779322853688031 0.5671296296296297 0.041717049576783564 0.15648148148148147
0 0.8694074969770255 0.5805555555555556 0.032648125755743655 0.12407407407407406
0 0.8083434099153567 0.6074074074074074 0.03748488512696494 0.10925925925925925
0 0.8948004836759372 0.6092592592592593 0.03990326481257558 0.13518518518518519
0 0.9186819830713423 0.5726851851851851 0.041717049576783564 0.1398148148148148
0 0.4848851269649335 0.9217592592592592 0.04957678355501814 0.15833333333333333
0 0.4286577992744862 0.9185185185185184 0.048367593712212824 0.1648148148148148
0 0.8288996372430473 0.7958333333333332 0.04474002418379686 0.15462962962962962
0 0.8818016928657799 0.7060185185185185 0.0441354292623942 0.16574074074074074
0 0.7708585247883919 0.5837962962962961 0.06045949214026603 0.175
0 0.9600967351874246 0.4634259259259259 0.03748488512696494 0.14537037037037034
0 0.9740024183796856 0.4361111111111111 0.03990326481257558 0.15925925925925927
0 0.8757557436517535 0.28518518518518515 0.0441354292623942 0.14074074074074075
0 0.9561668681983072 0.5050925925925925 0.0441354292623942 0.15092592592592594
0 0.7539298669891175 0.37407407407407406 0.04957678355501814 0.1537037037037037
0 0.7886940749697703 0.37175925925925923 0.048972188633615486 0.1361111111111111
0 0.9310761789600969 0.4842592592592592 0.047158403869407506 0.14629629629629629
0 0.911124546553809 0.425 0.03990326481257558 0.15185185185185185
0 0.8821039903264812 0.437037037037037 0.03990326481257558 0.14074074074074075
0 0.9395405078597341 0.36851851851851847 0.03385731559854897 0.13148148148148148
0 0.9709794437726723 0.3717592592592593 0.03990326481257558 0.1398148148148148
0 0.839782345828295 0.26157407407407407 0.048367593712212824 0.1398148148148148
0 0.9068923821039904 0.2509259259259259 0.03990326481257558 0.14074074074074075
0 0.008766626360338575 0.40231481481481474 0.016324062877871828 0.16574074074074074
0 0.02085852478839178 0.5208333333333334 0.04050785973397824 0.16018518518518518
0 0.06469165659008465 0.48148148148148145 0.04594921402660218 0.1574074074074074
0 0.014812575574365175 0.4611111111111111 0.028415961305925032 0.1611111111111111
0 0.03536880290205562 0.4425925925925926 0.034461910519951636 0.13518518518518519
0 0.04232164449818622 0.47962962962962963 0.02539298669891173 0.08518518518518518
0 0.4966747279322854 0.624537037037037 0.05622732769044741 0.1675925925925926
0 0.758162031438936 0.7912037037037037 0.05804111245465538 0.1935185185185185
0 0.8140870616686819 0.7226851851851851 0.048972188633615486 0.16388888888888886
0 0.5262998790810157 0.6148148148148148 0.04534461910519952 0.16296296296296295
0 0.6490326481257559 0.6287037037037037 0.04776299879081017 0.1611111111111111
0 0.7687424425634826 0.5125 0.046553808948004836 0.1398148148148148
0 0.46402660217654174 0.5356481481481481 0.04776299879081017 0.16574074074074074
0 0.8440145102781137 0.4541666666666666 0.03990326481257558 0.14907407407407408
0 0.8219467956469168 0.47407407407407404 0.04534461910519952 0.14814814814814817
0 0.7820435308343411 0.4685185185185185 0.0441354292623942 0.14629629629629629
0 0.8561064087061668 0.40138888888888885 0.030229746070133016 0.12314814814814815
0 0.7001209189842806 0.5074074074074074 0.05078597339782346 0.15185185185185185
0 0.8192261185006047 0.3958333333333333 0.05078597339782346 0.13796296296296295
0 0.6883313180169288 0.4162037037037037 0.041717049576783564 0.14537037037037034
0 0.7348851269649336 0.4356481481481481 0.041717049576783564 0.1398148148148148
0 0.6033857315598551 0.6162037037037037 0.04957678355501814 0.15277777777777776
0 0.5039298669891173 0.5430555555555555 0.04534461910519952 0.15092592592592594
0 0.6166868198307135 0.499537037037037 0.04353083434099154 0.16018518518518518
0 0.5344619105199517 0.4527777777777777 0.04594921402660218 0.14074074074074075
0 0.5359733978234583 0.48981481481481476 0.0380894800483676 0.14074074074074075
0 0.568621523579202 0.4597222222222222 0.04534461910519952 0.15648148148148147
0 0.6444981862152359 0.49351851851851847 0.041112454655380895 0.1648148148148148
0 0.8615477629987909 0.32546296296296295 0.03748488512696494 0.13425925925925924
0 0.19407496977025396 0.1949074074074074 0.03869407496977026 0.14907407407407408
0 0.16384522370012092 0.21527777777777776 0.03385731559854897 0.1324074074074074
0 0.7382103990326482 0.2828703703703704 0.04353083434099154 0.1472222222222222
0 0.762696493349456 0.2726851851851852 0.035671100362756954 0.12870370370370368
0 0.010580411124546553 0.3976851851851852 0.01995163240628779 0.07129629629629629
0 0.7823458282950424 0.7481481481481481 0.03748488512696494 0.12962962962962962
0 0.04564691656590085 0.9337962962962963 0.05139056831922612 0.13425925925925924
0 0.005743651753325273 0.9722222222222221 0.010278113663845224 0.05555555555555555
0 0.026602176541717055 0.7828703703703702 0.047158403869407506 0.1787037037037037
0 0.9773276904474003 0.1884259259259259 0.039298669891172915 0.13425925925925924
0 0.9344014510278115 0.2601851851851852 0.039298669891172915 0.12962962962962962
0 0.9461910519951634 0.18981481481481483 0.04232164449818622 0.1574074074074074
0 0.8685006045949215 0.2277777777777778 0.034461910519951636 0.14074074074074075
0 0.9492140266021766 0.1537037037037037 0.02539298669891173 0.13148148148148148
0 0.9232164449818622 0.1462962962962963 0.0350665054413543 0.14074074074074075
0 0.9050785973397824 0.20046296296296295 0.03990326481257558 0.12685185185185185
0 0.9474002418379686 0.10324074074074074 0.0350665054413543 0.11018518518518518
0 0.992442563482467 0.12129629629629629 0.013905683192261186 0.12962962962962962
0 0.949516324062878 0.10648148148148147 0.03688029020556228 0.12407407407407406
0 0.8860338573155987 0.1611111111111111 0.03688029020556228 0.11666666666666667
0 0.9238210399032648 0.059259259259259255 0.0350665054413543 0.11666666666666667
0 0.909310761789601 0.10648148148148147 0.03748488512696494 0.1148148148148148
0 0.9062877871825877 0.04166666666666666 0.0350665054413543 0.08148148148148147
0 0.8473397823458284 0.09259259259259259 0.03688029020556228 0.12037037037037036
0 0.8340386940749698 0.13796296296296298 0.032043530834341 0.11851851851851851
0 0.6033857315598549 0.41898148148148145 0.03748488512696494 0.14537037037037034
0 0.6892382103990328 0.24305555555555552 0.04232164449818622 0.13796296296296295
0 0.6517533252720678 0.24074074074074073 0.04232164449818622 0.14074074074074075
0 0.6233373639661428 0.2273148148148148 0.032648125755743655 0.1324074074074074
0 0.597944377267231 0.25416666666666665 0.04353083434099154 0.14907407407407408
0 0.5719467956469165 0.24490740740740738 0.03869407496977026 0.14907407407407408
0 0.7605804111245467 0.09675925925925925 0.030229746070133016 0.0898148148148148
0 0.8621523579201935 0.05185185185185184 0.032648125755743655 0.10185185185185185
0 0.8143893591293834 0.04305555555555555 0.0350665054413543 0.08425925925925926
0 0.7230955259975816 0.08796296296296295 0.03748488512696494 0.1074074074074074
0 0.7001209189842806 0.08611111111111111 0.04474002418379686 0.14074074074074075
0 0.6287787182587666 0.1259259259259259 0.030229746070133016 0.12962962962962962
0 0.07466747279322855 0.2208333333333333 0.039298669891172915 0.1472222222222222
0 0.09673518742442565 0.23749999999999996 0.04232164449818622 0.1472222222222222
0 0.13119709794437728 0.1662037037037037 0.03990326481257558 0.13796296296296295
0 0.003929866989117292 0.056944444444444436 0.006650544135429264 0.11203703703703702
0 0.015417170495767837 0.1175925925925926 0.029625151148730353 0.14259259259259258
0 0.031136638452237006 0.05277777777777777 0.0380894800483676 0.10370370370370369
0 0.050483675937122136 0.12453703703703703 0.032043530834341 0.1324074074074074
0 0.07376058041112456 0.09675925925925925 0.0350665054413543 0.13796296296296295
0 0.08555018137847642 0.11712962962962961 0.034461910519951636 0.1324074074074074
0 0.126360338573156 0.06712962962962962 0.03990326481257558 0.12870370370370368
0 0.10429262394195889 0.14074074074074075 0.032043530834341 0.12962962962962962
0 0.16898428053204353 0.07824074074074075 0.039298669891172915 0.15092592592592594
0 0.23851269649334947 0.13888888888888887 0.032043530834341 0.09444444444444443
0 0.2551390568319227 0.1337962962962963 0.032648125755743655 0.12685185185185185
0 0.27237001209189843 0.16157407407407404 0.04050785973397824 0.12870370370370368
0 0.3201330108827086 0.029166666666666667 0.032043530834341 0.05648148148148148
0 0.34280532043530837 0.04166666666666666 0.03143893591293833 0.08148148148148147
0 0.280229746070133 0.15138888888888888 0.027206771463119714 0.10648148148148147
0 0.512696493349456 0.12453703703703703 0.03990326481257558 0.12314814814814815
0 0.476118500604595 0.09259259259259259 0.03688029020556228 0.1259259259259259
0 0.407496977025393 0.04305555555555555 0.032648125755743655 0.08425925925925926
0 0.3935912938331319 0.04814814814814814 0.032648125755743655 0.09444444444444443
0 0.3059250302297461 0.12777777777777777 0.0350665054413543 0.14074074074074075
0 0.5495767835550182 0.12175925925925926 0.03990326481257558 0.13425925925925924
0 0.5701330108827086 0.09212962962962962 0.036275695284159616 0.12870370370370368
0 0.6061064087061668 0.12638888888888886 0.039298669891172915 0.13796296296296295
0 0.5202539298669892 0.06157407407407407 0.032043530834341 0.12129629629629629
0 0.5320435308343411 0.07083333333333333 0.02539298669891173 0.09166666666666666
0 0.5761789600967353 0.06157407407407407 0.03990326481257558 0.11574074074074073
0 0.6124546553808948 0.09398148148148147 0.03990326481257558 0.1324074074074074
0 0.6493349455864572 0.05555555555555555 0.03748488512696494 0.10925925925925925
0 0.5610640870616688 0.04027777777777777 0.032648125755743655 0.0787037037037037
0 0.43833131801692865 0.08981481481481482 0.036275695284159616 0.14074074074074075
0 0.788391777509069 0.05138888888888889 0.03385731559854897 0.10092592592592592
0 0.6810761789600968 0.06805555555555555 0.034461910519951636 0.12314814814814815
0 0.3234582829504233 0.039351851851851846 0.030229746070133016 0.07685185185185185
0 0.8246674727932287 0.16203703703703703 0.036275695284159616 0.14259259259259258
0 0.7917170495767836 0.07129629629629629 0.041717049576783564 0.12407407407407406
0 0.12726723095526 0.12824074074074074 0.039298669891172915 0.14166666666666666
0 0.6868198307134221 0.015277777777777777 0.02902055622732769 0.0287037037037037
0 0.3455259975816204 0.47685185185185186 0.034461910519951636 0.1574074074074074
0 0.3437122128174124 0.23287037037037037 0.029625151148730353 0.1175925925925926
0 0.12726723095526 0.7328703703703704 0.05139056831922612 0.16018518518518518
0 0.3585247883917776 0.24398148148148147 0.027811366384522373 0.12685185185185185
0 0.12605804111245467 0.6976851851851852 0.05864570737605805 0.16203703703703703
0 0.8358524788391778 0.375462962962963 0.035671100362756954 0.1398148148148148
0 0.8588270858524789 0.3768518518518518 0.030834340991535675 0.12962962962962962
0 0.2294437726723096 0.5898148148148148 0.041717049576783564 0.1685185185185185
0 0.20253929866989118 0.5625 0.041112454655380895 0.17685185185185184
0 0.3370616686819832 0.5680555555555554 0.032043530834341 0.14537037037037034
0 0.19860943168077388 0.49351851851851847 0.03688029020556228 0.14814814814814817
0 0.2037484885126965 0.48148148148148145 0.032648125755743655 0.1574074074074074
0 0.16837968561064087 0.48009259259259257 0.032043530834341 0.1324074074074074
0 0.16414752116082226 0.43611111111111106 0.039298669891172915 0.14629629629629629
0 0.13210399032648126 0.4638888888888889 0.0441354292623942 0.14814814814814817
0 0.33796856106408707 0.1361111111111111 0.030229746070133016 0.12407407407407406
0 0.3639661426844015 0.13888888888888887 0.032648125755743655 0.13148148148148148
0 0.36245465538089483 0.33287037037037037 0.028415961305925032 0.11574074074074073
0 0.2587666263603386 0.3699074074074074 0.04474002418379686 0.1398148148148148
0 0.2439540507859734 0.3875 0.034461910519951636 0.14537037037037034
0 0.21584038694074972 0.8694444444444444 0.048367593712212824 0.16296296296296295
0 0.4292623941958888 0.5828703703703704 0.0350665054413543 0.14537037037037034
0 0.4353083434099154 0.5949074074074073 0.04232164449818622 0.16574074074074074
0 0.17896009673518745 0.6388888888888888 0.047158403869407506 0.17407407407407408
0 0.13391777509068928 0.6157407407407407 0.034461910519951636 0.14629629629629629
0 0.16444981862152358 0.6148148148148148 0.03748488512696494 0.16296296296296295
0 0.2799274486094317 0.6962962962962962 0.05199516324062878 0.1574074074074074
0 0.4005441354292625 0.3898148148148148 0.03688029020556228 0.12037037037037036
0 0.8304111245465537 0.2412037037037037 0.029625151148730353 0.12870370370370368
0 0.8143893591293834 0.20601851851851852 0.0350665054413543 0.11574074074074073
0 0.7835550181378478 0.20787037037037034 0.032648125755743655 0.12314814814814815
0 0.3957073760580411 0.5509259259259259 0.04534461910519952 0.1537037037037037
0 0.14419588875453448 0.38333333333333336 0.03688029020556228 0.15185185185185185
0 0.18198307134220074 0.3902777777777777 0.0350665054413543 0.14537037037037034
0 0.32194679564691664 0.6217592592592591 0.03688029020556228 0.15462962962962962
0 0.3207376058041113 0.6550925925925924 0.0441354292623942 0.16574074074074074
0 0.1623337363966143 0.11481481481481483 0.035671100362756954 0.14074074074074075
0 0.6668681983071344 0.09305555555555554 0.036275695284159616 0.13425925925925924
0 0.7986698911729142 0.24259259259259255 0.03748488512696494 0.14629629629629629
0 0.17321644498186217 0.37361111111111106 0.034461910519951636 0.14351851851851852
0 0.39873035066505447 0.6532407407407407 0.05139056831922612 0.1472222222222222
0 0.5831318016928658 0.6999999999999998 0.053808948004836765 0.14814814814814817
0 0.14480048367593715 0.3569444444444444 0.034461910519951636 0.14537037037037034
0 0.4232164449818622 0.4421296296296296 0.0350665054413543 0.12314814814814815
0 0.409310761789601 0.4157407407407407 0.04232164449818622 0.1074074074074074
0 0.34340991535671106 0.312962962962963 0.03990326481257558 0.14259259259259258
0 0.33675937122128174 0.5314814814814814 0.0350665054413543 0.13148148148148148
0 0.31227327690447404 0.45879629629629626 0.041717049576783564 0.1324074074074074
0 0.3101571946795647 0.42453703703703705 0.03748488512696494 0.12870370370370368
0 0.23095525997581626 0.8106481481481481 0.03748488512696494 0.16018518518518518
0 0.6837968561064087 0.024537037037037034 0.03385731559854897 0.047222222222222214
0 0.7179564691656591 0.027314814814814813 0.029625151148730353 0.05277777777777778
0 0.7218863361547764 0.025925925925925925 0.027811366384522373 0.05
0 0.39782345828295046 0.5037037037037037 0.03385731559854897 0.14074074074074075
0 0.40991535671100365 0.47083333333333327 0.02902055622732769 0.1324074074074074
0 0.20858524788391783 0.5472222222222222 0.03748488512696494 0.14629629629629629
0 0.2681378476420799 0.5203703703703704 0.048972188633615486 0.1574074074074074
0 0.26571946795646917 0.5638888888888888 0.039298669891172915 0.17037037037037037
0 0.6614268440145104 0.9768518518518517 0.03990326481257558 0.04444444444444444
0 0.2376058041112455 0.3333333333333333 0.03869407496977026 0.14074074074074075
0 0.8222490931076181 0.9587962962962961 0.04957678355501814 0.0824074074074074
0 0.27448609431680776 0.3194444444444444 0.03990326481257558 0.15185185185185185
0 0.38210399032648135 0.38009259259259254 0.03990326481257558 0.13796296296296295
0 0.19528415961305928 0.30231481481481476 0.0350665054413543 0.12685185185185185
0 0.4534461910519952 0.48981481481481476 0.03990326481257558 0.14814814814814817
0 0.06438935912938332 0.33148148148148143 0.0441354292623942 0.137037037037037
0 0.039298669891172915 0.3638888888888889 0.0350665054413543 0.12407407407407406
