0 0.02902055622732769 0.548611111111111 0.05078597339782346 0.1398148148148148
0 0.07134220072551391 0.5268518518518518 0.04474002418379686 0.14814814814814817
0 0.0601571946795647 0.5106481481481481 0.03688029020556228 0.14351851851851852
0 0.058645707376058044 0.09953703703703703 0.05804111245465538 0.13425925925925924
0 0.09854897218863361 0.12453703703703703 0.032648125755743655 0.0898148148148148
0 0.11124546553808949 0.1287037037037037 0.04594921402660218 0.14074074074074075
0 0.14903264812575576 0.1125 0.03325272067714632 0.10462962962962963
0 0.11547762998790813 0.04907407407407407 0.0350665054413543 0.0962962962962963
0 0.16021765417170497 0.04444444444444444 0.032648125755743655 0.08703703703703704
0 0.22037484885126965 0.27314814814814814 0.04292623941958888 0.14259259259259258
0 0.21523579201934706 0.25277777777777777 0.036275695284159616 0.13518518518518519
0 0.6451027811366385 0.31342592592592594 0.03990326481257558 0.16018518518518518
0 0.31650544135429265 0.19768518518518519 0.04534461910519952 0.13055555555555556
0 0.3252720677146312 0.1726851851851852 0.03869407496977026 0.12870370370370368
0 0.33131801692865787 0.15648148148148147 0.032648125755743655 0.13148148148148148
0 0.28536880290205563 0.1662037037037037 0.036275695284159616 0.1398148148148148
0 0.41868198307134225 0.13425925925925924 0.04050785973397824 0.1259259259259259
0 0.3999395405078598 0.125 0.032043530834341 0.137037037037037
0 0.4334945586457074 0.09444444444444443 0.030229746070133016 0.1259259259259259
0 0.45828295042321654 0.09351851851851851 0.030229746070133016 0.12962962962962962
0 0.4806529625151149 0.04953703703703703 0.032648125755743655 0.09722222222222222
0 0.544740024183797 0.1935185185185185 0.0350665054413543 0.1074074074074074
0 0.5293228536880291 0.08055555555555555 0.032043530834341 0.1259259259259259
0 0.5302297460701331 0.15231481481481482 0.03385731559854897 0.12685185185185185
0 0.5792019347037486 0.1611111111111111 0.03748488512696494 0.14629629629629629
0 0.50453446191052 0.04768518518518518 0.032043530834341 0.09351851851851851
0 0.564993954050786 0.09768518518518518 0.034461910519951636 0.13425925925925924
0 0.5562273276904475 0.04675925925925926 0.0350665054413543 0.09166666666666666
0 0.6469165659008466 0.19814814814814816 0.04957678355501814 0.14629629629629629
0 0.6163845223700122 0.18055555555555552 0.050181378476420804 0.15925925925925927
0 0.6148730350665055 0.1189814814814815 0.03869407496977026 0.16574074074074074
0 0.6429866989117292 0.09490740740740741 0.03688029020556228 0.14907407407407408
0 0.6813784764207981 0.0962962962962963 0.03869407496977026 0.14444444444444443
0 0.7143288996372431 0.25601851851851853 0.034461910519951636 0.1398148148148148
0 0.7466747279322854 0.17037037037037037 0.03385731559854897 0.11296296296296296
0 0.7790205562273278 0.26805555555555555 0.035671100362756954 0.13055555555555556
0 0.9740024183796857 0.3875 0.04232164449818622 0.14166666666666666
0 0.8358524788391778 0.2884259259259259 0.03688029020556228 0.12870370370370368
0 0.8053204353083435 0.2652777777777778 0.030229746070133016 0.12870370370370368
0 0.9271463119709795 0.30185185185185187 0.04050785973397824 0.13333333333333333
0 0.9513301088270859 0.2611111111111111 0.05139056831922612 0.13518518518518519
0 0.9171704957678356 0.2796296296296296 0.03385731559854897 0.13333333333333333
0 0.977025392986699 0.26157407407407407 0.032648125755743655 0.12314814814814815
0 0.9791414752116083 0.02685185185185185 0.027206771463119714 0.05185185185185184
0 0.981559854897219 0.2148148148148148 0.035671100362756954 0.137037037037037
0 0.9891172914147524 0.10185185185185185 0.02176541717049577 0.1259259259259259
0 0.9492140266021766 0.23287037037037037 0.0350665054413543 0.12129629629629629
0 0.9328899637243048 0.23425925925925925 0.030229746070133016 0.11666666666666667
0 0.9613059250302298 0.17083333333333334 0.0350665054413543 0.12870370370370368
0 0.9313784764207981 0.17916666666666667 0.034461910519951636 0.12129629629629629
0 0.9301692865779928 0.16527777777777777 0.034461910519951636 0.11574074074074073
0 0.07043530834340993 0.029166666666666667 0.030834340991535675 0.05648148148148148
0 0.20737605804111248 0.12962962962962962 0.03990326481257558 0.14074074074074075
0 0.45858524788391786 0.19722222222222222 0.0441354292623942 0.14629629629629629
0 0.7575574365175334 0.11944444444444444 0.032648125755743655 0.12407407407407406
0 0.8730350665054415 0.14074074074074072 0.026602176541717055 0.11851851851851851
0 0.718863361547763 0.15185185185185185 0.03748488512696494 0.14259259259259258
0 0.8446191051995164 0.1148148148148148 0.027811366384522373 0.09259259259259259
0 0.8830108827085853 0.13333333333333333 0.032043530834341 0.11666666666666667
0 0.411124546553809 0.4361111111111111 0.032648125755743655 0.10925925925925925
0 0.8077388149939542 0.17731481481481481 0.03990326481257558 0.14166666666666666
0 0.6955864570737605 0.16481481481481483 0.029625151148730353 0.0962962962962963
0 0.8685006045949215 0.16064814814814815 0.035671100362756954 0.1398148148148148
0 0.673821039903265 0.3300925925925926 0.04050785973397824 0.1398148148148148
0 0.7010278113663846 0.32731481481481484 0.032043530834341 0.1324074074074074
0 0.7134220072551392 0.35 0.03990326481257558 0.14074074074074075
0 0.7929262394195888 0.2712962962962963 0.0441354292623942 0.1537037037037037
0 0.6916565900846434 0.4101851851851851 0.04474002418379686 0.1648148148148148
0 0.47581620314389367 0.548611111111111 0.05078597339782346 0.16018518518518518
0 0.7533252720677147 0.37870370370370365 0.03143893591293833 0.13148148148148148
0 0.7291414752116083 0.4129629629629629 0.04594921402660218 0.1574074074074074
0 0.7690447400241839 0.40555555555555556 0.047158403869407506 0.16296296296296295
0 0.6650544135429263 0.5009259259259259 0.04353083434099154 0.14629629629629629
0 0.8669891172914148 0.3819444444444444 0.03748488512696494 0.1361111111111111
0 0.8666868198307135 0.34722222222222227 0.034461910519951636 0.13518518518518519
0 0.5852478839177752 0.7143518518518518 0.048367593712212824 0.1675925925925926
0 0.6632406287787183 0.3787037037037037 0.03990326481257558 0.13518518518518519
0 0.7391172914147522 0.34027777777777773 0.0380894800483676 0.12685185185185185
0 0.784764207980653 0.336574074074074 0.04232164449818622 0.13796296296296295
0 0.6626360338573157 0.575 0.041112454655380895 0.16296296296296295
0 0.8343409915356711 0.45416666666666666 0.04232164449818622 0.16018518518518518
0 0.9334945586457074 0.3763888888888889 0.03990326481257558 0.15092592592592594
0 0.9676541717049578 0.3481481481481481 0.03325272067714632 0.13148148148148148
0 0.9721886336154777 0.6180555555555555 0.03990326481257558 0.15462962962962962
0 0.9673518742442565 0.4402777777777777 0.04353083434099154 0.15277777777777776
0 0.9758162031438936 0.7268518518518517 0.04353083434099154 0.1685185185185185
0 0.7796251511487304 0.5393518518518517 0.0441354292623942 0.14907407407407408
0 0.8932889963724306 0.5657407407407408 0.04050785973397824 0.1648148148148148
0 0.9679564691656591 0.5125 0.047158403869407506 0.15648148148148147
0 0.9029625151148731 0.8583333333333333 0.050181378476420804 0.17037037037037037
0 0.8506650544135431 0.8532407407407407 0.055622732769044746 0.19722222222222222
0 0.9800483675937123 0.8175925925925926 0.03385731559854897 0.18703703703703703
0 0.11789600967351876 0.5449074074074074 0.041112454655380895 0.15648148148148147
0 0.3071342200725514 0.5111111111111111 0.03748488512696494 0.15555555555555553
0 0.3409915356711004 0.37407407407407406 0.055622732769044746 0.13888888888888887
0 0.2920193470374849 0.36435185185185187 0.036275695284159616 0.14537037037037034
0 0.6212212817412335 0.7064814814814814 0.041717049576783564 0.17037037037037037
0 0.8539903264812575 0.4949074074074074 0.048972188633615486 0.14537037037037034
0 0.6928657799274487 0.04212962962962962 0.032648125755743655 0.0824074074074074
0 0.6112454655380896 0.936111111111111 0.041112454655380895 0.12962962962962962
0 0.8467351874244258 0.9398148148148148 0.06106408706166869 0.12037037037037036
0 0.7790205562273278 0.9453703703703703 0.050181378476420804 0.1111111111111111
0 0.7451632406287788 0.538425925925926 0.046553808948004836 0.16203703703703703
0 0.17412333736396615 0.9699074074074073 0.05078597339782346 0.06203703703703703
0 0.45314389359129387 0.9597222222222221 0.039298669891172915 0.0824074074074074
0 0.3663845223700122 0.9634259259259258 0.05078597339782346 0.075
0 0.33131801692865787 0.9824074074074074 0.030229746070133016 0.03703703703703704
0 0.9344014510278115 0.49537037037037035 0.05139056831922612 0.17037037037037037
0 0.6203143893591294 0.973611111111111 0.04353083434099154 0.054629629629629625
0 0.9259371221281741 0.45694444444444443 0.041717049576783564 0.16018518518518518
0 0.7678355501813785 0.6319444444444445 0.04474002418379686 0.16203703703703703
0 0.8518742442563484 0.5476851851851852 0.05199516324062878 0.16018518518518518
0 0.7899032648125756 0.4662037037037037 0.053808948004836765 0.17129629629629628
0 0.5504836759371222 0.4736111111111111 0.032043530834341 0.12685185185185185
0 0.6278718258766628 0.65 0.046553808948004836 0.17592592592592593
0 0.8449214026602178 0.39120370370370366 0.03688029020556228 0.15092592592592594
0 0.825876662636034 0.5337962962962963 0.03748488512696494 0.0824074074074074
0 0.9549576783555018 0.36157407407407405 0.039298669891172915 0.12685185185185185
0 0.2762998790810158 0.9518518518518518 0.04353083434099154 0.09814814814814814
0 0.43833131801692876 0.936574074074074 0.048367593712212824 0.12870370370370368
0 0.48579201934703753 0.6439814814814814 0.0380894800483676 0.16574074074074074
0 0.508162031438936 0.6467592592592591 0.03325272067714632 0.16574074074074074
0 0.2276299879081016 0.7013888888888888 0.05139056831922612 0.17314814814814813
0 0.20012091898428055 0.675 0.04353083434099154 0.1685185185185185
0 0.2315598548972189 0.6569444444444444 0.041112454655380895 0.16944444444444443
0 0.5136033857315598 0.7749999999999999 0.04776299879081017 0.1796296296296296
0 0.46342200725513905 0.826388888888889 0.04292623941958888 0.16018518518518518
0 0.6789600967351875 0.9555555555555556 0.04957678355501814 0.08703703703703704
0 0.5749697702539299 0.5657407407407408 0.03990326481257558 0.14629629629629629
0 0.6130592503022975 0.5879629629629629 0.04353083434099154 0.1537037037037037
0 0.3485489721886336 0.7513888888888889 0.046553808948004836 0.16944444444444443
0 0.47067714631197105 0.4398148148148148 0.0441354292623942 0.14259259259259258
0 0.48428053204353083 0.5064814814814814 0.03143893591293833 0.137037037037037
0 0.5241837968561064 0.5092592592592592 0.03990326481257558 0.12962962962962962
0 0.5903869407496978 0.4875 0.0380894800483676 0.1472222222222222
0 0.5743651753325273 0.4726851851851851 0.026602176541717055 0.11574074074074073
0 0.6027811366384523 0.5592592592592592 0.041112454655380895 0.1537037037037037
0 0.900241837968561 0.2657407407407407 0.03869407496977026 0.13333333333333333
0 0.8899637243047159 0.24583333333333332 0.0350665054413543 0.14166666666666666
0 0.8621523579201935 0.25046296296296294 0.032648125755743655 0.13796296296296295
0 0.5235792019347038 0.8217592592592592 0.04594921402660218 0.18796296296296294
0 0.44316807738815 0.4060185185185185 0.0350665054413543 0.1324074074074074
0 0.23821039903264815 0.4351851851851851 0.03748488512696494 0.15555555555555553
0 0.2620918984280532 0.45 0.0380894800483676 0.14814814814814817
0 0.6212212817412335 0.7564814814814814 0.0441354292623942 0.17037037037037037
0 0.655683192261185 0.7574074074074074 0.04292623941958888 0.1648148148148148
0 0.45314389359129387 0.6074074074074074 0.039298669891172915 0.16296296296296295
0 0.3905683192261185 0.32916666666666666 0.041112454655380895 0.15092592592592594
0 0.4987908101571947 0.387037037037037 0.03143893591293833 0.12962962962962962
0 0.06166868198307135 0.3032407407407407 0.03143893591293833 0.14166666666666666
0 0.6762394195888755 0.673148148148148 0.027206771463119714 0.11666666666666667
0 0.6559854897218863 0.6810185185185186 0.04474002418379686 0.17685185185185184
0 0.24183796856106413 0.8185185185185184 0.055622732769044746 0.17592592592592593
0 0.20314389359129384 0.875925925925926 0.04474002418379686 0.1537037037037037
0 0.40507859733978235 0.6912037037037035 0.03748488512696494 0.15462962962962962
0 0.4280532043530835 0.7162037037037037 0.04594921402660218 0.16018518518518518
0 0.45737605804111253 0.686574074074074 0.039298669891172915 0.16574074074074074
0 0.3851269649334946 0.6958333333333333 0.03990326481257558 0.17685185185185184
0 0.23821039903264815 0.13472222222222222 0.03385731559854897 0.13796296296296295
0 0.7406287787182589 0.12962962962962962 0.032648125755743655 0.12777777777777777
0 0.5773881499395406 0.9407407407407408 0.04594921402660218 0.11851851851851851
0 0.5302297460701331 0.9699074074074073 0.04957678355501814 0.06018518518518518
0 0.8086457073760582 0.5740740740740741 0.04050785973397824 0.14629629629629629
0 0.816807738814994 0.6402777777777777 0.05078597339782346 0.16388888888888886
0 0.035671100362756954 0.9032407407407407 0.05441354292623943 0.1787037037037037
0 0.89087061668682 0.49953703703703695 0.041717049576783564 0.15648148148148147
0 0.8288996372430473 0.3509259259259259 0.03748488512696494 0.13148148148148148
0 0.34794437726723104 0.08564814814814814 0.039298669891172915 0.13796296296296295
0 0.12424425634824668 0.8342592592592591 0.05139056831922612 0.1796296296296296
0 0.8718258766626362 0.6819444444444442 0.04594921402660218 0.16203703703703703
0 0.9117291414752118 0.674074074074074 0.05078597339782346 0.16296296296296295
0 0.32103990326481263 0.09166666666666666 0.027811366384522373 0.12407407407407406
0 0.31136638452237003 0.06018518518518518 0.03143893591293833 0.11851851851851851
0 0.0190447400241838 0.850925925925926 0.03688029020556228 0.18703703703703703
0 0.29081015719467956 0.09074074074074073 0.03385731559854897 0.137037037037037
0 0.8494558645707377 0.6222222222222222 0.04594921402660218 0.1685185185185185
0 0.06711003627569528 0.8560185185185186 0.056831922611850064 0.16203703703703703
0 0.8107617896009673 0.39398148148148143 0.03990326481257558 0.14907407407407408
0 0.8654776299879082 0.26712962962962966 0.032043530834341 0.1398148148148148
0 0.24153567110036278 0.4263888888888889 0.034461910519951636 0.13796296296296295
0 0.5752720677146312 0.6416666666666665 0.050181378476420804 0.14629629629629629
0 0.5553204353083435 0.6129629629629628 0.039298669891172915 0.16666666666666666
0 0.5997581620314391 0.6189814814814815 0.03748488512696494 0.16388888888888886
0 0.7294437726723095 0.649537037037037 0.053808948004836765 0.1472222222222222
0 0.2107013301088271 0.4078703703703704 0.041717049576783564 0.13796296296296295
0 0.2720677146311971 0.4222222222222222 0.03869407496977026 0.14629629629629629
0 0.5332527206771464 0.4851851851851851 0.036275695284159616 0.14074074074074075
0 0.5172309552599759 0.49305555555555547 0.06106408706166869 0.15648148148148147
0 0.5012091898428054 0.4805555555555555 0.03748488512696494 0.14629629629629629
0 0.40538089480048367 0.36851851851851847 0.0380894800483676 0.13518518518518519
0 0.4132406287787183 0.3231481481481481 0.03688029020556228 0.13518518518518519
0 0.4274486094316808 0.34675925925925927 0.041112454655380895 0.14351851851851852
0 0.475211608222491 0.35 0.032648125755743655 0.13518518518518519
0 0.5181378476420798 0.3675925925925926 0.032648125755743655 0.15
0 0.4443772672309553 0.5120370370370371 0.041112454655380895 0.1537037037037037
0 0.38361547762998793 0.5569444444444444 0.03688029020556228 0.13796296296296295
0 0.3742442563482467 0.5013888888888889 0.05441354292623943 0.1324074074074074
0 0.38029020556227333 0.48148148148148145 0.04232164449818622 0.14814814814814817
0 0.12636033857315598 0.8217592592592593 0.047158403869407506 0.12870370370370368
0 0.3162031438935913 0.10833333333333332 0.036275695284159616 0.13888888888888887
0 0.284764207980653 0.49861111111111106 0.036275695284159616 0.14907407407407408
0 0.46584038694074975 0.39305555555555555 0.027206771463119714 0.09907407407407406
0 0.48186215235792024 0.4078703703703704 0.024183796856106412 0.11388888888888889
0 0.26723095525997587 0.9092592592592592 0.04594921402660218 0.1648148148148148
0 0.7001209189842806 0.6819444444444444 0.04957678355501814 0.18796296296296294
0 0.7466747279322854 0.05185185185185184 0.03385731559854897 0.10185185185185185
0 0.7775090689238211 0.043981481481481476 0.03385731559854897 0.0861111111111111
0 0.7838573155985491 0.04259259259259259 0.030834340991535675 0.08333333333333333
0 0.005441354292623942 0.15046296296296294 0.009673518742442565 0.12870370370370368
0 0.7460701330108828 0.03657407407407407 0.030229746070133016 0.07129629629629629
