0 0.5275090689238211 0.5097222222222222 0.03688029020556228 0.1398148148148148
0 0.5519951632406288 0.5009259259259259 0.03385731559854897 0.13148148148148148
0 0.5665054413542927 0.674074074074074 0.04957678355501814 0.1685185185185185
0 0.5447400241837969 0.712037037037037 0.041112454655380895 0.15925925925925927
0 0.5825272067714632 0.6333333333333332 0.0380894800483676 0.14629629629629629
0 0.5816203143893591 0.5032407407407408 0.047158403869407506 0.16574074074074074
0 0.4534461910519952 0.31111111111111106 0.041112454655380895 0.17037037037037037
0 0.6070133010882709 0.6694444444444444 0.03990326481257558 0.1611111111111111
0 0.6133615477629988 0.649074074074074 0.039298669891172915 0.14629629629629629
0 0.5810157194679566 0.750462962962963 0.04353083434099154 0.15092592592592594
0 0.5465538089480049 0.6111111111111112 0.04474002418379686 0.1537037037037037
0 0.4969770253929867 0.7787037037037036 0.04957678355501814 0.1796296296296296
0 0.2636033857315599 0.9203703703703703 0.06166868198307135 0.1537037037037037
0 0.600665054413543 0.700925925925926 0.04050785973397824 0.14444444444444443
0 0.3533857315598549 0.8009259259259258 0.050181378476420804 0.16666666666666666
0 0.6644498186215237 0.7717592592592591 0.05441354292623943 0.17129629629629628
0 0.4718863361547764 0.3324074074074074 0.0441354292623942 0.1574074074074074
0 0.6913542926239421 0.587962962962963 0.05622732769044741 0.17592592592592593
0 0.6242442563482468 0.7564814814814814 0.039298669891172915 0.15555555555555553
0 0.48548972188633616 0.7592592592592592 0.05199516324062878 0.1796296296296296
0 0.8651753325272068 0.9111111111111111 0.05199516324062878 0.1648148148148148
0 0.6584038694074971 0.6430555555555555 0.04474002418379686 0.15833333333333333
0 0.5471584038694076 0.6916666666666667 0.032648125755743655 0.12407407407407406
0 0.6203143893591294 0.5699074074074074 0.047158403869407506 0.17129629629629628
0 0.39873035066505447 0.8032407407407407 0.048972188633615486 0.1787037037037037
0 0.5290205562273277 0.6972222222222222 0.03143893591293833 0.12962962962962962
0 0.5169286577992745 0.6046296296296296 0.03869407496977026 0.15185185185185185
0 0.8246674727932286 0.911111111111111 0.04474002418379686 0.12962962962962962
0 0.0601571946795647 0.8703703703703703 0.053808948004836765 0.1648148148148148
0 0.09220072551390569 0.8518518518518519 0.050181378476420804 0.17777777777777776
0 0.6088270858524788 0.31666666666666665 0.03990326481257558 0.12962962962962962
0 0.6469165659008463 0.29629629629629634 0.0350665054413543 0.12407407407407406
0 0.002116082224909311 0.2675925925925926 0.0030229746070133015 0.15185185185185185
0 0.07648125755743652 0.5388888888888889 0.048972188633615486 0.16666666666666666
0 0.019649334945586457 0.28657407407407404 0.0380894800483676 0.13425925925925924
0 0.6717049576783555 0.4347222222222222 0.047158403869407506 0.14907407407407408
0 0.5719467956469166 0.2611111111111111 0.04474002418379686 0.15
0 0.4534461910519952 0.3736111111111111 0.047158403869407506 0.15092592592592594
0 0.6287787182587666 0.399074074074074 0.03869407496977026 0.1574074074074074
0 0.672914147521161 0.38842592592592595 0.03869407496977026 0.16018518518518518
0 0.5634824667472793 0.37037037037037035 0.03869407496977026 0.1537037037037037
0 0.5922007255139058 0.3810185185185185 0.039298669891172915 0.1361111111111111
0 0.49365175332527217 0.23148148148148145 0.032043530834341 0.12407407407407406
0 0.7539298669891173 0.48796296296296293 0.05078597339782346 0.17777777777777776
0 0.7938331318016929 0.48611111111111105 0.041112454655380895 0.1685185185185185
0 0.7082829504232165 0.18287037037037035 0.035671100362756954 0.12870370370370368
0 0.4915356711003628 0.26620370370370366 0.03143893591293833 0.13425925925925924
0 0.5024183796856106 0.3282407407407407 0.04232164449818622 0.16203703703703703
0 0.5302297460701331 0.32314814814814813 0.03748488512696494 0.14074074074074075
0 0.5193470374848852 0.4050925925925926 0.03748488512696494 0.14351851851851852
0 0.5547158403869408 0.4152777777777778 0.04050785973397824 0.13425925925925924
0 0.6018742442563484 0.4574074074074074 0.048972188633615486 0.1648148148148148
0 0.6239419588875454 0.4805555555555555 0.03990326481257558 0.14074074074074075
0 0.657496977025393 0.4791666666666667 0.041717049576783564 0.14351851851851852
0 0.8869407496977026 0.5958333333333333 0.04594921402660218 0.17314814814814813
0 0.6871221281741234 0.4935185185185185 0.0441354292623942 0.14629629629629629
0 0.6100362756952842 0.9722222222222221 0.03869407496977026 0.0574074074074074
0 0.6457073760580412 0.9569444444444444 0.048367593712212824 0.0861111111111111
0 0.6880290205562274 0.6675925925925925 0.03990326481257558 0.1574074074074074
0 0.7533252720677147 0.6787037037037037 0.048367593712212824 0.1685185185185185
0 0.6360338573155986 0.6 0.03990326481257558 0.16296296296296295
0 0.970677146311971 0.4444444444444444 0.041717049576783564 0.12962962962962962
0 0.9794437726723096 0.8717592592592592 0.03869407496977026 0.1787037037037037
0 0.782950423216445 0.3472222222222222 0.03990326481257558 0.137037037037037
0 0.8192261185006047 0.35648148148148145 0.0350665054413543 0.12407407407407406
0 0.9380290205562275 0.8828703703703702 0.06106408706166869 0.15462962962962962
0 0.8418984280532045 0.7749999999999999 0.050181378476420804 0.1648148148148148
0 0.8004836759371222 0.7796296296296296 0.05441354292623943 0.18703703703703703
0 0.8370616686819831 0.32268518518518513 0.04292623941958888 0.1472222222222222
0 0.8730350665054415 0.3273148148148148 0.03748488512696494 0.12685185185185185
0 0.913845223700121 0.27731481481481485 0.041717049576783564 0.1361111111111111
0 0.6493349455864572 0.23148148148148145 0.04474002418379686 0.15185185185185185
0 0.6206166868198308 0.24305555555555552 0.04050785973397824 0.12314814814814815
0 0.8542926239419588 0.31712962962962965 0.030229746070133016 0.12685185185185185
0 0.8038089480048369 0.33796296296296297 0.030834340991535675 0.1
0 0.8609431680773881 0.35138888888888886 0.0350665054413543 0.12314814814814815
0 0.9032648125755743 0.3273148148148148 0.0350665054413543 0.12314814814814815
0 0.727025392986699 0.701388888888889 0.041717049576783564 0.16018518518518518
0 0.6964933494558646 0.6898148148148148 0.041112454655380895 0.15925925925925927
0 0.016021765417170496 0.6921296296296297 0.030834340991535675 0.15833333333333333
0 0.5353688029020557 0.924537037037037 0.04534461910519952 0.14907407407407408
0 0.6336154776299879 0.9249999999999999 0.047158403869407506 0.14629629629629629
0 0.1133615477629988 0.37592592592592594 0.0441354292623942 0.15925925925925927
0 0.7373035066505442 0.4217592592592592 0.05139056831922612 0.16944444444444443
0 0.722490931076179 0.3333333333333333 0.036275695284159616 0.1259259259259259
0 0.887243047158404 0.2546296296296296 0.039298669891172915 0.12962962962962962
0 0.9383313180169287 0.23240740740740737 0.03990326481257558 0.137037037037037
0 0.9764207980652964 0.22175925925925927 0.041112454655380895 0.14351851851851852
0 0.9866989117291416 0.1537037037037037 0.024183796856106412 0.12222222222222222
0 0.9186819830713423 0.18240740740740738 0.039298669891172915 0.15185185185185185
0 0.8990326481257559 0.15416666666666667 0.03748488512696494 0.125
0 0.9304715840386941 0.1398148148148148 0.03869407496977026 0.13148148148148148
0 0.9697702539298669 0.04768518518518518 0.03990326481257558 0.09351851851851851
0 0.8660822249093109 0.137037037037037 0.0380894800483676 0.12222222222222222
0 0.8388754534461912 0.09953703703703702 0.03688029020556228 0.12129629629629629
0 0.8636638452237002 0.11157407407407408 0.03325272067714632 0.11388888888888889
0 0.8887545344619106 0.1111111111111111 0.0350665054413543 0.1074074074074074
0 0.921100362756953 0.08101851851851852 0.03688029020556228 0.11203703703703702
0 0.8929866989117292 0.09444444444444443 0.0350665054413543 0.12222222222222222
0 0.8636638452237002 0.049999999999999996 0.029625151148730353 0.09814814814814814
0 0.8890568319226119 0.05462962962962962 0.034461910519951636 0.1074074074074074
0 0.9304715840386941 0.0449074074074074 0.0350665054413543 0.08796296296296297
0 0.10822249093107619 0.20185185185185184 0.047158403869407506 0.14074074074074075
0 0.07436517533252722 0.20277777777777778 0.0350665054413543 0.14074074074074075
0 0.0813180169286578 0.13935185185185184 0.03688029020556228 0.12685185185185185
0 0.006952841596130593 0.20509259259259255 0.012696493349455865 0.13425925925925924
0 0.017533252720677146 0.16064814814814815 0.03385731559854897 0.13055555555555556
0 0.05139056831922613 0.15555555555555553 0.04232164449818622 0.13518518518518519
0 0.028113663845223704 0.12129629629629628 0.0380894800483676 0.13518518518518519
0 0.08010882708585249 0.07175925925925926 0.03688029020556228 0.13055555555555556
0 0.05501813784764208 0.08055555555555555 0.03143893591293833 0.12777777777777777
0 0.12605804111245467 0.07824074074074074 0.03688029020556228 0.13796296296296295
0 0.14993954050785976 0.09212962962962963 0.030229746070133016 0.10833333333333334
0 0.13724304715840388 0.05555555555555555 0.03748488512696494 0.10925925925925925
0 0.17291414752116085 0.05462962962962962 0.036275695284159616 0.1074074074074074
0 0.2345828295042322 0.1875 0.03990326481257558 0.13425925925925924
0 0.28143893591293834 0.1574074074074074 0.04050785973397824 0.13148148148148148
0 0.2237001209189843 0.12638888888888888 0.02902055622732769 0.11203703703703702
0 0.30773881499395406 0.175 0.03990326481257558 0.1537037037037037
0 0.23941958887545348 0.12268518518518517 0.036275695284159616 0.1361111111111111
0 0.2605804111245466 0.14259259259259258 0.030229746070133016 0.12777777777777777
0 0.2506045949214027 0.17685185185185184 0.02478839177750907 0.08703703703703704
0 0.5498790810157195 0.2935185185185185 0.0380894800483676 0.14629629629629629
0 0.6871221281741234 0.3222222222222222 0.04292623941958888 0.14074074074074075
0 0.7070737605804112 0.2912037037037037 0.0380894800483676 0.1361111111111111
0 0.5317412333736398 0.24351851851851852 0.039298669891172915 0.12962962962962962
0 0.6055018137847642 0.199537037037037 0.039298669891172915 0.12685185185185185
0 0.6535671100362758 0.1875 0.03748488512696494 0.1398148148148148
0 0.7309552599758162 0.21527777777777773 0.03869407496977026 0.1361111111111111
0 0.7379081015719469 0.15740740740740738 0.039298669891172915 0.13888888888888887
0 0.7091898428053205 0.1847222222222222 0.03385731559854897 0.1361111111111111
0 0.6813784764207982 0.1907407407407407 0.03143893591293833 0.12777777777777777
0 0.7264207980652964 0.10509259259259258 0.032043530834341 0.1175925925925926
0 0.6411729141475212 0.14351851851851852 0.04292623941958888 0.13333333333333333
0 0.6550785973397824 0.10462962962962961 0.041717049576783564 0.13148148148148148
0 0.6030834340991537 0.09351851851851851 0.032043530834341 0.12777777777777777
0 0.5764812575574366 0.0875 0.034461910519951636 0.125
0 0.5601571946795647 0.20185185185185184 0.039298669891172915 0.13333333333333333
0 0.4721886336154777 0.175 0.041112454655380895 0.14074074074074075
0 0.45677146311970984 0.13148148148148148 0.032043530834341 0.13518518518518519
0 0.5111850060459493 0.11944444444444444 0.0380894800483676 0.12777777777777777
0 0.536577992744861 0.13472222222222222 0.035671100362756954 0.11388888888888889
0 0.542019347037485 0.11990740740740741 0.032043530834341 0.12685185185185185
0 0.48609431680773885 0.07731481481481481 0.03990326481257558 0.13425925925925924
0 0.5241837968561064 0.06249999999999999 0.036275695284159616 0.12314814814814815
0 0.36064087061668687 0.019444444444444445 0.027206771463119714 0.03703703703703704
0 0.33827085852478844 0.01898148148148148 0.027206771463119714 0.03611111111111111
0 0.9549576783555019 0.17083333333333334 0.035671100362756954 0.14537037037037034
0 0.23821039903264815 0.06759259259259259 0.024183796856106412 0.06481481481481481
0 0.6847037484885128 0.2925925925925926 0.029625151148730353 0.08518518518518518
0 0.9135429262394197 0.23472222222222222 0.030229746070133016 0.10462962962962963
0 0.8113663845223701 0.9819444444444443 0.03748488512696494 0.03796296296296296
0 0.4975816203143894 0.04212962962962962 0.032648125755743655 0.0824074074074074
0 0.5731559854897219 0.032407407407407406 0.0350665054413543 0.06296296296296296
0 0.7001209189842806 0.01851851851851852 0.026602176541717055 0.03518518518518519
0 0.3582224909310762 0.48518518518518516 0.0380894800483676 0.1537037037037037
0 0.26602176541717054 0.262037037037037 0.0350665054413543 0.14074074074074075
0 0.13875453446191052 0.7421296296296295 0.04534461910519952 0.16203703703703703
0 0.013603385731559855 0.5421296296296296 0.02599758162031439 0.16574074074074074
0 0.13784764207980654 0.7078703703703704 0.04957678355501814 0.16018518518518518
0 0.7164449818621524 0.02175925925925926 0.030229746070133016 0.041666666666666664
0 0.8116686819830714 0.28888888888888886 0.04050785973397824 0.13518518518518519
0 0.8422007255139058 0.2810185185185185 0.032648125755743655 0.11018518518518518
0 0.2466747279322854 0.5939814814814814 0.04957678355501814 0.1675925925925926
0 0.21402660217654176 0.5768518518518518 0.041112454655380895 0.1722222222222222
0 0.353385731559855 0.5782407407407407 0.034461910519951636 0.14537037037037034
0 0.21221281741233378 0.5069444444444444 0.04474002418379686 0.14907407407407408
0 0.21704957678355505 0.4972222222222222 0.0350665054413543 0.14629629629629629
0 0.1825876662636034 0.4884259259259259 0.03748488512696494 0.13425925925925924
0 0.18137847642079807 0.4481481481481481 0.041112454655380895 0.14444444444444443
0 0.1423821039903265 0.4731481481481481 0.039298669891172915 0.14444444444444443
0 0.35701330108827095 0.15462962962962962 0.032043530834341 0.12962962962962962
0 0.380894800483676 0.15185185185185185 0.032648125755743655 0.13148148148148148
0 0.3597339782345828 0.3634259259259259 0.03143893591293833 0.12129629629629629
0 0.2699516324062878 0.3787037037037037 0.046553808948004836 0.14259259259259258
0 0.2608827085852479 0.3986111111111111 0.03688029020556228 0.14166666666666666
0 0.18802902055622733 0.9060185185185184 0.055622732769044746 0.15648148148148147
0 0.4470979443772673 0.5953703703703703 0.0380894800483676 0.15185185185185185
0 0.4483071342200726 0.6064814814814814 0.039298669891172915 0.1685185185185185
0 0.1934703748488513 0.6537037037037037 0.04594921402660218 0.1685185185185185
0 0.15628778718258765 0.6476851851851851 0.04050785973397824 0.16574074074074074
0 0.18349455864570738 0.6208333333333333 0.039298669891172915 0.15833333333333333
0 0.2986698911729142 0.7097222222222221 0.04232164449818622 0.15092592592592594
0 0.4192865779927449 0.4037037037037037 0.0441354292623942 0.12962962962962962
0 0.8482466747279325 0.2421296296296296 0.036275695284159616 0.12129629629629629
0 0.8349455864570738 0.21435185185185185 0.04232164449818622 0.13425925925925924
0 0.7974607013301089 0.22268518518518518 0.03385731559854897 0.13055555555555556
0 0.43470374848851273 0.5583333333333333 0.03748488512696494 0.14629629629629629
0 0.15507859733978235 0.3935185185185185 0.04050785973397824 0.1537037037037037
0 0.19619105199516326 0.3967592592592592 0.03325272067714632 0.1361111111111111
0 0.02237001209189843 0.08333333333333333 0.032648125755743655 0.12777777777777777
0 0.3412938331318017 0.6305555555555554 0.041717049576783564 0.1574074074074074
0 0.3422007255139057 0.6685185185185186 0.041112454655380895 0.1685185185185185
0 0.1726118500604595 0.12268518518518517 0.03688029020556228 0.1398148148148148
0 0.6840991535671102 0.09814814814814814 0.027206771463119714 0.12037037037037036
0 0.8183192261185007 0.24259259259259258 0.035671100362756954 0.137037037037037
0 0.1874244256348247 0.38379629629629625 0.036275695284159616 0.14166666666666666
0 0.41354292623941963 0.6689814814814814 0.04957678355501814 0.14907407407407408
0 0.6284764207980653 0.7097222222222221 0.0441354292623942 0.15648148148148147
0 0.1596130592503023 0.374537037037037 0.03748488512696494 0.15833333333333333
0 0.43258766626360345 0.4611111111111111 0.034461910519951636 0.13333333333333333
0 0.4211003627569529 0.4324074074074074 0.035671100362756954 0.12037037037037036
0 0.35701330108827095 0.324537037037037 0.039298669891172915 0.15277777777777776
0 0.35066505441354295 0.5412037037037037 0.03748488512696494 0.13425925925925924
0 0.3240628778718259 0.4731481481481481 0.03990326481257558 0.13518518518518519
0 0.32769044740024184 0.4402777777777777 0.036275695284159616 0.1361111111111111
0 0.23397823458282954 0.8138888888888888 0.04594921402660218 0.17037037037037037
0 0.6992140266021766 0.029629629629629627 0.028415961305925032 0.0574074074074074
0 0.7321644498186216 0.03518518518518518 0.030229746070133016 0.0685185185185185
0 0.7321644498186216 0.02175925925925926 0.03143893591293833 0.041666666666666664
0 0.413845223700121 0.5180555555555555 0.03688029020556228 0.15277777777777776
0 0.42291414752116085 0.4884259259259259 0.030834340991535675 0.14537037037037034
0 0.2315598548972189 0.549537037037037 0.0350665054413543 0.13796296296296295
0 0.2720677146311971 0.5319444444444444 0.03990326481257558 0.16018518518518518
0 0.27932285368802906 0.5800925925925925 0.03990326481257558 0.1675925925925926
0 0.5453446191051996 0.5555555555555555 0.04353083434099154 0.14629629629629629
0 0.25302297460701334 0.3356481481481481 0.04050785973397824 0.16388888888888886
0 0.5903869407496978 0.4384259259259259 0.0380894800483676 0.14166666666666666
0 0.27962515114873043 0.33287037037037037 0.041717049576783564 0.15092592592592594
0 0.3990326481257558 0.3851851851851852 0.041112454655380895 0.14074074074074075
0 0.3948004836759372 0.32037037037037036 0.0350665054413543 0.12962962962962962
0 0.475211608222491 0.4976851851851852 0.0350665054413543 0.15092592592592594
0 0.2720677146311971 0.2939814814814815 0.03748488512696494 0.13796296296296295
0 0.27841596130592505 0.31666666666666665 0.03325272067714632 0.1259259259259259
0 0.6989117291414753 0.01898148148148148 0.027811366384522373 0.03611111111111111
