0 0.5592503022974608 0.875925925925926 0.04232164449818622 0.17037037037037037
0 0.5728536880290206 0.9287037037037037 0.04534461910519952 0.14259259259259258
0 0.3869407496977026 0.5587962962962962 0.0350665054413543 0.14537037037037034
0 0.3228536880290206 0.3226851851851852 0.041112454655380895 0.13796296296296295
0 0.12696493349455867 0.4018518518518518 0.041112454655380895 0.13518518518518519
0 0.28415961305925036 0.6032407407407407 0.04232164449818622 0.16018518518518518
0 0.3137847642079806 0.3592592592592592 0.0350665054413543 0.14444444444444443
0 0.13694074969770254 0.41759259259259257 0.048972188633615486 0.14629629629629629
0 0.6342200725513906 0.9712962962962963 0.047158403869407506 0.059259259259259255
0 0.6723095525997583 0.9472222222222222 0.04594921402660218 0.10555555555555556
0 0.6215235792019348 0.9453703703703703 0.03990326481257558 0.1074074074074074
0 0.7424425634824667 0.05416666666666666 0.030229746070133016 0.10648148148148147
0 0.7899032648125757 0.8078703703703703 0.04534461910519952 0.15833333333333333
0 0.8370616686819832 0.7782407407407406 0.06106408706166869 0.17129629629629628
0 0.8576178960096735 0.7180555555555554 0.053808948004836765 0.15092592592592594
0 0.9189842805320437 0.8435185185185184 0.06045949214026603 0.1574074074074074
0 0.8839177750906894 0.849537037037037 0.04957678355501814 0.1675925925925926
0 0.842503022974607 0.9476851851851851 0.053808948004836765 0.10648148148148147
0 0.8422007255139058 0.3726851851851852 0.03748488512696494 0.13425925925925924
0 0.8657799274486095 0.36481481481481476 0.036275695284159616 0.12037037037037036
0 0.2932285368802902 0.663888888888889 0.04474002418379686 0.15925925925925927
0 0.35157194679564696 0.6231481481481481 0.039298669891172915 0.1537037037037037
0 0.3845223700120919 0.6481481481481481 0.03869407496977026 0.13148148148148148
0 0.5610640870616688 0.9462962962962963 0.0350665054413543 0.10185185185185185
0 0.502720677146312 0.9254629629629629 0.046553808948004836 0.15092592592592594
0 0.8944981862152359 0.936574074074074 0.05864570737605805 0.12870370370370368
0 0.23337363966142688 0.5916666666666667 0.03385731559854897 0.1537037037037037
0 0.2379081015719468 0.5592592592592592 0.03688029020556228 0.13148148148148148
0 0.1934703748488513 0.5851851851851851 0.04474002418379686 0.14444444444444443
0 0.19981862152357924 0.5365740740740741 0.04534461910519952 0.14537037037037034
0 0.16172914147521164 0.5453703703703704 0.04534461910519952 0.14629629629629629
0 0.379081015719468 0.2421296296296296 0.03143893591293833 0.1324074074074074
0 0.4044740024183798 0.2412037037037037 0.032648125755743655 0.1324074074074074
0 0.7134220072551392 0.9587962962962963 0.05078597339782346 0.08425925925925926
0 0.6741233373639663 0.9722222222222221 0.041112454655380895 0.0574074074074074
0 0.40145102781136643 0.43611111111111106 0.030229746070133016 0.1148148148148148
0 0.7100967351874244 0.38287037037037036 0.0441354292623942 0.12129629629629629
0 0.7521160822249093 0.3958333333333333 0.03990326481257558 0.12870370370370368
0 0.27116082224909316 0.38240740740740736 0.04776299879081017 0.14444444444444443
0 0.24758162031438935 0.39722222222222214 0.03325272067714632 0.13888888888888887
0 0.9328899637243048 0.6939814814814814 0.0350665054413543 0.1398148148148148
0 0.31650544135429265 0.9662037037037037 0.041717049576783564 0.06759259259259259
0 0.4794437726723096 0.6675925925925925 0.03748488512696494 0.14629629629629629
0 0.47490931076178966 0.6842592592592591 0.041717049576783564 0.17407407407407408
0 0.2137243047158404 0.7379629629629628 0.05864570737605805 0.1796296296296296
0 0.17472793228536881 0.7162037037037037 0.04353083434099154 0.17685185185185184
0 0.20495767835550183 0.7041666666666665 0.04232164449818622 0.17129629629629628
0 0.5377871825876663 0.4736111111111111 0.03688029020556228 0.14907407407407408
0 0.3183192261185006 0.7814814814814814 0.048972188633615486 0.1685185185185185
0 0.4425634824667473 0.4759259259259259 0.04957678355501814 0.12037037037037036
0 0.9295646916565902 0.7337962962962962 0.050181378476420804 0.1472222222222222
0 0.9026602176541717 0.7324074074074074 0.0350665054413543 0.12407407407407406
0 0.5568319226118501 0.4527777777777777 0.03748488512696494 0.14074074074074075
0 0.8669891172914148 0.3189814814814815 0.03748488512696494 0.13425925925925924
0 0.8627569528415961 0.2939814814814815 0.0350665054413543 0.13425925925925924
0 0.8367593712212817 0.29583333333333334 0.030229746070133016 0.13425925925925924
0 0.3509673518742443 0.4819444444444444 0.03688029020556228 0.12314814814814815
0 0.19528415961305928 0.4759259259259259 0.041112454655380895 0.14259259259259258
0 0.22793228536880294 0.475 0.032648125755743655 0.14629629629629629
0 0.29927448609431684 0.5763888888888888 0.04232164449818622 0.16018518518518518
0 0.4821644498186216 0.45185185185185184 0.032043530834341 0.14074074074074075
0 0.05139056831922613 0.16018518518518518 0.032648125755743655 0.12962962962962962
0 0.3618500604594922 0.7092592592592591 0.032043530834341 0.1574074074074074
0 0.37847642079806537 0.7398148148148148 0.03990326481257558 0.17037037037037037
0 0.2043530834340992 0.18703703703703703 0.032648125755743655 0.13518518518518519
0 0.7076783555018139 0.17083333333333334 0.04534461910519952 0.13425925925925924
0 0.5163240628778719 0.7421296296296297 0.05199516324062878 0.16018518518518518
0 0.598851269649335 0.7472222222222221 0.041717049576783564 0.1722222222222222
0 0.5652962515114873 0.7296296296296295 0.036275695284159616 0.137037037037037
0 0.8385731559854899 0.3101851851851852 0.036275695284159616 0.13333333333333333
0 0.22309552599758165 0.47129629629629627 0.0350665054413543 0.14074074074074075
0 0.441354292623942 0.7388888888888888 0.041112454655380895 0.14629629629629629
0 0.6801692865779928 0.725462962962963 0.05199516324062878 0.14351851851851852
0 0.1916565900846433 0.44212962962962965 0.032648125755743655 0.12129629629629629
0 0.38784764207980654 0.4583333333333333 0.0380894800483676 0.12962962962962962
0 0.4685610640870617 0.5319444444444444 0.036275695284159616 0.1324074074074074
0 0.45223700120918986 0.5037037037037037 0.04957678355501814 0.1074074074074074
0 0.40961305925030234 0.4074074074074074 0.041717049576783564 0.15185185185185185
0 0.46221281741233383 0.4194444444444444 0.035671100362756954 0.13888888888888887
0 0.5039298669891173 0.4884259259259259 0.039298669891172915 0.14907407407407408
0 0.08706166868198308 0.7513888888888888 0.047158403869407506 0.17314814814814813
0 0.39661426844014513 0.6337962962962963 0.03990326481257558 0.14351851851851852
0 0.35671100362756963 0.549537037037037 0.04594921402660218 0.13796296296296295
0 0.3527811366384523 0.5162037037037037 0.03688029020556228 0.12129629629629629
0 0.45767835550181385 0.41527777777777775 0.032648125755743655 0.11018518518518518
0 0.5166263603385732 0.6060185185185184 0.039298669891172915 0.12314814814814815
0 0.2675332527206772 0.9324074074074074 0.04776299879081017 0.137037037037037
0 0.7318621523579203 0.07083333333333333 0.039298669891172915 0.12314814814814815
0 0.762696493349456 0.08703703703703702 0.032043530834341 0.1148148148148148
0 0.50906892382104 0.17916666666666667 0.03143893591293833 0.10277777777777777
0 0.4797460701330109 0.1648148148148148 0.04292623941958888 0.12407407407407406
0 0.7203748488512697 0.5379629629629629 0.05259975816203145 0.16296296296296295
0 0.7699516324062878 0.36898148148148147 0.046553808948004836 0.15462962962962962
0 0.7521160822249094 0.5708333333333333 0.036275695284159616 0.12870370370370368
0 0.7793228536880291 0.3106481481481482 0.03748488512696494 0.1324074074074074
0 0.629987908101572 0.3412037037037037 0.04474002418379686 0.15462962962962962
0 0.6680773881499396 0.3449074074074074 0.03990326481257558 0.13796296296296295
0 0.7530229746070134 0.3125 0.041717049576783564 0.15462962962962962
0 0.6795646916565902 0.39444444444444443 0.04232164449818622 0.1537037037037037
0 0.6375453446191053 0.41018518518518515 0.03688029020556228 0.137037037037037
0 0.8234582829504233 0.14259259259259255 0.03748488512696494 0.12037037037037036
0 0.7134220072551392 0.4518518518518518 0.047158403869407506 0.15185185185185185
0 0.7339782345828295 0.48749999999999993 0.03990326481257558 0.14537037037037034
0 0.8926844014510279 0.5777777777777777 0.048972188633615486 0.14629629629629629
0 0.722490931076179 0.6083333333333333 0.04957678355501814 0.1574074074074074
0 0.6898428053204354 0.6476851851851853 0.04594921402660218 0.14351851851851852
0 0.8570133010882709 0.5981481481481481 0.04292623941958888 0.1
0 0.7566505441354293 0.6550925925925924 0.048972188633615486 0.13796296296296295
0 0.6390568319226119 0.4851851851851851 0.03990326481257558 0.13888888888888887
0 0.6094316807738815 0.5050925925925925 0.03990326481257558 0.13055555555555556
0 0.5801088270858525 0.31666666666666665 0.041717049576783564 0.14259259259259258
0 0.5471584038694076 0.3226851851851852 0.0350665054413543 0.12685185185185185
0 0.7617896009673518 0.0685185185185185 0.030229746070133016 0.1111111111111111
0 0.8391777509068924 0.6157407407407407 0.056831922611850064 0.1685185185185185
0 0.4555622732769045 0.5925925925925927 0.05139056831922612 0.14814814814814817
0 0.5060459492140267 0.6185185185185185 0.03748488512696494 0.14814814814814817
0 0.5846432889963724 0.6171296296296295 0.04594921402660218 0.175
0 0.2708585247883918 0.3324074074074074 0.041112454655380895 0.14444444444444443
0 0.16203143893591299 0.4435185185185185 0.04594921402660218 0.15185185185185185
0 0.5846432889963725 0.4310185185185185 0.047158403869407506 0.14907407407407408
0 0.5456469165659009 0.374537037037037 0.04534461910519952 0.14537037037037034
0 0.2457678355501814 0.31666666666666665 0.03688029020556228 0.1259259259259259
0 0.010882708585247883 0.4944444444444444 0.020556227327690448 0.16666666666666666
0 0.026602176541717055 0.5148148148148147 0.03990326481257558 0.15555555555555553
0 0.41172914147521167 0.9921296296296297 0.027811366384522373 0.017592592592592594
0 0.8307134220072553 0.8689814814814815 0.05078597339782346 0.16203703703703703
0 0.07769044740024185 0.2685185185185185 0.03688029020556228 0.137037037037037
0 0.04474002418379686 0.28518518518518515 0.03748488512696494 0.13148148148148148
0 0.22793228536880292 0.22314814814814812 0.036275695284159616 0.12222222222222222
0 0.2642079806529625 0.20740740740740737 0.041112454655380895 0.14074074074074075
0 0.048669891172914155 0.22314814814814815 0.04292623941958888 0.14629629629629629
0 0.04232164449818622 0.46574074074074073 0.04474002418379686 0.15555555555555553
0 0.8630592503022976 0.14305555555555555 0.03325272067714632 0.1324074074074074
0 0.7989721886336156 0.15833333333333333 0.046553808948004836 0.12962962962962962
0 0.7397218863361549 0.1259259259259259 0.039298669891172915 0.13333333333333333
0 0.11547762998790813 0.6101851851851852 0.041112454655380895 0.15925925925925927
0 0.7666263603385732 0.45370370370370366 0.04474002418379686 0.15555555555555553
0 0.7726723095525998 0.4916666666666666 0.04474002418379686 0.137037037037037
0 0.07073760580411126 0.5777777777777777 0.04594921402660218 0.17592592592592593
0 0.11457073760580412 0.5597222222222221 0.05139056831922612 0.15648148148148147
0 0.24032648125755748 0.8379629629629629 0.05139056831922612 0.18888888888888886
0 0.18863361547763 0.8541666666666665 0.05078597339782346 0.17314814814814813
0 0.9265417170495769 0.5597222222222221 0.050181378476420804 0.18055555555555552
0 0.08887545344619106 0.9847222222222222 0.03990326481257558 0.032407407407407406
0 0.13784764207980654 0.9685185185185184 0.03869407496977026 0.06481481481481481
0 0.15447400241837972 0.95 0.048972188633615486 0.10185185185185185
0 0.4882103990326481 0.8342592592592591 0.050181378476420804 0.14629629629629629
0 0.48518742442563484 0.7861111111111111 0.06106408706166869 0.16296296296296295
0 0.976118500604595 0.449537037037037 0.04292623941958888 0.16388888888888886
0 0.975211608222491 0.2337962962962963 0.04232164449818622 0.1361111111111111
0 0.9461910519951634 0.23287037037037037 0.03748488512696494 0.12685185185185185
0 0.9643288996372432 0.17314814814814813 0.041112454655380895 0.12222222222222222
0 0.9470979443772672 0.17407407407407408 0.0380894800483676 0.11296296296296296
0 0.7914147521160823 0.3393518518518518 0.03748488512696494 0.14351851851851852
0 0.11245465538089482 0.6907407407407408 0.047158403869407506 0.14259259259259258
0 0.1381499395405079 0.6296296296296297 0.05501813784764208 0.15185185185185185
0 0.22490931076178963 0.6314814814814814 0.047158403869407506 0.1648148148148148
0 0.012998790810157194 0.2546296296296296 0.02478839177750907 0.15185185185185185
0 0.220677146311971 0.35601851851851846 0.03748488512696494 0.14351851851851852
0 0.7013301088270859 0.4819444444444444 0.03748488512696494 0.14537037037037034
0 0.0861547762998791 0.2351851851851852 0.0380894800483676 0.14814814814814817
0 0.667472793228537 0.4199074074074074 0.04594921402660218 0.13796296296296295
0 0.7128174123337365 0.40601851851851845 0.03869407496977026 0.1472222222222222
0 0.2055622732769045 0.3384259259259259 0.03990326481257558 0.15648148148148147
0 0.6381499395405079 0.38009259259259254 0.046553808948004836 0.15648148148148147
0 0.17019347037484886 0.274537037037037 0.03688029020556228 0.1472222222222222
0 0.7140266021765418 0.2884259259259259 0.05320435308343411 0.15648148148148147
0 0.6559854897218863 0.0449074074074074 0.03385731559854897 0.08796296296296297
0 0.6233373639661428 0.04444444444444444 0.03385731559854897 0.08703703703703704
0 0.6064087061668681 0.03888888888888888 0.032648125755743655 0.07592592592592592
0 0.6810761789600968 0.2236111111111111 0.041717049576783564 0.14537037037037034
0 0.6324062877871827 0.225 0.04594921402660218 0.13148148148148148
0 0.5837363966142685 0.13055555555555554 0.04292623941958888 0.12407407407407406
0 0.5504836759371222 0.12407407407407406 0.046553808948004836 0.12777777777777777
0 0.5169286577992745 0.20787037037037034 0.04594921402660218 0.1324074074074074
0 0.4483071342200726 0.033796296296296297 0.032043530834341 0.06574074074074074
0 0.42351874244256354 0.1259259259259259 0.0380894800483676 0.1259259259259259
0 0.3512696493349456 0.08194444444444443 0.03990326481257558 0.1361111111111111
0 0.29564691656590086 0.07268518518518517 0.03869407496977026 0.125
0 0.26632406287787186 0.06574074074074074 0.0380894800483676 0.1259259259259259
0 0.015114873035066504 0.21388888888888888 0.02902055622732769 0.12407407407407406
0 0.08071342200725515 0.16574074074074072 0.034461910519951636 0.1259259259259259
0 0.1535671100362757 0.22731481481481483 0.04474002418379686 0.1398148148148148
0 0.13059250302297462 0.13240740740740742 0.03990326481257558 0.12407407407407406
0 0.14328899637243048 0.15277777777777776 0.041112454655380895 0.137037037037037
0 0.17110036275695287 0.1722222222222222 0.036275695284159616 0.14074074074074075
0 0.24879081015719468 0.06018518518518518 0.0380894800483676 0.11851851851851851
0 0.2762998790810158 0.04583333333333332 0.03748488512696494 0.0898148148148148
0 0.25453446191052 0.25601851851851853 0.04474002418379686 0.15462962962962962
0 0.22490931076178963 0.1662037037037037 0.030229746070133016 0.11018518518518518
0 0.24727932285368806 0.16944444444444443 0.032648125755743655 0.12037037037037036
0 0.2466747279322854 0.12638888888888886 0.032648125755743655 0.11574074074074073
0 0.3095525997581621 0.11388888888888889 0.0350665054413543 0.12962962962962962
0 0.31680773881499397 0.26157407407407407 0.0350665054413543 0.1324074074074074
0 0.3110640870616687 0.2412037037037037 0.041717049576783564 0.14907407407407408
0 0.4818621523579203 0.22314814814814812 0.030229746070133016 0.10185185185185185
0 0.44014510278113667 0.1814814814814815 0.03143893591293833 0.11296296296296296
0 0.4214026602176542 0.18796296296296294 0.03748488512696494 0.13518518518518519
0 0.28355501813784767 0.1259259259259259 0.032648125755743655 0.11851851851851851
0 0.3948004836759371 0.20046296296296295 0.04232164449818622 0.12685185185185185
0 0.3926844014510279 0.16574074074074074 0.039298669891172915 0.11296296296296296
0 0.33766626360338575 0.14907407407407408 0.0441354292623942 0.12962962962962962
0 0.34885126964933494 0.2064814814814815 0.03385731559854897 0.12962962962962962
0 0.31469165659008463 0.2009259259259259 0.0380894800483676 0.12777777777777777
0 0.36759371221281745 0.1824074074074074 0.036275695284159616 0.11296296296296296
0 0.3261789600967352 0.10787037037037035 0.034461910519951636 0.13425925925925924
0 0.09431680773881501 0.11851851851851851 0.03990326481257558 0.137037037037037
0 0.09492140266021766 0.24953703703703703 0.02902055622732769 0.11574074074074073
0 0.09945586457073761 0.15694444444444444 0.034461910519951636 0.13055555555555556
0 0.4289600967351874 0.01435185185185185 0.0380894800483676 0.02685185185185185
0 0.1964933494558646 0.04351851851851851 0.036275695284159616 0.08518518518518518
0 0.22642079806529625 0.04351851851851851 0.03325272067714632 0.08518518518518518
0 0.24274486094316808 0.025925925925925925 0.04050785973397824 0.05
0 0.219770253929867 0.010648148148148148 0.03325272067714632 0.01944444444444444
0 0.13966142684401453 0.027777777777777776 0.036275695284159616 0.0537037037037037
0 0.918379685610641 0.0125 0.03990326481257558 0.023148148148148147
0 0.10006045949214028 0.029166666666666667 0.0380894800483676 0.05648148148148148
0 0.06469165659008465 0.01111111111111111 0.02539298669891173 0.02037037037037037
0 0.7218863361547764 0.0574074074074074 0.027811366384522373 0.11296296296296296
0 0.11577992744860945 0.2518518518518518 0.041717049576783564 0.15
0 0.45677146311970984 0.0962962962962963 0.03688029020556228 0.13518518518518519
