0 0.4960701330108828 0.3481481481481481 0.039298669891172915 0.14074074074074075
0 0.5042321644498187 0.32546296296296295 0.0350665054413543 0.12685185185185185
0 0.639056831922612 0.9074074074074073 0.05078597339782346 0.14814814814814817
0 0.5852478839177752 0.9078703703703703 0.055622732769044746 0.16944444444444443
0 0.562273276904474 0.4611111111111111 0.05078597339782346 0.1537037037037037
0 0.5882708585247884 0.5226851851851851 0.04474002418379686 0.14907407407407408
0 0.9126360338573157 0.5444444444444444 0.05622732769044741 0.17037037037037037
0 0.6269649334945586 0.4824074074074074 0.0350665054413543 0.12962962962962962
0 0.9767230955259977 0.5939814814814814 0.04534461910519952 0.15648148148148147
0 0.5616686819830714 0.325 0.04232164449818622 0.1574074074074074
0 0.4564691656590085 0.22916666666666666 0.04232164449818622 0.15462962962962962
0 0.635429262394196 0.5375 0.03869407496977026 0.17314814814814813
0 0.6532648125755743 0.4949074074074074 0.034461910519951636 0.1398148148148148
0 0.6339177750906893 0.549074074074074 0.041717049576783564 0.15185185185185185
0 0.6747279322853689 0.4222222222222222 0.04232164449818622 0.14629629629629629
0 0.854292623941959 0.9425925925925925 0.056831922611850064 0.11296296296296296
0 0.6868198307134221 0.6032407407407407 0.04957678355501814 0.16574074074074074
0 0.6236396614268441 0.6129629629629629 0.048972188633615486 0.18518518518518517
0 0.6792623941958889 0.5027777777777778 0.03688029020556228 0.15185185185185185
0 0.814993954050786 0.9666666666666666 0.0350665054413543 0.06481481481481481
0 0.5368802902055623 0.5472222222222222 0.047158403869407506 0.15555555555555553
0 0.7276299879081016 0.5625 0.0441354292623942 0.15648148148148147
0 0.48730350665054417 0.24212962962962958 0.04474002418379686 0.15648148148148147
0 0.7019347037484885 0.4004629629629629 0.05199516324062878 0.16203703703703703
0 0.7575574365175334 0.5953703703703703 0.05078597339782346 0.1722222222222222
0 0.814993954050786 0.6717592592592593 0.047158403869407506 0.16944444444444443
0 0.7902055622732769 0.6074074074074074 0.04353083434099154 0.14629629629629629
0 0.6940749697702538 0.561574074074074 0.03990326481257558 0.15462962962962962
0 0.972490931076179 0.6578703703703703 0.0441354292623942 0.15277777777777776
0 0.95223700120919 0.5592592592592591 0.04232164449818622 0.14629629629629629
0 0.6590084643288997 0.5814814814814814 0.04474002418379686 0.15185185185185185
0 0.8612454655380896 0.5587962962962963 0.046553808948004836 0.14907407407407408
0 0.8669891172914148 0.6638888888888889 0.048367593712212824 0.17407407407407408
0 0.7137243047158405 0.4921296296296296 0.041717049576783564 0.15648148148148147
0 0.5320435308343411 0.47777777777777775 0.030229746070133016 0.1148148148148148
0 0.5994558645707377 0.39629629629629626 0.039298669891172915 0.14074074074074075
0 0.08857315598548973 0.3324074074074074 0.039298669891172915 0.10925925925925925
0 0.5761789600967353 0.549537037037037 0.04474002418379686 0.17129629629629628
0 0.5631801692865781 0.5074074074074074 0.032043530834341 0.12407407407407406
0 0.6463119709794438 0.3962962962962963 0.0350665054413543 0.13518518518518519
0 0.8325272067714633 0.5587962962962963 0.03748488512696494 0.11944444444444444
0 0.3923821039903266 0.7754629629629629 0.04353083434099154 0.17129629629629628
0 0.34794437726723104 0.7865740740740741 0.03688029020556228 0.1675925925925926
0 0.0190447400241838 0.4930555555555555 0.03688029020556228 0.14537037037037034
0 0.04866989117291415 0.48842592592592593 0.04534461910519952 0.16018518518518518
0 0.007255139056831924 0.2 0.013301088270858527 0.12962962962962962
0 0.29141475211608225 0.22037037037037036 0.032648125755743655 0.12407407407407406
0 0.3576178960096736 0.16296296296296298 0.032043530834341 0.11666666666666667
0 0.004232164449818622 0.2736111111111111 0.007255139056831923 0.12685185185185185
0 0.03325272067714632 0.22314814814814815 0.03990326481257558 0.12962962962962962
0 0.1284764207980653 0.15694444444444444 0.048972188633615486 0.13796296296296295
0 0.032648125755743655 0.2689814814814815 0.04353083434099154 0.13425925925925924
0 0.10489721886336156 0.13657407407407407 0.035671100362756954 0.1324074074074074
0 0.220677146311971 0.1560185185185185 0.04232164449818622 0.14537037037037034
0 0.20012091898428055 0.2310185185185185 0.04232164449818622 0.15092592592592594
0 0.2666263603385732 0.1685185185185185 0.03748488512696494 0.13518518518518519
0 0.4966747279322854 0.28518518518518515 0.041717049576783564 0.14629629629629629
0 0.4274486094316808 0.11342592592592592 0.03990326481257558 0.1324074074074074
0 0.4214026602176542 0.19537037037037036 0.03748488512696494 0.12962962962962962
0 0.5761789600967352 0.2310185185185185 0.03385731559854897 0.13796296296296295
0 0.5834340991535671 0.20555555555555555 0.04353083434099154 0.14629629629629629
0 0.560459492140266 0.16990740740740737 0.036275695284159616 0.13425925925925924
0 0.5900846432889965 0.15833333333333333 0.0350665054413543 0.12777777777777777
0 0.4718863361547764 0.1907407407407407 0.032043530834341 0.12407407407407406
0 0.6396614268440146 0.15092592592592594 0.041112454655380895 0.14074074074074075
0 0.6680773881499397 0.16157407407407406 0.03748488512696494 0.14907407407407408
0 0.662031438935913 0.058796296296296284 0.032648125755743655 0.11574074074074073
0 0.4951632406287788 0.19814814814814816 0.03990326481257558 0.13518518518518519
0 0.512696493349456 0.23148148148148148 0.03990326481257558 0.16296296296296295
0 0.5474607013301088 0.2287037037037037 0.03688029020556228 0.12962962962962962
0 0.5480652962515116 0.2550925925925926 0.041717049576783564 0.1398148148148148
0 0.5737605804111247 0.2685185185185185 0.03990326481257558 0.14074074074074075
0 0.658403869407497 0.26111111111111107 0.04353083434099154 0.14444444444444443
0 0.6844014510278115 0.2736111111111111 0.036275695284159616 0.12870370370370368
0 0.7179564691656591 0.2884259259259259 0.039298669891172915 0.13796296296296295
0 0.8944981862152359 0.2810185185185185 0.041717049576783564 0.15277777777777776
0 0.7137243047158405 0.3273148148148148 0.041717049576783564 0.14351851851851852
0 0.7726723095525998 0.5111111111111111 0.04232164449818622 0.14444444444444443
0 0.7920193470374849 0.49861111111111106 0.04353083434099154 0.16388888888888886
0 0.7699516324062878 0.3472222222222222 0.0380894800483676 0.14259259259259258
0 0.8307134220072551 0.44212962962962965 0.03990326481257558 0.15092592592592594
0 0.7850665054413543 0.4041666666666666 0.0441354292623942 0.16574074074074074
0 0.9782345828295043 0.199537037037037 0.03869407496977026 0.15092592592592594
0 0.9525392986698912 0.15648148148148147 0.0441354292623942 0.13148148148148148
0 0.9507255139056833 0.20601851851851852 0.032043530834341 0.11574074074074073
0 0.8899637243047159 0.562037037037037 0.03869407496977026 0.14259259259259258
0 0.9824667472793229 0.45185185185185184 0.03385731559854897 0.1537037037037037
0 0.879987908101572 0.24166666666666667 0.03688029020556228 0.12962962962962962
0 0.9141475211608223 0.2513888888888889 0.03748488512696494 0.11574074074074073
0 0.9510278113663846 0.4587962962962963 0.047158403869407506 0.13796296296296295
0 0.9525392986698912 0.3884259259259259 0.0441354292623942 0.14537037037037034
0 0.9195888754534463 0.3976851851851852 0.048367593712212824 0.1675925925925926
0 0.8875453446191053 0.21666666666666667 0.03990326481257558 0.14629629629629629
0 0.8935912938331319 0.20324074074074072 0.02902055622732769 0.11388888888888889
0 0.9498186215235793 0.639351851851852 0.032648125755743655 0.09537037037037037
0 0.8845223700120919 0.0912037037037037 0.03990326481257558 0.12129629629629629
0 0.43591293833131806 0.07592592592592592 0.04232164449818622 0.13518518518518519
0 0.4277509068923822 0.08194444444444443 0.032043530834341 0.11018518518518518
0 0.8663845223700122 0.20879629629629629 0.02902055622732769 0.11574074074074073
0 0.8630592503022975 0.22685185185185183 0.029625151148730353 0.10185185185185185
0 0.925634824667473 0.2375 0.03143893591293833 0.12129629629629629
0 0.9141475211608224 0.2125 0.03143893591293833 0.12129629629629629
0 0.8361547762998791 0.4208333333333333 0.04232164449818622 0.14907407407407408
0 0.792926239419589 0.4337962962962963 0.03688029020556228 0.15092592592592594
0 0.9259371221281744 0.44583333333333325 0.07920193470374849 0.19907407407407407
0 0.013603385731559855 0.7740740740740739 0.02599758162031439 0.16296296296296295
0 0.3089480048367594 0.10138888888888889 0.041112454655380895 0.13796296296296295
0 0.5788996372430473 0.11435185185185184 0.046553808948004836 0.14907407407407408
0 0.6463119709794438 0.10833333333333334 0.0350665054413543 0.11296296296296296
0 0.8688029020556228 0.0787037037037037 0.036275695284159616 0.12222222222222222
0 0.9280532043530835 0.06620370370370371 0.0350665054413543 0.12129629629629629
0 0.9594921402660219 0.08240740740740742 0.04232164449818622 0.13518518518518519
0 0.978839177750907 0.05416666666666666 0.041112454655380895 0.10648148148148147
0 0.9334945586457074 0.043981481481481476 0.0350665054413543 0.0861111111111111
0 0.14570737605804113 0.053240740740740734 0.03748488512696494 0.10462962962962963
0 0.25665054413542926 0.06388888888888888 0.041717049576783564 0.12407407407407406
0 0.21825876662636037 0.05462962962962962 0.0350665054413543 0.1074074074074074
0 0.17412333736396615 0.06064814814814814 0.0350665054413543 0.11944444444444444
0 0.34250302297460705 0.03148148148148148 0.02478839177750907 0.06111111111111111
0 0.39933494558645716 0.07222222222222222 0.039298669891172915 0.13148148148148148
0 0.600665054413543 0.09398148148148149 0.03688029020556228 0.1398148148148148
0 0.6221281741233374 0.09537037037037036 0.03385731559854897 0.13888888888888887
0 0.44498186215235797 0.0537037037037037 0.03990326481257558 0.10555555555555556
0 0.5831318016928658 0.02824074074074074 0.039298669891172915 0.054629629629629625
0 0.6789600967351874 0.03194444444444444 0.03990326481257558 0.06203703703703703
0 0.8972188633615479 0.03981481481481481 0.032648125755743655 0.07777777777777777
0 0.6695888754534464 0.04305555555555555 0.032043530834341 0.08425925925925926
0 0.6662636033857317 0.05046296296296295 0.0350665054413543 0.09907407407407406
0 0.6408706166868199 0.05138888888888889 0.0350665054413543 0.10092592592592592
0 0.064087061668682 0.04861111111111111 0.03748488512696494 0.09537037037037037
0 0.08282950423216445 0.08425925925925926 0.03990326481257558 0.14074074074074075
0 0.0371825876662636 0.07222222222222222 0.034461910519951636 0.12962962962962962
0 0.016324062877871828 0.0699074074074074 0.03143893591293833 0.125
0 0.013603385731559855 0.04629629629629629 0.02599758162031439 0.09074074074074073
0 0.5931076178960097 0.08518518518518518 0.02902055622732769 0.08703703703703704
0 0.907496977025393 0.07268518518518517 0.030229746070133016 0.10277777777777777
0 0.36940749697702546 0.5199074074074074 0.03990326481257558 0.14907407407407408
0 0.13301088270858527 0.38425925925925924 0.04232164449818622 0.14074074074074075
0 0.09008464328899637 0.7310185185185184 0.047158403869407506 0.16574074074074074
0 0.055320435308343414 0.6643518518518517 0.04534461910519952 0.17314814814814813
0 0.13119709794437728 0.712037037037037 0.05320435308343411 0.1611111111111111
0 0.7237001209189843 0.03611111111111111 0.02902055622732769 0.07037037037037037
0 0.813180169286578 0.32361111111111107 0.04232164449818622 0.13425925925925924
0 0.8391777509068924 0.31851851851851853 0.03385731559854897 0.12407407407407406
0 0.2557436517533253 0.6287037037037037 0.047158403869407506 0.1685185185185185
0 0.23095525997581626 0.6074074074074074 0.03990326481257558 0.1685185185185185
0 0.3548972188633616 0.6152777777777777 0.0350665054413543 0.14907407407407408
0 0.2288391777509069 0.5430555555555556 0.041717049576783564 0.14907407407407408
0 0.22793228536880292 0.5157407407407407 0.03748488512696494 0.13518518518518519
0 0.18833131801692868 0.5189814814814814 0.041717049576783564 0.1398148148148148
0 0.19437726723095528 0.4842592592592592 0.046553808948004836 0.14259259259259258
0 0.15417170495767837 0.5111111111111111 0.03990326481257558 0.14444444444444443
0 0.3645707376058041 0.1935185185185185 0.03143893591293833 0.12962962962962962
0 0.38935912938331324 0.1907407407407407 0.027811366384522373 0.12407407407407406
0 0.3609431680773882 0.4356481481481481 0.032648125755743655 0.11574074074074073
0 0.280229746070133 0.42083333333333334 0.0441354292623942 0.14351851851851852
0 0.2726723095525998 0.43796296296296294 0.0350665054413543 0.14074074074074075
0 0.19709794437726724 0.9314814814814815 0.055622732769044746 0.137037037037037
0 0.4591898428053205 0.6328703703703703 0.039298669891172915 0.16018518518518518
0 0.4603990326481258 0.6435185185185186 0.039298669891172915 0.1685185185185185
0 0.20314389359129384 0.6907407407407405 0.04474002418379686 0.16296296296296295
0 0.15779927448609432 0.674074074074074 0.041112454655380895 0.1685185185185185
0 0.19135429262394196 0.6574074074074073 0.04050785973397824 0.15925925925925927
0 0.31015719467956476 0.7467592592592591 0.04232164449818622 0.15462962962962962
0 0.42533252720677156 0.4402777777777777 0.046553808948004836 0.12685185185185185
0 0.8548972188633616 0.28055555555555556 0.03748488512696494 0.1259259259259259
0 0.8370616686819831 0.24907407407407406 0.039298669891172915 0.13518518518518519
0 0.8029020556227329 0.2597222222222222 0.0350665054413543 0.13796296296296295
0 0.3337363966142685 0.5592592592592591 0.03990326481257558 0.14629629629629629
0 0.16807738814993953 0.4402777777777777 0.03990326481257558 0.15462962962962962
0 0.2103990326481258 0.4282407407407407 0.03385731559854897 0.13796296296296295
0 0.032950423216444986 0.11990740740740741 0.032043530834341 0.12685185185185185
0 0.3403869407496978 0.6708333333333333 0.05078597339782346 0.15648148148148147
0 0.3527811366384523 0.7009259259259258 0.041717049576783564 0.17407407407407408
0 0.18621523579201937 0.1560185185185185 0.03748488512696494 0.13796296296296295
0 0.6934703748488512 0.13935185185185184 0.030229746070133016 0.12685185185185185
0 0.7037484885126966 0.9527777777777777 0.05320435308343411 0.09444444444444443
0 0.7648125755743652 0.9578703703703704 0.03869407496977026 0.08425925925925926
0 0.813180169286578 0.26944444444444443 0.03385731559854897 0.13148148148148148
0 0.18802902055622736 0.437037037037037 0.03990326481257558 0.14074074074074075
0 0.42261185006045954 0.7032407407407407 0.04957678355501814 0.14907407407407408
0 0.6372430471584039 0.7467592592592591 0.04474002418379686 0.1472222222222222
0 0.17019347037484886 0.41157407407407404 0.039298669891172915 0.16018518518518518
0 0.44467956469165665 0.5046296296296295 0.034461910519951636 0.14074074074074075
0 0.43137847642079813 0.4736111111111111 0.034461910519951636 0.1324074074074074
0 0.37756952841596136 0.35833333333333334 0.03688029020556228 0.14814814814814817
0 0.3576178960096736 0.5805555555555555 0.03688029020556228 0.13518518518518519
0 0.3364570737605805 0.5037037037037037 0.039298669891172915 0.13518518518518519
0 0.3391777509068924 0.4782407407407407 0.03748488512696494 0.13796296296296295
0 0.2557436517533253 0.8574074074074073 0.04474002418379686 0.16296296296296295
0 0.7079806529625152 0.05138888888888889 0.026602176541717055 0.10092592592592592
0 0.7363966142684402 0.05185185185185184 0.030229746070133016 0.10185185185185185
0 0.11789600967351876 0.32037037037037036 0.04474002418379686 0.15185185185185185
0 0.742442563482467 0.04027777777777777 0.03143893591293833 0.0787037037037037
0 0.4207980652962516 0.5537037037037037 0.03748488512696494 0.14814814814814817
0 0.4337968561064088 0.5287037037037037 0.032043530834341 0.14629629629629629
0 0.24153567110036278 0.5898148148148148 0.03688029020556228 0.14074074074074075
0 0.2868802902055623 0.5652777777777778 0.046553808948004836 0.16203703703703703
0 0.29081015719467956 0.6138888888888888 0.03990326481257558 0.1685185185185185
0 0.38542926239419595 0.3379629629629629 0.03688029020556228 0.137037037037037
0 0.31741233373639666 0.3731481481481482 0.04474002418379686 0.14259259259259258
0 0.34220072551390573 0.3583333333333333 0.03990326481257558 0.13148148148148148
0 0.30834340991535675 0.34351851851851845 0.04232164449818622 0.15185185185185185
0 0.4071946795646917 0.425462962962963 0.039298669891172915 0.14351851851851852
0 0.661124546553809 0.08333333333333333 0.03325272067714632 0.12407407407407406
0 0.629081015719468 0.06666666666666667 0.032043530834341 0.1148148148148148
0 0.48367593712212825 0.5194444444444444 0.0350665054413543 0.14259259259259258
0 0.4824667472793229 0.5351851851851851 0.03748488512696494 0.15185185185185185
0 0.9718863361547763 0.9162037037037037 0.048972188633615486 0.15833333333333333
0 0.26723095525997587 0.32916666666666666 0.03748488512696494 0.14351851851851852
0 0.5450423216444983 0.6513888888888888 0.05259975816203145 0.16574074074074074
0 0.5229746070133011 0.6458333333333334 0.04232164449818622 0.16574074074074074
0 0.2690447400241838 0.37361111111111106 0.032648125755743655 0.12685185185185185
0 0.6680773881499397 0.9736111111111111 0.04594921402660218 0.05277777777777778
0 0.7085852478839179 0.03796296296296296 0.026602176541717055 0.07407407407407408
