0 0.008162031438935914 0.6754629629629628 0.015114873035066508 0.12870370370370368
0 0.020556227327690448 0.6388888888888888 0.03990326481257558 0.1574074074074074
0 0.010580411124546553 0.5953703703703703 0.01995163240628779 0.1537037037037037
0 0.0743651753325272 0.6185185185185185 0.04474002418379686 0.14074074074074075
0 0.3609431680773882 0.18888888888888886 0.04232164449818622 0.13518518518518519
0 0.0831318016928658 0.16527777777777777 0.03688029020556228 0.12129629629629629
0 0.04594921402660218 0.15092592592592594 0.04232164449818622 0.13518518518518519
0 0.1051995163240629 0.13287037037037036 0.036275695284159616 0.1324074074074074
0 0.07829504232164451 0.10370370370370369 0.039298669891172915 0.13148148148148148
0 0.12787182587666265 0.05138888888888889 0.039298669891172915 0.10092592592592592
0 0.0852478839177751 0.049999999999999996 0.030229746070133016 0.09814814814814814
0 0.23337363966142688 0.03194444444444444 0.03990326481257558 0.06203703703703703
0 0.26451027811366384 0.032407407407407406 0.032043530834341 0.06296296296296296
0 0.4555622732769045 0.11574074074074074 0.029625151148730353 0.1259259259259259
0 0.4180773881499396 0.1111111111111111 0.03688029020556228 0.12037037037037036
0 0.35610640870616694 0.02222222222222222 0.03748488512696494 0.04259259259259259
0 0.38210399032648135 0.027314814814814813 0.03748488512696494 0.05277777777777778
0 0.3972188633615478 0.017592592592592594 0.032648125755743655 0.03333333333333333
0 0.510882708585248 0.09259259259259259 0.03990326481257558 0.12407407407407406
0 0.5386940749697703 0.0837962962962963 0.03869407496977026 0.12314814814814815
0 0.6051995163240629 0.0412037037037037 0.032648125755743655 0.08055555555555555
0 0.6644498186215236 0.049999999999999996 0.03869407496977026 0.09814814814814814
0 0.6287787182587666 0.04259259259259259 0.0350665054413543 0.08333333333333333
0 0.69316807738815 0.05138888888888889 0.034461910519951636 0.10092592592592592
0 0.7324667472793229 0.23981481481481481 0.039298669891172915 0.14074074074074075
0 0.6106408706166868 0.18333333333333332 0.041112454655380895 0.14074074074074075
0 0.6819830713422008 0.17824074074074076 0.036275695284159616 0.13055555555555556
0 0.6336154776299879 0.14953703703703702 0.03748488512696494 0.12129629629629629
0 0.6429866989117292 0.08564814814814814 0.032043530834341 0.12314814814814815
0 0.6088270858524788 0.09490740740740741 0.03990326481257558 0.12685185185185185
0 0.7131197097944378 0.06018518518518518 0.034461910519951636 0.11851851851851851
0 0.7633010882708585 0.0962962962962963 0.03688029020556228 0.1259259259259259
0 0.7333736396614269 0.08796296296296297 0.03990326481257558 0.11851851851851851
0 0.7351874244256349 0.0685185185185185 0.03748488512696494 0.12407407407407406
0 0.9637243047158405 0.03518518518518518 0.04232164449818622 0.0685185185185185
0 0.9368198307134221 0.05046296296296295 0.034461910519951636 0.09907407407407406
0 0.6541717049576784 0.0287037037037037 0.032648125755743655 0.05555555555555555
0 0.7835550181378478 0.03703703703703703 0.03385731559854897 0.07222222222222222
0 0.9607013301088272 0.03749999999999999 0.03748488512696494 0.07314814814814814
0 0.9576783555018139 0.01851851851851852 0.03748488512696494 0.03518518518518519
0 0.9603990326481259 0.06805555555555555 0.039298669891172915 0.12685185185185185
0 0.9791414752116083 0.0625 0.032043530834341 0.11388888888888889
0 0.9353083434099154 0.22361111111111107 0.03990326481257558 0.13796296296296295
0 0.9715840386940751 0.23564814814814813 0.03748488512696494 0.1324074074074074
0 0.9818621523579203 0.6314814814814814 0.0350665054413543 0.16296296296296295
0 0.49214026602176547 0.9625 0.03990326481257558 0.07685185185185185
0 0.5474607013301088 0.9115740740740741 0.053808948004836765 0.16203703703703703
0 0.13361547762998793 0.6087962962962962 0.04232164449818622 0.15462962962962962
0 0.19135429262394202 0.6078703703703703 0.0441354292623942 0.14537037037037034
0 0.16868198307134222 0.5754629629629628 0.03990326481257558 0.13796296296296295
0 0.21130592503022977 0.5736111111111111 0.039298669891172915 0.14907407407407408
0 0.19588875453446195 0.5138888888888888 0.0350665054413543 0.13518518518518519
0 0.1704957678355502 0.5175925925925926 0.03990326481257558 0.13518518518518519
0 0.03657799274486095 0.20879629629629629 0.041717049576783564 0.14537037037037034
0 0.06287787182587666 0.21342592592592588 0.04353083434099154 0.14907407407407408
0 0.7288391777509069 0.6356481481481481 0.048972188633615486 0.18796296296296294
0 0.441354292623942 0.22638888888888886 0.03385731559854897 0.1324074074074074
0 0.412031438935913 0.2185185185185185 0.034461910519951636 0.13148148148148148
0 0.4322853688029021 0.22268518518518515 0.0350665054413543 0.1324074074074074
0 0.41626360338573154 0.237962962962963 0.04292623941958888 0.14074074074074075
0 0.03022974607013302 0.46574074074074073 0.047158403869407506 0.15185185185185185
0 0.012091898428053204 0.4532407407407407 0.02297460701330109 0.16203703703703703
0 0.08041112454655382 0.4097222222222222 0.03385731559854897 0.14166666666666666
0 0.10338573155985491 0.4129629629629629 0.047158403869407506 0.1574074074074074
0 0.30652962515114873 0.2708333333333333 0.03990326481257558 0.13425925925925924
0 0.3056227327690448 0.4736111111111111 0.03688029020556228 0.1324074074074074
0 0.3394800483675937 0.35 0.04534461910519952 0.14814814814814817
0 0.3143893591293833 0.4375 0.04474002418379686 0.16018518518518518
0 0.33796856106408707 0.461574074074074 0.04474002418379686 0.1675925925925926
0 0.33524788391777516 0.2675925925925926 0.04292623941958888 0.137037037037037
0 0.3730350665054414 0.32962962962962966 0.036275695284159616 0.14814814814814817
0 0.27932285368802906 0.23055555555555554 0.036275695284159616 0.12777777777777777
0 0.30048367593712216 0.2421296296296296 0.03748488512696494 0.1324074074074074
0 0.6717049576783555 0.6208333333333332 0.05320435308343411 0.15462962962962962
0 0.6659613059250303 0.575 0.05139056831922612 0.17592592592592593
0 0.7769044740024185 0.5657407407407408 0.041112454655380895 0.1796296296296296
0 0.7926239419588876 0.5171296296296296 0.047158403869407506 0.1824074074074074
0 0.8134824667472794 0.575 0.046553808948004836 0.18333333333333332
0 0.3863361547762999 0.20324074074074072 0.03990326481257558 0.1324074074074074
0 0.6970979443772672 0.21481481481481482 0.03385731559854897 0.11296296296296296
0 0.6986094316807738 0.32916666666666666 0.034461910519951636 0.13796296296296295
0 0.9235187424425635 0.4157407407407407 0.046553808948004836 0.12407407407407406
0 0.8920798065296253 0.5032407407407408 0.05622732769044741 0.15092592592592594
0 0.9782345828295044 0.5111111111111111 0.04232164449818622 0.17592592592592593
0 0.8582224909310763 0.4666666666666667 0.05139056831922612 0.14259259259259258
0 0.9610036275695285 0.30277777777777776 0.032043530834341 0.09444444444444443
0 0.9455864570737608 0.2736111111111111 0.04474002418379686 0.12685185185185185
0 0.9803506650544136 0.4708333333333333 0.0380894800483676 0.14351851851851852
0 0.9407496977025394 0.48935185185185176 0.03990326481257558 0.14907407407407408
0 0.9818621523579203 0.41435185185185186 0.0350665054413543 0.13425925925925924
0 0.21584038694074972 0.1560185185185185 0.03748488512696494 0.13796296296296295
0 0.16777509068923824 0.42083333333333334 0.05139056831922612 0.15462962962962962
0 0.7660217654171705 0.13657407407407407 0.03748488512696494 0.12129629629629629
0 0.9848851269649336 0.3435185185185185 0.02902055622732769 0.1259259259259259
0 0.8833131801692866 0.39768518518518514 0.04594921402660218 0.15648148148148147
0 0.9673518742442565 0.3518518518518518 0.026602176541717055 0.09444444444444443
0 0.9492140266021766 0.34074074074074073 0.03385731559854897 0.12407407407407406
0 0.6369407496977026 0.1962962962962963 0.032043530834341 0.11296296296296296
0 0.41596130592503033 0.4560185185185185 0.032648125755743655 0.10092592592592592
0 0.8863361547762999 0.4314814814814814 0.04353083434099154 0.14814814814814817
0 0.8555018137847642 0.4111111111111111 0.03385731559854897 0.11296296296296296
0 0.9407496977025394 0.37361111111111106 0.03990326481257558 0.15648148148148147
0 0.7533252720677147 0.6574074074074073 0.041112454655380895 0.16296296296296295
0 0.7781136638452237 0.6430555555555555 0.03869407496977026 0.13796296296296295
0 0.8839177750906894 0.6763888888888888 0.05078597339782346 0.17314814814814813
0 0.8784764207980655 0.5273148148148148 0.04957678355501814 0.1935185185185185
0 0.9607013301088273 0.8532407407407407 0.05441354292623943 0.18425925925925926
0 0.11275695284159613 0.9699074074074073 0.04776299879081017 0.06018518518518518
0 0.9413542926239421 0.7226851851851851 0.047158403869407506 0.15648148148148147
0 0.854292623941959 0.7319444444444444 0.055622732769044746 0.15462962962962962
0 0.9041717049576784 0.7273148148148147 0.046553808948004836 0.1935185185185185
0 0.8954050785973399 0.6046296296296295 0.04474002418379686 0.15
0 0.9643288996372431 0.5736111111111111 0.03990326481257558 0.15092592592592594
0 0.8778718258766628 0.8194444444444444 0.04957678355501814 0.17407407407407408
0 0.7430471584038694 0.3560185185185185 0.03990326481257558 0.12129629629629629
0 0.7850665054413545 0.35879629629629634 0.041717049576783564 0.14351851851851852
0 0.920193470374849 0.8861111111111111 0.05804111245465538 0.19074074074074074
0 0.9316807738814995 0.6527777777777779 0.048367593712212824 0.17037037037037037
0 0.8591293833131802 0.9384259259259259 0.05078597339782346 0.12314814814814815
0 0.08464328899637244 0.8824074074074074 0.047158403869407506 0.17592592592592593
0 0.37545344619105203 0.6083333333333333 0.04232164449818622 0.14814814814814817
0 0.29655380894800487 0.3523148148148148 0.0441354292623942 0.13796296296296295
0 0.28415961305925036 0.3662037037037037 0.03385731559854897 0.14351851851851852
0 0.8216444981862153 0.9342592592592591 0.05078597339782346 0.12962962962962962
0 0.8721281741233374 0.8638888888888889 0.06590084643288997 0.18518518518518517
0 0.5525997581620316 0.4939814814814814 0.030229746070133016 0.12685185185185185
0 0.8784764207980655 0.587037037037037 0.04474002418379686 0.14814814814814817
0 0.9803506650544136 0.8319444444444444 0.034461910519951636 0.10277777777777777
0 0.9803506650544136 0.6310185185185184 0.0380894800483676 0.15462962962962962
0 0.27418379685610644 0.9597222222222221 0.048972188633615486 0.0824074074074074
0 0.4434703748488513 0.9435185185185184 0.053808948004836765 0.1148148148148148
0 0.5006045949214027 0.6546296296296297 0.03990326481257558 0.1685185185185185
0 0.5142079806529626 0.662037037037037 0.0441354292623942 0.17407407407407408
0 0.23548972188633618 0.7231481481481481 0.05139056831922612 0.17407407407407408
0 0.20133010882708588 0.6893518518518518 0.04353083434099154 0.17685185185185184
0 0.2324667472793229 0.6810185185185186 0.0441354292623942 0.17685185185185184
0 0.5151148730350665 0.7939814814814814 0.04957678355501814 0.17685185185185184
0 0.4631197097944378 0.849074074074074 0.04594921402660218 0.16296296296296295
0 0.5719467956469166 0.5925925925925927 0.03990326481257558 0.1574074074074074
0 0.6133615477629988 0.6050925925925925 0.046553808948004836 0.15092592592592594
0 0.35550181378476425 0.7722222222222221 0.047158403869407506 0.1648148148148148
0 0.46614268440145107 0.4555555555555555 0.04594921402660218 0.13518518518518519
0 0.2578597339782346 0.762037037037037 0.039298669891172915 0.15555555555555553
0 0.3119709794437727 0.7518518518518518 0.04474002418379686 0.16296296296296295
0 0.5867593712212819 0.5083333333333333 0.041717049576783564 0.137037037037037
0 0.5616686819830714 0.5162037037037037 0.030229746070133016 0.11018518518518518
0 0.6070133010882709 0.5777777777777777 0.04232164449818622 0.15185185185185185
0 0.8996372430471585 0.2879629629629629 0.03748488512696494 0.12962962962962962
0 0.8966142684401452 0.26064814814814813 0.036275695284159616 0.1324074074074074
0 0.8651753325272068 0.2675925925925926 0.03990326481257558 0.13518518518518519
0 0.526602176541717 0.8425925925925924 0.041112454655380895 0.19074074074074074
0 0.3639661426844015 0.44861111111111107 0.04232164449818622 0.13796296296296295
0 0.24183796856106413 0.4513888888888888 0.03748488512696494 0.16018518518518518
0 0.2639056831922612 0.4699074074074074 0.039298669891172915 0.14537037037037034
0 0.47128174123337374 0.587962962962963 0.0441354292623942 0.1685185185185185
0 0.3963119709794438 0.3518518518518518 0.041717049576783564 0.15185185185185185
0 0.501813784764208 0.4060185185185185 0.032648125755743655 0.1324074074074074
0 0.1194074969770254 0.21435185185185185 0.032043530834341 0.13425925925925924
0 0.6946795646916567 0.9046296296296297 0.056831922611850064 0.1685185185185185
0 0.662031438935913 0.9347222222222221 0.04594921402660218 0.1324074074074074
0 0.40598548972188636 0.7050925925925925 0.03688029020556228 0.16574074074074074
0 0.412031438935913 0.7495370370370369 0.06831922611850061 0.16203703703703703
0 0.44981862152357927 0.7199074074074073 0.04232164449818622 0.16018518518518518
0 0.3890568319226119 0.7171296296296297 0.039298669891172915 0.1675925925925926
0 0.24334945586457074 0.14907407407407405 0.0380894800483676 0.137037037037037
0 0.7460701330108827 0.15046296296296294 0.0350665054413543 0.12870370370370368
0 0.9244256348246677 0.9467592592592592 0.04594921402660218 0.10462962962962963
0 0.9304715840386942 0.586111111111111 0.036275695284159616 0.14074074074074075
0 0.345223700120919 0.1138888888888889 0.03748488512696494 0.14074074074074075
0 0.3422007255139057 0.09537037037037037 0.03143893591293833 0.11666666666666667
0 0.30925030229746076 0.07777777777777777 0.032043530834341 0.11666666666666667
0 0.012394195888754535 0.8837962962962963 0.023579201934703753 0.18425925925925926
0 0.2995767835550182 0.11018518518518518 0.032043530834341 0.13148148148148148
0 0.9570737605804113 0.975 0.05078597339782346 0.05185185185185184
0 0.9334945586457075 0.6180555555555555 0.04957678355501814 0.16574074074074074
0 0.8675937122128176 0.28055555555555556 0.03748488512696494 0.13518518518518519
0 0.24607013301088274 0.4435185185185185 0.036275695284159616 0.15185185185185185
0 0.5725513905683193 0.6472222222222223 0.064087061668682 0.17592592592592593
0 0.5513905683192262 0.6370370370370371 0.03990326481257558 0.1648148148148148
0 0.5816203143893591 0.6356481481481481 0.04232164449818622 0.16574074074074074
0 0.6949818621523579 0.6759259259259258 0.0441354292623942 0.14814814814814817
0 0.21432889963724305 0.42685185185185176 0.0441354292623942 0.13518518518518519
0 0.2769044740024184 0.44351851851851853 0.03748488512696494 0.14074074074074075
0 0.5120918984280532 0.5212962962962963 0.0350665054413543 0.13518518518518519
0 0.28355501813784767 0.7486111111111111 0.048367593712212824 0.1675925925925926
0 0.4975816203143894 0.4967592592592593 0.03748488512696494 0.14351851851851852
0 0.41868198307134225 0.38564814814814813 0.0441354292623942 0.13796296296296295
0 0.41354292623941963 0.3439814814814815 0.036275695284159616 0.13796296296296295
0 0.3669891172914148 0.4069444444444444 0.03990326481257558 0.14351851851851852
0 0.4818621523579203 0.3759259259259259 0.032648125755743655 0.14259259259259258
0 0.5226723095525998 0.3884259259259259 0.032043530834341 0.14907407407407408
0 0.45223700120918986 0.5314814814814814 0.047158403869407506 0.14814814814814817
0 0.40266021765417176 0.5800925925925926 0.03748488512696494 0.14351851851851852
0 0.3793833131801693 0.5203703703703704 0.053808948004836765 0.14074074074074075
0 0.3824062877871826 0.5069444444444444 0.0441354292623942 0.15648148148148147
0 0.32194679564691664 0.11944444444444444 0.034461910519951636 0.11851851851851851
0 0.32950423216444985 0.5856481481481481 0.04594921402660218 0.14907407407407408
0 0.46553808948004843 0.425 0.03748488512696494 0.12037037037037036
0 0.49274486094316816 0.4217592592592592 0.030229746070133016 0.11574074074074073
0 0.27448609431680776 0.9212962962962962 0.04957678355501814 0.1574074074074074
0 0.7542321644498188 0.05138888888888889 0.032043530834341 0.10092592592592592
0 0.7772067714631198 0.05046296296296295 0.03688029020556228 0.09907407407407406
0 0.7938331318016929 0.05277777777777777 0.032648125755743655 0.10370370370370369
0 0.007255139056831924 0.16944444444444443 0.013301088270858527 0.12407407407407406
0 0.751813784764208 0.04166666666666666 0.029625151148730353 0.08148148148148147
