0 0.09068923821039904 0.7481481481481481 0.04232164449818622 0.1537037037037037
0 0.1133615477629988 0.7060185185185186 0.048972188633615486 0.16203703703703703
0 0.03778718258766627 0.711574074074074 0.053808948004836765 0.175
0 0.055320435308343414 0.6944444444444444 0.05622732769044741 0.16666666666666666
0 0.006952841596130593 0.6912037037037035 0.012696493349455865 0.15462962962962962
0 0.18500604594921408 0.6421296296296296 0.03748488512696494 0.14351851851851852
0 0.25211608222490933 0.2842592592592592 0.04232164449818622 0.14629629629629629
0 0.012998790810157194 0.20833333333333334 0.02478839177750907 0.137037037037037
0 0.11880290205562274 0.1564814814814815 0.0441354292623942 0.13518518518518519
0 0.09945586457073761 0.10462962962962963 0.039298669891172915 0.13518518518518519
0 0.05320435308343411 0.09675925925925925 0.030229746070133016 0.12685185185185185
0 0.11759371221281742 0.02546296296296296 0.027206771463119714 0.04907407407407407
0 0.13996372430471585 0.02546296296296296 0.03688029020556228 0.04907407407407407
0 0.2799274486094317 0.029629629629629627 0.0350665054413543 0.0574074074074074
0 0.2146311970979444 0.06018518518518519 0.03990326481257558 0.11666666666666667
0 0.24758162031438935 0.0685185185185185 0.039298669891172915 0.13518518518518519
0 0.3706166868198308 0.2 0.03748488512696494 0.13518518518518519
0 0.33766626360338575 0.1925925925925926 0.03688029020556228 0.12407407407407406
0 0.35610640870616694 0.03287037037037037 0.03748488512696494 0.06388888888888888
0 0.4824667472793229 0.04907407407407407 0.03748488512696494 0.0962962962962963
0 0.5208585247883919 0.07037037037037037 0.039298669891172915 0.12962962962962962
0 0.5462515114873036 0.04305555555555555 0.03688029020556228 0.08425925925925926
0 0.5217654171704958 0.04675925925925926 0.0350665054413543 0.09166666666666666
0 0.4011487303506651 0.03472222222222222 0.03688029020556228 0.06759259259259259
0 0.41777509068923824 0.025925925925925925 0.032648125755743655 0.05
0 0.5380894800483677 0.15925925925925927 0.04474002418379686 0.12962962962962962
0 0.5652962515114873 0.1532407407407407 0.04232164449818622 0.12685185185185185
0 0.5665054413542927 0.06712962962962962 0.032648125755743655 0.12685185185185185
0 0.6266626360338573 0.09074074074074073 0.041717049576783564 0.12407407407407406
0 0.5909915356711004 0.06527777777777778 0.034461910519951636 0.12129629629629629
0 0.5958282950423217 0.03796296296296296 0.03325272067714632 0.07407407407407408
0 0.661124546553809 0.08657407407407408 0.039298669891172915 0.12129629629629629
0 0.7113059250302298 0.375462962962963 0.046553808948004836 0.15092592592592594
0 0.6239419588875454 0.2675925925925926 0.04594921402660218 0.14814814814814817
0 0.6765417170495769 0.26666666666666666 0.036275695284159616 0.13518518518518519
0 0.654776299879081 0.22685185185185183 0.03748488512696494 0.12037037037037036
0 0.70677146311971 0.1875 0.03143893591293833 0.12685185185185185
0 0.662031438935913 0.1847222222222222 0.04353083434099154 0.1361111111111111
0 0.6934703748488512 0.15185185185185185 0.0350665054413543 0.14074074074074075
0 0.7896009673518742 0.15462962962962964 0.03748488512696494 0.13333333333333333
0 0.758162031438936 0.14074074074074072 0.03990326481257558 0.11851851851851851
0 0.7693470374848852 0.10833333333333334 0.03688029020556228 0.12407407407407406
0 0.8972188633615479 0.09629629629629628 0.041112454655380895 0.12407407407407406
0 0.8579201934703748 0.10185185185185185 0.04232164449818622 0.1259259259259259
0 0.7194679564691656 0.053240740740740734 0.03385731559854897 0.10462962962962963
0 0.7808343409915357 0.03796296296296296 0.034461910519951636 0.07407407407407408
0 0.915659008464329 0.07175925925925926 0.03688029020556228 0.12870370370370368
0 0.9344014510278115 0.0685185185185185 0.03688029020556228 0.13333333333333333
0 0.9607013301088272 0.03703703703703703 0.032648125755743655 0.07222222222222222
0 0.9909310761789603 0.04351851851851851 0.016928657799274487 0.08518518518518518
0 0.9331922611850061 0.12824074074074074 0.039298669891172915 0.13425925925925924
0 0.9773276904474003 0.1574074074074074 0.03325272067714632 0.14814814814814817
0 0.9773276904474003 0.12546296296296294 0.03688029020556228 0.12685185185185185
0 0.9289600967351874 0.33009259259259255 0.0441354292623942 0.13796296296296295
0 0.9549576783555019 0.3134259259259259 0.03688029020556228 0.1324074074074074
0 0.9755139056831924 0.736574074074074 0.04534461910519952 0.16203703703703703
0 0.7007255139056832 0.9671296296296296 0.04353083434099154 0.06574074074074074
0 0.7436517533252721 0.9555555555555556 0.04594921402660218 0.08703703703703704
0 0.09220072551390569 0.6078703703703704 0.046553808948004836 0.15462962962962962
0 0.18863361547763002 0.6087962962962962 0.041112454655380895 0.14537037037037034
0 0.16898428053204353 0.5773148148148147 0.041717049576783564 0.13796296296296295
0 0.20707376058041113 0.5773148148148147 0.039298669891172915 0.14907407407407408
0 0.19407496977025396 0.5143518518518518 0.0350665054413543 0.1361111111111111
0 0.16868198307134222 0.5115740740740741 0.03990326481257558 0.13425925925925924
0 0.007557436517533254 0.3157407407407407 0.013905683192261186 0.15555555555555553
0 0.7173518742442563 0.7416666666666667 0.048972188633615486 0.18518518518518517
0 0.44800483675937125 0.2273148148148148 0.03385731559854897 0.1324074074074074
0 0.41021765417170497 0.21203703703703702 0.035671100362756954 0.13148148148148148
0 0.43077388149939544 0.21574074074074073 0.034461910519951636 0.13148148148148148
0 0.41293833131801694 0.23425925925925922 0.04594921402660218 0.14074074074074075
0 0.005743651753325273 0.5597222222222221 0.010278113663845224 0.16203703703703703
0 0.20253929866989118 0.36018518518518516 0.04474002418379686 0.137037037037037
0 0.283857315598549 0.6069444444444444 0.03688029020556228 0.1361111111111111
0 0.3216444981862153 0.45185185185185184 0.04594921402660218 0.1537037037037037
0 0.3192261185006046 0.5736111111111111 0.04474002418379686 0.16018518518518518
0 0.31136638452237003 0.6129629629629628 0.04474002418379686 0.18703703703703703
0 0.23307134220072553 0.3532407407407407 0.039298669891172915 0.1398148148148148
0 0.2986698911729142 0.41898148148148145 0.04353083434099154 0.15648148148148147
0 0.17110036275695287 0.30277777777777776 0.03748488512696494 0.13518518518518519
0 0.18802902055622736 0.3152777777777777 0.03748488512696494 0.1398148148148148
0 0.6478234582829505 0.7703703703703704 0.05864570737605805 0.1685185185185185
0 0.6076178960096735 0.7277777777777777 0.06287787182587666 0.18518518518518517
0 0.8204353083434099 0.6953703703703702 0.04474002418379686 0.1796296296296296
0 0.8730350665054415 0.6912037037037037 0.047158403869407506 0.1898148148148148
0 0.8440145102781138 0.726388888888889 0.055622732769044746 0.1861111111111111
0 0.283857315598549 0.30462962962962964 0.039298669891172915 0.14074074074074075
0 0.6940749697702538 0.30833333333333335 0.0350665054413543 0.12407407407407406
0 0.7164449818621526 0.4949074074074074 0.036275695284159616 0.14537037037037034
0 0.979746070133011 0.5069444444444444 0.032043530834341 0.12314814814814815
0 0.8896614268440146 0.5898148148148148 0.05622732769044741 0.1574074074074074
0 0.9827690447400244 0.5967592592592593 0.032043530834341 0.17685185185185184
0 0.8600362756952842 0.5574074074074074 0.05622732769044741 0.14629629629629629
0 0.9198911729141477 0.38611111111111107 0.032043530834341 0.0962962962962963
0 0.8978234582829505 0.3601851851851851 0.04353083434099154 0.13518518518518519
0 0.9310761789600968 0.5791666666666667 0.03990326481257558 0.14907407407407408
0 0.21584038694074972 0.1560185185185185 0.03748488512696494 0.13796296296296295
0 0.09280532043530837 0.5222222222222223 0.05622732769044741 0.1611111111111111
0 0.7775090689238211 0.17731481481481481 0.03748488512696494 0.12129629629629629
0 0.9885126964933496 0.4027777777777778 0.02176541717049577 0.1259259259259259
0 0.9371221281741234 0.48518518518518516 0.04474002418379686 0.1574074074074074
0 0.9619105199516325 0.34305555555555556 0.03385731559854897 0.12314814814814815
0 0.6511487303506652 0.28888888888888886 0.032648125755743655 0.1074074074074074
0 0.40507859733978235 0.45092592592592595 0.03143893591293833 0.10185185185185185
0 0.9174727932285369 0.5231481481481481 0.048972188633615486 0.15925925925925927
0 0.912031438935913 0.5018518518518519 0.034461910519951636 0.11296296296296296
0 0.9764207980652964 0.44675925925925924 0.041112454655380895 0.15648148148148147
0 0.7484885126964934 0.7703703703703703 0.04957678355501814 0.16296296296296295
0 0.7817412333736398 0.7643518518518518 0.03869407496977026 0.14907407407407408
0 0.9259371221281741 0.8046296296296295 0.05622732769044741 0.17037037037037037
0 0.9232164449818624 0.6018518518518517 0.04957678355501814 0.19629629629629627
0 0.9773276904474003 0.8393518518518519 0.0441354292623942 0.1787037037037037
0 0.9292623941958889 0.8828703703703702 0.06045949214026603 0.1472222222222222
0 0.977025392986699 0.8773148148148148 0.04232164449818622 0.20833333333333334
0 0.89087061668682 0.6597222222222222 0.046553808948004836 0.15092592592592594
0 0.9613059250302298 0.9574074074074074 0.05199516324062878 0.08518518518518518
0 0.742744860943168 0.3532407407407407 0.0380894800483676 0.12129629629629629
0 0.7841596130592504 0.35601851851851846 0.04232164449818622 0.14351851851851852
0 0.9316807738814995 0.7282407407407407 0.048367593712212824 0.1898148148148148
0 0.43833131801692865 0.6574074074074073 0.04232164449818622 0.14814814814814817
0 0.29353083434099153 0.3472222222222222 0.0441354292623942 0.137037037037037
0 0.28657799274486095 0.362962962962963 0.03385731559854897 0.14259259259259258
0 0.566807738814994 0.48333333333333334 0.039298669891172915 0.13518518518518519
0 0.8712212817412335 0.6462962962962963 0.04353083434099154 0.15185185185185185
0 0.9764207980652964 0.7388888888888888 0.04594921402660218 0.15925925925925927
0 0.2723700120918985 0.961574074074074 0.048972188633615486 0.0787037037037037
0 0.442261185006046 0.9449074074074074 0.053808948004836765 0.11018518518518518
0 0.5030229746070133 0.649074074074074 0.03748488512696494 0.1611111111111111
0 0.5039298669891173 0.6546296296296297 0.046553808948004836 0.17407407407407408
0 0.2318621523579202 0.7185185185185184 0.05139056831922612 0.17407407407407408
0 0.19891172914147523 0.6874999999999999 0.04353083434099154 0.17129629629629628
0 0.22823458282950426 0.6800925925925926 0.0441354292623942 0.17685185185185184
0 0.514510278113664 0.7939814814814814 0.048367593712212824 0.1787037037037037
0 0.4603990326481258 0.8449074074074073 0.046553808948004836 0.16203703703703703
0 0.574062877871826 0.5925925925925927 0.039298669891172915 0.1574074074074074
0 0.6094316807738815 0.6046296296296296 0.05199516324062878 0.15185185185185185
0 0.35489721886336156 0.7675925925925926 0.04957678355501814 0.17037037037037037
0 0.46614268440145107 0.4555555555555555 0.04594921402660218 0.13518518518518519
0 0.16293833131801694 0.9324074074074074 0.039298669891172915 0.137037037037037
0 0.23518742442563487 0.9037037037037037 0.04957678355501814 0.1574074074074074
0 0.5798065296251512 0.5046296296296295 0.041112454655380895 0.137037037037037
0 0.5532043530834342 0.5138888888888888 0.030229746070133016 0.10925925925925925
0 0.6033857315598549 0.5731481481481481 0.04232164449818622 0.15185185185185185
0 0.8993349455864572 0.27824074074074073 0.039298669891172915 0.12314814814814815
0 0.8944981862152359 0.25601851851851853 0.03688029020556228 0.13796296296296295
0 0.8630592503022976 0.26666666666666666 0.0380894800483676 0.13333333333333333
0 0.5235792019347039 0.8351851851851851 0.05320435308343411 0.1925925925925926
0 0.3666868198307135 0.4476851851851852 0.041717049576783564 0.13796296296296295
0 0.2478839177750907 0.44814814814814813 0.047158403869407506 0.15925925925925927
0 0.2584643288996373 0.4625 0.039298669891172915 0.15092592592592594
0 0.4265417170495769 0.5958333333333333 0.0441354292623942 0.16203703703703703
0 0.39600967351874244 0.3537037037037037 0.04232164449818622 0.15185185185185185
0 0.4978839177750907 0.4041666666666666 0.032043530834341 0.1324074074074074
0 0.09854897218863361 0.1861111111111111 0.03385731559854897 0.13148148148148148
0 0.8367593712212817 0.9699074074074073 0.05199516324062878 0.06018518518518518
0 0.40689238210399037 0.711111111111111 0.03748488512696494 0.1648148148148148
0 0.41082224909310766 0.7467592592592592 0.05622732769044741 0.16203703703703703
0 0.4480048367593713 0.7134259259259259 0.04232164449818622 0.1675925925925926
0 0.38270858524788404 0.7199074074074073 0.04594921402660218 0.16388888888888886
0 0.2379081015719468 0.14490740740740737 0.03688029020556228 0.13796296296296295
0 0.7366989117291416 0.14675925925925923 0.034461910519951636 0.12870370370370368
0 0.9655380894800485 0.662037037037037 0.036275695284159616 0.14074074074074075
0 0.3446191051995164 0.10925925925925925 0.03748488512696494 0.14074074074074075
0 0.32889963724304716 0.0537037037037037 0.02902055622732769 0.10555555555555556
0 0.3041112454655381 0.05092592592592592 0.03143893591293833 0.1
0 0.012696493349455865 0.8787037037037037 0.024183796856106412 0.19074074074074074
0 0.2938331318016929 0.11574074074074074 0.032648125755743655 0.13148148148148148
0 0.9537484885126966 0.6856481481481481 0.048972188633615486 0.16574074074074074
0 0.8609431680773882 0.27685185185185185 0.03748488512696494 0.13518518518518519
0 0.2466747279322854 0.44907407407407407 0.036275695284159616 0.15185185185185185
0 0.5701330108827086 0.6615740740740741 0.04957678355501814 0.1472222222222222
0 0.5317412333736398 0.6143518518518518 0.039298669891172915 0.16574074074074074
0 0.569528415961306 0.6504629629629629 0.048367593712212824 0.14537037037037034
0 0.6895405078597341 0.6717592592592592 0.0441354292623942 0.1472222222222222
0 0.2113059250302298 0.4263888888888888 0.041717049576783564 0.14351851851851852
0 0.2642079806529625 0.43611111111111106 0.03748488512696494 0.14074074074074075
0 0.5120918984280532 0.5097222222222222 0.0350665054413543 0.1361111111111111
0 0.2028415961305925 0.8976851851851851 0.0441354292623942 0.16388888888888886
0 0.48095525997581623 0.4907407407407407 0.04292623941958888 0.137037037037037
0 0.4174727932285369 0.3837962962962963 0.0441354292623942 0.13796296296296295
0 0.4117291414752116 0.3412037037037037 0.036275695284159616 0.13796296296296295
0 0.34794437726723093 0.4185185185185185 0.0380894800483676 0.14259259259259258
0 0.47823458282950426 0.38240740740740736 0.03748488512696494 0.14259259259259258
0 0.5151148730350665 0.3907407407407407 0.03143893591293833 0.14074074074074075
0 0.4516324062877872 0.5310185185185184 0.04474002418379686 0.14351851851851852
0 0.4020556227327691 0.575 0.03748488512696494 0.14259259259259258
0 0.37877871825876663 0.5189814814814814 0.05259975816203145 0.1398148148148148
0 0.379081015719468 0.5023148148148148 0.04474002418379686 0.15648148148148147
0 0.32103990326481263 0.11712962962962963 0.0350665054413543 0.1175925925925926
0 0.3981257557436518 0.6407407407407407 0.046553808948004836 0.16296296296296295
0 0.4613059250302298 0.42777777777777776 0.03748488512696494 0.12037037037037036
0 0.48730350665054417 0.4222222222222222 0.030229746070133016 0.12407407407407406
0 0.2735792019347038 0.923148148148148 0.048972188633615486 0.15555555555555553
0 0.7530229746070134 0.05185185185185184 0.03325272067714632 0.10185185185185185
0 0.7614873035066507 0.0611111111111111 0.03688029020556228 0.12037037037037036
0 0.7926239419588876 0.05185185185185184 0.03143893591293833 0.10185185185185185
0 0.004836759371221282 0.1675925925925926 0.008464328899637243 0.12407407407407406
0 0.7506045949214027 0.04305555555555555 0.029625151148730353 0.08425925925925926
