0 0.006045949214026603 0.26064814814814813 0.010882708585247884 0.13425925925925924
0 0.49183796856106415 0.8240740740740741 0.034461910519951636 0.14259259259259258
0 0.04353083434099154 0.2810185185185185 0.03990326481257558 0.13796296296296295
0 0.4957678355501814 0.1814814814814815 0.0350665054413543 0.12962962962962962
0 0.5084643288996373 0.16666666666666666 0.02902055622732769 0.11851851851851851
0 0.8660822249093109 0.5050925925925926 0.039298669891172915 0.14351851851851852
0 0.4540507859733978 0.8009259259259258 0.041112454655380895 0.1648148148148148
0 0.566807738814994 0.49861111111111106 0.03688029020556228 0.15462962962962962
0 0.5377871825876663 0.5018518518518519 0.04776299879081017 0.15925925925925927
0 0.8748488512696494 0.6078703703703704 0.048367593712212824 0.15277777777777776
0 0.9425634824667474 0.6 0.05199516324062878 0.15
0 0.542019347037485 0.2185185185185185 0.041717049576783564 0.13518518518518519
0 0.560459492140266 0.2509259259259259 0.0350665054413543 0.12222222222222222
0 0.7678355501813785 0.4912037037037037 0.03990326481257558 0.14351851851851852
0 0.7394195888754536 0.4847222222222222 0.03990326481257558 0.16574074074074074
0 0.6961910519951634 0.4791666666666667 0.035671100362756954 0.13425925925925924
0 0.9851874244256349 0.21712962962962962 0.029625151148730353 0.12314814814814815
0 0.9455864570737605 0.2111111111111111 0.0350665054413543 0.13518518518518519
0 0.8769649334945588 0.18888888888888886 0.04050785973397824 0.14814814814814817
0 0.569528415961306 0.199537037037037 0.030229746070133016 0.10648148148148147
0 0.9319830713422008 0.337037037037037 0.039298669891172915 0.15925925925925927
0 0.9564691656590085 0.3050925925925926 0.0350665054413543 0.14537037037037034
0 0.9322853688029021 0.2912037037037037 0.03143893591293833 0.13425925925925924
0 0.5396009673518743 0.1564814814814815 0.034461910519951636 0.13518518518518519
0 0.5223700120918985 0.1175925925925926 0.03385731559854897 0.137037037037037
0 0.5909915356711005 0.2435185185185185 0.032043530834341 0.12407407407407406
0 0.6051995163240629 0.25 0.03385731559854897 0.14629629629629629
0 0.597944377267231 0.27824074074074073 0.036275695284159616 0.1324074074074074
0 0.7107013301088272 0.23240740740740737 0.032043530834341 0.12037037037037036
0 0.7539298669891175 0.399074074074074 0.064087061668682 0.16296296296296295
0 0.7962515114873036 0.3351851851851852 0.04353083434099154 0.14629629629629629
0 0.7481862152357921 0.3263888888888889 0.041717049576783564 0.16018518518518518
0 0.6227327690447402 0.22685185185185183 0.03143893591293833 0.1148148148148148
0 0.6992140266021766 0.40694444444444444 0.034461910519951636 0.13425925925925924
0 0.656590084643289 0.3189814814814814 0.041112454655380895 0.14166666666666666
0 0.6650544135429263 0.288425925925926 0.04353083434099154 0.1398148148148148
0 0.5601571946795647 0.12407407407407407 0.03688029020556228 0.14814814814814817
0 0.6387545344619106 0.16990740740740737 0.048972188633615486 0.13425925925925924
0 0.733373639661427 0.21342592592592594 0.03748488512696494 0.14537037037037034
0 0.8437122128174124 0.4662037037037037 0.039298669891172915 0.14907407407407408
0 0.8183192261185007 0.43981481481481477 0.03688029020556228 0.14074074074074075
0 0.7971584038694075 0.4412037037037037 0.039298669891172915 0.14907407407407408
0 0.7370012091898429 0.26435185185185184 0.03143893591293833 0.1324074074074074
0 0.7611850060459494 0.23379629629629628 0.03143893591293833 0.12685185185185185
0 0.6366384522370012 0.28981481481481475 0.03748488512696494 0.13888888888888887
0 0.9207980652962516 0.31990740740740736 0.03869407496977026 0.1472222222222222
0 0.8966142684401452 0.35648148148148145 0.036275695284159616 0.13518518518518519
0 0.8941958887545346 0.287962962962963 0.03748488512696494 0.11851851851851851
0 0.786577992744861 0.3194444444444444 0.03990326481257558 0.14074074074074075
0 0.7787182587666265 0.26157407407407407 0.03143893591293833 0.12870370370370368
0 0.7657194679564692 0.28055555555555556 0.039298669891172915 0.15185185185185185
0 0.6571946795646917 0.2361111111111111 0.03990326481257558 0.13518518518518519
0 0.8304111245465537 0.4041666666666666 0.034461910519951636 0.1324074074074074
0 0.5293228536880291 0.21712962962962962 0.02478839177750907 0.08796296296296297
0 0.5659008464328901 0.16944444444444443 0.0350665054413543 0.1259259259259259
0 0.9552599758162031 0.3657407407407407 0.030229746070133016 0.1074074074074074
0 0.6862152357920194 0.5393518518518517 0.05320435308343411 0.15648148148148147
0 0.7303506650544136 0.5384259259259259 0.03748488512696494 0.15092592592592594
0 0.40870616686819833 0.10694444444444444 0.02539298669891173 0.10092592592592592
0 0.6856106408706167 0.3157407407407407 0.04232164449818622 0.14259259259259258
0 0.5538089480048368 0.25277777777777777 0.030229746070133016 0.1074074074074074
0 0.6904474002418381 0.22407407407407404 0.03143893591293833 0.12037037037037036
0 0.7696493349455865 0.26666666666666666 0.03385731559854897 0.10555555555555556
0 0.09371221281741235 0.9763888888888889 0.036275695284159616 0.04907407407407407
0 0.20072551390568322 0.937962962962963 0.04594921402660218 0.1259259259259259
0 0.1874244256348247 0.975462962962963 0.03385731559854897 0.05092592592592592
0 0.21281741233373644 0.9754629629629629 0.03143893591293833 0.047222222222222214
0 0.19226118500604597 0.16064814814814815 0.04594921402660218 0.13796296296296295
0 0.0813180169286578 0.07361111111111111 0.039298669891172915 0.1398148148148148
0 0.10036275695284161 0.08148148148148149 0.03990326481257558 0.14074074074074075
0 0.13119709794437728 0.09490740740740741 0.03748488512696494 0.1398148148148148
0 0.15810157194679567 0.06342592592592593 0.03688029020556228 0.125
0 0.14812575574365178 0.13657407407407404 0.03748488512696494 0.12870370370370368
0 0.17291414752116085 0.13194444444444445 0.03869407496977026 0.14351851851851852
0 0.3068319226118501 0.04675925925925926 0.032043530834341 0.09166666666666666
0 0.3388754534461911 0.047685185185185185 0.034461910519951636 0.09166666666666666
0 0.33403869407496983 0.20555555555555555 0.041717049576783564 0.1259259259259259
0 0.3053204353083434 0.058796296296296284 0.030229746070133016 0.11574074074074073
0 0.5021160822249094 0.05185185185185184 0.039298669891172915 0.10185185185185185
0 0.4824667472793229 0.0699074074074074 0.032648125755743655 0.12685185185185185
0 0.5120918984280532 0.07824074074074074 0.03385731559854897 0.1324074074074074
0 0.5362756952841597 0.08842592592592592 0.0350665054413543 0.14351851851851852
0 0.5737605804111247 0.09814814814814814 0.0350665054413543 0.13148148148148148
0 0.5613663845223701 0.03888888888888888 0.03688029020556228 0.07592592592592592
0 0.5922007255139058 0.03981481481481481 0.029625151148730353 0.07777777777777777
0 0.6916565900846433 0.03472222222222222 0.030229746070133016 0.06759259259259259
0 0.7188633615477632 0.03703703703703703 0.03143893591293833 0.07222222222222222
0 0.6463119709794438 0.14166666666666666 0.030229746070133016 0.12037037037037036
0 0.7155380894800485 0.18703703703703703 0.027206771463119714 0.11296296296296296
0 0.7351874244256349 0.18518518518518517 0.032648125755743655 0.13518518518518519
0 0.6765417170495769 0.11527777777777777 0.036275695284159616 0.12129629629629629
0 0.7285368802902057 0.16157407407407404 0.03748488512696494 0.13796296296296295
0 0.8972188633615479 0.11851851851851851 0.032648125755743655 0.12407407407407406
0 0.8515719467956471 0.19814814814814813 0.027206771463119714 0.12037037037037036
0 0.9625151148730352 0.17777777777777776 0.032648125755743655 0.13148148148148148
0 0.9709794437726725 0.10416666666666667 0.03748488512696494 0.1324074074074074
0 0.950423216444982 0.1310185185185185 0.03748488512696494 0.1324074074074074
0 0.8833131801692866 0.06018518518518518 0.032648125755743655 0.11851851851851851
0 0.9062877871825877 0.0574074074074074 0.03143893591293833 0.11296296296296296
0 0.9226118500604596 0.13055555555555556 0.032648125755743655 0.11851851851851851
0 0.9334945586457075 0.08518518518518518 0.032648125755743655 0.12962962962962962
0 0.9821644498186216 0.04212962962962962 0.032043530834341 0.0824074074074074
0 0.9600967351874246 0.04027777777777777 0.03385731559854897 0.0787037037037037
0 0.8561064087061668 0.027777777777777776 0.030229746070133016 0.0537037037037037
0 0.898428053204353 0.35787037037037034 0.030229746070133016 0.08796296296296297
0 0.8555018137847644 0.04398148148148148 0.027811366384522373 0.08055555555555555
0 0.9020556227327691 0.03657407407407407 0.032648125755743655 0.07129629629629629
0 0.8896614268440146 0.02222222222222222 0.029625151148730353 0.04259259259259259
0 0.7315598548972189 0.1481481481481481 0.0350665054413543 0.12407407407407406
0 0.7025392986698912 0.11388888888888889 0.0350665054413543 0.11851851851851851
0 0.8878476420798066 0.16388888888888886 0.05864570737605805 0.1611111111111111
0 0.36940749697702546 0.562037037037037 0.03748488512696494 0.14814814814814817
0 0.07345828295042323 0.4662037037037037 0.039298669891172915 0.1472222222222222
0 0.05622732769044741 0.5148148148148147 0.041112454655380895 0.15185185185185185
0 0.02539298669891173 0.4912037037037037 0.0350665054413543 0.16203703703703703
0 0.095223700120919 0.5083333333333333 0.046553808948004836 0.1537037037037037
0 0.7339782345828296 0.05138888888888889 0.027811366384522373 0.10092592592592592
0 0.8382708585247884 0.37916666666666665 0.039298669891172915 0.12870370370370368
0 0.8473397823458284 0.3597222222222223 0.032043530834341 0.12685185185185185
0 0.2557436517533253 0.6717592592592592 0.04474002418379686 0.16574074074074074
0 0.22551390568319227 0.6606481481481481 0.036275695284159616 0.16388888888888886
0 0.3576178960096736 0.6541666666666667 0.039298669891172915 0.1398148148148148
0 0.22339782345828296 0.5819444444444444 0.03325272067714632 0.13425925925925924
0 0.2303506650544136 0.5680555555555554 0.03385731559854897 0.15092592592592594
0 0.18591293833131803 0.5657407407407408 0.0441354292623942 0.14814814814814817
0 0.1916565900846433 0.5291666666666667 0.04474002418379686 0.15462962962962962
0 0.15477629987908104 0.548148148148148 0.03748488512696494 0.14259259259259258
0 0.36729141475211613 0.23425925925925925 0.032043530834341 0.12962962962962962
0 0.3875453446191052 0.23287037037037037 0.032648125755743655 0.12685185185185185
0 0.3663845223700121 0.44490740740740736 0.027811366384522373 0.11018518518518518
0 0.5193470374848852 0.8449074074074073 0.04957678355501814 0.14351851851851852
0 0.569528415961306 0.8587962962962962 0.05078597339782346 0.16388888888888886
0 0.27811366384522374 0.45 0.03748488512696494 0.12962962962962962
0 0.2729746070133011 0.475462962962963 0.03688029020556228 0.14351851851851852
0 0.26178960096735193 0.9416666666666667 0.04232164449818622 0.11851851851851851
0 0.45707376058041116 0.6726851851851853 0.036275695284159616 0.15277777777777776
0 0.4619105199516324 0.6907407407407408 0.036275695284159616 0.17037037037037037
0 0.19891172914147523 0.7407407407407407 0.04474002418379686 0.17407407407407408
0 0.15991535671100365 0.711111111111111 0.039298669891172915 0.1685185185185185
0 0.1964933494558646 0.711574074074074 0.03869407496977026 0.17314814814814813
0 0.31136638452237003 0.7865740740740741 0.03990326481257558 0.15277777777777776
0 0.4280532043530835 0.4782407407407407 0.04957678355501814 0.12685185185185185
0 0.8527811366384525 0.3194444444444444 0.030834340991535675 0.12962962962962962
0 0.8385731559854898 0.2810185185185185 0.03990326481257558 0.1175925925925926
0 0.8101571946795647 0.2972222222222222 0.03143893591293833 0.13148148148148148
0 0.29020556227327693 0.5421296296296296 0.0350665054413543 0.14907407407407408
0 0.1656590084643289 0.47222222222222215 0.036275695284159616 0.15185185185185185
0 0.20949214026602178 0.48333333333333334 0.029625151148730353 0.15555555555555553
0 0.034461910519951636 0.16342592592592592 0.0350665054413543 0.13055555555555556
0 0.3467351874244257 0.7087962962962961 0.03688029020556228 0.15462962962962962
0 0.3533857315598549 0.7453703703703703 0.0441354292623942 0.1685185185185185
0 0.18198307134220074 0.20185185185185184 0.03748488512696494 0.13888888888888887
0 0.6934703748488512 0.18055555555555552 0.030229746070133016 0.13148148148148148
0 0.6426844014510279 0.7592592592592592 0.047158403869407506 0.18148148148148147
0 0.6753325272067715 0.787037037037037 0.04353083434099154 0.17407407407407408
0 0.6853083434099154 0.7578703703703703 0.034461910519951636 0.14166666666666666
0 0.8225513905683193 0.312037037037037 0.034461910519951636 0.137037037037037
0 0.1937726723095526 0.4592592592592592 0.032043530834341 0.12037037037037036
0 0.4274486094316808 0.7490740740740739 0.04957678355501814 0.14629629629629629
0 0.6384522370012092 0.6578703703703703 0.05199516324062878 0.14907407407407408
0 0.16837968561064087 0.44490740740740736 0.035671100362756954 0.14166666666666666
0 0.44860943168077394 0.5407407407407407 0.03143893591293833 0.13518518518518519
0 0.4268440145102782 0.5162037037037037 0.032648125755743655 0.13796296296296295
0 0.3890568319226119 0.412962962962963 0.039298669891172915 0.14814814814814817
0 0.35519951632406294 0.6254629629629629 0.039298669891172915 0.1398148148148148
0 0.3400846432889964 0.5476851851851853 0.041717049576783564 0.12870370370370368
0 0.34220072551390573 0.523611111111111 0.032648125755743655 0.14351851851851852
0 0.256348246674728 0.898611111111111 0.047158403869407506 0.17129629629629628
0 0.7088875453446192 0.06944444444444443 0.034461910519951636 0.11296296296296296
0 0.7400241837968561 0.08888888888888888 0.030229746070133016 0.11851851851851851
0 0.42049576783555026 0.10740740740740741 0.034461910519951636 0.12962962962962962
0 0.7454655380894801 0.07407407407407408 0.032648125755743655 0.1148148148148148
0 0.4229141475211609 0.5976851851851851 0.032043530834341 0.14907407407407408
0 0.440447400241838 0.5717592592592592 0.035671100362756954 0.15092592592592594
0 0.9827690447400242 0.499537037037037 0.03325272067714632 0.16018518518518518
0 0.23669891172914148 0.6249999999999999 0.03688029020556228 0.14629629629629629
0 0.2899032648125756 0.6046296296296296 0.041717049576783564 0.15185185185185185
0 0.2899032648125756 0.6541666666666667 0.032043530834341 0.17314814814814813
0 0.33373639661426846 0.3810185185185185 0.03385731559854897 0.12685185185185185
0 0.3183192261185006 0.4166666666666667 0.0441354292623942 0.15
0 0.3391777509068924 0.4009259259259259 0.03748488512696494 0.12962962962962962
0 0.29927448609431684 0.3782407407407407 0.03748488512696494 0.14351851851851852
0 0.7672309552599759 0.7023148148148147 0.047158403869407506 0.17129629629629628
0 0.40507859733978235 0.4680555555555555 0.03748488512696494 0.14351851851851852
0 0.8125755743651754 0.6652777777777777 0.03748488512696494 0.15092592592592594
0 0.6753325272067715 0.7124999999999999 0.04232164449818622 0.13796296296296295
0 0.7859733978234584 0.9055555555555554 0.05320435308343411 0.18148148148148147
0 0.818621523579202 0.9018518518518518 0.04353083434099154 0.1685185185185185
0 0.9558645707376059 0.9787037037037037 0.024183796856106412 0.04074074074074074
0 0.9434703748488514 0.9324074074074074 0.041717049576783564 0.1259259259259259
0 0.9836759371221282 0.28981481481481475 0.030229746070133016 0.14814814814814817
0 0.823155985489722 0.21342592592592594 0.03688029020556228 0.12870370370370368
0 0.7593712212817413 0.7574074074074074 0.05804111245465538 0.16666666666666666
0 0.7642079806529625 0.9717592592592592 0.03869407496977026 0.058333333333333334
0 0.7980652962515116 0.9717592592592592 0.03385731559854897 0.05092592592592592
0 0.4951632406287787 0.5157407407407407 0.036275695284159616 0.12962962962962962
0 0.5009068923821041 0.5592592592592592 0.03688029020556228 0.14814814814814817
0 0.7766021765417171 0.6652777777777777 0.0441354292623942 0.17685185185185184
0 0.725211608222491 0.6375 0.05622732769044741 0.1787037037037037
0 0.06831922611850061 0.749074074074074 0.06045949214026603 0.1648148148148148
0 0.023881499395405077 0.7592592592592592 0.046553808948004836 0.14814814814814817
0 0.7203748488512697 0.7712962962962961 0.053808948004836765 0.1537037037037037
0 0.8007859733978235 0.8111111111111111 0.041717049576783564 0.14259259259259258
0 0.8292019347037486 0.8101851851851852 0.046553808948004836 0.17037037037037037
0 0.7521160822249094 0.5981481481481481 0.04232164449818622 0.14629629629629629
0 0.7705562273276905 0.4444444444444444 0.034461910519951636 0.14629629629629629
0 0.8775695284159615 0.7814814814814814 0.05139056831922612 0.18148148148148147
0 0.29715840386940756 0.35185185185185186 0.039298669891172915 0.14074074074074075
0 0.3908706166868199 0.36342592592592593 0.039298669891172915 0.15092592592592594
0 0.4207980652962516 0.325 0.03748488512696494 0.15185185185185185
0 0.9818621523579203 0.41851851851851846 0.03385731559854897 0.13148148148148148
0 0.3307134220072552 0.3625 0.0350665054413543 0.1175925925925926
0 0.8570133010882709 0.4958333333333333 0.035671100362756954 0.16203703703703703
0 0.8004836759371222 0.6018518518518517 0.04353083434099154 0.14629629629629629
0 0.950423216444982 0.42777777777777776 0.041112454655380895 0.1537037037037037
0 0.9087061668681984 0.7412037037037037 0.03990326481257558 0.15092592592592594
0 0.8143893591293834 0.7467592592592591 0.05078597339782346 0.17314814814814813
0 0.8833131801692866 0.7833333333333333 0.03748488512696494 0.12407407407407406
0 0.6441958887545346 0.975462962962963 0.03325272067714632 0.045370370370370366
0 0.6774486094316807 0.9648148148148148 0.039298669891172915 0.07222222222222222
0 0.7091898428053205 0.05462962962962962 0.02902055622732769 0.1074074074074074
