0 0.4927448609431681 0.8671296296296297 0.041112454655380895 0.17685185185185184
0 0.4897218863361548 0.8999999999999999 0.041112454655380895 0.16296296296296295
0 0.7409310761789603 0.923611111111111 0.057436517533252726 0.15092592592592594
0 0.4044740024183798 0.5833333333333334 0.04232164449818622 0.14629629629629629
0 0.38029020556227333 0.5953703703703703 0.04232164449818622 0.14629629629629629
0 0.05169286577992746 0.8634259259259259 0.05622732769044741 0.15277777777777776
0 0.7149334945586459 0.6236111111111111 0.041717049576783564 0.16018518518518518
0 0.6877267230955261 0.6657407407407407 0.048972188633615486 0.17037037037037037
0 0.7285368802902057 0.6972222222222223 0.04474002418379686 0.1685185185185185
0 0.9570737605804112 0.9180555555555555 0.04353083434099154 0.16203703703703703
0 0.9168681983071344 0.9291666666666667 0.05139056831922612 0.14351851851851852
0 0.3588270858524789 0.29861111111111105 0.034461910519951636 0.13425925925925924
0 0.283857315598549 0.33981481481481474 0.03688029020556228 0.13518518518518519
0 0.3948004836759371 0.30277777777777776 0.03869407496977026 0.14074074074074075
0 0.4068923821039903 0.32314814814814813 0.036275695284159616 0.14074074074074075
0 0.30350665054413545 0.9638888888888888 0.0350665054413543 0.07222222222222222
0 0.33494558645707384 0.9740740740740741 0.0350665054413543 0.05
0 0.31136638452237003 0.3472222222222222 0.04232164449818622 0.14629629629629629
0 0.6414752116082225 0.9523148148148147 0.06166868198307135 0.09722222222222222
0 0.6786577992744862 0.9550925925925925 0.04050785973397824 0.09166666666666666
0 0.6293833131801693 0.9453703703703703 0.03748488512696494 0.10925925925925925
0 0.9882103990326483 0.975462962962963 0.02116082224909311 0.05092592592592592
0 0.9298669891172915 0.9421296296296295 0.056831922611850064 0.11574074074074073
0 0.9939540507859734 0.9449074074074073 0.010882708585247884 0.08796296296296297
0 0.753627569528416 0.06944444444444443 0.029625151148730353 0.11296296296296296
0 0.8276904474002419 0.7333333333333333 0.0350665054413543 0.1537037037037037
0 0.8893591293833133 0.7537037037037035 0.05199516324062878 0.16296296296296295
0 0.8288996372430473 0.6842592592592591 0.032648125755743655 0.11296296296296296
0 0.8606408706166868 0.686111111111111 0.039298669891172915 0.137037037037037
0 0.05773881499395405 0.2726851851851852 0.03688029020556228 0.13425925925925924
0 0.08464328899637244 0.312037037037037 0.04232164449818622 0.12962962962962962
0 0.8228536880290206 0.22175925925925924 0.03869407496977026 0.13055555555555556
0 0.8500604594921404 0.21990740740740738 0.032648125755743655 0.12685185185185185
0 0.25423216444981867 0.27037037037037037 0.03325272067714632 0.12037037037037036
0 0.14963724304715842 0.3351851851851852 0.04534461910519952 0.14629629629629629
0 0.31620314389359133 0.2726851851851852 0.0350665054413543 0.12314814814814815
0 0.5571342200725515 0.3435185185185185 0.039298669891172915 0.1574074074074074
0 0.33827085852478844 0.22962962962962966 0.032043530834341 0.12777777777777777
0 0.4277509068923822 0.3402777777777778 0.039298669891172915 0.13796296296296295
0 0.6094316807738815 0.27129629629629626 0.03748488512696494 0.13148148148148148
0 0.6423821039903266 0.2560185185185185 0.041717049576783564 0.1324074074074074
0 0.686819830713422 0.2569444444444444 0.03990326481257558 0.13425925925925924
0 0.7663240628778718 0.22824074074074072 0.034461910519951636 0.11574074074074073
0 0.7663240628778719 0.2560185185185185 0.03688029020556228 0.1324074074074074
0 0.7971584038694075 0.40601851851851845 0.0441354292623942 0.14351851851851852
0 0.9851874244256349 0.512962962962963 0.028415961305925032 0.1074074074074074
0 0.9513301088270859 0.40231481481481474 0.03688029020556228 0.1361111111111111
0 0.9851874244256349 0.3689814814814814 0.028415961305925032 0.12685185185185185
0 0.9398428053204354 0.4337962962962963 0.03688029020556228 0.14351851851851852
0 0.9818621523579203 0.45 0.0350665054413543 0.14629629629629629
0 0.9301692865779928 0.5416666666666666 0.041717049576783564 0.15925925925925927
0 0.8951027811366385 0.5421296296296295 0.0441354292623942 0.15833333333333333
0 0.7998790810157195 0.5550925925925925 0.030229746070133016 0.10462962962962963
0 0.8282950423216446 0.5314814814814814 0.03748488512696494 0.14074074074074075
0 0.848851269649335 0.5365740740740741 0.030229746070133016 0.11203703703703702
0 0.847944377267231 0.6148148148148148 0.05864570737605805 0.14629629629629629
0 0.9709794437726723 0.6152777777777777 0.04353083434099154 0.1675925925925926
0 0.9848851269649336 0.5962962962962963 0.02902055622732769 0.14814814814814817
0 0.9347037484885128 0.6652777777777777 0.048367593712212824 0.16018518518518518
0 0.9371221281741235 0.749074074074074 0.04957678355501814 0.15925925925925927
0 0.635429262394196 0.5365740740740741 0.04232164449818622 0.15462962962962962
0 0.6632406287787183 0.5472222222222223 0.03990326481257558 0.1574074074074074
0 0.8267835550181379 0.44490740740740736 0.029625151148730353 0.12685185185185185
0 0.8065296251511488 0.44305555555555554 0.03869407496977026 0.1324074074074074
0 0.6711003627569531 0.6013888888888889 0.04474002418379686 0.15648148148148147
0 0.6405683192261186 0.6041666666666666 0.039298669891172915 0.16018518518518518
0 0.7085852478839179 0.5361111111111111 0.032648125755743655 0.1148148148148148
0 0.722490931076179 0.5430555555555555 0.032648125755743655 0.11203703703703702
0 0.7575574365175334 0.5291666666666667 0.04232164449818622 0.15462962962962962
0 0.8512696493349458 0.3916666666666666 0.03748488512696494 0.13148148148148148
0 0.8651753325272069 0.3814814814814814 0.036275695284159616 0.12407407407407406
0 0.8098548972188634 0.8439814814814814 0.057436517533252726 0.16388888888888886
0 0.09673518742442565 0.5143518518518518 0.04474002418379686 0.15462962962962962
0 0.13391777509068925 0.5037037037037037 0.046553808948004836 0.14814814814814817
0 0.1163845223700121 0.6212962962962962 0.048972188633615486 0.17037037037037037
0 0.06529625151148731 0.6393518518518518 0.04957678355501814 0.15648148148148147
0 0.3056227327690448 0.924074074074074 0.05139056831922612 0.1537037037037037
0 0.02176541717049577 0.24027777777777776 0.03748488512696494 0.12314814814814815
0 0.05350665054413544 0.25416666666666665 0.039298669891172915 0.12129629629629629
0 0.08675937122128176 0.9134259259259259 0.05501813784764208 0.17314814814814813
0 0.2986698911729142 0.6814814814814815 0.04232164449818622 0.1685185185185185
0 0.3440145102781137 0.6421296296296296 0.04474002418379686 0.16018518518518518
0 0.3875453446191052 0.673611111111111 0.047158403869407506 0.15092592592592594
0 0.9761185006045949 0.8879629629629628 0.02478839177750907 0.14814814814814817
0 0.9830713422007256 0.8523148148148147 0.02902055622732769 0.16944444444444443
0 0.413845223700121 0.8810185185185184 0.028415961305925032 0.10648148148148147
0 0.22702539298669894 0.399537037037037 0.041717049576783564 0.1324074074074074
0 0.39933494558645716 0.8777777777777778 0.046553808948004836 0.17407407407407408
0 0.8183192261185007 0.38333333333333325 0.04050785973397824 0.14074074074074075
0 0.2775090689238211 0.27731481481481474 0.03748488512696494 0.14351851851851852
0 0.11759371221281743 0.33194444444444443 0.04292623941958888 0.1324074074074074
0 0.24516324062877873 0.36527777777777776 0.04534461910519952 0.16574074074074074
0 0.23488512696493355 0.611111111111111 0.0441354292623942 0.1574074074074074
0 0.23851269649334947 0.5842592592592591 0.03688029020556228 0.14629629629629629
0 0.1934703748488513 0.6120370370370369 0.04474002418379686 0.14629629629629629
0 0.20858524788391777 0.5611111111111111 0.04232164449818622 0.15185185185185185
0 0.17593712212817414 0.5754629629629628 0.04594921402660218 0.15462962962962962
0 0.3787787182587667 0.6254629629629629 0.039298669891172915 0.15462962962962962
0 0.3875453446191052 0.262037037037037 0.032648125755743655 0.12962962962962962
0 0.4105199516324063 0.2638888888888889 0.03143893591293833 0.1259259259259259
0 0.41898428053204356 0.624074074074074 0.04232164449818622 0.14814814814814817
0 0.7191656590084643 0.9671296296296297 0.048972188633615486 0.06759259259259259
0 0.9368198307134221 0.985648148148148 0.02478839177750907 0.030555555555555555
0 0.6786577992744861 0.9824074074074074 0.039298669891172915 0.03703703703703704
0 0.42986698911729143 0.48148148148148145 0.030229746070133016 0.10185185185185185
0 0.7155380894800485 0.4037037037037037 0.041717049576783564 0.11851851851851851
0 0.7611850060459493 0.4060185185185185 0.04232164449818622 0.13796296296296295
0 0.2756952841596131 0.40046296296296297 0.04474002418379686 0.13796296296296295
0 0.25211608222490933 0.41388888888888886 0.03748488512696494 0.14074074074074075
0 0.6163845223700122 0.512962962962963 0.034461910519951636 0.1259259259259259
0 0.2478839177750907 0.9861111111111109 0.03869407496977026 0.029629629629629627
0 0.4691656590084644 0.9893518518518518 0.03990326481257558 0.023148148148148147
0 0.4848851269649335 0.6935185185185184 0.0350665054413543 0.15185185185185185
0 0.48367593712212814 0.7027777777777777 0.041112454655380895 0.1685185185185185
0 0.20435308343409916 0.7583333333333332 0.05078597339782346 0.1796296296296296
0 0.17986698911729146 0.7365740740740739 0.041717049576783564 0.17129629629629628
0 0.2097944377267231 0.7175925925925924 0.04474002418379686 0.1574074074074074
0 0.4603990326481258 0.9203703703703704 0.05139056831922612 0.1611111111111111
0 0.3455259975816204 0.9416666666666667 0.0441354292623942 0.11666666666666667
0 0.5362756952841597 0.6083333333333333 0.04474002418379686 0.1574074074074074
0 0.4256348246674729 0.974537037037037 0.04232164449818622 0.05277777777777778
0 0.3234582829504233 0.8004629629629629 0.05078597339782346 0.1675925925925926
0 0.4555622732769045 0.5055555555555554 0.05622732769044741 0.14814814814814817
0 0.5728536880290206 0.5398148148148147 0.03688029020556228 0.13148148148148148
0 0.5462515114873037 0.5449074074074074 0.029625151148730353 0.10833333333333334
0 0.5459492140266021 0.6384259259259258 0.041112454655380895 0.14907407407407408
0 0.8748488512696495 0.3375 0.032648125755743655 0.13425925925925924
0 0.8681983071342202 0.3069444444444444 0.032648125755743655 0.12685185185185185
0 0.8428053204353084 0.3060185185185185 0.03143893591293833 0.12314814814814815
0 0.40598548972188636 0.9305555555555555 0.053808948004836765 0.13888888888888887
0 0.3548972188633616 0.5064814814814814 0.03748488512696494 0.13518518518518519
0 0.20133010882708588 0.5018518518518518 0.04353083434099154 0.15185185185185185
0 0.23700120918984283 0.5055555555555555 0.0350665054413543 0.15925925925925927
0 0.3237605804111246 0.449537037037037 0.0380894800483676 0.15277777777777776
0 0.2639056831922612 0.6481481481481481 0.041717049576783564 0.1685185185185185
0 0.47823458282950426 0.4527777777777777 0.027811366384522373 0.12037037037037036
0 0.05804111245465538 0.1837962962962963 0.03385731559854897 0.12685185185185185
0 0.36759371221281745 0.7412037037037037 0.03748488512696494 0.15092592592592594
0 0.38119709794437734 0.7949074074074074 0.046553808948004836 0.16574074074074074
0 0.40568319226118504 0.761111111111111 0.04232164449818622 0.17037037037037037
0 0.35731559854897227 0.761111111111111 0.03990326481257558 0.17037037037037037
0 0.21009673518742444 0.2189814814814815 0.034461910519951636 0.13796296296296295
0 0.7158403869407498 0.19629629629629627 0.032648125755743655 0.13148148148148148
0 0.8434099153567112 0.33009259259259255 0.03143893591293833 0.13796296296296295
0 0.2237001209189843 0.4875 0.0350665054413543 0.13796296296296295
0 0.4619105199516324 0.7643518518518518 0.04474002418379686 0.14907407407407408
0 0.6759371221281741 0.7337962962962962 0.048367593712212824 0.14907407407407408
0 0.1964933494558646 0.4694444444444444 0.03748488512696494 0.14074074074074075
0 0.39026602176541725 0.4703703703703704 0.034461910519951636 0.11296296296296296
0 0.46644498186215244 0.561574074074074 0.039298669891172915 0.13796296296296295
0 0.45798065296251517 0.5361111111111111 0.048972188633615486 0.13518518518518519
0 0.4123337363966143 0.42453703703703705 0.03748488512696494 0.14907407407407408
0 0.2784159613059251 0.7916666666666665 0.0441354292623942 0.1648148148148148
0 0.06741233373639662 0.961574074074074 0.04292623941958888 0.0787037037037037
0 0.4688633615477631 0.437037037037037 0.032043530834341 0.14814814814814817
0 0.5003022974607014 0.4226851851851851 0.03688029020556228 0.1398148148148148
0 0.4815598548972189 0.6541666666666667 0.03688029020556228 0.16018518518518518
0 0.3932889963724305 0.6537037037037037 0.0380894800483676 0.14444444444444443
0 0.36336154776299884 0.5680555555555554 0.04232164449818622 0.13796296296296295
0 0.36336154776299884 0.5356481481481481 0.04232164449818622 0.13425925925925924
0 0.442261185006046 0.4439814814814814 0.032043530834341 0.11574074074074073
0 0.49274486094316816 0.4847222222222222 0.032648125755743655 0.1175925925925926
0 0.2690447400241838 0.9375 0.04957678355501814 0.12685185185185185
0 0.736094316807739 0.09351851851851851 0.03688029020556228 0.11851851851851851
0 0.22883917775090692 0.8476851851851851 0.053808948004836765 0.18796296296296294
0 0.7690447400241838 0.09953703703703702 0.02539298669891173 0.11203703703703702
0 0.5051390568319226 0.962962962962963 0.039298669891172915 0.07592592592592592
0 0.45133010882708596 0.9481481481481481 0.041717049576783564 0.10370370370370369
0 0.3878476420798066 0.9648148148148148 0.039298669891172915 0.07037037037037037
0 0.5855501813784765 0.750462962962963 0.039298669891172915 0.11018518518518518
0 0.5598548972188634 0.7046296296296295 0.04353083434099154 0.1648148148148148
0 0.9528415961305926 0.029629629629629627 0.036275695284159616 0.0574074074074074
0 0.9767230955259977 0.03703703703703703 0.02599758162031439 0.07222222222222222
0 0.986094316807739 0.2 0.02539298669891173 0.1148148148148148
0 0.8530834340991538 0.22453703703703703 0.026602176541717055 0.09351851851851851
0 0.920193470374849 0.15787037037037036 0.03748488512696494 0.1175925925925926
0 0.922914147521161 0.1814814814814815 0.03688029020556228 0.11851851851851851
0 0.9824667472793229 0.2361111111111111 0.03385731559854897 0.137037037037037
0 0.8754534461910521 0.25324074074074077 0.03748488512696494 0.1398148148148148
0 0.9383313180169288 0.2587962962962963 0.04232164449818622 0.14351851851851852
0 0.9628174123337365 0.26759259259259255 0.03688029020556228 0.12962962962962962
0 0.9090084643288997 0.32037037037037036 0.041717049576783564 0.14629629629629629
0 0.9401451027811368 0.3337962962962963 0.04474002418379686 0.15092592592592594
0 0.8328295042321646 0.2685185185185185 0.03688029020556228 0.13518518518518519
0 0.915659008464329 0.3532407407407407 0.039298669891172915 0.13796296296296295
0 0.8660822249093109 0.586111111111111 0.050181378476420804 0.15925925925925927
0 0.6983071342200726 0.01851851851851852 0.026602176541717055 0.03518518518518519
0 0.7690447400241839 0.024537037037037034 0.02902055622732769 0.047222222222222214
0 0.7956469165659009 0.024074074074074074 0.032648125755743655 0.046296296296296294
0 0.6765417170495768 0.015277777777777777 0.027811366384522373 0.0287037037037037
0 0.6408706166868199 0.01851851851851852 0.032648125755743655 0.03518518518518519
0 0.6336154776299879 0.04675925925925926 0.030229746070133016 0.09166666666666666
0 0.6097339782345829 0.04259259259259259 0.032043530834341 0.08333333333333333
0 0.5894800483675938 0.03796296296296296 0.030229746070133016 0.07407407407407408
0 0.6151753325272068 0.08518518518518518 0.029625151148730353 0.11296296296296296
0 0.5918984280532044 0.06157407407407407 0.036275695284159616 0.12129629629629629
0 0.5652962515114873 0.07129629629629629 0.02902055622732769 0.1148148148148148
0 0.597944377267231 0.09953703703703702 0.02539298669891173 0.08425925925925926
0 0.5840386940749698 0.09305555555555554 0.03385731559854897 0.11203703703703702
0 0.5652962515114873 0.03796296296296296 0.030229746070133016 0.07407407407407408
0 0.5386940749697703 0.0412037037037037 0.030229746070133016 0.08055555555555555
0 0.7687424425634826 0.08425925925925926 0.027206771463119714 0.11296296296296296
0 0.6928657799274487 0.13657407407407407 0.03990326481257558 0.12314814814814815
0 0.6789600967351874 0.19675925925925922 0.03748488512696494 0.11574074074074073
0 0.6840991535671102 0.22453703703703703 0.032043530834341 0.13425925925925924
0 0.7442563482466747 0.17453703703703702 0.03748488512696494 0.13796296296296295
0 0.46493349455864574 0.03148148148148148 0.030229746070133016 0.06111111111111111
0 0.512696493349456 0.05138888888888889 0.030229746070133016 0.10092592592592592
0 0.43802902055622744 0.029166666666666667 0.02478839177750907 0.05648148148148148
0 0.3860338573155986 0.025 0.027206771463119714 0.04814814814814815
0 0.5066505441354293 0.06481481481481481 0.032648125755743655 0.12222222222222222
0 0.5302297460701331 0.08148148148148147 0.032648125755743655 0.11851851851851851
0 0.6070133010882709 0.34398148148148144 0.048367593712212824 0.14351851851851852
0 0.7327690447400242 0.2564814814814815 0.03748488512696494 0.13518518518518519
0 0.08766626360338574 0.47777777777777775 0.05320435308343411 0.14074074074074075
0 0.009975816203143894 0.5199074074074074 0.01874244256348247 0.15462962962962962
0 0.046553808948004836 0.024074074074074074 0.030229746070133016 0.046296296296296294
0 0.1723095525997582 0.04768518518518518 0.032648125755743655 0.09351851851851851
0 0.2103990326481258 0.02546296296296296 0.030229746070133016 0.04907407407407407
0 0.2318621523579202 0.030092592592592594 0.032043530834341 0.058333333333333334
0 0.26602176541717054 0.04212962962962962 0.032648125755743655 0.0824074074074074
0 0.252720677146312 0.05277777777777777 0.0350665054413543 0.10370370370370369
0 0.20525997581620317 0.04675925925925926 0.032043530834341 0.09166666666666666
0 0.12817412333736397 0.016203703703703703 0.030229746070133016 0.030555555555555555
0 0.12273276904474005 0.04768518518518518 0.0350665054413543 0.09351851851851851
0 0.19437726723095528 0.08564814814814814 0.0441354292623942 0.12314814814814815
0 0.2267230955259976 0.07685185185185185 0.041112454655380895 0.11851851851851851
0 0.2775090689238211 0.075 0.03143893591293833 0.1259259259259259
0 0.5051390568319227 0.19444444444444445 0.034461910519951636 0.12962962962962962
0 0.2923216444981862 0.09907407407407408 0.032043530834341 0.11666666666666667
0 0.30804111245465543 0.10833333333333334 0.032043530834341 0.12407407407407406
0 0.3706166868198308 0.1175925925925926 0.0350665054413543 0.12962962962962962
0 0.34643288996372434 0.11157407407407406 0.0350665054413543 0.12870370370370368
0 0.31287787182587673 0.15185185185185185 0.0380894800483676 0.12407407407407406
0 0.2729746070133011 0.15879629629629627 0.034461910519951636 0.12129629629629629
0 0.49546553808948013 0.14953703703703702 0.032043530834341 0.12870370370370368
0 0.5444377267230956 0.19398148148148145 0.039298669891172915 0.11574074074074073
0 0.5671100362756953 0.24074074074074073 0.03748488512696494 0.14629629629629629
0 0.5272067714631198 0.2472222222222222 0.036275695284159616 0.14074074074074075
0 0.2850665054413543 0.23842592592592593 0.029625151148730353 0.12129629629629629
0 0.27841596130592505 0.20879629629629629 0.034461910519951636 0.1324074074074074
0 0.18681983071342204 0.18055555555555552 0.0350665054413543 0.12407407407407406
0 0.15870616686819833 0.1625 0.03688029020556228 0.1175925925925926
0 0.18772672309552602 0.13935185185185184 0.034461910519951636 0.12314814814814815
0 0.9594921402660219 0.23657407407407405 0.03748488512696494 0.13425925925925924
0 0.630894800483676 0.07129629629629627 0.03688029020556228 0.13888888888888887
0 0.7345828295042323 0.07175925925925926 0.0350665054413543 0.11203703703703702
