0 0.6460096735187425 0.8930555555555555 0.057436517533252726 0.17129629629629628
0 0.7100967351874246 0.9305555555555555 0.04776299879081017 0.14074074074074075
0 0.3881499395405079 0.5476851851851853 0.03748488512696494 0.14537037037037034
0 0.2889963724304716 0.3074074074074074 0.03990326481257558 0.13518518518518519
0 0.08071342200725515 0.47407407407407404 0.041717049576783564 0.15
0 0.15810157194679567 0.6699074074074074 0.05139056831922612 0.15648148148148147
0 0.17412333736396615 0.37037037037037035 0.0350665054413543 0.14444444444444443
0 0.11185006045949215 0.45185185185185184 0.04474002418379686 0.14629629629629629
0 0.7430471584038694 0.04907407407407407 0.030229746070133016 0.0962962962962963
0 0.9159613059250303 0.9768518518518517 0.04594921402660218 0.04814814814814815
0 0.8473397823458284 0.36064814814814816 0.039298669891172915 0.13425925925925924
0 0.8633615477629989 0.3564814814814815 0.03869407496977026 0.12962962962962962
0 0.281136638452237 0.6615740740740741 0.04353083434099154 0.16388888888888886
0 0.34250302297460705 0.6291666666666665 0.041717049576783564 0.17129629629629628
0 0.3860338573155986 0.6407407407407407 0.034461910519951636 0.13518518518518519
0 0.6608222490931077 0.9509259259259258 0.03869407496977026 0.1
0 0.5737605804111247 0.9305555555555555 0.04594921402660218 0.14074074074074075
0 0.23337363966142688 0.5791666666666667 0.03385731559854897 0.14537037037037034
0 0.2406287787182588 0.5444444444444444 0.036275695284159616 0.13148148148148148
0 0.19014510278113667 0.5583333333333333 0.0380894800483676 0.14814814814814817
0 0.2146311970979444 0.5222222222222223 0.04353083434099154 0.12777777777777777
0 0.1653567110036276 0.5319444444444444 0.04050785973397824 0.1472222222222222
0 0.38391777509068925 0.22638888888888886 0.032648125755743655 0.12870370370370368
0 0.40689238210399037 0.2296296296296296 0.032648125755743655 0.13148148148148148
0 0.3914752116082226 0.41759259259259257 0.027206771463119714 0.1148148148148148
0 0.7143288996372431 0.3731481481481481 0.0441354292623942 0.12037037037037036
0 0.751813784764208 0.38657407407407407 0.039298669891172915 0.1324074074074074
0 0.2729746070133011 0.3726851851851852 0.04776299879081017 0.14166666666666666
0 0.24697702539298672 0.3842592592592593 0.03325272067714632 0.14814814814814817
0 0.9782345828295044 0.7504629629629629 0.041112454655380895 0.1398148148148148
0 0.37182587666263606 0.9638888888888888 0.04353083434099154 0.07407407407407408
0 0.4809552599758163 0.6578703703703702 0.03688029020556228 0.14537037037037034
0 0.47974607013301096 0.6703703703703704 0.041717049576783564 0.1722222222222222
0 0.2134220072551391 0.7245370370370369 0.048367593712212824 0.18055555555555552
0 0.17593712212817414 0.7134259259259258 0.04474002418379686 0.17314814814814813
0 0.20677146311970981 0.6949074074074073 0.04232164449818622 0.17129629629629628
0 0.5259975816203144 0.45648148148148143 0.041112454655380895 0.14074074074074075
0 0.318621523579202 0.7726851851851851 0.04957678355501814 0.1675925925925926
0 0.44286577992744863 0.4606481481481481 0.048972188633615486 0.12314814814814815
0 0.9646311970979444 0.7851851851851851 0.0441354292623942 0.15185185185185185
0 0.9528415961305925 0.7749999999999999 0.0350665054413543 0.12962962962962962
0 0.5078597339782347 0.42083333333333334 0.04353083434099154 0.1398148148148148
0 0.8663845223700122 0.3125 0.03748488512696494 0.13425925925925924
0 0.8651753325272068 0.2810185185185185 0.0350665054413543 0.13425925925925924
0 0.8337363966142685 0.28518518518518515 0.0350665054413543 0.13518518518518519
0 0.35247883917775097 0.46712962962962956 0.032648125755743655 0.12870370370370368
0 0.1934703748488513 0.45879629629629626 0.04232164449818622 0.1324074074074074
0 0.22793228536880294 0.4662037037037037 0.03385731559854897 0.14351851851851852
0 0.35066505441354295 0.6564814814814814 0.04594921402660218 0.1648148148148148
0 0.5024183796856106 0.5560185185185185 0.032648125755743655 0.14351851851851852
0 0.053808948004836765 0.1532407407407407 0.032648125755743655 0.12870370370370368
0 0.3648730350665055 0.6953703703703703 0.032043530834341 0.1574074074074074
0 0.379081015719468 0.7291666666666665 0.04474002418379686 0.17129629629629628
0 0.20858524788391783 0.17777777777777776 0.03385731559854897 0.12962962962962962
0 0.7061668681983072 0.1662037037037037 0.04594921402660218 0.13425925925925924
0 0.5846432889963725 0.6152777777777777 0.047158403869407506 0.15648148148148147
0 0.629987908101572 0.6412037037037037 0.04232164449818622 0.16388888888888886
0 0.6251511487303508 0.6236111111111111 0.03748488512696494 0.12685185185185185
0 0.8367593712212817 0.2967592592592592 0.03748488512696494 0.13425925925925924
0 0.22249093107617898 0.4611111111111111 0.0350665054413543 0.14074074074074075
0 0.4425634824667473 0.7310185185185186 0.04474002418379686 0.14537037037037034
0 0.6819830713422008 0.7148148148148148 0.05078597339782346 0.14074074074074075
0 0.1916565900846433 0.43611111111111106 0.032648125755743655 0.13518518518518519
0 0.41989117291414757 0.42685185185185187 0.03325272067714632 0.14074074074074075
0 0.4670495767835551 0.5249999999999999 0.0380894800483676 0.13148148148148148
0 0.4555622732769045 0.4907407407407407 0.048972188633615486 0.1074074074074074
0 0.40810157194679564 0.39212962962962966 0.041112454655380895 0.1472222222222222
0 0.5012091898428054 0.5009259259259259 0.04232164449818622 0.14259259259259258
0 0.5399032648125757 0.5648148148148148 0.04474002418379686 0.15555555555555553
0 0.38875453446191055 0.6152777777777777 0.03869407496977026 0.15092592592592594
0 0.35550181378476425 0.5365740740740741 0.04594921402660218 0.1361111111111111
0 0.35489721886336156 0.5004629629629629 0.036275695284159616 0.12129629629629629
0 0.5235792019347039 0.5152777777777777 0.0350665054413543 0.11018518518518518
0 0.5120918984280532 0.6004629629629629 0.041112454655380895 0.12314814814814815
0 0.26934703748488514 0.9222222222222222 0.04776299879081017 0.1574074074074074
0 0.7291414752116083 0.06203703703703703 0.036275695284159616 0.11851851851851851
0 0.762696493349456 0.07268518518518517 0.032043530834341 0.11574074074074073
0 0.4419588875453447 0.0861111111111111 0.027811366384522373 0.1
0 0.4081015719467957 0.07037037037037036 0.0350665054413543 0.12407407407407406
0 0.5220677146311972 0.7800925925925927 0.0441354292623942 0.17685185185185184
0 0.7506045949214027 0.5699074074074074 0.05139056831922612 0.15462962962962962
0 0.5507859733978234 0.8305555555555556 0.041112454655380895 0.13518518518518519
0 0.884522370012092 0.47129629629629627 0.04232164449818622 0.137037037037037
0 0.6983071342200725 0.5958333333333333 0.04353083434099154 0.16574074074074074
0 0.7270253929866989 0.5972222222222221 0.039298669891172915 0.14629629629629629
0 0.8518742442563484 0.47777777777777775 0.04353083434099154 0.1574074074074074
0 0.8818016928657799 0.6305555555555556 0.04292623941958888 0.15185185185185185
0 0.7575574365175334 0.6675925925925925 0.04232164449818622 0.1574074074074074
0 0.9637243047158406 0.14907407407407405 0.036275695284159616 0.12037037037037036
0 0.8298065296251513 0.6675925925925926 0.05139056831922612 0.1537037037037037
0 0.8694074969770255 0.7180555555555554 0.06166868198307135 0.15462962962962962
0 0.8252720677146312 0.9060185185185184 0.06166868198307135 0.17129629629629628
0 0.7935308343409916 0.9324074074074074 0.053808948004836765 0.137037037037037
0 0.8660822249093109 0.9472222222222222 0.050181378476420804 0.1074074074074074
0 0.6429866989117292 0.6888888888888888 0.039298669891172915 0.1537037037037037
0 0.6076178960096735 0.7078703703703704 0.03990326481257558 0.13425925925925924
0 0.6224304715840389 0.487962962962963 0.046553808948004836 0.15185185185185185
0 0.5946191051995164 0.5055555555555555 0.034461910519951636 0.14259259259259258
0 0.7596735187424426 0.05601851851851851 0.029625151148730353 0.11018518518518518
0 0.9649334945586459 0.9319444444444442 0.05925030229746071 0.13796296296296295
0 0.4322853688029021 0.5875 0.0350665054413543 0.15092592592592594
0 0.46584038694074975 0.5828703703703704 0.03688029020556228 0.14907407407407408
0 0.3591293833131802 0.7407407407407407 0.04232164449818622 0.1685185185185185
0 0.14963724304715842 0.462037037037037 0.0441354292623942 0.14444444444444443
0 0.14268440145102781 0.6050925925925926 0.047158403869407506 0.16018518518518518
0 0.5302297460701331 0.6592592592592593 0.04232164449818622 0.15925925925925927
0 0.5631801692865781 0.6467592592592593 0.039298669891172915 0.16018518518518518
0 0.15719467956469166 0.4351851851851852 0.03990326481257558 0.14074074074074075
0 0.2294437726723096 0.2148148148148148 0.03688029020556228 0.12037037037037036
0 0.2636033857315599 0.20092592592592592 0.041112454655380895 0.14074074074074075
0 0.976118500604595 0.1324074074074074 0.03325272067714632 0.12777777777777777
0 0.9356106408706167 0.1398148148148148 0.03325272067714632 0.12962962962962962
0 0.9232164449818622 0.13379629629629627 0.04353083434099154 0.14351851851851852
0 0.01844014510278114 0.788888888888889 0.035671100362756954 0.1685185185185185
0 0.9044740024183797 0.5287037037037037 0.04474002418379686 0.16296296296296295
0 0.9123337363966144 0.5574074074074074 0.04957678355501814 0.14259259259259258
0 0.05259975816203145 0.7828703703703703 0.05199516324062878 0.1675925925925926
0 0.4945586457073761 0.9703703703703703 0.04232164449818622 0.06111111111111111
0 0.887243047158404 0.9148148148148147 0.046553808948004836 0.15
0 0.885429262394196 0.8555555555555555 0.05139056831922612 0.17037037037037037
0 0.8863361547763 0.3796296296296296 0.047158403869407506 0.14074074074074075
0 0.8612454655380896 0.3782407407407407 0.03688029020556228 0.13796296296296295
0 0.9830713422007256 0.40046296296296297 0.02902055622732769 0.13425925925925924
0 0.8101571946795647 0.5657407407407408 0.048367593712212824 0.1685185185185185
0 0.2448609431680774 0.6287037037037037 0.03990326481257558 0.13888888888888887
0 0.2729746070133011 0.5944444444444444 0.050181378476420804 0.16296296296296295
0 0.2859733978234583 0.6138888888888889 0.04232164449818622 0.15925925925925927
0 0.10912938331318019 0.42314814814814816 0.04292623941958888 0.12962962962962962
0 0.01995163240628779 0.4092592592592592 0.03869407496977026 0.14629629629629629
0 0.010278113663845224 0.3972222222222222 0.01934703748488513 0.12777777777777777
0 0.13301088270858527 0.3981481481481481 0.04474002418379686 0.13888888888888887
0 0.20646916565900847 0.2796296296296296 0.039298669891172915 0.14074074074074075
0 0.22642079806529625 0.26759259259259255 0.041717049576783564 0.13888888888888887
0 0.14268440145102781 0.4949074074074074 0.03748488512696494 0.14351851851851852
0 0.813180169286578 0.7379629629629628 0.048367593712212824 0.1537037037037037
0 0.782950423216445 0.6787037037037036 0.04474002418379686 0.1537037037037037
0 0.8428053204353084 0.5837962962962963 0.04353083434099154 0.15648148148148147
0 0.126360338573156 0.46805555555555556 0.03748488512696494 0.15648148148148147
0 0.8180169286577993 0.5990740740740741 0.048367593712212824 0.1574074074074074
0 0.8180169286577993 0.46296296296296297 0.06166868198307135 0.17592592592592593
0 0.592503022974607 0.14814814814814817 0.03990326481257558 0.137037037037037
0 0.5483675937122129 0.16481481481481483 0.03990326481257558 0.14259259259259258
0 0.5199516324062878 0.15879629629629627 0.032648125755743655 0.13796296296296295
0 0.7962515114873036 0.39537037037037037 0.04232164449818622 0.14814814814814817
0 0.7040507859733979 0.39768518518518514 0.053808948004836765 0.1361111111111111
0 0.6324062877871827 0.30462962962962964 0.047158403869407506 0.137037037037037
0 0.5988512696493351 0.2962962962962962 0.04776299879081017 0.14444444444444443
0 0.6112454655380896 0.3574074074074074 0.048367593712212824 0.14629629629629629
0 0.46493349455864574 0.04768518518518518 0.03143893591293833 0.09351851851851851
0 0.26541717049576785 0.23935185185185184 0.03990326481257558 0.13055555555555556
0 0.38301088270858535 0.1532407407407407 0.039298669891172915 0.14351851851851852
0 0.15175332527206772 0.2074074074074074 0.041112454655380895 0.13518518518518519
0 0.11275695284159613 0.20740740740740737 0.04292623941958888 0.14629629629629629
0 0.034461910519951636 0.4356481481481481 0.047158403869407506 0.14907407407407408
0 0.02297460701330109 0.2546296296296296 0.03869407496977026 0.137037037037037
0 0.03143893591293833 0.27731481481481474 0.041112454655380895 0.1472222222222222
0 0.06197097944377269 0.287962962962963 0.04050785973397824 0.13888888888888887
0 0.48397823458282957 0.18333333333333332 0.0380894800483676 0.15
0 0.5123941958887547 0.10462962962962961 0.032043530834341 0.13148148148148148
0 0.06469165659008465 0.4282407407407407 0.047158403869407506 0.1675925925925926
0 0.2512091898428053 0.18703703703703703 0.030834340991535675 0.11296296296296296
0 0.24818621523579207 0.16435185185185183 0.030834340991535675 0.12129629629629629
0 0.256348246674728 0.10046296296296295 0.030229746070133016 0.11574074074074073
0 0.41626360338573165 0.19768518518518519 0.034461910519951636 0.13425925925925924
0 0.11336154776299881 0.3884259259259259 0.03688029020556228 0.1361111111111111
0 0.10701330108827088 0.3685185185185185 0.04353083434099154 0.1574074074074074
0 0.5804111245465539 0.375 0.03385731559854897 0.11296296296296296
0 0.5350665054413543 0.30277777777777776 0.03143893591293833 0.10925925925925925
0 0.5060459492140267 0.3 0.03869407496977026 0.14074074074074075
0 0.2850665054413543 0.12129629629629628 0.029625151148730353 0.12407407407407406
0 0.4600967351874245 0.2944444444444444 0.04232164449818622 0.12037037037037036
0 0.49969770253929874 0.2689814814814815 0.039298669891172915 0.1324074074074074
0 0.23276904474002422 0.30833333333333335 0.04474002418379686 0.14814814814814817
0 0.20798065296251517 0.3351851851851852 0.0350665054413543 0.12962962962962962
0 0.1653567110036276 0.3277777777777777 0.03325272067714632 0.1259259259259259
0 0.4301692865779928 0.2972222222222222 0.029625151148730353 0.1074074074074074
0 0.4344014510278114 0.19305555555555554 0.03688029020556228 0.13425925925925924
0 0.009068923821039904 0.23333333333333334 0.016928657799274487 0.13518518518518519
0 0.009371221281741235 0.27777777777777773 0.01753325272067715 0.14444444444444443
0 0.036275695284159616 0.7194444444444444 0.04957678355501814 0.1796296296296296
0 0.032648125755743655 0.9314814814814815 0.04353083434099154 0.13888888888888887
0 0.19498186215235797 0.7865740740740741 0.04534461910519952 0.1787037037037037
0 0.12394195888754535 0.7726851851851851 0.04232164449818622 0.1675925925925926
0 0.3053204353083434 0.8074074074074074 0.0761789600967352 0.17592592592592593
0 0.3391777509068924 0.788425925925926 0.056831922611850064 0.16018518518518518
0 0.9313784764207982 0.10092592592592592 0.04776299879081017 0.12777777777777777
0 0.5408101571946796 0.05833333333333333 0.03325272067714632 0.1148148148148148
0 0.5613663845223701 0.05416666666666666 0.034461910519951636 0.10648148148148147
0 0.1977025392986699 0.14259259259259258 0.0350665054413543 0.1259259259259259
0 0.3824062877871826 0.033796296296296297 0.03325272067714632 0.06574074074074074
0 0.3597339782345829 0.03194444444444444 0.0350665054413543 0.06203703703703703
0 0.21009673518742444 0.0625 0.039298669891172915 0.12129629629629629
0 0.24425634824667475 0.049999999999999996 0.03990326481257558 0.09814814814814814
0 0.24123337363966146 0.04212962962962962 0.036275695284159616 0.0824074074074074
0 0.16505441354292627 0.15138888888888888 0.032648125755743655 0.1324074074074074
0 0.3388754534461911 0.11944444444444444 0.0380894800483676 0.13333333333333333
0 0.09068923821039904 0.1462962962962963 0.03990326481257558 0.13518518518518519
0 0.1181983071342201 0.16388888888888886 0.03325272067714632 0.13333333333333333
0 0.1333131801692866 0.16944444444444443 0.041717049576783564 0.12962962962962962
0 0.14480048367593715 0.15092592592592588 0.035671100362756954 0.137037037037037
0 0.029322853688029022 0.14259259259259258 0.03688029020556228 0.137037037037037
0 0.05834340991535671 0.04814814814814814 0.0380894800483676 0.09444444444444443
0 0.8932889963724305 0.09444444444444443 0.04292623941958888 0.12222222222222222
0 0.977025392986699 0.04166666666666666 0.03143893591293833 0.08148148148148147
0 0.9077992744860943 0.017129629629629627 0.034461910519951636 0.032407407407407406
0 0.01662636033857316 0.1361111111111111 0.032043530834341 0.13518518518518519
0 0.0380894800483676 0.09907407407407408 0.036275695284159616 0.12777777777777777
0 0.06711003627569528 0.09490740740740741 0.030229746070133016 0.10833333333333334
0 0.9380290205562274 0.03611111111111111 0.034461910519951636 0.07037037037037037
0 0.9117291414752117 0.0537037037037037 0.03748488512696494 0.10555555555555556
0 0.19528415961305928 0.057870370370370364 0.032648125755743655 0.11388888888888889
0 0.02962515114873035 0.08518518518518518 0.03143893591293833 0.11851851851851851
0 0.729746070133011 0.04861111111111111 0.032648125755743655 0.09537037037037037
0 0.008766626360338575 0.3564814814814815 0.016324062877871828 0.1537037037037037
0 0.2989721886336155 0.20925925925925926 0.041717049576783564 0.13888888888888887
0 0.31650544135429265 0.14907407407407408 0.0380894800483676 0.12962962962962962
