0 0.25241837968561065 0.9810185185185184 0.029625151148730353 0.03981481481481482
0 0.6324062877871827 0.9435185185185184 0.041112454655380895 0.11296296296296296
0 0.6487303506650544 0.9185185185185184 0.06166868198307135 0.1648148148148148
0 0.2986698911729142 0.9055555555555554 0.056831922611850064 0.17407407407407408
0 0.3264812575574365 0.8587962962962963 0.047158403869407506 0.15277777777777776
0 0.25453446191052 0.8865740740740741 0.04232164449818622 0.16574074074074074
0 0.5374848851269649 0.7347222222222222 0.04594921402660218 0.13425925925925924
0 0.07376058041112456 0.6513888888888888 0.05199516324062878 0.16203703703703703
0 0.012998790810157194 0.47129629629629627 0.02478839177750907 0.1574074074074074
0 0.39812575574365183 0.2722222222222222 0.034461910519951636 0.137037037037037
0 0.002116082224909311 0.26759259259259255 0.0030229746070133015 0.14074074074074075
0 0.04746070133010883 0.3944444444444445 0.039298669891172915 0.14259259259259258
0 0.02025392986698912 0.3981481481481481 0.039298669891172915 0.14074074074074075
0 0.03536880290205562 0.1884259259259259 0.034461910519951636 0.14351851851851852
0 0.15840386940749698 0.1560185185185185 0.02902055622732769 0.1324074074074074
0 0.11457073760580413 0.18240740740740738 0.034461910519951636 0.13518518518518519
0 0.14570737605804113 0.1962962962962963 0.04474002418379686 0.14074074074074075
0 0.18893591293833134 0.21296296296296297 0.0380894800483676 0.14074074074074075
0 0.2406287787182588 0.22407407407407406 0.04232164449818622 0.15185185185185185
0 0.08464328899637244 0.45 0.04957678355501814 0.14629629629629629
0 0.040507859733978246 0.44212962962962965 0.04232164449818622 0.13796296296296295
0 0.45646916565900847 0.12685185185185185 0.03385731559854897 0.14074074074074075
0 0.22611850060459493 0.2685185185185185 0.0350665054413543 0.12962962962962962
0 0.2297460701330109 0.3194444444444444 0.03990326481257558 0.14259259259259258
0 0.29534461910519955 0.26805555555555555 0.039298669891172915 0.1361111111111111
0 0.2708585247883918 0.2611111111111111 0.03748488512696494 0.13518518518518519
0 0.4966747279322854 0.14305555555555555 0.041717049576783564 0.14907407407407408
0 0.5220677146311972 0.13240740740740742 0.03325272067714632 0.13518518518518519
0 0.6248488512696495 0.40509259259259256 0.041717049576783564 0.14907407407407408
0 0.662938331318017 0.3902777777777778 0.0380894800483676 0.13425925925925924
0 0.4848851269649335 0.2157407407407407 0.032648125755743655 0.14074074074074075
0 0.506348246674728 0.24444444444444444 0.028415961305925032 0.12962962962962962
0 0.5145102781136639 0.21481481481481482 0.030229746070133016 0.13148148148148148
0 0.5235792019347039 0.18425925925925926 0.032648125755743655 0.12962962962962962
0 0.6106408706166868 0.16435185185185183 0.036275695284159616 0.13796296296296295
0 0.6302902055622732 0.1671296296296296 0.029625151148730353 0.1324074074074074
0 0.671100362756953 0.17638888888888887 0.0350665054413543 0.13796296296296295
0 0.6511487303506652 0.18935185185185185 0.03748488512696494 0.14351851851851852
0 0.536577992744861 0.24074074074074076 0.0380894800483676 0.13148148148148148
0 0.7926239419588876 0.8759259259259259 0.055622732769044746 0.1796296296296296
0 0.7128174123337365 0.5569444444444444 0.041112454655380895 0.16018518518518518
0 0.7877871825876664 0.5101851851851851 0.041112454655380895 0.13518518518518519
0 0.7781136638452238 0.4703703703703704 0.04232164449818622 0.13518518518518519
0 0.882708585247884 0.42083333333333334 0.036275695284159616 0.1398148148148148
0 0.8449214026602178 0.412962962962963 0.048972188633615486 0.14814814814814817
0 0.6940749697702541 0.47407407407407404 0.04232164449818622 0.1537037037037037
0 0.8270858524788393 0.34675925925925927 0.03869407496977026 0.14351851851851852
0 0.784764207980653 0.32037037037037036 0.04353083434099154 0.12962962962962962
0 0.8267835550181379 0.3143518518518518 0.03688029020556228 0.14351851851851852
0 0.7067714631197098 0.35509259259259257 0.04232164449818622 0.14537037037037034
0 0.6807738814993954 0.36111111111111105 0.03990326481257558 0.14444444444444443
0 0.9371221281741234 0.24351851851851852 0.03990326481257558 0.13518518518518519
0 0.7705562273276906 0.04583333333333332 0.032043530834341 0.0898148148148148
0 0.7031438935912938 0.30416666666666664 0.03990326481257558 0.12685185185185185
0 0.6928657799274488 0.2828703703703704 0.036275695284159616 0.14351851851851852
0 0.9207980652962516 0.18888888888888886 0.032648125755743655 0.13333333333333333
0 0.9591898428053205 0.21064814814814817 0.039298669891172915 0.13425925925925924
0 0.9174727932285369 0.15925925925925927 0.029625151148730353 0.08518518518518518
0 0.9534461910519952 0.17314814814814813 0.02902055622732769 0.1074074074074074
0 0.9362152357920195 0.37361111111111106 0.04292623941958888 0.14351851851851852
0 0.8627569528415963 0.5249999999999999 0.04594921402660218 0.17037037037037037
0 0.9537484885126966 0.33796296296296297 0.039298669891172915 0.13518518518518519
0 0.9818621523579203 0.4810185185185185 0.0350665054413543 0.1675925925925926
0 0.9099153567110037 0.500462962962963 0.04353083434099154 0.1472222222222222
0 0.9377267230955262 0.5259259259259259 0.036275695284159616 0.14629629629629629
0 0.6946795646916567 0.022685185185185187 0.032648125755743655 0.04351851851851852
0 0.9467956469165659 0.033796296296296297 0.0350665054413543 0.06574074074074074
0 0.9628174123337365 0.05231481481481481 0.029625151148730353 0.10277777777777777
0 0.9413542926239421 0.07685185185185185 0.03143893591293833 0.11296296296296296
0 0.9891172914147522 0.08518518518518518 0.020556227327690448 0.12037037037037036
0 0.9873035066505442 0.16898148148148145 0.02539298669891173 0.1324074074074074
0 0.9873035066505442 0.21342592592592588 0.024183796856106412 0.1324074074074074
0 0.4250302297460702 0.01851851851851852 0.02297460701330109 0.03518518518518519
0 0.6396614268440145 0.02222222222222222 0.0350665054413543 0.04259259259259259
0 0.652962515114873 0.05138888888888889 0.032648125755743655 0.10092592592592592
0 0.639056831922612 0.06388888888888888 0.027811366384522373 0.10370370370370369
0 0.672914147521161 0.05972222222222222 0.04232164449818622 0.1175925925925926
0 0.6139661426844014 0.09027777777777776 0.034461910519951636 0.12129629629629629
0 0.6454050785973399 0.10046296296296295 0.029625151148730353 0.11574074074074073
0 0.921100362756953 0.12175925925925926 0.0380894800483676 0.12685185185185185
0 0.48548972188633627 0.03333333333333333 0.032648125755743655 0.06481481481481481
0 0.5211608222490931 0.03472222222222222 0.026602176541717055 0.06759259259259259
0 0.5994558645707377 0.04814814814814814 0.032043530834341 0.09444444444444443
0 0.572249093107618 0.049999999999999996 0.03688029020556228 0.09814814814814814
0 0.49214026602176547 0.0537037037037037 0.032648125755743655 0.10555555555555556
0 0.5187424425634826 0.06574074074074074 0.032648125755743655 0.12962962962962962
0 0.5290205562273278 0.08935185185185185 0.02297460701330109 0.0824074074074074
0 0.6726118500604596 0.1550925925925926 0.032043530834341 0.13055555555555556
0 0.1396614268440145 0.11388888888888889 0.030229746070133016 0.11296296296296296
0 0.12333736396614271 0.11203703703703702 0.032648125755743655 0.11296296296296296
0 0.24002418379685614 0.06435185185185184 0.03748488512696494 0.12685185185185185
0 0.2756952841596131 0.06388888888888888 0.0350665054413543 0.12222222222222222
0 0.1765417170495768 0.1175925925925926 0.032648125755743655 0.12407407407407406
0 0.05259975816203145 0.0611111111111111 0.030229746070133016 0.12037037037037036
0 0.09371221281741235 0.06712962962962962 0.036275695284159616 0.125
0 0.15840386940749698 0.05277777777777777 0.03869407496977026 0.10370370370370369
0 0.10338573155985491 0.09814814814814815 0.030229746070133016 0.0962962962962963
0 0.126360338573156 0.07175925925925926 0.0350665054413543 0.1398148148148148
0 0.07013301088270858 0.06157407407407407 0.03748488512696494 0.11018518518518518
0 0.1562877871825877 0.19120370370370368 0.029625151148730353 0.10462962962962963
0 0.1275695284159613 0.17685185185185184 0.024183796856106412 0.08333333333333333
0 0.6698911729141477 0.022685185185185187 0.03748488512696494 0.04351851851851852
0 0.21281741233373644 0.6120370370370369 0.03143893591293833 0.137037037037037
0 0.23095525997581626 0.5703703703703703 0.0350665054413543 0.14074074074074075
0 0.16051995163240632 0.5875 0.041717049576783564 0.14351851851851852
0 0.20495767835550183 0.5921296296296296 0.03990326481257558 0.15462962962962962
0 0.21281741233373644 0.5375 0.04353083434099154 0.15092592592592594
0 0.1723095525997582 0.5324074074074073 0.03748488512696494 0.137037037037037
0 0.6396614268440145 0.46527777777777773 0.0350665054413543 0.14907407407407408
0 0.40417170495767846 0.2310185185185185 0.032043530834341 0.12685185185185185
0 0.4220072551390569 0.2310185185185185 0.027811366384522373 0.12685185185185185
0 0.6076178960096735 0.4560185185185185 0.032648125755743655 0.15092592592592594
0 0.055320435308343414 0.7620370370370371 0.046553808948004836 0.1574074074074074
0 0.18712212817412335 0.8648148148148148 0.039298669891172915 0.137037037037037
0 0.23579201934703753 0.7944444444444444 0.04353083434099154 0.17407407407407408
0 0.21432889963724305 0.8481481481481481 0.04292623941958888 0.1574074074074074
0 0.15991535671100365 0.825 0.046553808948004836 0.1685185185185185
0 0.09975816203143895 0.7587962962962963 0.04353083434099154 0.16018518518518518
0 0.28022974607013307 0.7685185185185186 0.048972188633615486 0.17037037037037037
0 0.10882708585247886 0.6611111111111111 0.04232164449818622 0.16296296296296295
0 0.7702539298669892 0.5638888888888888 0.03990326481257558 0.13518518518518519
0 0.9721886336154777 0.9388888888888888 0.04957678355501814 0.1148148148148148
0 0.9839782345828296 0.8444444444444444 0.029625151148730353 0.13148148148148148
0 0.9410519951632407 0.9208333333333333 0.053808948004836765 0.15277777777777776
0 0.8597339782345829 0.798148148148148 0.032648125755743655 0.10925925925925925
0 0.8313180169286579 0.7393518518518518 0.05078597339782346 0.16574074074074074
0 0.08585247883917776 0.30185185185185187 0.0350665054413543 0.14629629629629629
0 0.12696493349455867 0.9032407407407407 0.06166868198307135 0.1787037037037037
0 0.8165054413542927 0.37916666666666665 0.039298669891172915 0.1398148148148148
0 0.7382103990326482 0.5291666666666666 0.03385731559854897 0.1324074074074074
0 0.40145102781136643 0.4532407407407407 0.02539298669891173 0.09537037037037037
0 0.8905683192261186 0.9717592592592592 0.04353083434099154 0.054629629629629625
0 0.7291414752116083 0.37407407407407406 0.041112454655380895 0.1259259259259259
0 0.7756952841596131 0.37361111111111106 0.03990326481257558 0.13796296296296295
0 0.6723095525997583 0.7444444444444444 0.04474002418379686 0.14444444444444443
0 0.2938331318016929 0.3675925925925926 0.04474002418379686 0.137037037037037
0 0.26723095525997587 0.3699074074074074 0.03385731559854897 0.12870370370370368
0 0.5619709794437727 0.4925925925925926 0.032043530834341 0.12407407407407406
0 0.854292623941959 0.9708333333333333 0.04353083434099154 0.06018518518518518
0 0.26239419588875457 0.9694444444444443 0.04353083434099154 0.06296296296296296
0 0.43500604594921405 0.9527777777777777 0.05259975816203145 0.09444444444444443
0 0.49969770253929874 0.663425925925926 0.032043530834341 0.15092592592592594
0 0.4972793228536881 0.6773148148148148 0.03688029020556228 0.16574074074074074
0 0.22732769044740025 0.7300925925925926 0.047158403869407506 0.1675925925925926
0 0.19226118500604597 0.7032407407407407 0.04232164449818622 0.16574074074074074
0 0.2237001209189843 0.687037037037037 0.03869407496977026 0.1574074074074074
0 0.50906892382104 0.8083333333333332 0.04957678355501814 0.1796296296296296
0 0.45102781136638453 0.8601851851851852 0.047158403869407506 0.16296296296296295
0 0.5752720677146312 0.6175925925925926 0.041717049576783564 0.1537037037037037
0 0.6076178960096735 0.6287037037037037 0.047158403869407506 0.14814814814814817
0 0.35157194679564696 0.7861111111111111 0.046553808948004836 0.16296296296296295
0 0.46674727932285376 0.4722222222222222 0.05320435308343411 0.14074074074074075
0 0.5634824667472793 0.5157407407407407 0.04353083434099154 0.137037037037037
0 0.542926239419589 0.5087962962962963 0.02539298669891173 0.10648148148148147
0 0.5937122128174124 0.5990740740740741 0.03990326481257558 0.1574074074074074
0 0.8893591293833133 0.30185185185185187 0.032648125755743655 0.1259259259259259
0 0.8836154776299879 0.2828703703703704 0.034461910519951636 0.13796296296296295
0 0.850665054413543 0.2828703703703704 0.0350665054413543 0.1324074074074074
0 0.5151148730350665 0.8550925925925925 0.056831922611850064 0.18796296296296294
0 0.36336154776299884 0.46759259259259256 0.03748488512696494 0.12962962962962962
0 0.22339782345828296 0.4694444444444444 0.034461910519951636 0.15185185185185185
0 0.2478839177750907 0.48148148148148145 0.0350665054413543 0.14444444444444443
0 0.2905078597339783 0.5740740740740741 0.046553808948004836 0.15185185185185185
0 0.38391777509068925 0.37407407407407406 0.03990326481257558 0.15185185185185185
0 0.5078597339782346 0.4282407407407407 0.03143893591293833 0.14351851851851852
0 0.07859733978234583 0.13657407407407404 0.03143893591293833 0.12685185185185185
0 0.3890568319226119 0.7125 0.032043530834341 0.15092592592592594
0 0.3996372430471584 0.7629629629629628 0.05199516324062878 0.1574074074074074
0 0.43198307134220076 0.7328703703703704 0.041717049576783564 0.15648148148148147
0 0.3793833131801694 0.7268518518518519 0.041717049576783564 0.17037037037037037
0 0.21886336154776304 0.1625 0.03143893591293833 0.12129629629629629
0 0.724304715840387 0.15740740740740738 0.047158403869407506 0.13518518518518519
0 0.2980652962515115 0.18564814814814815 0.048367593712212824 0.14351851851851852
0 0.20979443772672313 0.04814814814814814 0.027811366384522373 0.09444444444444443
0 0.22309552599758165 0.05046296296296295 0.03143893591293833 0.09907407407407406
0 0.009068923821039904 0.9083333333333333 0.016928657799274487 0.17592592592592593
0 0.005139056831922612 0.20509259259259258 0.009068923821039904 0.12129629629629629
0 0.25665054413542926 0.17824074074074076 0.032043530834341 0.1398148148148148
0 0.8591293833131802 0.2944444444444444 0.0350665054413543 0.12962962962962962
0 0.2379081015719468 0.4527777777777777 0.034461910519951636 0.12962962962962962
0 0.5634824667472794 0.6773148148148148 0.04474002418379686 0.15462962962962962
0 0.35096735187424427 0.6458333333333334 0.046553808948004836 0.16574074074074074
0 0.43470374848851273 0.6356481481481481 0.03748488512696494 0.14907407407407408
0 0.6819830713422008 0.6898148148148148 0.04594921402660218 0.14629629629629629
0 0.20012091898428055 0.4467592592592593 0.032648125755743655 0.14351851851851852
0 0.2629987908101572 0.45185185185185184 0.03748488512696494 0.14629629629629629
0 0.49637243047158414 0.537037037037037 0.03748488512696494 0.137037037037037
0 0.4773276904474003 0.5013888888888889 0.046553808948004836 0.13796296296296295
0 0.4274486094316808 0.39444444444444443 0.0350665054413543 0.14444444444444443
0 0.3742442563482467 0.3625 0.03869407496977026 0.14537037037037034
0 0.3279927448609432 0.5601851851851851 0.034461910519951636 0.14259259259259258
0 0.4767230955259976 0.3949074074074074 0.030834340991535675 0.1398148148148148
0 0.510882708585248 0.40185185185185185 0.03748488512696494 0.14629629629629629
0 0.441354292623942 0.5472222222222222 0.03869407496977026 0.14814814814814817
0 0.4002418379685611 0.5898148148148148 0.03385731559854897 0.14074074074074075
0 0.37484885126964934 0.537037037037037 0.04474002418379686 0.13518518518518519
0 0.3742442563482467 0.5069444444444444 0.036275695284159616 0.1324074074074074
0 0.2303506650544136 0.18888888888888886 0.027811366384522373 0.11851851851851851
0 0.630894800483676 0.7462962962962962 0.05259975816203145 0.1574074074074074
0 0.45253929866989123 0.4324074074074074 0.029625151148730353 0.09814814814814814
0 0.4746070133010883 0.4342592592592593 0.030229746070133016 0.11851851851851851
0 0.2690447400241838 0.9287037037037037 0.048367593712212824 0.14444444444444443
0 0.7460701330108827 0.06435185185185185 0.0350665054413543 0.12129629629629629
0 0.5725513905683193 0.2967592592592592 0.048367593712212824 0.14907407407407408
0 0.7787182587666265 0.07129629629629629 0.027811366384522373 0.10925925925925925
0 0.743651753325272 0.04675925925925926 0.030229746070133016 0.09166666666666666
