0 0.4322853688029021 0.8300925925925926 0.03869407496977026 0.17685185185185184
0 0.4271463119709795 0.8675925925925925 0.04292623941958888 0.16296296296296295
0 0.6910519951632408 0.8930555555555556 0.04957678355501814 0.17685185185185184
0 0.3920798065296252 0.5782407407407407 0.04534461910519952 0.14166666666666666
0 0.3615477629987908 0.5879629629629629 0.04232164449818622 0.14629629629629629
0 0.048065296251511486 0.7888888888888889 0.05139056831922612 0.16296296296296295
0 0.06952841596130593 0.9606481481481481 0.056831922611850064 0.0787037037037037
0 0.13089480048367594 0.961574074074074 0.053808948004836765 0.07685185185185185
0 0.7237001209189843 0.5768518518518518 0.04232164449818622 0.1685185185185185
0 0.6771463119709795 0.6064814814814814 0.04594921402660218 0.17037037037037037
0 0.7167472793228536 0.6513888888888889 0.0441354292623942 0.1675925925925926
0 0.9023579201934704 0.8652777777777777 0.0441354292623942 0.16574074074074074
0 0.8769649334945588 0.9027777777777778 0.05985489721886337 0.15185185185185185
0 0.35610640870616694 0.2930555555555555 0.03748488512696494 0.13425925925925924
0 0.29443772672309554 0.32175925925925924 0.03748488512696494 0.1324074074074074
0 0.40356711003627577 0.2972222222222222 0.039298669891172915 0.14074074074074075
0 0.3935912938331318 0.31666666666666665 0.03748488512696494 0.14074074074074075
0 0.2974607013301088 0.9435185185185184 0.04353083434099154 0.11296296296296296
0 0.2681378476420799 0.8861111111111111 0.050181378476420804 0.15185185185185185
0 0.30925030229746076 0.911111111111111 0.046553808948004836 0.1537037037037037
0 0.31469165659008463 0.9537037037037037 0.0441354292623942 0.09259259259259259
0 0.31741233373639666 0.3337962962962963 0.04353083434099154 0.14537037037037034
0 0.6435912938331319 0.961574074074074 0.053808948004836765 0.0787037037037037
0 0.6810761789600968 0.9504629629629628 0.0441354292623942 0.09907407407407406
0 0.6311970979443773 0.9444444444444443 0.036275695284159616 0.11296296296296296
0 0.9824667472793229 0.9328703703703703 0.032648125755743655 0.1361111111111111
0 0.9525392986698912 0.9023148148148148 0.057436517533252726 0.1675925925925926
0 0.992442563482467 0.8819444444444443 0.012696493349455865 0.08796296296296297
0 0.7530229746070134 0.059259259259259255 0.029625151148730353 0.11296296296296296
0 0.8246674727932286 0.6648148148148147 0.03748488512696494 0.1537037037037037
0 0.8869407496977026 0.6925925925925926 0.047158403869407506 0.1685185185185185
0 0.8316203143893591 0.6162037037037036 0.032043530834341 0.11203703703703702
0 0.8694074969770256 0.6222222222222221 0.036275695284159616 0.12222222222222222
0 0.09673518742442565 0.23148148148148148 0.036275695284159616 0.12777777777777777
0 0.012394195888754535 0.36944444444444446 0.023579201934703753 0.16296296296296295
0 0.13059250302297462 0.262037037037037 0.03990326481257558 0.12962962962962962
0 0.7775090689238211 0.18657407407407406 0.0350665054413543 0.12870370370370368
0 0.7992744860943168 0.17685185185185184 0.030229746070133016 0.12037037037037036
0 0.2938331318016929 0.23194444444444443 0.03385731559854897 0.12314814814814815
0 0.20918984280532046 0.3 0.041112454655380895 0.14259259259259258
0 0.35036275695284164 0.23981481481481481 0.034461910519951636 0.13148148148148148
0 0.5465538089480049 0.2736111111111111 0.03748488512696494 0.1472222222222222
0 0.380894800483676 0.20509259259259258 0.032648125755743655 0.12870370370370368
0 0.47974607013301096 0.29027777777777775 0.048972188633615486 0.1361111111111111
0 0.597944377267231 0.2236111111111111 0.03748488512696494 0.1324074074074074
0 0.6324062877871827 0.21249999999999997 0.047158403869407506 0.1324074074074074
0 0.6753325272067715 0.21527777777777776 0.04594921402660218 0.1324074074074074
0 0.7521160822249093 0.1736111111111111 0.03385731559854897 0.11203703703703702
0 0.7611850060459493 0.2064814814814815 0.0350665054413543 0.12962962962962962
0 0.7844619105199517 0.35138888888888886 0.0441354292623942 0.1324074074074074
0 0.9607013301088272 0.44259259259259254 0.0350665054413543 0.11296296296296296
0 0.9836759371221283 0.4324074074074074 0.02902055622732769 0.12962962962962962
0 0.9452841596130594 0.33611111111111114 0.03688029020556228 0.12962962962962962
0 0.9842805320435309 0.3138888888888889 0.03143893591293833 0.12222222222222222
0 0.9310761789600968 0.3782407407407407 0.03869407496977026 0.1398148148148148
0 0.974304715840387 0.3902777777777777 0.0380894800483676 0.14351851851851852
0 0.9331922611850061 0.4685185185185185 0.0441354292623942 0.1537037037037037
0 0.8966142684401451 0.4703703703703704 0.04474002418379686 0.1574074074074074
0 0.7971584038694076 0.4717592592592592 0.030834340991535675 0.10092592592592592
0 0.8207376058041114 0.4513888888888888 0.03688029020556228 0.14351851851851852
0 0.8409915356711004 0.4625 0.030229746070133016 0.11018518518518518
0 0.883615477629988 0.5458333333333333 0.05501813784764208 0.14351851851851852
0 0.9537484885126966 0.5351851851851851 0.041717049576783564 0.16296296296296295
0 0.9761185006045949 0.5254629629629629 0.039298669891172915 0.14907407407407408
0 0.9244256348246674 0.6023148148148147 0.04353083434099154 0.15648148148148147
0 0.9277509068923822 0.6796296296296295 0.046553808948004836 0.1574074074074074
0 0.629987908101572 0.4606481481481481 0.041112454655380895 0.14537037037037034
0 0.6571946795646917 0.4722222222222222 0.03990326481257558 0.1574074074074074
0 0.81590084643289 0.3986111111111111 0.029625151148730353 0.12685185185185185
0 0.7953446191051996 0.3949074074074074 0.0380894800483676 0.1324074074074074
0 0.6765417170495769 0.5245370370370369 0.04474002418379686 0.15648148148148147
0 0.6466142684401451 0.5268518518518518 0.039298669891172915 0.1574074074074074
0 0.692261185006046 0.47916666666666663 0.032648125755743655 0.11574074074074073
0 0.7107013301088272 0.4824074074074074 0.032043530834341 0.11296296296296296
0 0.7445586457073761 0.4699074074074074 0.0441354292623942 0.14537037037037034
0 0.8548972188633616 0.38611111111111107 0.03748488512696494 0.13148148148148148
0 0.8672914147521162 0.3722222222222222 0.03688029020556228 0.12407407407407406
0 0.8047158403869409 0.750462962962963 0.05078597339782346 0.1675925925925926
0 0.10882708585247886 0.4546296296296296 0.04232164449818622 0.15
0 0.1423821039903265 0.4402777777777777 0.0441354292623942 0.14907407407407408
0 0.11668681983071344 0.5425925925925926 0.04474002418379686 0.1611111111111111
0 0.0722490931076179 0.5532407407407407 0.046553808948004836 0.15092592592592594
0 0.014510278113663845 0.7333333333333332 0.027811366384522373 0.18148148148148147
0 0.03657799274486095 0.7782407407407407 0.034461910519951636 0.1361111111111111
0 0.27902055622732774 0.8138888888888889 0.048972188633615486 0.1685185185185185
0 0.05229746070133011 0.2111111111111111 0.03688029020556228 0.12407407407407406
0 0.06983071342200727 0.22916666666666663 0.034461910519951636 0.11574074074074073
0 0.10459492140266023 0.8064814814814815 0.05320435308343411 0.1796296296296296
0 0.30108827085852485 0.6703703703703704 0.04232164449818622 0.1685185185185185
0 0.3503627569528416 0.6365740740740741 0.050181378476420804 0.16018518518518518
0 0.3730350665054414 0.6717592592592593 0.03748488512696494 0.14351851851851852
0 0.8669891172914149 0.8245370370370371 0.05441354292623943 0.14907407407407408
0 0.878174123337364 0.7898148148148147 0.046553808948004836 0.1685185185185185
0 0.9132406287787184 0.7768518518518519 0.04292623941958888 0.14444444444444443
0 0.37545344619105203 0.860648148148148 0.027811366384522373 0.10648148148148147
0 0.3125755743651754 0.3828703703703703 0.04232164449818622 0.12314814814814815
0 0.3688029020556228 0.8546296296296296 0.04594921402660218 0.1685185185185185
0 0.8074365175332529 0.3333333333333333 0.03688029020556228 0.14074074074074075
0 0.3180169286577993 0.23888888888888887 0.036275695284159616 0.14074074074074075
0 0.18591293833131803 0.29629629629629634 0.032043530834341 0.1259259259259259
0 0.3409915356711004 0.34953703703703703 0.047158403869407506 0.16018518518518518
0 0.23518742442563487 0.6064814814814814 0.04232164449818622 0.1537037037037037
0 0.24032648125755746 0.575 0.03688029020556228 0.14629629629629629
0 0.19437726723095528 0.6083333333333332 0.0441354292623942 0.14629629629629629
0 0.20918984280532046 0.5527777777777777 0.04232164449818622 0.15185185185185185
0 0.17593712212817414 0.5680555555555554 0.04594921402660218 0.15462962962962962
0 0.42412333736396624 0.6171296296296295 0.041717049576783564 0.15462962962962962
0 0.39056831922611857 0.25231481481481477 0.030229746070133016 0.12870370370370368
0 0.41172914147521167 0.25740740740740736 0.032648125755743655 0.1259259259259259
0 0.4637243047158404 0.6023148148148147 0.03990326481257558 0.16018518518518518
0 0.7218863361547763 0.9675925925925924 0.048367593712212824 0.06666666666666667
0 0.9250302297460702 0.9606481481481481 0.04957678355501814 0.0787037037037037
0 0.6795646916565901 0.9773148148148147 0.03869407496977026 0.045370370370370366
0 0.4256348246674729 0.47222222222222215 0.030229746070133016 0.10185185185185185
0 0.7179564691656591 0.39444444444444443 0.041717049576783564 0.11851851851851851
0 0.7614873035066507 0.399537037037037 0.041717049576783564 0.13796296296296295
0 0.2766021765417171 0.39305555555555555 0.0441354292623942 0.13796296296296295
0 0.252720677146312 0.4092592592592592 0.0350665054413543 0.14074074074074075
0 0.5586457073760581 0.5115740740740741 0.032648125755743655 0.12685185185185185
0 0.252720677146312 0.9805555555555555 0.03869407496977026 0.04074074074074074
0 0.4685610640870617 0.9847222222222222 0.03869407496977026 0.032407407407407406
0 0.48609431680773885 0.6851851851851851 0.0350665054413543 0.15185185185185185
0 0.48548972188633616 0.6953703703703703 0.041112454655380895 0.1685185185185185
0 0.20616686819830715 0.75 0.05199516324062878 0.17592592592592593
0 0.18198307134220074 0.7273148148148147 0.04232164449818622 0.17129629629629628
0 0.20737605804111248 0.7092592592592591 0.04474002418379686 0.1574074074074074
0 0.4945586457073762 0.8944444444444444 0.05078597339782346 0.1925925925925926
0 0.374546553808948 0.923611111111111 0.0441354292623942 0.15277777777777776
0 0.5368802902055623 0.6 0.04474002418379686 0.1574074074074074
0 0.45314389359129387 0.9592592592592591 0.04776299879081017 0.08333333333333333
0 0.3234582829504233 0.7921296296296295 0.05078597339782346 0.17314814814814813
0 0.45677146311970984 0.5013888888888889 0.05622732769044741 0.14907407407407408
0 0.5568319226118501 0.5324074074074073 0.03748488512696494 0.13148148148148148
0 0.5229746070133011 0.5273148148148148 0.02902055622732769 0.10648148148148147
0 0.5471584038694076 0.6328703703703703 0.04232164449818622 0.14907407407407408
0 0.8787787182587669 0.33009259259259255 0.032043530834341 0.13425925925925924
0 0.8706166868198308 0.300462962962963 0.032648125755743655 0.12685185185185185
0 0.8452237001209191 0.3032407407407407 0.03143893591293833 0.12314814814814815
0 0.43742442563482475 0.9162037037037037 0.053808948004836765 0.1675925925925926
0 0.3579201934703749 0.4981481481481481 0.03748488512696494 0.13518518518518519
0 0.20616686819830715 0.4944444444444444 0.04353083434099154 0.15185185185185185
0 0.23911729141475213 0.4944444444444444 0.034461910519951636 0.1574074074074074
0 0.3403869407496977 0.43055555555555547 0.03990326481257558 0.15185185185185185
0 0.28718258766626364 0.5884259259259258 0.03990326481257558 0.17129629629629628
0 0.4809552599758163 0.44537037037037036 0.027206771463119714 0.12037037037037036
0 0.05864570737605805 0.17546296296296296 0.03385731559854897 0.12685185185185185
0 0.37122128174123337 0.7263888888888889 0.03748488512696494 0.15092592592592594
0 0.38180169286578003 0.7902777777777777 0.046553808948004836 0.16574074074074074
0 0.40991535671100365 0.7550925925925925 0.04232164449818622 0.16574074074074074
0 0.35731559854897227 0.7490740740740739 0.03748488512696494 0.1796296296296296
0 0.20072551390568322 0.21435185185185185 0.04594921402660218 0.13425925925925924
0 0.7164449818621524 0.18657407407407406 0.03385731559854897 0.1324074074074074
0 0.8461305925030231 0.3222222222222222 0.035671100362756954 0.137037037037037
0 0.22581620314389358 0.4782407407407407 0.034461910519951636 0.13796296296296295
0 0.4631197097944378 0.7569444444444444 0.04353083434099154 0.15648148148148147
0 0.6804715840386941 0.7268518518518517 0.05139056831922612 0.14629629629629629
0 0.19709794437726724 0.4611111111111111 0.03748488512696494 0.14074074074074075
0 0.34703748488512703 0.4555555555555555 0.04232164449818622 0.13518518518518519
0 0.47490931076178966 0.5523148148148148 0.039298669891172915 0.13796296296296295
0 0.4591898428053205 0.5296296296296297 0.048972188633615486 0.13518518518518519
0 0.4123337363966143 0.4162037037037037 0.03990326481257558 0.14351851851851852
0 0.2648125755743652 0.7180555555555556 0.03990326481257558 0.16018518518518518
0 0.12122128174123338 0.925 0.05259975816203145 0.15
0 0.4673518742442564 0.42962962962962964 0.032648125755743655 0.14814814814814817
0 0.501813784764208 0.4129629629629629 0.03748488512696494 0.14074074074074075
0 0.4830713422007256 0.6375 0.0350665054413543 0.16018518518518518
0 0.36850060459492145 0.6444444444444444 0.05985489721886337 0.13333333333333333
0 0.3663845223700121 0.5587962962962962 0.04232164449818622 0.13796296296296295
0 0.3600362756952842 0.5259259259259259 0.03688029020556228 0.13518518518518519
0 0.4425634824667473 0.43657407407407406 0.032648125755743655 0.11574074074074073
0 0.4939540507859735 0.4768518518518518 0.032648125755743655 0.11851851851851851
0 0.2557436517533253 0.936574074074074 0.05078597339782346 0.125
0 0.7370012091898429 0.08240740740740742 0.036275695284159616 0.11851851851851851
0 0.2584643288996373 0.7597222222222222 0.05139056831922612 0.16574074074074074
0 0.7690447400241838 0.09351851851851851 0.02539298669891173 0.11296296296296296
0 0.4331922611850061 0.9472222222222222 0.035671100362756954 0.1074074074074074
0 0.37545344619105203 0.9560185185185185 0.041112454655380895 0.0898148148148148
0 0.3313180169286578 0.9777777777777777 0.03385731559854897 0.04259259259259259
0 0.5767835550181379 0.8263888888888888 0.03748488512696494 0.11574074074074073
0 0.5459492140266022 0.8037037037037037 0.047158403869407506 0.17592592592592593
0 0.9882103990326483 0.1574074074074074 0.02237001209189843 0.1148148148148148
0 0.8080411124546555 0.18287037037037035 0.027206771463119714 0.0898148148148148
0 0.9334945586457075 0.10833333333333334 0.03748488512696494 0.12407407407407406
0 0.9594921402660218 0.12685185185185185 0.03385731559854897 0.11851851851851851
0 0.983373639661427 0.1814814814814815 0.030834340991535675 0.13333333333333333
0 0.9026602176541717 0.17546296296296296 0.03869407496977026 0.12870370370370368
0 0.9437726723095528 0.20555555555555555 0.041112454655380895 0.14074074074074075
0 0.9706771463119712 0.22037037037037036 0.03688029020556228 0.12962962962962962
0 0.9041717049576784 0.24537037037037035 0.03688029020556228 0.14629629629629629
0 0.9259371221281741 0.2532407407407407 0.0441354292623942 0.1472222222222222
0 0.8703143893591295 0.2074074074074074 0.03688029020556228 0.13518518518518519
0 0.9105199516324064 0.2754629629629629 0.03869407496977026 0.13796296296296295
0 0.8657799274486095 0.5111111111111111 0.05199516324062878 0.15185185185185185
0 0.6293833131801693 0.04212962962962962 0.030229746070133016 0.0824074074074074
0 0.6030834340991537 0.05694444444444444 0.029625151148730353 0.11018518518518518
0 0.5937122128174124 0.03888888888888888 0.032648125755743655 0.07592592592592592
0 0.5652962515114873 0.04212962962962962 0.030229746070133016 0.0824074074074074
0 0.5864570737605804 0.06666666666666667 0.02539298669891173 0.08518518518518518
0 0.572249093107618 0.06157407407407408 0.034461910519951636 0.10833333333333334
0 0.7672309552599759 0.07777777777777777 0.027811366384522373 0.11296296296296296
0 0.6853083434099154 0.09444444444444443 0.041717049576783564 0.12407407407407406
0 0.6801692865779928 0.15324074074074073 0.03748488512696494 0.11574074074074073
0 0.6813784764207981 0.1824074074074074 0.0350665054413543 0.13148148148148148
0 0.7240024183796856 0.12962962962962962 0.034461910519951636 0.13518518518518519
0 0.4625151148730351 0.013425925925925926 0.024183796856106412 0.025
0 0.5187424425634826 0.029166666666666667 0.027811366384522373 0.05648148148148148
0 0.5341596130592504 0.05277777777777777 0.029625151148730353 0.10370370370370369
0 0.5532043530834342 0.07037037037037037 0.03385731559854897 0.11851851851851851
0 0.5807134220072553 0.2759259259259259 0.046553808948004836 0.13888888888888887
0 0.7382103990326483 0.20787037037037034 0.03748488512696494 0.1324074074074074
0 0.011789600967351875 0.5189814814814815 0.02237001209189843 0.15092592592592594
0 0.19105199516324067 0.033796296296296297 0.032648125755743655 0.06574074074074074
0 0.2590689238210399 0.03472222222222222 0.032043530834341 0.06759259259259259
0 0.2363966142684402 0.0412037037037037 0.0350665054413543 0.08055555555555555
0 0.22460701330108826 0.029629629629629627 0.032043530834341 0.0574074074074074
0 0.11789600967351876 0.02546296296296296 0.02539298669891173 0.04907407407407407
0 0.14087061668681983 0.06018518518518518 0.032648125755743655 0.11851851851851851
0 0.16596130592503025 0.056944444444444436 0.03688029020556228 0.11203703703703702
0 0.2125151148730351 0.05601851851851851 0.03688029020556228 0.11018518518518518
0 0.5547158403869409 0.13564814814814816 0.034461910519951636 0.125
0 0.33010882708585254 0.06342592592592593 0.032648125755743655 0.11574074074074073
0 0.3512696493349456 0.07777777777777777 0.03143893591293833 0.12407407407407406
0 0.4047762998790811 0.07222222222222222 0.034461910519951636 0.1259259259259259
0 0.38149939540507866 0.06620370370370371 0.03385731559854897 0.12129629629629629
0 0.2772067714631197 0.11342592592592592 0.034461910519951636 0.12129629629629629
0 0.23579201934703753 0.12268518518518517 0.03748488512696494 0.1175925925925926
0 0.5483675937122129 0.10462962962962961 0.03143893591293833 0.12407407407407406
0 0.5912938331318018 0.13657407407407407 0.032648125755743655 0.12129629629629629
0 0.5940145102781137 0.18194444444444444 0.03688029020556228 0.14351851851851852
0 0.5510882708585249 0.18425925925925926 0.03688029020556228 0.13518518518518519
0 0.3322249093107618 0.19583333333333333 0.030834340991535675 0.12129629629629629
0 0.33434099153567115 0.16203703703703703 0.03748488512696494 0.13148148148148148
0 0.2227932285368803 0.13796296296296295 0.0380894800483676 0.12222222222222222
0 0.1765417170495768 0.11620370370370368 0.036275695284159616 0.11574074074074073
0 0.2176541717049577 0.0962962962962963 0.03385731559854897 0.11851851851851851
0 0.9610036275695285 0.18935185185185185 0.034461910519951636 0.13425925925925924
0 0.6172914147521161 0.05648148148148147 0.0350665054413543 0.1111111111111111
0 0.7330713422007257 0.06157407407407407 0.030834340991535675 0.11203703703703702
