0 0.46644498186215244 0.25416666666666665 0.03688029020556228 0.13796296296296295
0 0.4930471584038695 0.23287037037037037 0.034461910519951636 0.1175925925925926
0 0.5683192261185007 0.7078703703703704 0.04474002418379686 0.14907407407407408
0 0.5332527206771464 0.7125 0.05199516324062878 0.16574074074074074
0 0.5326481257557437 0.32037037037037036 0.04594921402660218 0.14259259259259258
0 0.5643893591293834 0.38749999999999996 0.041717049576783564 0.14907407407407408
0 0.8793833131801695 0.7597222222222222 0.046553808948004836 0.16574074074074074
0 0.8434099153567111 0.7541666666666667 0.05078597339782346 0.1824074074074074
0 0.799274486094317 0.7481481481481481 0.04232164449818622 0.14074074074074075
0 0.8954050785973399 0.34305555555555556 0.03990326481257558 0.15648148148148147
0 0.5964328899637243 0.3574074074074074 0.032043530834341 0.12407407407407406
0 0.9325876662636035 0.4337962962962963 0.041717049576783564 0.1675925925925926
0 0.9755139056831923 0.3902777777777777 0.039298669891172915 0.15648148148148147
0 0.9564691656590085 0.3805555555555555 0.0350665054413543 0.13518518518518519
0 0.5392986698911729 0.23842592592592593 0.04232164449818622 0.14351851851851852
0 0.4764207980652963 0.18194444444444444 0.04232164449818622 0.15462962962962962
0 0.6003627569528417 0.3902777777777777 0.03990326481257558 0.14537037037037034
0 0.6318016928657799 0.3907407407407407 0.0350665054413543 0.13518518518518519
0 0.6085247883917775 0.4194444444444444 0.041717049576783564 0.137037037037037
0 0.6562877871825877 0.312037037037037 0.041717049576783564 0.14074074074074075
0 0.7762998790810158 0.6726851851851852 0.055622732769044746 0.18796296296296294
0 0.7303506650544136 0.4800925925925926 0.04594921402660218 0.16388888888888886
0 0.68863361547763 0.500462962962963 0.05320435308343411 0.17685185185185184
0 0.662031438935913 0.38611111111111107 0.03748488512696494 0.13888888888888887
0 0.725211608222491 0.700462962962963 0.03688029020556228 0.14351851851851852
0 0.5532043530834342 0.42962962962962964 0.04474002418379686 0.15185185185185185
0 0.6883313180169287 0.43055555555555547 0.0441354292623942 0.15555555555555553
0 0.5042321644498187 0.18796296296296297 0.04353083434099154 0.14814814814814817
0 0.6822853688029021 0.287962962962963 0.046553808948004836 0.1537037037037037
0 0.7376058041112455 0.3888888888888889 0.04353083434099154 0.15925925925925927
0 0.9685610640870619 0.7046296296296296 0.05078597339782346 0.15925925925925927
0 0.9180773881499397 0.6791666666666667 0.0441354292623942 0.15833333333333333
0 0.8935912938331319 0.674074074074074 0.048367593712212824 0.17407407407407408
0 0.7892986698911729 0.46481481481481474 0.041717049576783564 0.1574074074074074
0 0.762696493349456 0.4060185185185185 0.035671100362756954 0.13796296296296295
0 0.6581015719467956 0.425462962962963 0.039298669891172915 0.14351851851851852
0 0.9534461910519954 0.41388888888888886 0.04474002418379686 0.1537037037037037
0 0.9062877871825876 0.47175925925925927 0.04474002418379686 0.14351851851851852
0 0.9214026602176543 0.4046296296296296 0.04232164449818622 0.14629629629629629
0 0.7179564691656591 0.4842592592592592 0.041717049576783564 0.137037037037037
0 0.814087061668682 0.4064814814814815 0.046553808948004836 0.14629629629629629
0 0.8198307134220073 0.4597222222222222 0.047158403869407506 0.15462962962962962
0 0.6735187424425635 0.3564814814814815 0.041112454655380895 0.14259259259259258
0 0.9325876662636035 0.6370370370370371 0.041717049576783564 0.15925925925925927
0 0.5157194679564692 0.32175925925925924 0.02902055622732769 0.09537037037037037
0 0.567714631197098 0.275 0.03990326481257558 0.13518518518518519
0 0.9558645707376059 0.46759259259259256 0.032648125755743655 0.1074074074074074
0 0.9244256348246677 0.8078703703703702 0.05441354292623943 0.17129629629629628
0 0.9594921402660219 0.8074074074074074 0.04594921402660218 0.1574074074074074
0 0.2466747279322854 0.23148148148148145 0.03748488512696494 0.1074074074074074
0 0.5846432889963724 0.41712962962962963 0.041112454655380895 0.16018518518518518
0 0.5386940749697703 0.36759259259259264 0.03143893591293833 0.11851851851851851
0 0.6432889963724305 0.3055555555555555 0.0350665054413543 0.13518518518518519
0 0.786577992744861 0.4060185185185185 0.03385731559854897 0.10092592592592592
0 0.3062273276904474 0.9777777777777777 0.029625151148730353 0.04259259259259259
0 0.003929866989117292 0.20092592592592592 0.006650544135429264 0.14259259259259258
0 0.02025392986698912 0.10185185185185185 0.039298669891172915 0.13518518518518519
0 0.0592503022974607 0.31157407407407406 0.03990326481257558 0.1361111111111111
0 0.08796856106408707 0.3055555555555555 0.041717049576783564 0.15
0 0.04534461910519952 0.07777777777777777 0.03869407496977026 0.11851851851851851
0 0.08222490931076179 0.09212962962962962 0.03748488512696494 0.12870370370370368
0 0.06801692865779928 0.24907407407407406 0.034461910519951636 0.12407407407407406
0 0.12061668681983073 0.21527777777777776 0.04292623941958888 0.12870370370370368
0 0.13180169286577995 0.15462962962962962 0.03748488512696494 0.12407407407407406
0 0.14570737605804113 0.11296296296296295 0.03748488512696494 0.11851851851851851
0 0.21221281741233378 0.05416666666666666 0.03990326481257558 0.10648148148148147
0 0.17351874244256352 0.1550925925925926 0.03869407496977026 0.1324074074074074
0 0.19195888754534463 0.0449074074074074 0.030834340991535675 0.08796296296296297
0 0.10278113663845224 0.4046296296296296 0.047158403869407506 0.15185185185185185
0 0.29927448609431684 0.06712962962962962 0.041112454655380895 0.1324074074074074
0 0.3231559854897219 0.10046296296296295 0.035671100362756954 0.1324074074074074
0 0.3307134220072552 0.07129629629629629 0.03748488512696494 0.12407407407407406
0 0.42049576783555026 0.1560185185185185 0.034461910519951636 0.13425925925925924
0 0.4492140266021765 0.027777777777777776 0.02902055622732769 0.0537037037037037
0 0.3935912938331318 0.09768518518518518 0.036275695284159616 0.12685185185185185
0 0.4555622732769045 0.08518518518518518 0.034461910519951636 0.1259259259259259
0 0.51360338573156 0.08333333333333333 0.039298669891172915 0.13518518518518519
0 0.5634824667472794 0.047222222222222214 0.03748488512696494 0.09259259259259259
0 0.5798065296251512 0.05509259259259259 0.0350665054413543 0.10833333333333334
0 0.4673518742442564 0.12453703703703703 0.032648125755743655 0.12685185185185185
0 0.6390568319226119 0.03796296296296296 0.03385731559854897 0.07407407407407408
0 0.6644498186215236 0.03796296296296296 0.0350665054413543 0.07407407407407408
0 0.6169891172914148 0.02638888888888889 0.03325272067714632 0.05092592592592592
0 0.49365175332527217 0.14074074074074072 0.039298669891172915 0.13518518518518519
0 0.5078597339782347 0.17083333333333334 0.03990326481257558 0.16203703703703703
0 0.5450423216444983 0.1611111111111111 0.03688029020556228 0.12962962962962962
0 0.5752720677146312 0.1597222222222222 0.039298669891172915 0.1324074074074074
0 0.601571946795647 0.16064814814814815 0.03990326481257558 0.13425925925925924
0 0.6375453446191053 0.12453703703703703 0.04050785973397824 0.13425925925925924
0 0.6535671100362757 0.14259259259259258 0.03385731559854897 0.11666666666666667
0 0.6668681983071343 0.1587962962962963 0.0350665054413543 0.125
0 0.7750906892382105 0.12083333333333333 0.03748488512696494 0.1324074074074074
0 0.6837968561064088 0.23888888888888887 0.036275695284159616 0.14259259259259258
0 0.7134220072551392 0.33194444444444443 0.03869407496977026 0.1398148148148148
0 0.7345828295042323 0.31851851851851853 0.03990326481257558 0.14074074074074075
0 0.7336759371221283 0.26435185185185184 0.0380894800483676 0.14351851851851852
0 0.7781136638452238 0.2972222222222222 0.036275695284159616 0.13518518518518519
0 0.7850665054413543 0.23981481481481481 0.0380894800483676 0.14259259259259258
0 0.9900241837968563 0.07592592592592592 0.01874244256348247 0.1259259259259259
0 0.9600967351874246 0.07824074074074075 0.04232164449818622 0.13425925925925924
0 0.9528415961305925 0.04583333333333332 0.03990326481257558 0.0898148148148148
0 0.9268440145102782 0.07546296296296297 0.032648125755743655 0.11018518518518518
0 0.9371221281741234 0.10092592592592592 0.036275695284159616 0.12962962962962962
0 0.8639661426844015 0.35879629629629634 0.03748488512696494 0.13425925925925924
0 0.9845828295042323 0.35 0.029625151148730353 0.1574074074074074
0 0.9863966142684404 0.2546296296296296 0.02599758162031439 0.13518518518518519
0 0.9603990326481259 0.2833333333333333 0.039298669891172915 0.13888888888888887
0 0.8548972188633616 0.16388888888888886 0.0350665054413543 0.12407407407407406
0 0.885429262394196 0.17453703703703702 0.03688029020556228 0.11203703703703702
0 0.9298669891172915 0.28657407407407404 0.03869407496977026 0.12685185185185185
0 0.9570737605804113 0.24583333333333332 0.03748488512696494 0.14351851851851852
0 0.9504232164449818 0.20555555555555555 0.03990326481257558 0.13333333333333333
0 0.923821039903265 0.20740740740740737 0.04594921402660218 0.15185185185185185
0 0.8691051995163241 0.1375 0.03688029020556228 0.1361111111111111
0 0.8887545344619106 0.13148148148148148 0.030229746070133016 0.11296296296296296
0 0.8899637243047159 0.45416666666666666 0.030229746070133016 0.09351851851851851
0 0.8802902055622733 0.027314814814814813 0.027811366384522373 0.05277777777777778
0 0.24758162031438935 0.031018518518518515 0.041717049576783564 0.06018518518518518
0 0.22611850060459493 0.03148148148148148 0.032648125755743655 0.06111111111111111
0 0.8627569528415961 0.12870370370370368 0.02902055622732769 0.1074074074074074
0 0.847037484885127 0.15787037037037036 0.030229746070133016 0.09537037037037037
0 0.893591293833132 0.15555555555555553 0.032648125755743655 0.1074074074074074
0 0.906590084643289 0.13194444444444445 0.032043530834341 0.1175925925925926
0 0.7817412333736398 0.28935185185185186 0.03869407496977026 0.13796296296296295
0 0.7397218863361549 0.28518518518518515 0.03688029020556228 0.14259259259259258
0 0.007255139056831924 0.10324074074074074 0.013301088270858527 0.12314814814814815
0 0.911124546553809 0.2814814814814815 0.064087061668682 0.1648148148148148
0 0.8497581620314391 0.015277777777777777 0.034461910519951636 0.0287037037037037
0 0.3660822249093108 0.5328703703703703 0.039298669891172915 0.14907407407407408
0 0.0761789600967352 0.47638888888888886 0.04232164449818622 0.14907407407407408
0 0.046251511487303505 0.5592592592592592 0.041717049576783564 0.15185185185185185
0 0.02297460701330109 0.5037037037037037 0.04474002418379686 0.1611111111111111
0 0.08857315598548973 0.5583333333333333 0.048972188633615486 0.15555555555555553
0 0.7255139056831923 0.04305555555555555 0.02902055622732769 0.08425925925925926
0 0.8137847642079807 0.33935185185185185 0.03748488512696494 0.13425925925925924
0 0.8319226118500604 0.3333333333333333 0.0350665054413543 0.12407407407407406
0 0.2503022974607014 0.6462962962962963 0.047158403869407506 0.1685185185185185
0 0.21735187424425637 0.6268518518518518 0.039298669891172915 0.16296296296296295
0 0.3530834340991536 0.6259259259259259 0.0350665054413543 0.14814814814814817
0 0.2194679564691657 0.561574074074074 0.04232164449818622 0.14907407407407408
0 0.220677146311971 0.537962962962963 0.03748488512696494 0.13518518518518519
0 0.18409915356711004 0.5347222222222221 0.041717049576783564 0.1398148148148148
0 0.19195888754534463 0.4981481481481482 0.0441354292623942 0.14259259259259258
0 0.14873035066505444 0.5208333333333334 0.03990326481257558 0.14351851851851852
0 0.36275695284159615 0.20879629629629629 0.0350665054413543 0.12685185185185185
0 0.3866384522370013 0.2046296296296296 0.027206771463119714 0.12407407407407406
0 0.3548972188633616 0.41666666666666663 0.027811366384522373 0.1148148148148148
0 0.2723700120918985 0.4282407407407407 0.050181378476420804 0.14351851851851852
0 0.2678355501813785 0.44583333333333336 0.036275695284159616 0.1398148148148148
0 0.23609431680773887 0.9351851851851851 0.046553808948004836 0.13148148148148148
0 0.4597944377267232 0.6462962962962963 0.039298669891172915 0.1574074074074074
0 0.45858524788391786 0.6564814814814814 0.039298669891172915 0.1685185185185185
0 0.190447400241838 0.7157407407407407 0.04353083434099154 0.1722222222222222
0 0.15477629987908104 0.6833333333333333 0.041112454655380895 0.1685185185185185
0 0.19316807738814995 0.675 0.04050785973397824 0.15925925925925927
0 0.3068319226118501 0.7560185185185184 0.041717049576783564 0.15462962962962962
0 0.42382103990326486 0.4523148148148148 0.047158403869407506 0.12685185185185185
0 0.8446191051995164 0.287962962962963 0.032648125755743655 0.1259259259259259
0 0.8288996372430473 0.25555555555555554 0.03990326481257558 0.13518518518518519
0 0.8010882708585249 0.2699074074074074 0.0350665054413543 0.13796296296296295
0 0.32224909310761796 0.562037037037037 0.03990326481257558 0.14629629629629629
0 0.1704957678355502 0.45509259259259255 0.03990326481257558 0.15462962962962962
0 0.20314389359129384 0.44305555555555554 0.0350665054413543 0.13796296296296295
0 0.027811366384522373 0.13657407407407404 0.032648125755743655 0.12685185185185185
0 0.3418984280532044 0.6828703703703703 0.039298669891172915 0.15648148148148147
0 0.34885126964933494 0.7185185185185184 0.04232164449818622 0.1648148148148148
0 0.18500604594921408 0.17083333333333334 0.03748488512696494 0.13796296296296295
0 0.6910519951632407 0.15046296296296297 0.030229746070133016 0.12685185185185185
0 0.653869407496977 0.8722222222222221 0.053808948004836765 0.1925925925925926
0 0.720677146311971 0.9018518518518518 0.04594921402660218 0.17592592592592593
0 0.7185610640870617 0.8634259259259258 0.039298669891172915 0.13796296296296295
0 0.8134824667472793 0.2824074074074074 0.034461910519951636 0.13148148148148148
0 0.19226118500604597 0.43796296296296294 0.03990326481257558 0.14074074074074075
0 0.42200725513905685 0.7180555555555554 0.05199516324062878 0.14907407407407408
0 0.6324062877871827 0.6944444444444443 0.05199516324062878 0.1537037037037037
0 0.1665659008464329 0.425462962962963 0.039298669891172915 0.16018518518518518
0 0.44074969770253936 0.5120370370370371 0.0350665054413543 0.14074074074074075
0 0.4295646916565901 0.4856481481481481 0.034461910519951636 0.1324074074074074
0 0.38814993954050786 0.3763888888888889 0.03869407496977026 0.14907407407407408
0 0.3545949214026603 0.5925925925925927 0.03688029020556228 0.13518518518518519
0 0.3331318016928658 0.5175925925925926 0.03990326481257558 0.13518518518518519
0 0.33615477629987917 0.4912037037037037 0.03748488512696494 0.13796296296296295
0 0.2551390568319227 0.8726851851851851 0.04353083434099154 0.16388888888888886
0 0.7043530834340992 0.05231481481481481 0.027811366384522373 0.10277777777777777
0 0.7366989117291416 0.05138888888888889 0.029625151148730353 0.10092592592592592
0 0.2678355501813785 0.21944444444444444 0.041112454655380895 0.13518518518518519
0 0.7376058041112457 0.045370370370370366 0.03143893591293833 0.08888888888888888
0 0.42049576783555026 0.5708333333333333 0.03688029020556228 0.14907407407407408
0 0.43168077388149945 0.5412037037037037 0.03748488512696494 0.14907407407407408
0 0.23669891172914148 0.6018518518518517 0.03688029020556228 0.14074074074074075
0 0.2859733978234583 0.5773148148148147 0.05320435308343411 0.16203703703703703
0 0.2896009673518743 0.6268518518518519 0.03990326481257558 0.1685185185185185
0 0.3288996372430472 0.3541666666666667 0.03748488512696494 0.1324074074074074
0 0.30350665054413545 0.387037037037037 0.03869407496977026 0.14259259259259258
0 0.3285973397823459 0.3722222222222222 0.03688029020556228 0.13148148148148148
0 0.30441354292623946 0.3662037037037037 0.03688029020556228 0.15092592592592594
0 0.4047762998790811 0.4412037037037037 0.039298669891172915 0.14351851851851852
0 0.7708585247883919 0.9425925925925925 0.041112454655380895 0.11666666666666667
0 0.7980652962515116 0.19768518518518519 0.0350665054413543 0.14351851851851852
0 0.7382103990326483 0.1310185185185185 0.032648125755743655 0.12314814814814815
0 0.6955864570737605 0.9754629629629629 0.048972188633615486 0.04907407407407407
0 0.4809552599758163 0.5328703703703703 0.034461910519951636 0.13425925925925924
0 0.4824667472793229 0.549074074074074 0.03748488512696494 0.15185185185185185
0 0.8833131801692866 0.937037037037037 0.055622732769044746 0.12407407407407406
0 0.8295042321644499 0.9222222222222222 0.0701330108827086 0.15555555555555553
0 0.6360338573155986 0.973611111111111 0.04232164449818622 0.054629629629629625
0 0.6396614268440146 0.7930555555555555 0.047158403869407506 0.1787037037037037
0 0.8585247883917776 0.675 0.04232164449818622 0.1648148148148148
0 0.24546553808948007 0.3569444444444444 0.03748488512696494 0.14351851851851852
0 0.5123941958887546 0.5064814814814814 0.04292623941958888 0.1537037037037037
0 0.5232769044740025 0.47453703703703703 0.041717049576783564 0.16018518518518518
0 0.2496977025392987 0.38240740740740736 0.03143893591293833 0.12037037037037036
0 0.9782345828295044 0.6620370370370369 0.04232164449818622 0.1537037037037037
0 0.6886336154776301 0.7824074074074072 0.04957678355501814 0.16296296296296295
0 0.7406287787182587 0.962962962962963 0.048367593712212824 0.07592592592592592
0 0.7031438935912938 0.04444444444444444 0.030229746070133016 0.08703703703703704
