0 0.40689238210399037 0.4333333333333333 0.030229746070133016 0.07407407407407408
0 0.5813180169286579 0.029629629629629627 0.029625151148730353 0.0574074074074074
0 0.5426239419588876 0.043981481481481476 0.034461910519951636 0.0861111111111111
0 0.6121523579201935 0.025925925925925925 0.02478839177750907 0.05
0 0.9319830713422008 0.062037037037037036 0.032043530834341 0.10925925925925925
0 0.6970979443772672 0.05462962962962962 0.0350665054413543 0.1074074074074074
0 0.7781136638452237 0.10972222222222221 0.03385731559854897 0.13796296296296295
0 0.9588875453446192 0.16898148148148145 0.0350665054413543 0.1324074074074074
0 0.8914752116082225 0.18888888888888886 0.029625151148730353 0.10185185185185185
0 0.9443772672309554 0.10648148148148147 0.030229746070133016 0.13518518518518519
0 0.7122128174123339 0.053240740740740734 0.032648125755743655 0.10462962962962963
0 0.7173518742442563 0.03981481481481481 0.029625151148730353 0.07777777777777777
0 0.6686819830713423 0.08287037037037036 0.03143893591293833 0.1361111111111111
0 0.6438935912938332 0.06944444444444445 0.0350665054413543 0.12962962962962962
0 0.8171100362756955 0.8773148148148148 0.04050785973397824 0.15462962962962962
0 0.736094316807739 0.9337962962962963 0.05139056831922612 0.13425925925925924
0 0.3948004836759371 0.07407407407407408 0.03143893591293833 0.13518518518518519
0 0.09794437726723097 0.0287037037037037 0.02539298669891173 0.05555555555555555
0 0.20072551390568322 0.10740740740740741 0.02902055622732769 0.11851851851851851
0 0.1853083434099154 0.09583333333333334 0.029625151148730353 0.12870370370370368
0 0.1568923821039903 0.09722222222222222 0.039298669891172915 0.137037037037037
0 0.49879081015719473 0.05555555555555555 0.04232164449818622 0.10925925925925925
0 0.7874848851269651 0.9578703703703704 0.046553808948004836 0.0861111111111111
0 0.40507859733978235 0.06018518518518518 0.027811366384522373 0.1111111111111111
0 0.42472793228536887 0.0574074074074074 0.032043530834341 0.11296296296296296
0 0.5414147521160823 0.21342592592592594 0.028415961305925032 0.11018518518518518
0 0.57043530834341 0.09259259259259259 0.03688029020556228 0.13333333333333333
0 0.542926239419589 0.09907407407407408 0.03143893591293833 0.12777777777777777
0 0.50906892382104 0.2375 0.03869407496977026 0.13796296296296295
0 0.9141475211608223 0.08842592592592592 0.032648125755743655 0.12129629629629629
0 0.010580411124546553 0.9902777777777776 0.01995163240628779 0.021296296296296296
0 0.31469165659008475 0.2861111111111111 0.034461910519951636 0.11851851851851851
0 0.3938935912938332 0.2875 0.03688029020556228 0.1398148148148148
0 0.6910519951632408 0.5050925925925925 0.036275695284159616 0.15092592592592594
0 0.7397218863361549 0.48842592592592593 0.029625151148730353 0.11018518518518518
0 0.7001209189842805 0.2601851851851852 0.03990326481257558 0.14259259259259258
0 0.6671704957678357 0.27777777777777773 0.032043530834341 0.12407407407407406
0 0.9610036275695285 0.6787037037037037 0.041717049576783564 0.15185185185185185
0 0.9616082224909313 0.3 0.03688029020556228 0.14444444444444443
0 0.9715840386940751 0.2259259259259259 0.03143893591293833 0.12407407407407406
0 0.9773276904474004 0.387037037037037 0.04050785973397824 0.14629629629629629
0 0.6853083434099154 0.14768518518518517 0.032043530834341 0.1324074074074074
0 0.5652962515114873 0.4916666666666666 0.03143893591293833 0.12407407407407406
0 0.9419588875453447 0.02175925925925926 0.03748488512696494 0.041666666666666664
0 0.977025392986699 0.06203703703703703 0.03748488512696494 0.12222222222222222
0 0.5223700120918985 0.031018518518518515 0.030229746070133016 0.06018518518518518
0 0.48337363966142693 0.07962962962962963 0.029625151148730353 0.07962962962962963
0 0.27418379685610644 0.9583333333333334 0.0441354292623942 0.08518518518518518
0 0.4455864570737606 0.9435185185185184 0.05441354292623943 0.1148148148148148
0 0.9730955259975816 0.9277777777777776 0.0380894800483676 0.14629629629629629
0 0.980652962515115 0.9712962962962963 0.036275695284159616 0.059259259259259255
0 0.49969770253929874 0.6685185185185186 0.027206771463119714 0.15185185185185185
0 0.5157194679564692 0.663888888888889 0.03869407496977026 0.1685185185185185
0 0.23276904474002422 0.7064814814814814 0.04353083434099154 0.17037037037037037
0 0.2055622732769045 0.6875 0.03748488512696494 0.1675925925925926
0 0.23307134220072553 0.6717592592592592 0.039298669891172915 0.15462962962962962
0 0.3500604594921403 0.762962962962963 0.05078597339782346 0.17592592592592593
0 0.4126360338573157 0.7925925925925926 0.05139056831922612 0.17777777777777776
0 0.4540507859733979 0.7953703703703704 0.047158403869407506 0.1611111111111111
0 0.578597339782346 0.9064814814814814 0.03990326481257558 0.15925925925925927
0 0.6181983071342202 0.912962962962963 0.046553808948004836 0.17592592592592593
0 0.6562877871825877 0.9513888888888888 0.04534461910519952 0.09907407407407406
0 0.8440145102781138 0.9106481481481481 0.06529625151148731 0.17685185185185184
0 0.8938935912938333 0.9356481481481481 0.05985489721886337 0.13055555555555556
0 0.020556227327690448 0.7120370370370369 0.03990326481257558 0.15555555555555553
0 0.15145102781136643 0.725925925925926 0.04292623941958888 0.15925925925925927
0 0.3192261185006046 0.6782407407407407 0.03990326481257558 0.1398148148148148
0 0.3751511487303507 0.7027777777777777 0.0441354292623942 0.1648148148148148
0 0.3914752116082226 0.674537037037037 0.03688029020556228 0.14351851851851852
0 0.4365175332527207 0.7236111111111111 0.04353083434099154 0.16018518518518518
0 0.4600967351874245 0.6921296296296295 0.04232164449818622 0.14907407407407408
0 0.7064691656590085 0.8731481481481481 0.04776299879081017 0.1796296296296296
0 0.727932285368803 0.7032407407407407 0.05078597339782346 0.1472222222222222
0 0.8252720677146312 0.6921296296296297 0.04474002418379686 0.14351851851851852
0 0.578597339782346 0.5962962962962962 0.047158403869407506 0.17037037037037037
0 0.6154776299879082 0.5949074074074073 0.036275695284159616 0.1398148148148148
0 0.6269649334945586 0.7569444444444444 0.05199516324062878 0.16574074074074074
0 0.6632406287787184 0.7324074074074074 0.04594921402660218 0.18518518518518517
0 0.7914147521160823 0.5962962962962962 0.047158403869407506 0.15
0 0.8385731559854898 0.6055555555555556 0.04594921402660218 0.1574074074074074
0 0.8969165659008466 0.8175925925925926 0.04776299879081017 0.18703703703703703
0 0.9337968561064087 0.7930555555555556 0.0441354292623942 0.16944444444444443
0 0.8567110036275696 0.725925925925926 0.047158403869407506 0.1537037037037037
0 0.9873035066505443 0.6634259259259259 0.02297460701330109 0.17314814814814813
0 0.9637243047158405 0.6087962962962962 0.03990326481257558 0.13796296296296295
0 0.8978234582829506 0.6254629629629629 0.04474002418379686 0.14537037037037034
0 0.9250302297460702 0.6217592592592592 0.03748488512696494 0.15092592592592594
0 0.9425634824667475 0.5523148148148148 0.041112454655380895 0.14537037037037034
0 0.9848851269649336 0.5587962962962962 0.02902055622732769 0.14537037037037034
0 0.9340991535671102 0.41203703703703703 0.04232164449818622 0.16296296296296295
0 0.41626360338573165 0.5888888888888888 0.046553808948004836 0.1537037037037037
0 0.4809552599758163 0.4592592592592593 0.046553808948004836 0.14814814814814817
0 0.5187424425634826 0.47407407407407404 0.03748488512696494 0.13518518518518519
0 0.5510882708585249 0.4564814814814815 0.03688029020556228 0.14629629629629629
0 0.6287787182587666 0.42592592592592593 0.03385731559854897 0.15185185185185185
0 0.718863361547763 0.45046296296296295 0.04232164449818622 0.14351851851851852
0 0.7179564691656591 0.500462962962963 0.039298669891172915 0.16018518518518518
0 0.5934099153567111 0.4930555555555555 0.041717049576783564 0.1324074074074074
0 0.6148730350665055 0.5023148148148148 0.027811366384522373 0.12129629629629629
0 0.6079201934703748 0.5662037037037037 0.039298669891172915 0.14907407407407408
0 0.7663240628778718 0.5101851851851851 0.0441354292623942 0.1648148148148148
0 0.81590084643289 0.49999999999999994 0.034461910519951636 0.1537037037037037
0 0.9685610640870617 0.5217592592592593 0.0350665054413543 0.1398148148148148
0 0.8440145102781138 0.27546296296296297 0.03748488512696494 0.13425925925925924
0 0.887243047158404 0.262037037037037 0.027206771463119714 0.13148148148148148
0 0.8518742442563484 0.2634259259259259 0.027811366384522373 0.12685185185185185
0 0.05501813784764208 0.7185185185185184 0.04957678355501814 0.1925925925925926
0 0.011789600967351875 0.6027777777777777 0.02237001209189843 0.15185185185185185
0 0.07255139056831923 0.6407407407407407 0.04353083434099154 0.1722222222222222
0 0.3842200725513906 0.4009259259259259 0.034461910519951636 0.11666666666666667
0 0.23216444981862155 0.46481481481481474 0.03748488512696494 0.1574074074074074
0 0.26753325272067713 0.4625 0.034461910519951636 0.1398148148148148
0 0.3276904474002419 0.4976851851851851 0.032648125755743655 0.14907407407407408
0 0.3364570737605805 0.5541666666666667 0.035671100362756954 0.1472222222222222
0 0.28688029020556227 0.5393518518518517 0.03688029020556228 0.16018518518518518
0 0.30804111245465543 0.37037037037037035 0.032043530834341 0.13518518518518519
0 0.39600967351874244 0.3458333333333333 0.041112454655380895 0.14537037037037034
0 0.5075574365175334 0.3967592592592593 0.03688029020556228 0.13055555555555556
0 0.7617896009673518 0.46851851851851845 0.0350665054413543 0.14444444444444443
0 0.06076178960096735 0.5421296296296296 0.039298669891172915 0.15092592592592594
0 0.028415961305925032 0.5291666666666667 0.04957678355501814 0.16018518518518518
0 0.04292623941958888 0.3611111111111111 0.0350665054413543 0.14629629629629629
0 0.04050785973397824 0.4217592592592593 0.03990326481257558 0.1398148148148148
0 0.07103990326481259 0.4416666666666666 0.03688029020556228 0.1074074074074074
0 0.2055622732769045 0.5342592592592592 0.03748488512696494 0.16296296296296295
0 0.24002418379685614 0.5402777777777777 0.03869407496977026 0.14166666666666666
0 0.12122128174123338 0.22175925925925927 0.029625151148730353 0.09537037037037037
0 0.13724304715840388 0.21990740740740738 0.03990326481257558 0.12685185185185185
0 0.01934703748488513 0.22916666666666663 0.03748488512696494 0.12870370370370368
0 0.07769044740024185 0.3157407407407407 0.041717049576783564 0.15185185185185185
0 0.14389359129383314 0.4907407407407407 0.03869407496977026 0.14814814814814817
0 0.16928657799274488 0.40046296296296297 0.03869407496977026 0.15462962962962962
0 0.1865175332527207 0.4189814814814815 0.039298669891172915 0.15462962962962962
0 0.7478839177750907 0.36898148148148147 0.03990326481257558 0.15092592592592594
0 0.7249093107617895 0.39629629629629626 0.03990326481257558 0.14074074074074075
0 0.6916565900846434 0.3722222222222221 0.041112454655380895 0.13888888888888887
0 0.6541717049576784 0.36898148148148147 0.041112454655380895 0.15462962962962962
0 0.25392986698911735 0.1611111111111111 0.0350665054413543 0.13148148148148148
0 0.25453446191052 0.26712962962962966 0.041112454655380895 0.14537037037037034
0 0.2896009673518743 0.2726851851851852 0.036275695284159616 0.14907407407407408
0 0.3648730350665055 0.2912037037037037 0.032043530834341 0.12870370370370368
0 0.542019347037485 0.2319444444444444 0.0441354292623942 0.13425925925925924
0 0.15296251511487305 0.23564814814814816 0.03143893591293833 0.1398148148148148
0 0.7400241837968561 0.14675925925925926 0.032648125755743655 0.1324074074074074
0 0.6590084643288997 0.20879629629629629 0.03748488512696494 0.14537037037037034
0 0.6372430471584039 0.22731481481481483 0.0350665054413543 0.13425925925925924
0 0.6469165659008463 0.3 0.04474002418379686 0.1574074074074074
0 0.6837968561064088 0.2268518518518518 0.027811366384522373 0.09074074074074073
0 0.5788996372430473 0.21157407407407405 0.029625151148730353 0.1324074074074074
0 0.7744860943168078 0.2722222222222222 0.032648125755743655 0.1259259259259259
0 0.5525997581620316 0.1597222222222222 0.0350665054413543 0.12314814814814815
0 0.6130592503022975 0.1625 0.0350665054413543 0.13425925925925924
0 0.7339782345828296 0.07824074074074074 0.032648125755743655 0.11574074074074073
0 0.7512091898428054 0.11574074074074074 0.034461910519951636 0.12962962962962962
0 0.9516324062877872 0.3453703703703704 0.04232164449818622 0.14259259259259258
0 0.9380290205562274 0.25092592592592594 0.039298669891172915 0.12962962962962962
0 0.8606408706166868 0.16203703703703703 0.039298669891172915 0.137037037037037
0 0.9141475211608223 0.31759259259259254 0.03990326481257558 0.14074074074074075
0 0.7067714631197098 0.1388888888888889 0.032648125755743655 0.12962962962962962
0 0.10429262394195889 0.1587962962962963 0.0441354292623942 0.14351851851851852
0 0.35006045949214026 0.19259259259259257 0.04474002418379686 0.137037037037037
0 0.5761789600967353 0.05231481481481481 0.032648125755743655 0.10277777777777777
0 0.5858524788391778 0.04074074074074074 0.032648125755743655 0.07962962962962963
0 0.062273276904474005 0.16574074074074072 0.03143893591293833 0.12407407407407406
0 0.07889963724304716 0.19398148148148148 0.034461910519951636 0.14351851851851852
0 0.36577992744860943 0.07731481481481481 0.03385731559854897 0.1324074074074074
0 0.18107617896009673 0.1375 0.034461910519951636 0.1324074074074074
0 0.8778718258766628 0.12777777777777777 0.030229746070133016 0.12037037037037036
0 0.9437726723095525 0.12037037037037036 0.0350665054413543 0.12962962962962962
0 0.9830713422007256 0.1532407407407407 0.030229746070133016 0.13796296296296295
0 0.9135429262394197 0.14027777777777778 0.030229746070133016 0.1324074074074074
0 0.33403869407496983 0.08518518518518518 0.02478839177750907 0.12037037037037036
0 0.32406287787182597 0.06898148148148148 0.027811366384522373 0.11574074074074073
0 0.021160822249093107 0.8574074074074074 0.041112454655380895 0.19074074074074074
0 0.2889963724304716 0.07453703703703704 0.032648125755743655 0.12685185185185185
0 0.7766021765417171 0.13472222222222222 0.034461910519951636 0.13425925925925924
0 0.027811366384522373 0.17453703703703702 0.0350665054413543 0.1324074074074074
0 0.011185006045949216 0.1875 0.02116082224909311 0.10462962962962963
0 0.1293833131801693 0.137037037037037 0.03748488512696494 0.12962962962962962
0 0.5151148730350665 0.04861111111111111 0.032648125755743655 0.09537037037037037
0 0.7496977025392987 0.06805555555555555 0.030229746070133016 0.12870370370370368
0 0.8739419588875454 0.2712962962962963 0.039298669891172915 0.13333333333333333
0 0.8029020556227329 0.25601851851851853 0.03748488512696494 0.14166666666666666
0 0.24002418379685614 0.44629629629629625 0.032648125755743655 0.14074074074074075
0 0.5870616686819832 0.6546296296296296 0.05078597339782346 0.14814814814814817
0 0.5628778718258767 0.6277777777777778 0.03990326481257558 0.15555555555555553
0 0.6142684401451028 0.6305555555555554 0.03748488512696494 0.1574074074074074
0 0.7708585247883919 0.7171296296296296 0.05441354292623943 0.14907407407407408
0 0.2237001209189843 0.4185185185185185 0.032648125755743655 0.14629629629629629
0 0.2714631197097945 0.43148148148148147 0.03748488512696494 0.14629629629629629
0 0.5659008464328901 0.4078703703703704 0.03990326481257558 0.13796296296296295
0 0.5568319226118501 0.40462962962962956 0.04232164449818622 0.14074074074074075
0 0.5181378476420798 0.4476851851851852 0.030229746070133016 0.13796296296296295
0 0.39842805320435315 0.42037037037037034 0.0350665054413543 0.13518518518518519
0 0.41596130592503033 0.3333333333333333 0.032648125755743655 0.13333333333333333
0 0.441354292623942 0.3541666666666667 0.0350665054413543 0.13796296296296295
0 0.4794437726723096 0.3384259259259259 0.030229746070133016 0.0824074074074074
0 0.5142079806529626 0.36018518518518516 0.032043530834341 0.12407407407407406
0 0.4474002418379686 0.5254629629629629 0.03869407496977026 0.14907407407407408
0 0.3899637243047159 0.5787037037037037 0.030229746070133016 0.14629629629629629
0 0.38482466747279326 0.5134259259259258 0.039298669891172915 0.12314814814814815
0 0.37968561064087064 0.4939814814814814 0.03143893591293833 0.1324074074074074
0 0.21130592503022977 0.1412037037037037 0.029625151148730353 0.11203703703703702
0 0.3095525997581621 0.09259259259259259 0.030229746070133016 0.11296296296296296
0 0.18833131801692868 0.22407407407407404 0.030834340991535675 0.137037037037037
0 0.21009673518742444 0.09074074074074075 0.034461910519951636 0.12962962962962962
0 0.47128174123337374 0.3981481481481481 0.027206771463119714 0.09074074074074073
0 0.48428053204353083 0.4157407407407407 0.026602176541717055 0.11296296296296296
0 0.2699516324062878 0.9199074074074073 0.046553808948004836 0.15462962962962962
0 0.2636033857315599 0.11296296296296296 0.03990326481257558 0.1574074074074074
0 0.7548367593712214 0.04212962962962962 0.030834340991535675 0.0824074074074074
0 0.782950423216445 0.05046296296296295 0.02902055622732769 0.09907407407407406
0 0.7862756952841597 0.04027777777777777 0.029625151148730353 0.0787037037037037
0 0.10338573155985492 0.2949074074074074 0.0350665054413543 0.13425925925925924
0 0.002720677146311971 0.16018518518518518 0.004232164449818622 0.12407407407407406
0 0.7587666263603386 0.03796296296296296 0.03385731559854897 0.07407407407407408
