0 0.415659008464329 0.43379629629629624 0.029625151148730353 0.07314814814814814
0 0.38694074969770254 0.015277777777777777 0.03385731559854897 0.0287037037037037
0 0.4301692865779928 0.029629629629629627 0.034461910519951636 0.0574074074074074
0 0.7025392986698913 0.030555555555555555 0.027811366384522373 0.059259259259259255
0 0.728839177750907 0.02824074074074074 0.027206771463119714 0.054629629629629625
0 0.5798065296251512 0.04212962962962962 0.030229746070133016 0.0824074074074074
0 0.6726118500604594 0.06157407407407407 0.029625151148730353 0.12129629629629629
0 0.5674123337363967 0.10277777777777777 0.034461910519951636 0.14629629629629629
0 0.6157799274486094 0.12824074074074074 0.034461910519951636 0.1324074074074074
0 0.49365175332527217 0.05833333333333333 0.032043530834341 0.1148148148148148
0 0.5374848851269649 0.06157407407407407 0.036275695284159616 0.12129629629629629
0 0.5646916565900847 0.06018518518518518 0.032648125755743655 0.11851851851851851
0 0.6194074969770255 0.07129629629629629 0.032043530834341 0.1111111111111111
0 0.6741233373639661 0.10787037037037035 0.0350665054413543 0.1361111111111111
0 0.6983071342200725 0.08842592592592592 0.030229746070133016 0.11203703703703702
0 0.7509068923821041 0.18842592592592589 0.032648125755743655 0.11203703703703702
0 0.7657194679564692 0.18518518518518517 0.034461910519951636 0.1259259259259259
0 0.7445586457073761 0.10509259259259258 0.029625151148730353 0.12685185185185185
0 0.7705562273276906 0.09722222222222222 0.032043530834341 0.11851851851851851
0 0.8960096735187426 0.06944444444444443 0.04232164449818622 0.137037037037037
0 0.9570737605804113 0.07129629629629629 0.032648125755743655 0.12407407407407406
0 0.9603990326481259 0.04861111111111111 0.032043530834341 0.09537037037037037
0 0.9882103990326483 0.14351851851851852 0.02237001209189843 0.1259259259259259
0 0.9235187424425637 0.1662037037037037 0.032043530834341 0.13796296296296295
0 0.8264812575574366 0.26666666666666666 0.03748488512696494 0.14259259259259258
0 0.9280532043530835 0.2717592592592592 0.0350665054413543 0.1324074074074074
0 0.9830713422007256 0.3087962962962963 0.030229746070133016 0.10092592592592592
0 0.8675937122128174 0.21574074074074073 0.030229746070133016 0.13518518518518519
0 0.8022974607013302 0.17453703703703702 0.032648125755743655 0.14537037037037034
0 0.8530834340991537 0.14305555555555555 0.030229746070133016 0.13425925925925924
0 0.7230955259975816 0.287962962962963 0.032648125755743655 0.14074074074074075
0 0.6916565900846433 0.26481481481481484 0.03990326481257558 0.14814814814814817
0 0.7602781136638453 0.4611111111111111 0.032043530834341 0.12962962962962962
0 0.7759975816203144 0.5296296296296297 0.0441354292623942 0.14814814814814817
0 0.5634824667472794 0.25879629629629625 0.032648125755743655 0.15462962962962962
0 0.26541717049576785 0.04861111111111111 0.030229746070133016 0.09537037037037037
0 0.14389359129383317 0.05092592592592592 0.032648125755743655 0.1
0 0.10126964933494559 0.04583333333333332 0.032043530834341 0.0898148148148148
0 0.14480048367593715 0.02685185185185185 0.032043530834341 0.05185185185185184
0 0.048669891172914155 0.1597222222222222 0.032043530834341 0.14351851851851852
0 0.41837968561064093 0.137037037037037 0.032648125755743655 0.12962962962962962
0 0.38875453446191055 0.13842592592592592 0.0350665054413543 0.1324074074074074
0 0.3615477629987908 0.18333333333333332 0.0350665054413543 0.137037037037037
0 0.35368802902055624 0.17175925925925922 0.02902055622732769 0.13796296296296295
0 0.30864570737605806 0.2527777777777777 0.032043530834341 0.1259259259259259
0 0.23095525997581626 0.2412037037037037 0.030229746070133016 0.13425925925925924
0 0.2134220072551391 0.262037037037037 0.032648125755743655 0.14074074074074075
0 0.8573155985489722 0.1787037037037037 0.02539298669891173 0.11296296296296296
0 0.6723095525997581 0.15416666666666667 0.03990326481257558 0.12685185185185185
0 0.8252720677146314 0.5689814814814814 0.04594921402660218 0.15462962962962962
0 0.5804111245465539 0.2458333333333333 0.026602176541717055 0.12870370370370368
0 0.6051995163240629 0.2435185185185185 0.030229746070133016 0.12407407407407406
0 0.5816203143893591 0.3444444444444444 0.030229746070133016 0.13148148148148148
0 0.656590084643289 0.2875 0.03869407496977026 0.13425925925925924
0 0.6224304715840389 0.2884259259259259 0.03688029020556228 0.12314814814814815
0 0.649334945586457 0.4092592592592592 0.03990326481257558 0.14259259259259258
0 0.8367593712212819 0.19675925925925924 0.032648125755743655 0.12129629629629629
0 0.25211608222490933 0.5305555555555554 0.036275695284159616 0.13518518518518519
0 0.31650544135429265 0.4712962962962963 0.032043530834341 0.13518518518518519
0 0.8252720677146312 0.12129629629629628 0.0350665054413543 0.12407407407407406
0 0.7605804111245467 0.7777777777777778 0.03990326481257558 0.16666666666666666
0 0.7218863361547764 0.6800925925925925 0.03143893591293833 0.125
0 0.7209794437726723 0.4550925925925926 0.039298669891172915 0.14351851851851852
0 0.6892382103990327 0.46296296296296297 0.0350665054413543 0.14629629629629629
0 0.8618500604594922 0.9472222222222222 0.0380894800483676 0.1074074074074074
0 0.911124546553809 0.13148148148148148 0.032648125755743655 0.12962962962962962
0 0.9304715840386941 0.7402777777777777 0.048367593712212824 0.17129629629629628
0 0.7149334945586459 0.25231481481481477 0.032043530834341 0.1324074074074074
0 0.981559854897219 0.20972222222222223 0.029625151148730353 0.12129629629629629
0 0.7675332527206772 0.12638888888888888 0.041717049576783564 0.12129629629629629
0 0.5849455864570738 0.48009259259259257 0.032043530834341 0.1324074074074074
0 0.8065296251511489 0.17129629629629628 0.03748488512696494 0.11296296296296296
0 0.9380290205562274 0.10370370370370369 0.034461910519951636 0.1148148148148148
0 0.970677146311971 0.17175925925925922 0.039298669891172915 0.13796296296296295
0 0.6553808948004837 0.0962962962962963 0.030229746070133016 0.11296296296296296
0 0.6435912938331319 0.17685185185185184 0.029625151148730353 0.07962962962962963
0 0.981559854897219 0.07037037037037036 0.030834340991535675 0.1148148148148148
0 0.2778113663845224 0.9537037037037037 0.048972188633615486 0.09444444444444443
0 0.44437726723095533 0.9430555555555554 0.048367593712212824 0.11574074074074073
0 0.9851874244256349 0.9384259259259259 0.028415961305925032 0.12129629629629629
0 0.9788391777509069 0.9587962962962963 0.03990326481257558 0.08425925925925926
0 0.4993954050785974 0.6592592592592593 0.02539298669891173 0.15185185185185185
0 0.5169286577992745 0.6569444444444444 0.0350665054413543 0.16388888888888886
0 0.2415356711003628 0.7074074074074074 0.048972188633615486 0.17037037037037037
0 0.2016324062877872 0.6787037037037037 0.041717049576783564 0.1648148148148148
0 0.2363966142684402 0.6666666666666666 0.03990326481257558 0.1537037037037037
0 0.4978839177750907 0.8013888888888888 0.041717049576783564 0.18796296296296294
0 0.41565900846432896 0.8162037037037035 0.046553808948004836 0.15462962962962962
0 0.5946191051995164 0.7930555555555555 0.034461910519951636 0.14907407407407408
0 0.6405683192261186 0.7379629629629628 0.034461910519951636 0.17037037037037037
0 0.601571946795647 0.7421296296296295 0.0350665054413543 0.14907407407407408
0 0.6505441354292626 0.7921296296296295 0.05925030229746071 0.1398148148148148
0 0.6913542926239421 0.7694444444444444 0.03325272067714632 0.16296296296296295
0 0.6106408706166868 0.9458333333333333 0.05078597339782346 0.11018518518518518
0 0.6671704957678356 0.9171296296296295 0.053808948004836765 0.1472222222222222
0 0.5888754534461911 0.5712962962962963 0.03990326481257558 0.15185185185185185
0 0.6215235792019348 0.5902777777777778 0.03748488512696494 0.13796296296296295
0 0.7521160822249094 0.8648148148148148 0.04957678355501814 0.15555555555555553
0 0.7986698911729143 0.8796296296296295 0.04474002418379686 0.1574074074074074
0 0.6980048367593713 0.9398148148148148 0.046553808948004836 0.12222222222222222
0 0.9141475211608224 0.9435185185185184 0.05078597339782346 0.1148148148148148
0 0.8893591293833133 0.8967592592592591 0.04594921402660218 0.15833333333333333
0 0.8062273276904476 0.9296296296296295 0.04050785973397824 0.13888888888888887
0 0.8400846432889963 0.9222222222222222 0.0441354292623942 0.1574074074074074
0 0.9428657799274487 0.7976851851851852 0.053808948004836765 0.18425925925925926
0 0.3651753325272068 0.7462962962962962 0.047158403869407506 0.16296296296296295
0 0.4721886336154777 0.4467592592592593 0.03748488512696494 0.12685185185185185
0 0.5157194679564692 0.49675925925925923 0.036275695284159616 0.13796296296296295
0 0.5296251511487304 0.4810185185185185 0.032648125755743655 0.13796296296296295
0 0.5326481257557437 0.29814814814814816 0.030229746070133016 0.14074074074074075
0 0.749093107617896 0.6157407407407407 0.04353083434099154 0.1648148148148148
0 0.7466747279322855 0.7273148148148147 0.04474002418379686 0.1675925925925926
0 0.5906892382103991 0.4939814814814814 0.03748488512696494 0.14351851851851852
0 0.6172914147521161 0.49861111111111106 0.027811366384522373 0.12129629629629629
0 0.6145707376058042 0.5717592592592593 0.039298669891172915 0.14907407407407408
0 0.8440145102781138 0.7314814814814814 0.04594921402660218 0.1796296296296296
0 0.8110640870616689 0.7652777777777777 0.041717049576783564 0.1675925925925926
0 0.9035671100362758 0.275 0.032043530834341 0.12962962962962962
0 0.891777509068924 0.2574074074074074 0.03143893591293833 0.13333333333333333
0 0.8685006045949215 0.2564814814814815 0.028415961305925032 0.12777777777777777
0 0.255441354292624 0.7879629629629629 0.0380894800483676 0.1574074074074074
0 0.23488512696493355 0.8087962962962962 0.0441354292623942 0.16203703703703703
0 0.31620314389359133 0.8268518518518518 0.064087061668682 0.18518518518518517
0 0.4730955259975817 0.41481481481481475 0.03325272067714632 0.1111111111111111
0 0.23216444981862155 0.4592592592592592 0.03748488512696494 0.1574074074074074
0 0.26723095525997587 0.461574074074074 0.03748488512696494 0.14537037037037034
0 0.36275695284159615 0.5342592592592593 0.03385731559854897 0.14814814814814817
0 0.3198307134220073 0.5638888888888888 0.030229746070133016 0.14629629629629629
0 0.2956469165659009 0.538425925925926 0.03748488512696494 0.16018518518518518
0 0.503627569528416 0.26157407407407407 0.027811366384522373 0.13425925925925924
0 0.3935912938331318 0.33935185185185185 0.041112454655380895 0.14537037037037034
0 0.50453446191052 0.39351851851851843 0.032043530834341 0.12777777777777777
0 0.7496977025392988 0.6592592592592593 0.036275695284159616 0.1537037037037037
0 0.09854897218863362 0.7439814814814815 0.03990326481257558 0.15277777777777776
0 0.05501813784764208 0.7629629629629628 0.04957678355501814 0.1796296296296296
0 0.04443772672309553 0.3523148148148148 0.034461910519951636 0.14537037037037034
0 0.3201330108827086 0.8731481481481481 0.04776299879081017 0.18703703703703703
0 0.38029020556227333 0.8662037037037036 0.03990326481257558 0.15462962962962962
0 0.409310761789601 0.23425925925925925 0.02539298669891173 0.10185185185185185
0 0.39661426844014513 0.23148148148148145 0.030229746070133016 0.13518518518518519
0 0.023881499395405077 0.4837962962962962 0.046553808948004836 0.15648148148148147
0 0.12575574365175332 0.8069444444444444 0.048367593712212824 0.17129629629629628
0 0.283857315598549 0.6601851851851852 0.046553808948004836 0.1537037037037037
0 0.314087061668682 0.711111111111111 0.046553808948004836 0.1722222222222222
0 0.6269649334945586 0.5166666666666667 0.03869407496977026 0.14629629629629629
0 0.5662031438935914 0.5449074074074074 0.0441354292623942 0.14537037037037034
0 0.5208585247883919 0.5449074074074074 0.039298669891172915 0.14351851851851852
0 0.47430471584038697 0.562037037037037 0.04050785973397824 0.17037037037037037
0 0.24516324062877873 0.15 0.04292623941958888 0.137037037037037
0 0.18016928657799275 0.5212962962962963 0.04594921402660218 0.1574074074074074
0 0.21493349455864574 0.5101851851851851 0.041717049576783564 0.1648148148148148
0 0.2989721886336155 0.48287037037037034 0.03688029020556228 0.16018518518518518
0 0.682285368802902 0.40046296296296297 0.0441354292623942 0.14351851851851852
0 0.7397218863361549 0.13935185185185184 0.032043530834341 0.1324074074074074
0 0.7406287787182589 0.3222222222222222 0.03748488512696494 0.137037037037037
0 0.654776299879081 0.35833333333333334 0.03748488512696494 0.13518518518518519
0 0.6768440145102782 0.4944444444444444 0.05139056831922612 0.1574074074074074
0 0.7729746070133012 0.35185185185185186 0.027206771463119714 0.08703703703703704
0 0.6073155985489722 0.3449074074074074 0.032043530834341 0.14537037037037034
0 0.8615477629987909 0.4935185185185185 0.03748488512696494 0.14629629629629629
0 0.6656590084643289 0.33749999999999997 0.0350665054413543 0.12314814814814815
0 0.7360943168077388 0.375462962962963 0.039298669891172915 0.14351851851851852
0 0.8796856106408707 0.16064814814814812 0.02902055622732769 0.11574074074074073
0 0.7684401451027811 0.23240740740740742 0.0350665054413543 0.15
0 0.986094316807739 0.6282407407407408 0.026602176541717055 0.16574074074074074
0 0.9848851269649336 0.4851851851851851 0.02902055622732769 0.14444444444444443
0 0.9552599758162033 0.2875 0.03748488512696494 0.15462962962962962
0 0.9594921402660219 0.5916666666666667 0.041112454655380895 0.1648148148148148
0 0.7569528415961307 0.25833333333333336 0.032648125755743655 0.12962962962962962
0 0.19921402660217655 0.40138888888888885 0.039298669891172915 0.15833333333333333
0 0.7091898428053205 0.1375 0.032648125755743655 0.11574074074074073
0 0.6762394195888755 0.0962962962962963 0.034461910519951636 0.11851851851851851
0 0.35701330108827095 0.07731481481481481 0.032043530834341 0.13796296296296295
0 0.1324062877871826 0.32916666666666666 0.03990326481257558 0.1398148148148148
0 0.8237605804111247 0.23194444444444443 0.029625151148730353 0.12870370370370368
0 0.9265417170495769 0.2273148148148148 0.03325272067714632 0.12870370370370368
0 0.9564691656590085 0.2597222222222222 0.03748488512696494 0.13796296296296295
0 0.8482466747279324 0.24074074074074073 0.030229746070133016 0.13518518518518519
0 0.33010882708585254 0.09814814814814814 0.02539298669891173 0.12037037037037036
0 0.31318016928657805 0.06666666666666667 0.027811366384522373 0.11666666666666667
0 0.01662636033857316 0.8689814814814815 0.032043530834341 0.175
0 0.3022974607013302 0.08935185185185185 0.03143893591293833 0.12685185185185185
0 0.7835550181378476 0.25416666666666665 0.0350665054413543 0.14537037037037034
0 0.10701330108827088 0.37361111111111106 0.04594921402660218 0.14537037037037034
0 0.6405683192261186 0.11712962962962961 0.032043530834341 0.12685185185185185
0 0.8932889963724305 0.14259259259259258 0.029625151148730353 0.12962962962962962
0 0.8681983071342202 0.27824074074074073 0.036275695284159616 0.1361111111111111
0 0.9087061668681984 0.48657407407407405 0.041112454655380895 0.15277777777777776
0 0.2388149939540508 0.43796296296296294 0.032648125755743655 0.14074074074074075
0 0.5870616686819832 0.6527777777777778 0.05078597339782346 0.14814814814814817
0 0.5752720677146312 0.6273148148148148 0.05622732769044741 0.15648148148148147
0 0.6091293833131802 0.6254629629629629 0.03688029020556228 0.15648148148148147
0 0.7823458282950424 0.711111111111111 0.04232164449818622 0.14074074074074075
0 0.22490931076178963 0.412962962962963 0.032648125755743655 0.14629629629629629
0 0.26723095525997587 0.42685185185185187 0.03748488512696494 0.14629629629629629
0 0.5504836759371222 0.4435185185185185 0.034461910519951636 0.13888888888888887
0 0.5580411124546555 0.43148148148148147 0.0350665054413543 0.12962962962962962
0 0.49274486094316816 0.4819444444444444 0.030229746070133016 0.14351851851851852
0 0.40507859733978235 0.39999999999999997 0.03385731559854897 0.14074074074074075
0 0.4174727932285369 0.3310185185185185 0.032043530834341 0.13055555555555556
0 0.44437726723095533 0.3449074074074074 0.0350665054413543 0.13796296296296295
0 0.4818621523579203 0.33287037037037037 0.032648125755743655 0.0824074074074074
0 0.5163240628778719 0.3509259259259259 0.030229746070133016 0.12407407407407406
0 0.4483071342200726 0.5208333333333333 0.039298669891172915 0.14537037037037034
0 0.3851269649334946 0.5666666666666667 0.02902055622732769 0.14629629629629629
0 0.3890568319226119 0.5101851851851851 0.029625151148730353 0.12407407407407406
0 0.3866384522370012 0.4837962962962962 0.030834340991535675 0.1361111111111111
0 0.16444981862152358 0.3782407407407407 0.0350665054413543 0.12685185185185185
0 0.318621523579202 0.1111111111111111 0.030229746070133016 0.11296296296296296
0 0.26934703748488514 0.24814814814814812 0.034461910519951636 0.13518518518518519
0 0.4737001209189844 0.39444444444444443 0.027206771463119714 0.09074074074074073
0 0.4903264812575575 0.4083333333333333 0.02539298669891173 0.10370370370370369
0 0.2729746070133011 0.924074074074074 0.05139056831922612 0.15185185185185185
0 0.4516324062877872 0.24814814814814815 0.03990326481257558 0.16296296296296295
0 0.7560459492140267 0.04351851851851851 0.03325272067714632 0.08518518518518518
0 0.7862756952841597 0.04768518518518518 0.029625151148730353 0.09351851851851851
0 0.7862756952841597 0.0412037037037037 0.028415961305925032 0.08055555555555555
0 0.009673518742442565 0.4708333333333333 0.018137847642079808 0.13796296296296295
0 0.004534461910519952 0.15648148148148147 0.007859733978234583 0.12407407407407406
0 0.755441354292624 0.03287037037037037 0.03325272067714632 0.06388888888888888
