0 0.5 0.6078703703703704 0.041112454655380895 0.15648148148148147
0 0.5299274486094318 0.5912037037037037 0.03688029020556228 0.13796296296296295
0 0.5259975816203144 0.7597222222222222 0.048367593712212824 0.17129629629629628
0 0.5000000000000001 0.8013888888888888 0.05925030229746071 0.16388888888888886
0 0.5462515114873036 0.7240740740740741 0.0380894800483676 0.14259259259259258
0 0.5798065296251512 0.5944444444444444 0.04957678355501814 0.17037037037037037
0 0.4543530834340992 0.31990740740740736 0.039298669891172915 0.16018518518518518
0 0.5840386940749699 0.7453703703703703 0.048367593712212824 0.1611111111111111
0 0.5855501813784765 0.7120370370370369 0.039298669891172915 0.14629629629629629
0 0.5507859733978235 0.8671296296296295 0.04594921402660218 0.17314814814814813
0 0.4939540507859735 0.6958333333333333 0.05078597339782346 0.16018518518518518
0 0.37363966142684407 0.9 0.05320435308343411 0.17777777777777776
0 0.5181378476420798 0.9004629629629629 0.04474002418379686 0.17129629629629628
0 0.20133010882708588 0.9314814814814815 0.04957678355501814 0.13888888888888887
0 0.6568923821039904 0.8986111111111109 0.05864570737605805 0.1787037037037037
0 0.47853688029020564 0.3699074074074074 0.0441354292623942 0.16203703703703703
0 0.6874244256348248 0.6805555555555555 0.05804111245465538 0.17407407407407408
0 0.6166868198307135 0.899074074074074 0.04353083434099154 0.18148148148148147
0 0.3518742442563483 0.8842592592592592 0.05320435308343411 0.17407407407407408
0 0.6614268440145104 0.7300925925925925 0.05320435308343411 0.17129629629629628
0 0.510882708585248 0.7513888888888888 0.030229746070133016 0.10648148148148147
0 0.5964328899637243 0.6671296296296295 0.046553808948004836 0.15462962962962962
0 0.2475816203143894 0.925 0.05622732769044741 0.15185185185185185
0 0.4885126964933495 0.7856481481481481 0.03990326481257558 0.13796296296296295
0 0.47037484885126973 0.6777777777777776 0.03990326481257558 0.1537037037037037
0 0.6387545344619107 0.374537037037037 0.04050785973397824 0.13796296296296295
0 0.6732164449818622 0.3736111111111111 0.041717049576783564 0.15462962962962962
0 0.04474002418379686 0.7481481481481481 0.047158403869407506 0.18888888888888886
0 0.7131197097944378 0.5708333333333333 0.0441354292623942 0.1675925925925926
0 0.5918984280532045 0.3606481481481481 0.04957678355501814 0.16574074074074074
0 0.502720677146312 0.44675925925925924 0.04292623941958888 0.15648148148148147
0 0.6771463119709794 0.5027777777777778 0.03990326481257558 0.1537037037037037
0 0.7339782345828296 0.49953703703703695 0.04353083434099154 0.16944444444444443
0 0.5516928657799275 0.4467592592592593 0.041717049576783564 0.16018518518518518
0 0.5816203143893591 0.45787037037037037 0.04232164449818622 0.13796296296296295
0 0.5290205562273278 0.2412037037037037 0.032648125755743655 0.15462962962962962
0 0.7820435308343412 0.6787037037037036 0.05501813784764208 0.1796296296296296
0 0.8370616686819832 0.6708333333333333 0.05139056831922612 0.1824074074074074
0 0.5148125755743652 0.2675925925925926 0.034461910519951636 0.14814814814814817
0 0.5123941958887547 0.36666666666666664 0.041717049576783564 0.15925925925925927
0 0.5344619105199517 0.3569444444444444 0.041112454655380895 0.14351851851851852
0 0.5114873035066506 0.4921296296296296 0.03990326481257558 0.16574074074074074
0 0.5574365175332529 0.48518518518518516 0.04232164449818622 0.137037037037037
0 0.574062877871826 0.5356481481481481 0.046553808948004836 0.17129629629629628
0 0.6021765417170497 0.5555555555555556 0.0350665054413543 0.14074074074074075
0 0.6293833131801693 0.5555555555555555 0.04353083434099154 0.1537037037037037
0 0.9168681983071344 0.8013888888888889 0.06106408706166869 0.1861111111111111
0 0.673821039903265 0.5819444444444444 0.050181378476420804 0.15648148148148147
0 0.6039903264812575 0.7824074074074072 0.04232164449818622 0.16296296296296295
0 0.6714026602176544 0.7972222222222222 0.07799274486094318 0.16296296296296295
0 0.5547158403869409 0.6893518518518518 0.046553808948004836 0.17314814814814813
0 0.7669286577992744 0.42407407407407405 0.039298669891172915 0.14814814814814817
0 0.7859733978234582 0.4217592592592592 0.03990326481257558 0.12314814814814815
0 0.7905078597339783 0.9495370370370371 0.06469165659008465 0.10277777777777777
0 0.7339782345828296 0.9430555555555554 0.05441354292623943 0.11203703703703702
0 0.7841596130592505 0.3837962962962963 0.04957678355501814 0.15462962962962962
0 0.819528415961306 0.375 0.03688029020556228 0.12962962962962962
0 0.9144498186215237 0.38611111111111107 0.041717049576783564 0.14444444444444443
0 0.7738814993954052 0.3074074074074074 0.04232164449818622 0.14814814814814817
0 0.7412333736396616 0.3263888888888889 0.048367593712212824 0.13425925925925924
0 0.7977629987908103 0.3671296296296296 0.032043530834341 0.12314814814814815
0 0.742442563482467 0.399537037037037 0.03143893591293833 0.09907407407407406
0 0.8119709794437726 0.39537037037037037 0.0350665054413543 0.12222222222222222
0 0.8412938331318018 0.375 0.03688029020556228 0.12962962962962962
0 0.6305925030229745 0.8314814814814814 0.03990326481257558 0.17037037037037037
0 0.629081015719468 0.7958333333333333 0.04292623941958888 0.1675925925925926
0 0.1296856106408706 0.7907407407407406 0.05622732769044741 0.16296296296296295
0 0.09703748488512698 0.7625 0.04776299879081017 0.15833333333333333
0 0.08585247883917776 0.5546296296296295 0.04957678355501814 0.17037037037037037
0 0.7871825876662636 0.5912037037037037 0.05320435308343411 0.17685185185185184
0 0.7237001209189843 0.4310185185185185 0.0350665054413543 0.12870370370370368
0 0.8881499395405079 0.37592592592592594 0.03385731559854897 0.14814814814814817
0 0.9622128174123338 0.33564814814814814 0.039298669891172915 0.14907407407407408
0 0.9885126964933496 0.3277777777777778 0.02176541717049577 0.11296296296296296
0 0.8887545344619107 0.26157407407407407 0.04594921402660218 0.15648148148148147
0 0.8966142684401451 0.23240740740740737 0.03990326481257558 0.14074074074074075
0 0.9313784764207982 0.21157407407407405 0.04292623941958888 0.14537037037037034
0 0.9785368802902057 0.10833333333333334 0.0380894800483676 0.12777777777777777
0 0.8545949214026604 0.21157407407407405 0.039298669891172915 0.13796296296296295
0 0.784764207980653 0.1421296296296296 0.03748488512696494 0.12870370370370368
0 0.8143893591293833 0.1625 0.03990326481257558 0.13425925925925924
0 0.8585247883917775 0.17916666666666667 0.03869407496977026 0.13425925925925924
0 0.916565900846433 0.16296296296296295 0.03869407496977026 0.137037037037037
0 0.8802902055622733 0.17546296296296296 0.0350665054413543 0.1324074074074074
0 0.8567110036275695 0.12685185185185185 0.0350665054413543 0.13148148148148148
0 0.8821039903264813 0.1310185185185185 0.03748488512696494 0.1324074074074074
0 0.9316807738814995 0.09120370370370369 0.03748488512696494 0.12685185185185185
0 0.916565900846433 0.05231481481481481 0.03748488512696494 0.10277777777777777
0 0.06801692865779928 0.262037037037037 0.04534461910519952 0.14259259259259258
0 0.036275695284159616 0.27037037037037037 0.04474002418379686 0.14074074074074075
0 0.02237001209189843 0.2287037037037037 0.0350665054413543 0.13148148148148148
0 0.0891777509068924 0.16296296296296298 0.03688029020556228 0.14074074074074075
0 0.12363966142684403 0.18564814814814815 0.029625151148730353 0.10833333333333334
0 0.10096735187424427 0.1361111111111111 0.030229746070133016 0.11296296296296296
0 0.13180169286577995 0.11851851851851851 0.036275695284159616 0.13888888888888887
0 0.15477629987908104 0.26944444444444443 0.03748488512696494 0.14259259259259258
0 0.20737605804111248 0.23564814814814813 0.041112454655380895 0.1324074074074074
0 0.14207980652962515 0.20648148148148146 0.032648125755743655 0.1074074074074074
0 0.1463119709794438 0.28657407407407404 0.03990326481257558 0.15648148148148147
0 0.1596130592503023 0.2 0.036275695284159616 0.14629629629629629
0 0.18379685610640875 0.21759259259259256 0.027811366384522373 0.12407407407407406
0 0.1853083434099154 0.24768518518518517 0.02478839177750907 0.09537037037037037
0 0.5713422007255139 0.3967592592592592 0.047158403869407506 0.15092592592592594
0 0.6974002418379686 0.4393518518518518 0.0441354292623942 0.1675925925925926
0 0.7100967351874246 0.40277777777777773 0.04534461910519952 0.14814814814814817
0 0.5574365175332529 0.34907407407407404 0.04474002418379686 0.15185185185185185
0 0.629081015719468 0.31666666666666665 0.041717049576783564 0.14629629629629629
0 0.6759371221281744 0.2861111111111111 0.04474002418379686 0.13148148148148148
0 0.6596130592503023 0.30416666666666664 0.04232164449818622 0.14537037037037034
0 0.7496977025392987 0.24027777777777776 0.0350665054413543 0.1398148148148148
0 0.7288391777509069 0.2587962962962963 0.039298669891172915 0.1324074074074074
0 0.6983071342200725 0.26064814814814813 0.03869407496977026 0.14537037037037034
0 0.7218863361547764 0.1759259259259259 0.032648125755743655 0.10370370370370369
0 0.6451027811366385 0.23888888888888887 0.04474002418379686 0.14074074074074075
0 0.6765417170495769 0.18703703703703703 0.04474002418379686 0.14259259259259258
0 0.6372430471584039 0.15925925925925927 0.030229746070133016 0.14074074074074075
0 0.6227327690447402 0.17962962962962964 0.03748488512696494 0.14074074074074075
0 0.5864570737605804 0.3069444444444444 0.041112454655380895 0.14351851851851852
0 0.50906892382104 0.28518518518518515 0.04232164449818622 0.14259259259259258
0 0.567714631197098 0.26944444444444443 0.03748488512696494 0.15925925925925927
0 0.5619709794437727 0.21203703703703702 0.0441354292623942 0.13148148148148148
0 0.5810157194679565 0.23703703703703702 0.03143893591293833 0.11296296296296296
0 0.604292623941959 0.22083333333333333 0.03688029020556228 0.14537037037037034
0 0.5495767835550182 0.18657407407407406 0.047158403869407506 0.16018518518518518
0 0.5937122128174124 0.11666666666666667 0.03748488512696494 0.12037037037037036
0 0.3210399032648126 0.053240740740740734 0.03869407496977026 0.10462962962962963
0 0.2892986698911729 0.049999999999999996 0.032043530834341 0.09814814814814814
0 0.6840991535671102 0.06388888888888888 0.03688029020556228 0.1259259259259259
0 0.7028415961305926 0.05555555555555555 0.035671100362756954 0.10555555555555556
0 0.9746070133010883 0.2717592592592592 0.036275695284159616 0.15648148148148147
0 0.1614268440145103 0.14305555555555555 0.03143893591293833 0.06203703703703703
0 0.6844014510278114 0.44861111111111107 0.0350665054413543 0.11018518518518518
0 0.9328899637243048 0.33611111111111114 0.03748488512696494 0.11296296296296296
0 0.9480048367593713 0.04583333333333332 0.036275695284159616 0.0898148148148148
0 0.5544135429262395 0.12083333333333333 0.03385731559854897 0.1324074074074074
0 0.6100362756952842 0.06388888888888888 0.0350665054413543 0.12407407407407406
0 0.5804111245465539 0.06574074074074074 0.03143893591293833 0.12777777777777777
0 0.5516928657799275 0.06435185185185184 0.029625151148730353 0.12685185185185185
0 0.24516324062877873 0.05277777777777777 0.035671100362756954 0.10370370370370369
0 0.8718258766626361 0.03472222222222222 0.027811366384522373 0.06759259259259259
0 0.6946795646916567 0.016203703703703703 0.026602176541717055 0.030555555555555555
0 0.3567110036275696 0.4805555555555555 0.0350665054413543 0.1574074074074074
0 0.30108827085852485 0.24814814814814812 0.0350665054413543 0.137037037037037
0 0.1354292623941959 0.7351851851851852 0.047158403869407506 0.16296296296296295
0 0.11185006045949215 0.3537037037037037 0.041112454655380895 0.14814814814814817
0 0.1345223700120919 0.6976851851851851 0.05139056831922612 0.16018518518518518
0 0.8162031438935913 0.29537037037037034 0.03990326481257558 0.137037037037037
0 0.8340386940749698 0.28935185185185186 0.029625151148730353 0.12314814814814815
0 0.24365175332527209 0.586111111111111 0.04474002418379686 0.1685185185185185
0 0.2103990326481258 0.5675925925925925 0.03869407496977026 0.17592592592592593
0 0.34885126964933494 0.5694444444444444 0.03385731559854897 0.14074074074074075
0 0.20918984280532044 0.4981481481481481 0.04353083434099154 0.14814814814814817
0 0.2134220072551391 0.49351851851851847 0.032648125755743655 0.1574074074074074
0 0.18258766626360343 0.48657407407407405 0.03143893591293833 0.12685185185185185
0 0.17412333736396615 0.4444444444444444 0.03990326481257558 0.14629629629629629
0 0.14117291414752117 0.46527777777777773 0.03688029020556228 0.1472222222222222
0 0.3530834340991536 0.14907407407407408 0.030229746070133016 0.13148148148148148
0 0.3760580411124547 0.14444444444444443 0.027811366384522373 0.12962962962962962
0 0.3518742442563483 0.3587962962962962 0.030229746070133016 0.11574074074074073
0 0.26632406287787186 0.37361111111111106 0.0441354292623942 0.1398148148148148
0 0.2560459492140266 0.39259259259259255 0.034461910519951636 0.14629629629629629
0 0.17623941958887548 0.9027777777777778 0.0441354292623942 0.1574074074074074
0 0.45374848851269656 0.5888888888888889 0.032043530834341 0.14074074074074075
0 0.4461910519951633 0.5981481481481481 0.04232164449818622 0.1685185185185185
0 0.18863361547763 0.6453703703703704 0.047158403869407506 0.17407407407407408
0 0.15084643288996372 0.625 0.03688029020556228 0.1574074074074074
0 0.1786577992744861 0.6203703703703702 0.03688029020556228 0.16296296296296295
0 0.2959492140266022 0.6990740740740741 0.041717049576783564 0.15185185185185185
0 0.4123337363966143 0.39305555555555555 0.03748488512696494 0.12129629629629629
0 0.8418984280532044 0.23796296296296296 0.029625151148730353 0.1148148148148148
0 0.824062877871826 0.2037037037037037 0.0350665054413543 0.1148148148148148
0 0.7932285368802903 0.21527777777777776 0.032648125755743655 0.12685185185185185
0 0.44981862152357927 0.5379629629629629 0.03748488512696494 0.1537037037037037
0 0.1526602176541717 0.3907407407407407 0.03688029020556228 0.15185185185185185
0 0.19074969770253933 0.3935185185185185 0.034461910519951636 0.14629629629629629
0 0.01934703748488513 0.07175925925925926 0.032648125755743655 0.13055555555555556
0 0.3346432889963725 0.6245370370370369 0.03688029020556228 0.15462962962962962
0 0.3337363966142685 0.6583333333333333 0.03990326481257558 0.1685185185185185
0 0.17744860943168078 0.11064814814814813 0.034461910519951636 0.13796296296296295
0 0.6816807738814994 0.0962962962962963 0.034461910519951636 0.13148148148148148
0 0.810459492140266 0.2375 0.03688029020556228 0.1398148148148148
0 0.18379685610640875 0.375462962962963 0.0350665054413543 0.14351851851851852
0 0.41051995163240634 0.6611111111111111 0.05078597339782346 0.15185185185185185
0 0.6248488512696495 0.7101851851851851 0.05139056831922612 0.1574074074074074
0 0.15507859733978238 0.36157407407407405 0.032043530834341 0.14537037037037034
0 0.4250302297460702 0.45833333333333326 0.0350665054413543 0.12407407407407406
0 0.4132406287787183 0.41666666666666663 0.03688029020556228 0.1074074074074074
0 0.3527811366384523 0.3222222222222222 0.039298669891172915 0.15185185185185185
0 0.3485489721886336 0.5365740740740741 0.034461910519951636 0.1324074074074074
0 0.32224909310761796 0.461574074074074 0.04232164449818622 0.1324074074074074
0 0.32345828295042317 0.42777777777777776 0.03385731559854897 0.12962962962962962
0 0.2303506650544136 0.8097222222222221 0.03869407496977026 0.16203703703703703
0 0.6983071342200726 0.030092592592592594 0.032648125755743655 0.058333333333333334
0 0.727932285368803 0.030555555555555555 0.030229746070133016 0.059259259259259255
0 0.7294437726723096 0.020833333333333332 0.028415961305925032 0.03981481481481482
0 0.40870616686819833 0.5125 0.03385731559854897 0.14907407407407408
0 0.41626360338573165 0.4800925925925926 0.029625151148730353 0.14351851851851852
0 0.22581620314389358 0.5430555555555555 0.034461910519951636 0.1398148148148148
0 0.2711608222490931 0.5259259259259259 0.041717049576783564 0.1574074074074074
0 0.2747883917775091 0.5736111111111111 0.039298669891172915 0.1675925925925926
0 0.5123941958887547 0.6606481481481481 0.048972188633615486 0.16018518518518518
0 0.24425634824667475 0.3351851851851852 0.0350665054413543 0.14074074074074075
0 0.6520556227327691 0.5203703703703703 0.03325272067714632 0.13148148148148148
0 0.2762998790810158 0.32731481481481484 0.03990326481257558 0.14907407407407408
0 0.3935912938331318 0.38009259259259254 0.03990326481257558 0.13796296296296295
0 0.31650544135429265 0.2847222222222222 0.034461910519951636 0.12870370370370368
0 0.4682587666263604 0.4888888888888889 0.03688029020556228 0.14259259259259258
0 0.2596735187424426 0.2944444444444444 0.03688029020556228 0.13518518518518519
0 0.2850665054413543 0.312037037037037 0.034461910519951636 0.11851851851851851
0 0.6955864570737605 0.01574074074074074 0.029625151148730353 0.029629629629629627
