0 0.5601571946795647 0.8726851851851851 0.048972188633615486 0.17129629629629628
0 0.6018742442563484 0.925 0.046553808948004836 0.15
0 0.3881499395405079 0.5504629629629628 0.03748488512696494 0.14537037037037034
0 0.3210399032648126 0.32037037037037036 0.041112454655380895 0.13888888888888887
0 0.094316807738815 0.4407407407407407 0.041112454655380895 0.137037037037037
0 0.256348246674728 0.6532407407407407 0.04232164449818622 0.16018518518518518
0 0.26148730350665056 0.34074074074074073 0.034461910519951636 0.14444444444444443
0 0.1293833131801693 0.42962962962962964 0.04474002418379686 0.14629629629629629
0 0.6825876662636035 0.9685185185185184 0.055622732769044746 0.06481481481481481
0 0.6360338573155986 0.9773148148148147 0.041112454655380895 0.047222222222222214
0 0.7448609431680774 0.05138888888888889 0.02902055622732769 0.10092592592592592
0 0.817714631197098 0.9337962962962963 0.048972188633615486 0.13425925925925924
0 0.8772672309552602 0.9009259259259259 0.06045949214026603 0.1685185185185185
0 0.9407496977025394 0.8870370370370371 0.06771463119709795 0.16666666666666666
0 0.9277509068923822 0.9541666666666667 0.057436517533252726 0.09351851851851851
0 0.8836154776299879 0.961574074074074 0.05139056831922612 0.0787037037037037
0 0.8464328899637245 0.3652777777777778 0.03748488512696494 0.13425925925925924
0 0.8639661426844015 0.3564814814814815 0.04232164449818622 0.12222222222222222
0 0.284764207980653 0.6662037037037037 0.03869407496977026 0.16018518518518518
0 0.3585247883917775 0.6189814814814815 0.03869407496977026 0.15648148148148147
0 0.3890568319226119 0.6439814814814814 0.034461910519951636 0.13425925925925924
0 0.558645707376058 0.9416666666666665 0.03385731559854897 0.10555555555555556
0 0.562273276904474 0.9310185185185185 0.04594921402660218 0.1398148148148148
0 0.23397823458282954 0.5800925925925925 0.03385731559854897 0.1472222222222222
0 0.2379081015719468 0.5555555555555555 0.03688029020556228 0.13148148148148148
0 0.1934703748488513 0.5712962962962963 0.04474002418379686 0.14444444444444443
0 0.19588875453446195 0.5217592592592593 0.04474002418379686 0.14166666666666666
0 0.16203143893591299 0.5365740740740741 0.04353083434099154 0.14537037037037034
0 0.3805925030229747 0.23194444444444443 0.032043530834341 0.1324074074074074
0 0.40568319226118504 0.23333333333333334 0.032648125755743655 0.13148148148148148
0 0.7273276904474003 0.9879629629629629 0.026602176541717055 0.02592592592592592
0 0.4020556227327691 0.42268518518518516 0.027811366384522373 0.11574074074074073
0 0.7143288996372431 0.3763888888888889 0.0441354292623942 0.12129629629629629
0 0.7533252720677147 0.38657407407407407 0.03990326481257558 0.12870370370370368
0 0.27418379685610644 0.37499999999999994 0.04776299879081017 0.14444444444444443
0 0.24758162031438935 0.38796296296296295 0.03325272067714632 0.14814814814814817
0 0.9679564691656591 0.7435185185185185 0.03869407496977026 0.14074074074074075
0 0.373639661426844 0.9583333333333334 0.04232164449818622 0.08333333333333333
0 0.48276904474002424 0.663425925925926 0.03688029020556228 0.14537037037037034
0 0.47853688029020564 0.674074074074074 0.041717049576783564 0.17407407407407408
0 0.2064691656590085 0.7287037037037035 0.05139056831922612 0.1796296296296296
0 0.17472793228536881 0.711574074074074 0.04353083434099154 0.17685185185185184
0 0.20525997581620314 0.6986111111111111 0.041717049576783564 0.17129629629629628
0 0.5405078597339783 0.462037037037037 0.036275695284159616 0.15185185185185185
0 0.3180169286577993 0.7759259259259259 0.04957678355501814 0.1685185185185185
0 0.4425634824667473 0.4675925925925926 0.04957678355501814 0.12222222222222222
0 0.9543530834340992 0.7652777777777777 0.05864570737605805 0.14907407407407408
0 0.9280532043530835 0.774074074074074 0.0350665054413543 0.12407407407407406
0 0.5483675937122129 0.4439814814814814 0.03748488512696494 0.1398148148148148
0 0.8663845223700122 0.3152777777777777 0.03748488512696494 0.13425925925925924
0 0.8639661426844015 0.2828703703703704 0.0350665054413543 0.13425925925925924
0 0.8358524788391778 0.28935185185185186 0.032043530834341 0.13425925925925924
0 0.34945586457073763 0.4736111111111111 0.0350665054413543 0.12870370370370368
0 0.20737605804111248 0.4587962962962963 0.04353083434099154 0.13425925925925924
0 0.22793228536880294 0.4703703703703704 0.03385731559854897 0.14814814814814817
0 0.32889963724304716 0.6356481481481481 0.04232164449818622 0.16574074074074074
0 0.5003022974607014 0.4939814814814814 0.029625151148730353 0.1398148148148148
0 0.053808948004836765 0.15555555555555553 0.032648125755743655 0.12962962962962962
0 0.36426844014510285 0.7009259259259258 0.032043530834341 0.1574074074074074
0 0.37847642079806537 0.7324074074074074 0.04353083434099154 0.17037037037037037
0 0.20918984280532046 0.17824074074074073 0.032648125755743655 0.13796296296296295
0 0.7088875453446192 0.1675925925925926 0.04292623941958888 0.13518518518518519
0 0.5580411124546555 0.6921296296296295 0.047158403869407506 0.16574074074074074
0 0.6181983071342202 0.6634259259259259 0.03688029020556228 0.15462962962962962
0 0.5870616686819831 0.6611111111111111 0.036275695284159616 0.14259259259259258
0 0.8397823458282951 0.30092592592592593 0.03748488512696494 0.13518518518518519
0 0.2237001209189843 0.462037037037037 0.0350665054413543 0.14074074074074075
0 0.44135429262394194 0.7310185185185186 0.04594921402660218 0.14537037037037034
0 0.6828899637243048 0.7194444444444444 0.05139056831922612 0.14074074074074075
0 0.1934703748488513 0.4347222222222222 0.03143893591293833 0.12314814814814815
0 0.3872430471584039 0.44814814814814813 0.0380894800483676 0.12962962962962962
0 0.46493349455864574 0.5296296296296296 0.03990326481257558 0.13148148148148148
0 0.4555622732769045 0.49629629629629624 0.048972188633615486 0.1074074074074074
0 0.40810157194679564 0.399074074074074 0.041112454655380895 0.15185185185185185
0 0.47158403869407506 0.4402777777777777 0.04232164449818622 0.13796296296296295
0 0.5308343409915357 0.5407407407407407 0.03990326481257558 0.1537037037037037
0 0.3954050785973398 0.6236111111111111 0.03869407496977026 0.14351851851851852
0 0.35731559854897227 0.5412037037037037 0.04594921402660218 0.13796296296296295
0 0.35519951632406294 0.5032407407407408 0.03688029020556228 0.12129629629629629
0 0.49365175332527217 0.44861111111111107 0.034461910519951636 0.11944444444444444
0 0.5214631197097945 0.5976851851851851 0.04050785973397824 0.12314814814814815
0 0.26934703748488514 0.9254629629629629 0.04776299879081017 0.15092592592592594
0 0.7285368802902056 0.06574074074074074 0.03869407496977026 0.12222222222222222
0 0.7642079806529627 0.07685185185185185 0.03143893591293833 0.1148148148148148
0 0.4564691656590085 0.125 0.027811366384522373 0.10185185185185185
0 0.43621523579201943 0.11296296296296295 0.039298669891172915 0.12407407407407406
0 0.663845223700121 0.6587962962962963 0.041112454655380895 0.15277777777777776
0 0.7551390568319227 0.4527777777777777 0.04957678355501814 0.1537037037037037
0 0.6747279322853689 0.6953703703703703 0.036275695284159616 0.13148148148148148
0 0.830411124546554 0.38935185185185184 0.03688029020556228 0.1324074074074074
0 0.6671704957678356 0.4439814814814815 0.0441354292623942 0.15462962962962962
0 0.6898428053204354 0.44861111111111107 0.03990326481257558 0.13796296296296295
0 0.8059250302297462 0.39120370370370366 0.04232164449818622 0.15462962962962962
0 0.7684401451027812 0.5032407407407408 0.04957678355501814 0.16203703703703703
0 0.7073760580411126 0.5296296296296296 0.04232164449818622 0.14629629629629629
0 0.893591293833132 0.13518518518518519 0.03143893591293833 0.12407407407407406
0 0.7908101571946796 0.5462962962962963 0.04474002418379686 0.15185185185185185
0 0.7944377267230956 0.5986111111111111 0.05925030229746071 0.1398148148148148
0 0.7584643288996373 0.7513888888888888 0.057436517533252726 0.18796296296296294
0 0.727932285368803 0.799074074074074 0.047158403869407506 0.1648148148148148
0 0.9525392986698913 0.6976851851851851 0.04050785973397824 0.10462962962962963
0 0.814087061668682 0.8328703703703704 0.05139056831922612 0.16018518518518518
0 0.6747279322853688 0.5912037037037037 0.03990326481257558 0.14907407407407408
0 0.6438935912938332 0.6092592592592593 0.03990326481257558 0.13518518518518519
0 0.594316807738815 0.40277777777777773 0.04474002418379686 0.15185185185185185
0 0.5598548972188634 0.4064814814814815 0.03385731559854897 0.1259259259259259
0 0.7602781136638453 0.057870370370370364 0.029625151148730353 0.11018518518518518
0 0.889963724304716 0.7662037037037037 0.05441354292623943 0.17685185185185184
0 0.4322853688029021 0.5875 0.0350665054413543 0.15092592592592594
0 0.4652357920193471 0.5851851851851851 0.034461910519951636 0.14814814814814817
0 0.50453446191052 0.7143518518518518 0.048972188633615486 0.17685185185185184
0 0.1995163240628779 0.399074074074074 0.04232164449818622 0.14444444444444443
0 0.12575574365175332 0.5092592592592592 0.04594921402660218 0.1574074074074074
0 0.5819226118500606 0.5666666666666667 0.048972188633615486 0.15925925925925927
0 0.5991535671100364 0.5041666666666667 0.04957678355501814 0.15462962962962962
0 0.1795646916565901 0.38240740740740736 0.03990326481257558 0.14074074074074075
0 0.8243651753325273 0.9652777777777776 0.046553808948004836 0.07129629629629629
0 0.02267230955259976 0.32685185185185184 0.039298669891172915 0.14074074074074075
0 0.008464328899637243 0.32731481481481484 0.015719467956469165 0.1361111111111111
0 0.2267230955259976 0.21388888888888888 0.036275695284159616 0.12222222222222222
0 0.2629987908101572 0.2064814814814815 0.041112454655380895 0.14074074074074075
0 0.004232164449818622 0.26944444444444443 0.007255139056831923 0.14629629629629629
0 0.9446795646916567 0.125 0.03325272067714632 0.14444444444444443
0 0.8821039903264813 0.14907407407407408 0.041112454655380895 0.12962962962962962
0 0.8186215235792019 0.13518518518518519 0.03990326481257558 0.13333333333333333
0 0.07285368802902056 0.687037037037037 0.041717049576783564 0.1574074074074074
0 0.8349455864570737 0.4824074074074074 0.04474002418379686 0.15555555555555553
0 0.8355501813784764 0.5111111111111111 0.04474002418379686 0.14444444444444443
0 0.030834340991535675 0.6925925925925925 0.04594921402660218 0.17407407407407408
0 0.11940749697702539 0.6652777777777777 0.05139056831922612 0.15648148148148147
0 0.187726723095526 0.975462962962963 0.0441354292623942 0.05092592592592592
0 0.1354292623941959 0.9912037037037037 0.02539298669891173 0.01944444444444444
0 0.3273881499395405 0.9722222222222221 0.046553808948004836 0.0574074074074074
0 0.7146311970979445 0.8643518518518518 0.04232164449818622 0.15092592592592594
0 0.7409310761789603 0.8185185185185185 0.05259975816203145 0.17037037037037037
0 0.9676541717049578 0.3194444444444444 0.046553808948004836 0.1537037037037037
0 0.922914147521161 0.3106481481481482 0.03688029020556228 0.13796296296296295
0 0.9597944377267232 0.274537037037037 0.041717049576783564 0.12685185185185185
0 0.9371221281741234 0.2736111111111111 0.036275695284159616 0.125
0 0.8004836759371223 0.44537037037037036 0.04957678355501814 0.1537037037037037
0 0.20888754534461912 0.6472222222222221 0.039298669891172915 0.14629629629629629
0 0.24546553808948007 0.6087962962962963 0.05804111245465538 0.16944444444444443
0 0.28325272067714635 0.6060185185185184 0.04050785973397824 0.16018518518518518
0 0.031136638452237006 0.46388888888888885 0.04292623941958888 0.14444444444444443
0 0.032043530834341 0.4351851851851851 0.04474002418379686 0.13888888888888887
0 0.0471584038694075 0.24999999999999997 0.036275695284159616 0.13888888888888887
0 0.07496977025392988 0.24166666666666667 0.03990326481257558 0.14814814814814817
0 0.16747279322853692 0.4523148148148148 0.03748488512696494 0.14351851851851852
0 0.7717654171704958 0.6046296296296296 0.041717049576783564 0.15185185185185185
0 0.03718258766626361 0.2824074074074074 0.0380894800483676 0.14814814814814817
0 0.7430471584038694 0.5472222222222222 0.04353083434099154 0.14629629629629629
0 0.7896009673518743 0.48703703703703705 0.04474002418379686 0.1574074074074074
0 0.16324062877871826 0.41759259259259257 0.03748488512696494 0.1574074074074074
0 0.7306529625151149 0.4833333333333333 0.048972188633615486 0.1574074074074074
0 0.03476420798065297 0.3574074074074074 0.046553808948004836 0.16296296296296295
0 0.7817412333736398 0.36435185185185176 0.048367593712212824 0.16018518518518518
0 0.6236396614268441 0.08333333333333333 0.034461910519951636 0.13518518518518519
0 0.5937122128174124 0.08842592592592592 0.03385731559854897 0.12685185185185185
0 0.5716444981862153 0.08101851851851852 0.032043530834341 0.1324074074074074
0 0.755441354292624 0.3037037037037037 0.041717049576783564 0.14629629629629629
0 0.6677750906892382 0.312037037037037 0.048972188633615486 0.13333333333333333
0 0.600665054413543 0.20462962962962963 0.046553808948004836 0.12962962962962962
0 0.5586457073760581 0.2009259259259259 0.055622732769044746 0.14444444444444443
0 0.5716444981862153 0.2722222222222222 0.046553808948004836 0.14074074074074075
0 0.4492140266021765 0.032407407407407406 0.03143893591293833 0.06296296296296296
0 0.3612454655380895 0.1865740740740741 0.04292623941958888 0.13055555555555556
0 0.35519951632406294 0.12777777777777777 0.039298669891172915 0.13888888888888887
0 0.22400241837968562 0.14444444444444443 0.04050785973397824 0.13333333333333333
0 0.18621523579201935 0.137037037037037 0.04232164449818622 0.13888888888888887
0 0.02267230955259976 0.21944444444444441 0.034461910519951636 0.1259259259259259
0 0.10036275695284161 0.3337962962962963 0.04353083434099154 0.14537037037037034
0 0.06469165659008465 0.19444444444444445 0.041112454655380895 0.12962962962962962
0 0.09189842805320436 0.20925925925925926 0.041112454655380895 0.137037037037037
0 0.1181983071342201 0.22685185185185183 0.03688029020556228 0.14074074074074075
0 0.3724304715840387 0.0912037037037037 0.03748488512696494 0.1398148148148148
0 0.40145102781136643 0.059259259259259255 0.02902055622732769 0.11666666666666667
0 0.1384522370012092 0.3342592592592592 0.04474002418379686 0.1648148148148148
0 0.24214026602176542 0.19120370370370368 0.029625151148730353 0.11018518518518518
0 0.2478839177750907 0.17037037037037037 0.032648125755743655 0.12037037037037036
0 0.25755743651753327 0.10787037037037035 0.030229746070133016 0.11574074074074073
0 0.36275695284159615 0.15833333333333333 0.0350665054413543 0.13518518518518519
0 0.219770253929867 0.32175925925925924 0.034461910519951636 0.12129629629629629
0 0.2116082224909311 0.3 0.041112454655380895 0.1574074074074074
0 0.5453446191051996 0.27824074074074073 0.030229746070133016 0.10648148148148147
0 0.49274486094316816 0.2296296296296296 0.032648125755743655 0.1074074074074074
0 0.47097944377267237 0.23055555555555554 0.03990326481257558 0.1259259259259259
0 0.28355501813784767 0.12175925925925926 0.032648125755743655 0.11944444444444444
0 0.43591293833131806 0.2310185185185185 0.04232164449818622 0.12685185185185185
0 0.45042321644498184 0.20925925925925926 0.03869407496977026 0.12962962962962962
0 0.29927448609431684 0.23240740740740737 0.04474002418379686 0.14444444444444443
0 0.2896009673518743 0.26944444444444443 0.0350665054413543 0.13148148148148148
0 0.2608827085852479 0.25740740740740736 0.035671100362756954 0.1259259259259259
0 0.4144498186215237 0.23796296296296296 0.032043530834341 0.1074074074074074
0 0.37696493349455873 0.14907407407407405 0.034461910519951636 0.13518518518518519
0 0.039903264812575584 0.1796296296296296 0.04232164449818622 0.137037037037037
0 0.039298669891172915 0.2967592592592593 0.030229746070133016 0.11018518518518518
0 0.04353083434099154 0.21018518518518517 0.03748488512696494 0.13148148148148148
0 0.015114873035066504 0.7782407407407407 0.02902055622732769 0.18425925925925926
0 0.08706166868198308 0.7722222222222223 0.06529625151148731 0.17777777777777776
0 0.11426844014510279 0.7546296296296295 0.05320435308343411 0.1648148148148148
0 0.9477025392986699 0.0412037037037037 0.0441354292623942 0.08055555555555555
0 0.5377871825876663 0.022685185185185187 0.03325272067714632 0.04351851851851852
0 0.5628778718258767 0.024537037037037034 0.03143893591293833 0.047222222222222214
0 0.24183796856106413 0.07592592592592592 0.03748488512696494 0.11666666666666667
0 0.3059250302297461 0.017129629629629627 0.026602176541717055 0.032407407407407406
0 0.20556227327690452 0.07546296296296297 0.032648125755743655 0.12685185185185185
0 0.38119709794437734 0.049999999999999996 0.0380894800483676 0.09814814814814814
0 0.14752116082224911 0.07962962962962963 0.036275695284159616 0.13518518518518519
0 0.17926239419588874 0.09537037037037037 0.03325272067714632 0.13333333333333333
0 0.2055622732769045 0.09351851851851851 0.041112454655380895 0.12962962962962962
0 0.18802902055622736 0.07129629629629629 0.0350665054413543 0.12407407407407406
0 0.09703748488512698 0.0736111111111111 0.039298669891172915 0.1324074074074074
0 0.08978234582829504 0.02546296296296296 0.0380894800483676 0.04907407407407407
0 0.9159613059250303 0.04351851851851851 0.03990326481257558 0.08518518518518518
0 0.07073760580411124 0.0625 0.03869407496977026 0.12129629629629629
0 0.0903869407496977 0.04027777777777777 0.035671100362756954 0.0787037037037037
0 0.11124546553808949 0.03981481481481481 0.030229746070133016 0.07777777777777777
0 0.0761789600967352 0.03796296296296296 0.032648125755743655 0.07407407407407408
0 0.7279322853688031 0.05185185185185184 0.026602176541717055 0.10185185185185185
0 0.06529625151148731 0.3037037037037037 0.041112454655380895 0.15
0 0.379987908101572 0.16388888888888886 0.0380894800483676 0.14259259259259258
0 0.34975816203143895 0.056944444444444436 0.03325272067714632 0.11203703703703702
