0 0.5039298669891173 0.9490740740740741 0.053808948004836765 0.10370370370370369
0 0.542019347037485 0.9259259259259258 0.048972188633615486 0.15
0 0.49032648125755746 0.9333333333333333 0.041112454655380895 0.13518518518518519
0 0.751813784764208 0.8064814814814815 0.04292623941958888 0.14074074074074075
0 0.07376058041112456 0.9152777777777776 0.048367593712212824 0.17129629629629628
0 0.063180169286578 0.6314814814814814 0.048972188633615486 0.15925925925925927
0 0.02478839177750907 0.6666666666666666 0.04232164449818622 0.15185185185185185
0 0.5755743651753327 0.41805555555555557 0.04353083434099154 0.1398148148148148
0 0.21130592503022977 0.5083333333333333 0.034461910519951636 0.14629629629629629
0 0.16505441354292624 0.5004629629629629 0.04594921402660218 0.14537037037037034
0 0.11366384522370013 0.26666666666666666 0.041112454655380895 0.137037037037037
0 0.03476420798065297 0.2944444444444444 0.034461910519951636 0.14629629629629629
0 0.08343409915356713 0.3074074074074074 0.04353083434099154 0.14259259259259258
0 0.14480048367593715 0.34722222222222227 0.0441354292623942 0.15185185185185185
0 0.18893591293833137 0.3597222222222222 0.041717049576783564 0.17314814814814813
0 0.5516928657799275 0.21296296296296294 0.03688029020556228 0.137037037037037
0 0.017533252720677146 0.4393518518518518 0.03385731559854897 0.14537037037037034
0 0.014510278113663845 0.4888888888888888 0.027811366384522373 0.14814814814814817
0 0.15598548972188636 0.3976851851851852 0.03748488512696494 0.14907407407407408
0 0.0692261185006046 0.40833333333333327 0.039298669891172915 0.14074074074074075
0 0.5507859733978234 0.25416666666666665 0.041112454655380895 0.14907407407407408
0 0.5852478839177752 0.25740740740740736 0.032648125755743655 0.137037037037037
0 0.6798669891172915 0.5601851851851851 0.04534461910519952 0.15185185185185185
0 0.7209794437726725 0.5592592592592592 0.04534461910519952 0.14814814814814817
0 0.39812575574365183 0.25740740740740736 0.03688029020556228 0.12407407407407406
0 0.39117291414752126 0.28055555555555556 0.027811366384522373 0.11296296296296296
0 0.4673518742442564 0.25 0.02539298669891173 0.13518518518518519
0 0.4737001209189844 0.274074074074074 0.034461910519951636 0.14259259259259258
0 0.5562273276904475 0.375 0.03869407496977026 0.13518518518518519
0 0.5870616686819832 0.33935185185185185 0.032648125755743655 0.13055555555555556
0 0.6305925030229745 0.34074074074074073 0.0350665054413543 0.14259259259259258
0 0.5414147521160823 0.4523148148148148 0.048972188633615486 0.16018518518518518
0 0.42261185006045954 0.2935185185185185 0.03748488512696494 0.13148148148148148
0 0.7176541717049578 0.7060185185185185 0.04353083434099154 0.17129629629629628
0 0.7811366384522371 0.673148148148148 0.04232164449818622 0.14444444444444443
0 0.7787182587666264 0.6268518518518518 0.03990326481257558 0.14074074074074075
0 0.9377267230955261 0.6222222222222221 0.03869407496977026 0.14629629629629629
0 0.9032648125755744 0.6041666666666666 0.047158403869407506 0.16018518518518518
0 0.6444981862152359 0.7138888888888888 0.04474002418379686 0.1648148148148148
0 0.8745465538089482 0.4907407407407407 0.04050785973397824 0.137037037037037
0 0.8325272067714633 0.4532407407407407 0.047158403869407506 0.1324074074074074
0 0.8993349455864572 0.4430555555555555 0.046553808948004836 0.14351851851851852
0 0.821342200725514 0.5319444444444444 0.04292623941958888 0.14537037037037034
0 0.8458282950423217 0.549074074074074 0.03990326481257558 0.15185185185185185
0 0.7660217654171707 0.04768518518518518 0.03143893591293833 0.09351851851851851
0 0.7853688029020558 0.5282407407407407 0.041112454655380895 0.13796296296296295
0 0.756348246674728 0.47407407407407404 0.055622732769044746 0.15185185185185185
0 0.9087061668681984 0.28148148148148144 0.03143893591293833 0.13518518518518519
0 0.9425634824667475 0.30879629629629624 0.041112454655380895 0.13796296296296295
0 0.9050785973397824 0.25740740740740736 0.030229746070133016 0.08518518518518518
0 0.9232164449818622 0.2638888888888889 0.030229746070133016 0.0962962962962963
0 0.978839177750907 0.55 0.041112454655380895 0.15185185185185185
0 0.7648125755743652 0.8194444444444444 0.05199516324062878 0.17407407407407408
0 0.9848851269649336 0.4925925925925926 0.02902055622732769 0.14259259259259258
0 0.9192865779927449 0.7449074074074074 0.0441354292623942 0.18425925925925926
0 0.8434099153567111 0.6166666666666667 0.07134220072551391 0.14814814814814817
0 0.8678960096735189 0.6597222222222221 0.041717049576783564 0.14907407407407408
0 0.40266021765417176 0.03425925925925925 0.0350665054413543 0.06666666666666667
0 0.24909310761789602 0.05185185185185184 0.03990326481257558 0.10185185185185185
0 0.4643288996372431 0.04768518518518518 0.03990326481257558 0.09351851851851851
0 0.48730350665054417 0.01851851851851852 0.02539298669891173 0.03518518518518519
0 0.5782950423216446 0.06064814814814814 0.032043530834341 0.11944444444444444
0 0.5392986698911729 0.030092592592592594 0.026602176541717055 0.058333333333333334
0 0.5928053204353084 0.030092592592592594 0.034461910519951636 0.058333333333333334
0 0.6934703748488512 0.04861111111111111 0.0350665054413543 0.09537037037037037
0 0.6961910519951634 0.0736111111111111 0.027206771463119714 0.09907407407407406
0 0.720677146311971 0.06574074074074074 0.032648125755743655 0.1111111111111111
0 0.9328899637243048 0.029166666666666667 0.02539298669891173 0.05648148148148148
0 0.9652357920193472 0.031018518518518515 0.028415961305925032 0.06018518518518518
0 0.9755139056831923 0.06990740740740739 0.029625151148730353 0.11574074074074073
0 0.95223700120919 0.06666666666666667 0.03143893591293833 0.1148148148148148
0 0.9026602176541717 0.10185185185185185 0.02539298669891173 0.08518518518518518
0 0.920193470374849 0.09953703703703702 0.02902055622732769 0.11574074074074073
0 0.9413542926239421 0.10925925925925925 0.032648125755743655 0.11296296296296296
0 0.9631197097944378 0.09907407407407408 0.02902055622732769 0.09814814814814814
0 0.9247279322853689 0.137037037037037 0.04534461910519952 0.11851851851851851
0 0.9516324062877872 0.17037037037037037 0.030229746070133016 0.12407407407407406
0 0.9740024183796856 0.1486111111111111 0.0350665054413543 0.12685185185185185
0 0.9555622732769046 0.2375 0.03325272067714632 0.12129629629629629
0 0.9866989117291416 0.2569444444444444 0.02539298669891173 0.1398148148148148
0 0.9543530834340992 0.2685185185185185 0.034461910519951636 0.13148148148148148
0 0.9667472793228536 0.3050925925925926 0.03869407496977026 0.1324074074074074
0 0.6188029020556228 0.053240740740740734 0.034461910519951636 0.10462962962962963
0 0.6454050785973399 0.053240740740740734 0.027206771463119714 0.10462962962962963
0 0.5480652962515116 0.08518518518518518 0.029625151148730353 0.1111111111111111
0 0.5293228536880291 0.0875 0.029625151148730353 0.12129629629629629
0 0.6172914147521161 0.10833333333333334 0.0350665054413543 0.12962962962962962
0 0.5767835550181379 0.11805555555555554 0.03385731559854897 0.12870370370370368
0 0.6438935912938333 0.1472222222222222 0.032648125755743655 0.1148148148148148
0 0.6653567110036277 0.1597222222222222 0.027206771463119714 0.10462962962962963
0 0.6916565900846433 0.1560185185185185 0.0350665054413543 0.12870370370370368
0 0.6819830713422008 0.20925925925925923 0.03748488512696494 0.12407407407407406
0 0.7140266021765418 0.20787037037037034 0.02902055622732769 0.11574074074074073
0 0.8270858524788393 0.24814814814814815 0.03990326481257558 0.1259259259259259
0 0.3935912938331319 0.11296296296296295 0.032648125755743655 0.12407407407407406
0 0.42654171704957683 0.1125 0.030834340991535675 0.12129629629629629
0 0.5069528415961306 0.14259259259259258 0.030834340991535675 0.13333333333333333
0 0.4419588875453446 0.14444444444444443 0.03143893591293833 0.13333333333333333
0 0.3228536880290206 0.1634259259259259 0.03143893591293833 0.13796296296296295
0 0.3651753325272068 0.1773148148148148 0.030229746070133016 0.1324074074074074
0 0.3932889963724305 0.20833333333333334 0.02237001209189843 0.09259259259259259
0 0.6209189842805322 0.3143518518518518 0.03143893591293833 0.13796296296296295
0 0.14328899637243048 0.13287037037037036 0.03143893591293833 0.1175925925925926
0 0.09310761789600967 0.16296296296296295 0.032648125755743655 0.11296296296296296
0 0.10489721886336155 0.1796296296296296 0.034461910519951636 0.12962962962962962
0 0.13361547762998793 0.19722222222222222 0.032648125755743655 0.13518518518518519
0 0.14328899637243048 0.25601851851851853 0.03869407496977026 0.12685185185185185
0 0.011487303506650545 0.12037037037037036 0.02176541717049577 0.11851851851851851
0 0.034461910519951636 0.17175925925925925 0.04353083434099154 0.12685185185185185
0 0.013905683192261186 0.23148148148148148 0.026602176541717055 0.09814814814814814
0 0.032648125755743655 0.20462962962962963 0.0350665054413543 0.14074074074074075
0 0.024183796856106412 0.9300925925925925 0.047158403869407506 0.14166666666666666
0 0.7019347037484885 0.01990740740740741 0.030229746070133016 0.03796296296296296
0 0.07103990326481259 0.3171296296296296 0.029625151148730353 0.10648148148148147
0 0.06892382103990327 0.25555555555555554 0.026602176541717055 0.08703703703703704
0 0.7194679564691658 0.047222222222222214 0.03748488512696494 0.09259259259259259
0 0.5060459492140267 0.025925925925925925 0.027811366384522373 0.05
0 0.5495767835550182 0.05231481481481481 0.03748488512696494 0.10277777777777777
0 0.7016324062877873 0.017592592592592594 0.030834340991535675 0.03333333333333333
0 0.2379081015719468 0.5902777777777778 0.035671100362756954 0.15648148148148147
0 0.24365175332527209 0.5587962962962963 0.0350665054413543 0.1398148148148148
0 0.15900846432889965 0.5819444444444444 0.04594921402660218 0.13796296296296295
0 0.2058645707376058 0.5875 0.039298669891172915 0.1361111111111111
0 0.2146311970979444 0.5384259259259259 0.047158403869407506 0.15092592592592594
0 0.16505441354292624 0.5467592592592592 0.04232164449818622 0.13796296296296295
0 0.637243047158404 0.5277777777777778 0.03385731559854897 0.14814814814814817
0 0.4011487303506651 0.23518518518518514 0.032043530834341 0.12407407407407406
0 0.42049576783555026 0.23842592592592593 0.027206771463119714 0.12685185185185185
0 0.6230350665054415 0.5166666666666667 0.03688029020556228 0.14629629629629629
0 0.003929866989117292 0.9564814814814814 0.006650544135429264 0.08888888888888888
0 0.14026602176541716 0.9634259259259258 0.048367593712212824 0.07314814814814814
0 0.09250302297460701 0.975462962962963 0.03869407496977026 0.05092592592592592
0 0.032648125755743655 0.9606481481481481 0.047158403869407506 0.08055555555555555
0 0.1943772672309553 0.9412037037037037 0.05259975816203145 0.11944444444444444
0 0.10882708585247886 0.925 0.056831922611850064 0.15185185185185185
0 0.7578597339782347 0.7175925925925924 0.039298669891172915 0.14074074074074075
0 0.7022370012091899 0.9796296296296296 0.02478839177750907 0.04259259259259259
0 0.6871221281741234 0.9388888888888888 0.050181378476420804 0.12037037037037036
0 0.8579201934703748 0.523611111111111 0.03990326481257558 0.1398148148148148
0 0.7357920193470376 0.6796296296296295 0.03748488512696494 0.137037037037037
0 0.40870616686819833 0.44537037037037036 0.027811366384522373 0.0962962962962963
0 0.725211608222491 0.3787037037037037 0.041717049576783564 0.11851851851851851
0 0.7726723095525998 0.375 0.03990326481257558 0.137037037037037
0 0.8594316807738815 0.9083333333333333 0.04776299879081017 0.1611111111111111
0 0.28234582829504234 0.3731481481481481 0.03990326481257558 0.137037037037037
0 0.2633010882708585 0.37731481481481477 0.034461910519951636 0.12870370370370368
0 0.5571342200725515 0.49953703703703695 0.032043530834341 0.12314814814814815
0 0.253627569528416 0.9712962962962963 0.0441354292623942 0.059259259259259255
0 0.441354292623942 0.9537037037037037 0.04957678355501814 0.09444444444444443
0 0.49546553808948013 0.6680555555555556 0.032043530834341 0.15092592592592594
0 0.49546553808948013 0.6773148148148148 0.03688029020556228 0.16574074074074074
0 0.2113059250302298 0.7449074074074074 0.046553808948004836 0.1675925925925926
0 0.19286577992744863 0.7078703703703704 0.04474002418379686 0.16574074074074074
0 0.22249093107617898 0.6916666666666667 0.0350665054413543 0.1574074074074074
0 0.5087666263603386 0.8185185185185184 0.05139056831922612 0.18148148148148147
0 0.4480048367593713 0.8689814814814815 0.047158403869407506 0.16203703703703703
0 0.537484885126965 0.5856481481481481 0.03748488512696494 0.15462962962962962
0 0.6003627569528417 0.6819444444444444 0.04957678355501814 0.16018518518518518
0 0.33857315598548976 0.7842592592592592 0.04353083434099154 0.16296296296296295
0 0.46402660217654174 0.4787037037037037 0.053808948004836765 0.14074074074074075
0 0.558645707376058 0.5180555555555555 0.041112454655380895 0.13796296296296295
0 0.5389963724304716 0.49629629629629624 0.02237001209189843 0.08148148148148147
0 0.564087061668682 0.6157407407407407 0.04232164449818622 0.1574074074074074
0 0.8854292623941961 0.30925925925925923 0.030834340991535675 0.12777777777777777
0 0.8766626360338573 0.2875 0.0350665054413543 0.13796296296296295
0 0.8473397823458284 0.2861111111111111 0.034461910519951636 0.12777777777777777
0 0.4978839177750907 0.8555555555555556 0.048972188633615486 0.20185185185185184
0 0.3660822249093108 0.48055555555555546 0.03688029020556228 0.13888888888888887
0 0.2185610640870617 0.47222222222222215 0.034461910519951636 0.15185185185185185
0 0.24697702539298672 0.48611111111111105 0.03325272067714632 0.14814814814814817
0 0.3059250302297461 0.48287037037037034 0.04232164449818622 0.16018518518518518
0 0.3669891172914148 0.41018518518518515 0.0350665054413543 0.14629629629629629
0 0.4960701330108828 0.42361111111111105 0.032043530834341 0.125
0 0.07799274486094318 0.12824074074074074 0.032648125755743655 0.14351851851851852
0 0.380894800483676 0.711111111111111 0.032648125755743655 0.15185185185185185
0 0.4005441354292624 0.7703703703703704 0.050181378476420804 0.1574074074074074
0 0.4214026602176542 0.75 0.04232164449818622 0.17037037037037037
0 0.3724304715840387 0.7324074074074074 0.03748488512696494 0.17592592592592593
0 0.2073760580411125 0.1722222222222222 0.036275695284159616 0.13518518518518519
0 0.7212817412333737 0.16296296296296295 0.04957678355501814 0.14444444444444443
0 0.20616686819830715 0.2351851851851852 0.03990326481257558 0.14259259259259258
0 0.1493349455864571 0.1574074074074074 0.027811366384522373 0.11296296296296296
0 0.18047158403869407 0.14768518518518517 0.032043530834341 0.1324074074074074
0 0.006650544135429264 0.9092592592592592 0.012091898428053206 0.17407407407407408
0 0.003929866989117292 0.21203703703703702 0.006650544135429264 0.12037037037037036
0 0.16444981862152358 0.24490740740740738 0.03385731559854897 0.1472222222222222
0 0.8533857315598551 0.2981481481481481 0.035671100362756954 0.13148148148148148
0 0.2345828295042322 0.45509259259259255 0.03385731559854897 0.12870370370370368
0 0.5625755743651754 0.6791666666666666 0.0441354292623942 0.15462962962962962
0 0.26632406287787186 0.7574074074074074 0.039298669891172915 0.17407407407407408
0 0.31227327690447404 0.7212962962962962 0.04292623941958888 0.1722222222222222
0 0.6801692865779928 0.6967592592592593 0.047158403869407506 0.14351851851851852
0 0.19709794437726724 0.4472222222222222 0.032648125755743655 0.14259259259259258
0 0.2620918984280532 0.45833333333333326 0.03688029020556228 0.14074074074074075
0 0.47702539298669894 0.5375 0.032648125755743655 0.1324074074074074
0 0.47128174123337374 0.5111111111111111 0.046553808948004836 0.12962962962962962
0 0.4217049576783556 0.39814814814814814 0.03688029020556228 0.15
0 0.3745465538089481 0.3699074074074074 0.034461910519951636 0.14351851851851852
0 0.32194679564691664 0.5796296296296296 0.048972188633615486 0.14259259259259258
0 0.47097944377267237 0.4037037037037037 0.030229746070133016 0.14074074074074075
0 0.49879081015719473 0.3888888888888889 0.032648125755743655 0.14629629629629629
0 0.47128174123337374 0.6027777777777777 0.039298669891172915 0.16296296296296295
0 0.3941958887545345 0.6231481481481481 0.04232164449818622 0.15185185185185185
0 0.37001209189842804 0.5430555555555555 0.04474002418379686 0.12870370370370368
0 0.37273276904474006 0.5115740740740741 0.035671100362756954 0.1324074074074074
0 0.14691656590084645 0.23240740740740737 0.027811366384522373 0.11851851851851851
0 0.821342200725514 0.9175925925925925 0.05622732769044741 0.16666666666666666
0 0.4516324062877872 0.43703703703703695 0.0350665054413543 0.09814814814814814
0 0.4975816203143894 0.4560185185185185 0.030229746070133016 0.1175925925925926
0 0.2666263603385732 0.9291666666666667 0.048367593712212824 0.14166666666666666
0 0.7442563482466747 0.0625 0.0350665054413543 0.12129629629629629
0 0.4038694074969771 0.37685185185185177 0.041112454655380895 0.14814814814814817
0 0.7759975816203145 0.07129629629629629 0.027206771463119714 0.10925925925925925
0 0.7418379685610641 0.04814814814814814 0.030229746070133016 0.09444444444444443
