0 0.5580411124546555 0.8981481481481481 0.03990326481257558 0.17037037037037037
0 0.5655985489721888 0.936574074074074 0.041717049576783564 0.12870370370370368
0 0.38935912938331324 0.5611111111111111 0.03748488512696494 0.13518518518518519
0 0.1224304715840387 0.7509259259259259 0.050181378476420804 0.1648148148148148
0 0.8328295042321644 0.9569444444444443 0.048972188633615486 0.08796296296296297
0 0.814993954050786 0.975 0.03869407496977026 0.05
0 0.33403869407496983 0.35879629629629634 0.05139056831922612 0.13425925925925924
0 0.19467956469165662 0.37499999999999994 0.032648125755743655 0.14074074074074075
0 0.2648125755743652 0.5314814814814814 0.03869407496977026 0.1537037037037037
0 0.3391777509068924 0.3777777777777777 0.036275695284159616 0.14814814814814817
0 0.19407496977025396 0.39537037037037037 0.04353083434099154 0.14629629629629629
0 0.6318016928657799 0.9634259259259258 0.05199516324062878 0.075
0 0.6723095525997583 0.9518518518518518 0.04232164449818622 0.09814814814814814
0 0.6188029020556228 0.9523148148148147 0.041717049576783564 0.09722222222222222
0 0.7463724304715841 0.06157407407407407 0.029625151148730353 0.09907407407407406
0 0.008766626360338575 0.6 0.016324062877871828 0.15925925925925927
0 0.3981257557436518 0.8824074074074074 0.05139056831922612 0.18703703703703703
0 0.7221886336154777 0.6425925925925925 0.041717049576783564 0.15555555555555553
0 0.7781136638452238 0.6212962962962962 0.05199516324062878 0.16296296296296295
0 0.8056227327690448 0.5314814814814814 0.05259975816203145 0.14259259259259258
0 0.8485489721886337 0.6587962962962963 0.0441354292623942 0.14907407407407408
0 0.8198307134220073 0.6680555555555555 0.04353083434099154 0.15648148148148147
0 0.8098548972188634 0.8027777777777777 0.046553808948004836 0.16296296296296295
0 0.2194679564691657 0.937037037037037 0.05078597339782346 0.12777777777777777
0 0.2037484885126965 0.9268518518518518 0.04474002418379686 0.14444444444444443
0 0.917472793228537 0.9800925925925925 0.030834340991535675 0.041666666666666664
0 0.8412938331318018 0.3814814814814814 0.03688029020556228 0.13518518518518519
0 0.8660822249093109 0.38101851851851853 0.035671100362756954 0.125
0 0.10096735187424427 0.9800925925925925 0.03143893591293833 0.041666666666666664
0 0.29504232164449823 0.6694444444444444 0.047158403869407506 0.15925925925925927
0 0.3524788391777509 0.6324074074074074 0.04474002418379686 0.16296296296296295
0 0.37696493349455873 0.6564814814814814 0.03688029020556228 0.13148148148148148
0 0.5625755743651754 0.9486111111111111 0.0380894800483676 0.10277777777777777
0 0.5066505441354293 0.937037037037037 0.04957678355501814 0.12777777777777777
0 0.8567110036275696 0.7898148148148147 0.056831922611850064 0.1611111111111111
0 0.23397823458282954 0.6046296296296296 0.03869407496977026 0.15185185185185185
0 0.2376058041112455 0.5796296296296296 0.03385731559854897 0.14814814814814817
0 0.18651753325272066 0.5912037037037037 0.041717049576783564 0.1398148148148148
0 0.20193470374848854 0.5541666666666667 0.04232164449818622 0.14351851851851852
0 0.16475211608222493 0.5722222222222222 0.041717049576783564 0.15
0 0.1203143893591294 0.7203703703703702 0.047158403869407506 0.15555555555555553
0 0.38119709794437734 0.24814814814814815 0.032043530834341 0.13148148148148148
0 0.40598548972188636 0.2569444444444444 0.029625151148730353 0.1324074074074074
0 0.10882708585247886 0.6768518518518518 0.032648125755743655 0.12962962962962962
0 0.7128174123337364 0.9666666666666667 0.04474002418379686 0.0685185185185185
0 0.672914147521161 0.9796296296296296 0.03748488512696494 0.04259259259259259
0 0.4217049576783556 0.48287037037037034 0.029625151148730353 0.11574074074074073
0 0.7128174123337365 0.40324074074074073 0.03748488512696494 0.12685185185185185
0 0.7515114873035067 0.4166666666666667 0.03869407496977026 0.13888888888888887
0 0.26723095525997587 0.399537037037037 0.03748488512696494 0.14351851851851852
0 0.2478839177750907 0.4097222222222222 0.0350665054413543 0.14166666666666666
0 0.9286577992744861 0.7101851851851851 0.03869407496977026 0.13518518518518519
0 0.3089480048367594 0.974537037037037 0.03990326481257558 0.05277777777777778
0 0.4576783555018138 0.9851851851851852 0.03869407496977026 0.03148148148148148
0 0.4737001209189844 0.686574074074074 0.039298669891172915 0.14907407407407408
0 0.47914147521160827 0.6990740740740741 0.039298669891172915 0.1685185185185185
0 0.2137243047158404 0.7537037037037037 0.053808948004836765 0.17407407407407408
0 0.17472793228536881 0.7300925925925926 0.04232164449818622 0.17685185185185184
0 0.20435308343409916 0.7249999999999999 0.04474002418379686 0.1648148148148148
0 0.5362756952841597 0.5180555555555555 0.03990326481257558 0.15462962962962962
0 0.317714631197098 0.7898148148148147 0.046553808948004836 0.16296296296296295
0 0.4522370012091899 0.4944444444444444 0.06287787182587666 0.12962962962962962
0 0.9186819830713423 0.7425925925925926 0.0441354292623942 0.14259259259259258
0 0.8881499395405079 0.7476851851851851 0.03385731559854897 0.12685185185185185
0 0.5798065296251512 0.4981481481481482 0.041112454655380895 0.14629629629629629
0 0.8703143893591295 0.3412037037037037 0.032043530834341 0.14537037037037034
0 0.8606408706166869 0.3143518518518518 0.03688029020556228 0.13796296296296295
0 0.8361547762998791 0.31157407407407406 0.0350665054413543 0.1324074074074074
0 0.34885126964933494 0.5009259259259259 0.03748488512696494 0.13148148148148148
0 0.20102781136638456 0.48657407407407405 0.046553808948004836 0.13425925925925924
0 0.22883917775090692 0.4856481481481481 0.032043530834341 0.1324074074074074
0 0.2920193470374849 0.5166666666666667 0.041112454655380895 0.15185185185185185
0 0.4721886336154777 0.45648148148148143 0.027811366384522373 0.13518518518518519
0 0.05078597339782346 0.17777777777777776 0.036275695284159616 0.12407407407407406
0 0.3612454655380895 0.7222222222222221 0.041717049576783564 0.15925925925925927
0 0.01874244256348247 0.7527777777777778 0.036275695284159616 0.15185185185185185
0 0.37756952841596136 0.7555555555555556 0.046553808948004836 0.1685185185185185
0 0.10640870616686822 0.7958333333333333 0.07255139056831923 0.17685185185185184
0 0.2037484885126965 0.2111111111111111 0.036275695284159616 0.137037037037037
0 0.7103990326481258 0.19675925925925922 0.0350665054413543 0.13796296296296295
0 0.3219467956469166 0.8333333333333334 0.062273276904474005 0.1685185185185185
0 0.4259371221281742 0.8393518518518518 0.05622732769044741 0.16574074074074074
0 0.407496977025393 0.8231481481481481 0.036275695284159616 0.14074074074074075
0 0.8361547762998791 0.3231481481481481 0.032648125755743655 0.13148148148148148
0 0.220677146311971 0.48703703703703705 0.02902055622732769 0.13518518518518519
0 0.44135429262394194 0.7583333333333333 0.04594921402660218 0.15185185185185185
0 0.6759371221281741 0.7398148148148148 0.04232164449818622 0.15185185185185185
0 0.19195888754534463 0.46435185185185185 0.03688029020556228 0.1324074074074074
0 0.38542926239419595 0.4625 0.034461910519951636 0.11018518518518518
0 0.4652357920193471 0.5625 0.03688029020556228 0.1398148148148148
0 0.45012091898428064 0.5180555555555555 0.039298669891172915 0.10462962962962963
0 0.40598548972188636 0.4259259259259259 0.046553808948004836 0.15925925925925927
0 0.4625151148730351 0.42685185185185187 0.032648125755743655 0.14074074074074075
0 0.49909310761789605 0.4305555555555556 0.0380894800483676 0.14814814814814817
0 0.2466747279322854 0.7874999999999999 0.047158403869407506 0.17314814814814813
0 0.39842805320435315 0.6481481481481481 0.030229746070133016 0.14629629629629629
0 0.35550181378476425 0.5745370370370371 0.04353083434099154 0.14907407407407408
0 0.35489721886336156 0.5509259259259258 0.036275695284159616 0.14629629629629629
0 0.43651753325272075 0.4472222222222222 0.027811366384522373 0.12407407407407406
0 0.5163240628778718 0.6078703703703703 0.03143893591293833 0.12870370370370368
0 0.2666263603385732 0.936574074074074 0.047158403869407506 0.12870370370370368
0 0.736094316807739 0.0898148148148148 0.03688029020556228 0.11851851851851851
0 0.7611850060459493 0.10046296296296295 0.027811366384522373 0.11018518518518518
0 0.5048367593712213 0.26157407407407407 0.0350665054413543 0.10092592592592592
0 0.4942563482466748 0.2412037037037037 0.034461910519951636 0.13425925925925924
0 0.7729746070133011 0.3597222222222222 0.04292623941958888 0.14907407407407408
0 0.7847642079806532 0.24999999999999997 0.04957678355501814 0.12407407407407406
0 0.7971584038694075 0.38287037037037036 0.029625151148730353 0.1175925925925926
0 0.6212212817412335 0.9041666666666666 0.0441354292623942 0.13796296296296295
0 0.7001209189842806 0.21944444444444444 0.03143893591293833 0.12037037037037036
0 0.602478839177751 0.20694444444444443 0.034461910519951636 0.1324074074074074
0 0.6311970979443773 0.22268518518518518 0.032648125755743655 0.13796296296296295
0 0.6789600967351875 0.2125 0.036275695284159616 0.125
0 0.6233373639661428 0.2722222222222222 0.036275695284159616 0.14259259259259258
0 0.5628778718258767 0.28009259259259256 0.03990326481257558 0.13796296296296295
0 0.8618500604594922 0.15324074074074073 0.046553808948004836 0.11574074074074073
0 0.6463119709794438 0.31851851851851853 0.04353083434099154 0.14814814814814817
0 0.6375453446191053 0.35 0.034461910519951636 0.12962962962962962
0 0.7886940749697703 0.4282407407407407 0.041717049576783564 0.13425925925925924
0 0.663845223700121 0.44166666666666665 0.04353083434099154 0.15185185185185185
0 0.6333131801692866 0.47407407407407404 0.0441354292623942 0.14814814814814817
0 0.7696493349455865 0.45601851851851843 0.027811366384522373 0.09351851851851851
0 0.6889359129383313 0.48657407407407405 0.039298669891172915 0.13425925925925924
0 0.564087061668682 0.35231481481481475 0.0350665054413543 0.1324074074074074
0 0.5332527206771464 0.3675925925925926 0.03869407496977026 0.1259259259259259
0 0.5519951632406288 0.22314814814814812 0.03748488512696494 0.13888888888888887
0 0.5353688029020557 0.2310185185185185 0.027206771463119714 0.12129629629629629
0 0.7629987908101573 0.08009259259259259 0.026602176541717055 0.10462962962962963
0 0.7448609431680774 0.4662037037037036 0.04353083434099154 0.15648148148148147
0 0.6076178960096735 0.524537037037037 0.04353083434099154 0.15092592592592594
0 0.6296856106408706 0.5407407407407407 0.039298669891172915 0.1537037037037037
0 0.6686819830713423 0.5263888888888889 0.041112454655380895 0.16574074074074074
0 0.3594316807738816 0.23287037037037037 0.03688029020556228 0.12314814814814815
0 0.2717654171704958 0.32592592592592595 0.03688029020556228 0.13518518518518519
0 0.4788391777509069 0.2587962962962963 0.041112454655380895 0.13425925925925924
0 0.45646916565900847 0.21342592592592594 0.036275695284159616 0.12685185185185185
0 0.3322249093107619 0.2222222222222222 0.034461910519951636 0.11851851851851851
0 0.039600967351874246 0.3324074074074074 0.0441354292623942 0.14814814814814817
0 0.0891777509068924 0.3569444444444444 0.034461910519951636 0.14907407407407408
0 0.11336154776299881 0.37407407407407406 0.035671100362756954 0.14259259259259258
0 0.4607013301088272 0.8657407407407407 0.048367593712212824 0.1685185185185185
0 0.7699516324062878 0.6814814814814815 0.046553808948004836 0.15925925925925927
0 0.8503627569528417 0.4712962962962963 0.05864570737605805 0.14259259259259258
0 0.8038089480048368 0.49537037037037035 0.053808948004836765 0.14259259259259258
0 0.008766626360338575 0.2555555555555556 0.016324062877871828 0.12962962962962962
0 0.05955259975816203 0.22962962962962966 0.046553808948004836 0.14074074074074075
0 0.11094316807738816 0.1949074074074074 0.03688029020556228 0.12685185185185185
0 0.14087061668681983 0.22407407407407404 0.03143893591293833 0.12407407407407406
0 0.23700120918984283 0.18194444444444444 0.0350665054413543 0.12314814814814815
0 0.2850665054413543 0.15277777777777776 0.034461910519951636 0.11296296296296296
0 0.12182587666263604 0.15416666666666667 0.034461910519951636 0.14351851851851852
0 0.035671100362756954 0.1310185185185185 0.036275695284159616 0.13796296296296295
0 0.10308343409915358 0.336574074074074 0.041717049576783564 0.16574074074074074
0 0.6992140266021766 0.15694444444444444 0.032043530834341 0.12314814814814815
0 0.7001209189842806 0.13842592592592592 0.03143893591293833 0.13425925925925924
0 0.6644498186215236 0.10462962962962963 0.02297460701330109 0.1259259259259259
0 0.1568923821039903 0.4768518518518518 0.039298669891172915 0.14814814814814817
0 0.07889963724304716 0.44305555555555554 0.041717049576783564 0.15648148148148147
0 0.0471584038694075 0.4356481481481482 0.03869407496977026 0.15092592592592594
0 0.6505441354292624 0.39537037037037037 0.03748488512696494 0.14074074074074075
0 0.6191051995163241 0.4180555555555555 0.04353083434099154 0.13055555555555556
0 0.12998790810157196 0.4597222222222222 0.036275695284159616 0.16203703703703703
0 0.17412333736396615 0.4476851851851852 0.04232164449818622 0.14907407407407408
0 0.2729746070133011 0.6388888888888888 0.0441354292623942 0.18148148148148147
0 0.25483675937122136 0.6935185185185184 0.041717049576783564 0.1685185185185185
0 0.8180169286577994 0.4171296296296296 0.04594921402660218 0.16574074074074074
0 0.9830713422007257 0.35833333333333334 0.03143893591293833 0.14814814814814817
0 0.003929866989117292 0.9361111111111111 0.006650544135429264 0.1259259259259259
0 0.13724304715840388 0.8888888888888888 0.06166868198307135 0.15555555555555553
0 0.1194074969770254 0.8416666666666666 0.06469165659008465 0.1648148148148148
0 0.9857920193470376 0.28518518518518515 0.027206771463119714 0.12037037037037036
0 0.9534461910519952 0.2689814814814815 0.0350665054413543 0.15462962962962962
0 0.9851874244256349 0.12638888888888886 0.028415961305925032 0.13796296296296295
0 0.9507255139056833 0.11805555555555555 0.034461910519951636 0.12314814814814815
0 0.9679564691656591 0.0449074074074074 0.02902055622732769 0.08796296296296297
0 0.9486094316807739 0.04212962962962962 0.027811366384522373 0.0824074074074074
0 0.8567110036275695 0.23981481481481481 0.03990326481257558 0.14259259259259258
0 0.029322853688029022 0.6657407407407407 0.057436517533252726 0.15925925925925927
0 0.004836759371221282 0.18240740740740738 0.008464328899637243 0.13518518518518519
0 0.05078597339782346 0.21666666666666667 0.03869407496977026 0.1259259259259259
0 0.026602176541717055 0.1685185185185185 0.03748488512696494 0.14074074074074075
0 0.29927448609431684 0.23981481481481481 0.03143893591293833 0.12962962962962962
0 0.6100362756952842 0.3435185185185185 0.03869407496977026 0.137037037037037
0 0.1463119709794438 0.1675925925925926 0.032648125755743655 0.14074074074074075
0 0.5822249093107619 0.2819444444444444 0.0350665054413543 0.12870370370370368
0 0.6478234582829505 0.27037037037037037 0.039298669891172915 0.13518518518518519
0 0.2805320435308344 0.21712962962962962 0.036275695284159616 0.1398148148148148
0 0.601571946795647 0.2518518518518518 0.0350665054413543 0.13148148148148148
0 0.31711003627569534 0.18009259259259258 0.03688029020556228 0.14351851851851852
0 0.659310761789601 0.18287037037037035 0.03688029020556228 0.1398148148148148
0 0.6414752116082226 0.12546296296296294 0.03748488512696494 0.14351851851851852
0 0.6076178960096735 0.11666666666666667 0.04353083434099154 0.11851851851851851
0 0.5752720677146312 0.0611111111111111 0.039298669891172915 0.12037037037037036
0 0.5399032648125757 0.056944444444444436 0.03990326481257558 0.11203703703703702
0 0.45012091898428064 0.14305555555555555 0.039298669891172915 0.13796296296296295
0 0.44800483675937125 0.04212962962962962 0.02902055622732769 0.0824074074074074
0 0.5235792019347038 0.04351851851851851 0.03143893591293833 0.08518518518518518
0 0.4280532043530835 0.02685185185185185 0.02539298669891173 0.05185185185185184
0 0.126360338573156 0.1310185185185185 0.032648125755743655 0.13425925925925924
0 0.1284764207980653 0.06388888888888888 0.032043530834341 0.11851851851851851
0 0.2506045949214027 0.08842592592592592 0.034461910519951636 0.1324074074074074
0 0.17321644498186217 0.05462962962962962 0.032043530834341 0.1074074074074074
0 0.1807738814993954 0.07129629629629629 0.0350665054413543 0.12407407407407406
0 0.20677146311970984 0.0837962962962963 0.0350665054413543 0.125
0 0.08555018137847642 0.01898148148148148 0.034461910519951636 0.03611111111111111
0 0.34975816203143895 0.15185185185185185 0.039298669891172915 0.12407407407407406
0 0.20979443772672313 0.13564814814814816 0.036275695284159616 0.12314814814814815
0 0.2363966142684402 0.13379629629629627 0.03748488512696494 0.1324074074074074
0 0.2626964933494559 0.10601851851851851 0.034461910519951636 0.1175925925925926
0 0.17775090689238213 0.049999999999999996 0.032648125755743655 0.09814814814814814
0 0.4443772672309553 0.18888888888888886 0.03385731559854897 0.13518518518518519
0 0.4123337363966143 0.16018518518518518 0.03869407496977026 0.13148148148148148
0 0.4259371221281742 0.1375 0.027206771463119714 0.09537037037037037
0 0.3963119709794438 0.11620370370370368 0.029625151148730353 0.11388888888888889
0 0.3827085852478839 0.12175925925925926 0.0350665054413543 0.1324074074074074
0 0.284764207980653 0.13287037037037036 0.032648125755743655 0.11574074074074073
0 0.3585247883917776 0.12638888888888888 0.030229746070133016 0.1175925925925926
0 0.3440145102781137 0.09722222222222222 0.032648125755743655 0.11296296296296296
0 0.4274486094316808 0.07592592592592592 0.03990326481257558 0.13518518518518519
0 0.3491535671100363 0.15277777777777776 0.034461910519951636 0.12962962962962962
0 0.32224909310761796 0.13842592592592592 0.032648125755743655 0.12129629629629629
0 0.05229746070133011 0.1388888888888889 0.030834340991535675 0.12962962962962962
0 0.32224909310761796 0.12638888888888888 0.032648125755743655 0.12314814814814815
0 0.18561064087061674 0.027314814814814813 0.02902055622732769 0.05277777777777778
0 0.15145102781136638 0.05555555555555555 0.034461910519951636 0.10925925925925925
0 0.14873035066505444 0.18518518518518517 0.027811366384522373 0.1148148148148148
0 0.15054413542926243 0.0574074074074074 0.0350665054413543 0.11296296296296296
0 0.7237001209189844 0.06712962962962962 0.027811366384522373 0.11018518518518518
0 0.1723095525997582 0.1787037037037037 0.03748488512696494 0.14259259259259258
0 0.5565296251511488 0.04166666666666666 0.034461910519951636 0.08148148148148147
