0 0.6390568319226119 0.053240740740740734 0.03385731559854897 0.10462962962962963
0 0.969770253929867 0.05277777777777777 0.04232164449818622 0.10370370370370369
0 0.9576783555018139 0.014814814814814814 0.04957678355501814 0.027777777777777776
0 0.9452841596130594 0.04027777777777777 0.04050785973397824 0.0787037037037037
0 0.5816203143893591 0.02824074074074074 0.030229746070133016 0.054629629629629625
0 0.5405078597339783 0.02037037037037037 0.030229746070133016 0.03888888888888888
0 0.6172914147521161 0.03703703703703703 0.027811366384522373 0.07222222222222222
0 0.4132406287787183 0.4324074074074074 0.03325272067714632 0.0962962962962963
0 0.5111850060459493 0.02824074074074074 0.0441354292623942 0.054629629629629625
0 0.5377871825876663 0.02824074074074074 0.029625151148730353 0.054629629629629625
0 0.5689238210399034 0.032407407407407406 0.04232164449818622 0.06296296296296296
0 0.655683192261185 0.0574074074074074 0.029625151148730353 0.1111111111111111
0 0.6783555018137848 0.06018518518518518 0.03143893591293833 0.1148148148148148
0 0.5982466747279324 0.07870370370370369 0.02478839177750907 0.1074074074074074
0 0.6293833131801695 0.06527777777777777 0.03143893591293833 0.12870370370370368
0 0.5795042321644499 0.17407407407407405 0.0380894800483676 0.14444444444444443
0 0.6206166868198307 0.19166666666666668 0.039298669891172915 0.13888888888888887
0 0.5568319226118501 0.0962962962962963 0.0350665054413543 0.12222222222222222
0 0.572249093107618 0.13240740740740742 0.0380894800483676 0.13148148148148148
0 0.6130592503022975 0.11481481481481483 0.0350665054413543 0.14074074074074075
0 0.6475211608222492 0.15138888888888888 0.030229746070133016 0.11944444444444444
0 0.7055622732769045 0.1273148148148148 0.0350665054413543 0.1324074074074074
0 0.7079806529625151 0.1125 0.030229746070133016 0.12314814814814815
0 0.6605199516324064 0.24027777777777776 0.03325272067714632 0.12129629629629629
0 0.6955864570737605 0.2412037037037037 0.0380894800483676 0.12870370370370368
0 0.7593712212817414 0.16944444444444443 0.036275695284159616 0.12962962962962962
0 0.7889963724304716 0.15879629629629627 0.03869407496977026 0.1324074074074074
0 0.841596130592503 0.10601851851851851 0.0350665054413543 0.15277777777777776
0 0.8975211608222492 0.08888888888888888 0.03688029020556228 0.15
0 0.9286577992744861 0.11851851851851851 0.0350665054413543 0.14259259259259258
0 0.9483071342200726 0.08703703703703702 0.028415961305925032 0.11851851851851851
0 0.9706771463119712 0.07962962962962963 0.035671100362756954 0.1148148148148148
0 0.9806529625151149 0.20555555555555555 0.030229746070133016 0.13888888888888887
0 0.9319830713422008 0.21666666666666667 0.03688029020556228 0.14444444444444443
0 0.8458282950423218 0.3259259259259259 0.04594921402660218 0.14444444444444443
0 0.8938935912938332 0.32592592592592595 0.039298669891172915 0.13333333333333333
0 0.9870012091898429 0.3537037037037037 0.023579201934703753 0.10185185185185185
0 0.8270858524788394 0.26157407407407407 0.036275695284159616 0.13425925925925924
0 0.8255743651753327 0.22407407407407404 0.03325272067714632 0.14259259259259258
0 0.8545949214026604 0.22037037037037036 0.034461910519951636 0.137037037037037
0 0.46070133010882713 0.06805555555555555 0.03748488512696494 0.13055555555555556
0 0.48579201934703753 0.09166666666666666 0.0380894800483676 0.1259259259259259
0 0.7917170495767837 0.3347222222222222 0.032043530834341 0.1398148148148148
0 0.753627569528416 0.325 0.041717049576783564 0.1574074074074074
0 0.7252116082224911 0.3300925925925926 0.030834340991535675 0.12685185185185185
0 0.7312575574365175 0.3675925925925926 0.034461910519951636 0.12962962962962962
0 0.6318016928657799 0.3412037037037037 0.03748488512696494 0.15092592592592594
0 0.2137243047158404 0.10740740740740741 0.030834340991535675 0.1259259259259259
0 0.09008464328899637 0.11712962962962961 0.032648125755743655 0.13796296296296295
0 0.04292623941958888 0.10925925925925925 0.04594921402660218 0.13888888888888887
0 0.08615477629987908 0.08101851851851852 0.034461910519951636 0.125
0 0.016324062877871828 0.24166666666666667 0.03143893591293833 0.15185185185185185
0 0.32134220072551395 0.225 0.032043530834341 0.13333333333333333
0 0.29171704957678357 0.23148148148148148 0.03688029020556228 0.14629629629629629
0 0.25211608222490933 0.27546296296296297 0.03869407496977026 0.14537037037037034
0 0.24455864570737607 0.2601851851851852 0.0380894800483676 0.137037037037037
0 0.33615477629987917 0.3282407407407407 0.03748488512696494 0.1361111111111111
0 0.28657799274486095 0.312962962962963 0.03869407496977026 0.137037037037037
0 0.2787182587666264 0.3375 0.03869407496977026 0.14351851851851852
0 0.7327690447400242 0.24351851851851852 0.030229746070133016 0.1259259259259259
0 0.7300483675937123 0.21157407407407405 0.04292623941958888 0.15092592592592594
0 0.7415356711003628 0.3930555555555555 0.03325272067714632 0.12685185185185185
0 0.9918379685610641 0.3152777777777777 0.016324062877871828 0.09351851851851851
0 0.662031438935913 0.34768518518518515 0.032648125755743655 0.13425925925925924
0 0.6840991535671102 0.34444444444444444 0.030834340991535675 0.1259259259259259
0 0.6366384522370012 0.43333333333333335 0.0350665054413543 0.13518518518518519
0 0.700423216444982 0.38657407407407407 0.04050785973397824 0.15277777777777776
0 0.6674727932285369 0.3949074074074074 0.03869407496977026 0.1398148148148148
0 0.7064691656590085 0.49861111111111106 0.039298669891172915 0.15092592592592594
0 0.7977629987908103 0.2518518518518518 0.0380894800483676 0.13888888888888887
0 0.04746070133010883 0.9768518518518517 0.04534461910519952 0.04259259259259259
0 0.33434099153567115 0.6324074074074074 0.03869407496977026 0.14074074074074075
0 0.29353083434099153 0.5671296296296297 0.034461910519951636 0.1398148148148148
0 0.8397823458282951 0.18194444444444444 0.03385731559854897 0.1361111111111111
0 0.6750302297460702 0.8657407407407407 0.057436517533252726 0.17037037037037037
0 0.7249093107617897 0.8097222222222222 0.03869407496977026 0.1361111111111111
0 0.756348246674728 0.5444444444444444 0.05320435308343411 0.14814814814814817
0 0.700423216444982 0.5513888888888889 0.04534461910519952 0.14907407407407408
0 0.9114268440145104 0.1861111111111111 0.03325272067714632 0.13518518518518519
0 0.7862756952841597 0.9078703703703703 0.05622732769044741 0.15092592592592594
0 0.6925634824667474 0.29537037037037034 0.032043530834341 0.14259259259259258
0 0.9836759371221283 0.26759259259259255 0.03143893591293833 0.12037037037037036
0 0.7944377267230956 0.19583333333333333 0.041112454655380895 0.13055555555555556
0 0.8969165659008466 0.12268518518518517 0.04050785973397824 0.14537037037037034
0 0.5813180169286579 0.4685185185185185 0.032043530834341 0.12962962962962962
0 0.7161426844014511 0.2189814814814815 0.03688029020556228 0.12129629629629629
0 0.916565900846433 0.1532407407407407 0.0350665054413543 0.11944444444444444
0 0.972490931076179 0.23055555555555554 0.0380894800483676 0.13888888888888887
0 0.6834945586457074 0.12268518518518517 0.029625151148730353 0.1175925925925926
0 0.7049576783555019 0.2259259259259259 0.03143893591293833 0.07777777777777777
0 0.9519347037484887 0.1087962962962963 0.03688029020556228 0.1175925925925926
0 0.2778113663845224 0.9467592592592592 0.04534461910519952 0.10833333333333334
0 0.44407496977025396 0.9328703703703702 0.048972188633615486 0.12870370370370368
0 0.9223095525997581 0.9342592592592591 0.053808948004836765 0.13333333333333333
0 0.4942563482466748 0.6476851851851851 0.032043530834341 0.15648148148148147
0 0.5105804111245467 0.65 0.04050785973397824 0.1648148148148148
0 0.2415356711003628 0.6930555555555554 0.048972188633615486 0.17129629629629628
0 0.20405078597339782 0.6699074074074074 0.04292623941958888 0.16944444444444443
0 0.23428053204353086 0.6532407407407407 0.041717049576783564 0.16203703703703703
0 0.5111850060459493 0.7805555555555554 0.05139056831922612 0.17592592592592593
0 0.46644498186215244 0.8240740740740741 0.041717049576783564 0.1611111111111111
0 0.6411729141475213 0.7879629629629629 0.03688029020556228 0.15555555555555553
0 0.667472793228537 0.7384259259259259 0.047158403869407506 0.16018518518518518
0 0.6166868198307134 0.749537037037037 0.03990326481257558 0.15092592592592594
0 0.6677750906892383 0.7875 0.05501813784764208 0.14351851851851852
0 0.700423216444982 0.7731481481481481 0.03688029020556228 0.16296296296296295
0 0.528415961305925 0.973611111111111 0.041112454655380895 0.054629629629629625
0 0.5894800483675938 0.561574074074074 0.03990326481257558 0.1472222222222222
0 0.6188029020556228 0.5828703703703704 0.0380894800483676 0.15092592592592594
0 0.628174123337364 0.9472222222222222 0.05078597339782346 0.1074074074074074
0 0.6744256348246674 0.9518518518518518 0.04292623941958888 0.09814814814814814
0 0.7911124546553809 0.9291666666666667 0.050181378476420804 0.14351851851851852
0 0.35610640870616694 0.7449074074074074 0.047158403869407506 0.15648148148148147
0 0.471584038694075 0.4402777777777777 0.041112454655380895 0.1361111111111111
0 0.5129987908101573 0.48749999999999993 0.03325272067714632 0.14537037037037034
0 0.5269044740024185 0.4699074074074074 0.035671100362756954 0.14166666666666666
0 0.6251511487303506 0.22777777777777775 0.030229746070133016 0.1259259259259259
0 0.7466747279322854 0.7166666666666667 0.04594921402660218 0.16666666666666666
0 0.68863361547763 0.8282407407407406 0.05199516324062878 0.17129629629629628
0 0.5918984280532045 0.4907407407407407 0.04232164449818622 0.15185185185185185
0 0.6088270858524789 0.48703703703703705 0.027811366384522373 0.12037037037037036
0 0.6112454655380894 0.562037037037037 0.03990326481257558 0.1537037037037037
0 0.7935308343409916 0.8425925925925924 0.048972188633615486 0.18333333333333332
0 0.7227932285368803 0.860648148148148 0.046553808948004836 0.1675925925925926
0 0.9059854897218864 0.2675925925925926 0.034461910519951636 0.13518518518518519
0 0.891777509068924 0.25416666666666665 0.03143893591293833 0.1472222222222222
0 0.8675937122128174 0.2518518518518518 0.030229746070133016 0.13888888888888887
0 0.43198307134220076 0.8689814814814815 0.035671100362756954 0.16018518518518518
0 0.41444981862152364 0.8999999999999999 0.04534461910519952 0.1722222222222222
0 0.5018137847642081 0.8402777777777778 0.06045949214026603 0.1861111111111111
0 0.47793228536880294 0.4157407407407407 0.034461910519951636 0.12962962962962962
0 0.23216444981862155 0.44629629629629625 0.03990326481257558 0.1574074074074074
0 0.2666263603385732 0.4532407407407407 0.0350665054413543 0.15092592592592594
0 0.42986698911729143 0.5449074074074074 0.03143893591293833 0.15277777777777776
0 0.37666263603385736 0.5268518518518518 0.03143893591293833 0.15
0 0.29443772672309554 0.5268518518518518 0.03990326481257558 0.15555555555555553
0 0.6369407496977026 0.2162037037037037 0.028415961305925032 0.12129629629629629
0 0.3938935912938331 0.33148148148148143 0.04050785973397824 0.14814814814814817
0 0.5111850060459493 0.3902777777777777 0.030834340991535675 0.12870370370370368
0 0.7696493349455865 0.7847222222222222 0.04353083434099154 0.16018518518518518
0 0.14510278113663846 0.8722222222222221 0.041112454655380895 0.1722222222222222
0 0.09733978234582831 0.8824074074074073 0.048367593712212824 0.1796296296296296
0 0.04474002418379686 0.3430555555555555 0.0350665054413543 0.1472222222222222
0 0.3098548972188634 0.9777777777777776 0.028415961305925032 0.046296296296296294
0 0.528415961305925 0.2939814814814815 0.026602176541717055 0.10462962962962963
0 0.5142079806529626 0.2939814814814815 0.029625151148730353 0.13425925925925924
0 0.02357920193470375 0.6 0.04594921402660218 0.1685185185185185
0 0.06106408706166869 0.9393518518518518 0.048367593712212824 0.12314814814814815
0 0.30290205562273287 0.825 0.048367593712212824 0.17037037037037037
0 0.3409915356711004 0.8412037037037037 0.04353083434099154 0.16944444444444443
0 0.45798065296251517 0.5675925925925926 0.039298669891172915 0.1574074074074074
0 0.4600967351874245 0.6162037037037037 0.05078597339782346 0.15648148148148147
0 0.4077992744860943 0.5962962962962963 0.035671100362756954 0.15185185185185185
0 0.38542926239419595 0.6037037037037037 0.03688029020556228 0.17037037037037037
0 0.24727932285368806 0.137037037037037 0.03869407496977026 0.13518518518518519
0 0.2726723095525998 0.6425925925925925 0.03990326481257558 0.16296296296296295
0 0.2986698911729142 0.6222222222222221 0.04353083434099154 0.17407407407407408
0 0.25695284159613063 0.587962962962963 0.041112454655380895 0.15925925925925927
0 0.7412333736396616 0.47453703703703703 0.04353083434099154 0.14351851851851852
0 0.7388149939540507 0.1199074074074074 0.03990326481257558 0.12870370370370368
0 0.7729746070133012 0.38564814814814813 0.04050785973397824 0.15092592592592594
0 0.7010278113663846 0.4518518518518518 0.0380894800483676 0.15555555555555553
0 0.6747279322853689 0.5893518518518519 0.04957678355501814 0.16203703703703703
0 0.7871825876662636 0.40462962962962956 0.02539298669891173 0.09074074074074073
0 0.6677750906892383 0.43333333333333335 0.0380894800483676 0.14629629629629629
0 0.8600362756952842 0.6087962962962962 0.039298669891172915 0.14537037037037034
0 0.731559854897219 0.43055555555555547 0.036275695284159616 0.13518518518518519
0 0.782950423216445 0.4532407407407407 0.03990326481257558 0.1472222222222222
0 0.9455864570737608 0.17685185185185184 0.02902055622732769 0.1111111111111111
0 0.7920193470374849 0.27638888888888885 0.03385731559854897 0.1398148148148148
0 0.9534461910519952 0.34074074074074073 0.03990326481257558 0.15555555555555553
0 0.7669286577992744 0.3097222222222222 0.039298669891172915 0.15092592592592594
0 0.1614268440145103 0.5351851851851851 0.05199516324062878 0.1685185185185185
0 0.761789600967352 0.18888888888888886 0.032648125755743655 0.1148148148148148
0 0.6819830713422007 0.09953703703703703 0.0350665054413543 0.125
0 0.3570133010882709 0.07083333333333333 0.03325272067714632 0.1361111111111111
0 0.13119709794437728 0.4462962962962963 0.04353083434099154 0.14629629629629629
0 0.832224909310762 0.2847222222222222 0.035671100362756954 0.13055555555555556
0 0.940447400241838 0.2884259259259259 0.028415961305925032 0.13796296296296295
0 0.9259371221281741 0.31851851851851853 0.0380894800483676 0.14074074074074075
0 0.8630592503022976 0.2847222222222222 0.0380894800483676 0.13796296296296295
0 0.3301088270858525 0.08657407407407408 0.026602176541717055 0.13055555555555556
0 0.31318016928657805 0.05972222222222222 0.027811366384522373 0.11574074074074073
0 0.019649334945586457 0.8467592592592592 0.0380894800483676 0.1898148148148148
0 0.3041112454655381 0.08009259259259259 0.03385731559854897 0.13055555555555556
0 0.801088270858525 0.3106481481481481 0.041112454655380895 0.15648148148148147
0 0.08857315598548973 0.5060185185185184 0.050181378476420804 0.1472222222222222
0 0.6844014510278114 0.16574074074074074 0.0350665054413543 0.12962962962962962
0 0.9531438935912939 0.1662037037037037 0.035671100362756954 0.14166666666666666
0 0.8742442563482468 0.262037037037037 0.03385731559854897 0.137037037037037
0 0.9446795646916567 0.599537037037037 0.05139056831922612 0.15092592592592594
0 0.2379081015719468 0.4282407407407407 0.03325272067714632 0.1398148148148148
0 0.5906892382103991 0.6388888888888888 0.048367593712212824 0.14629629629629629
0 0.5728536880290206 0.6101851851851852 0.050181378476420804 0.1685185185185185
0 0.6073155985489722 0.6129629629629628 0.034461910519951636 0.15555555555555553
0 0.7787182587666265 0.7023148148148147 0.04353083434099154 0.14537037037037034
0 0.22521160822249092 0.4018518518518518 0.04050785973397824 0.14814814814814817
0 0.27448609431680776 0.41759259259259257 0.03748488512696494 0.14629629629629629
0 0.5405078597339783 0.43101851851851847 0.030229746070133016 0.14351851851851852
0 0.5380894800483677 0.42407407407407405 0.0350665054413543 0.12962962962962962
0 0.49758162031438935 0.4722222222222222 0.03143893591293833 0.14074074074074075
0 0.40991535671100365 0.37361111111111106 0.03748488512696494 0.1361111111111111
0 0.41475211608222495 0.32361111111111107 0.036275695284159616 0.13425925925925924
0 0.4395405078597341 0.3412037037037037 0.03748488512696494 0.1398148148148148
0 0.4809552599758163 0.33935185185185185 0.034461910519951636 0.11574074074074073
0 0.5184401451027812 0.3550925925925926 0.034461910519951636 0.14351851851851852
0 0.4464933494558646 0.5078703703703703 0.0380894800483676 0.15092592592592594
0 0.38331318016928656 0.55 0.036275695284159616 0.13888888888888887
0 0.38391777509068925 0.5023148148148148 0.04474002418379686 0.12870370370370368
0 0.3866384522370012 0.475 0.0380894800483676 0.13518518518518519
0 0.14087061668681986 0.5074074074074074 0.036275695284159616 0.14074074074074075
0 0.31499395405078595 0.09814814814814815 0.02902055622732769 0.11296296296296296
0 0.31650544135429265 0.3074074074074074 0.030834340991535675 0.14074074074074075
0 0.4737001209189844 0.38379629629629625 0.027206771463119714 0.0898148148148148
0 0.49153567110036284 0.40324074074074073 0.02539298669891173 0.11018518518518518
0 0.27025392986698915 0.9083333333333332 0.04957678355501814 0.1648148148148148
0 0.5764812575574366 0.312037037037037 0.04050785973397824 0.16666666666666666
0 0.755441354292624 0.04074074074074074 0.034461910519951636 0.07962962962962963
0 0.786577992744861 0.04444444444444444 0.03143893591293833 0.08703703703703704
0 0.7856711003627571 0.04259259259259259 0.027206771463119714 0.08333333333333333
0 0.003929866989117292 0.1462962962962963 0.006650544135429264 0.1259259259259259
0 0.7533252720677147 0.03194444444444444 0.032648125755743655 0.06203703703703703
