0 0.7082829504232165 0.9009259259259259 0.07073760580411126 0.17037037037037037
0 0.758162031438936 0.9453703703703703 0.04353083434099154 0.1111111111111111
0 0.38875453446191055 0.5523148148148148 0.03748488512696494 0.14907407407407408
0 0.2608827085852479 0.3296296296296296 0.04292623941958888 0.14629629629629629
0 0.07950423216444982 0.4824074074074074 0.041717049576783564 0.15
0 0.08343409915356712 0.7208333333333333 0.05078597339782346 0.16018518518518518
0 0.12696493349455867 0.3907407407407407 0.03869407496977026 0.14444444444444443
0 0.10278113663845224 0.4592592592592592 0.041112454655380895 0.14629629629629629
0 0.7415356711003628 0.04953703703703703 0.029625151148730353 0.09722222222222222
0 0.8536880290205562 0.3699074074074074 0.04474002418379686 0.1324074074074074
0 0.8609431680773882 0.3541666666666667 0.041112454655380895 0.12870370370370368
0 0.2808343409915357 0.6634259259259259 0.0441354292623942 0.16574074074074074
0 0.3180169286577993 0.6375 0.04232164449818622 0.1675925925925926
0 0.3824062877871826 0.6407407407407407 0.034461910519951636 0.13518518518518519
0 0.7209794437726723 0.9574074074074074 0.039298669891172915 0.08703703703703704
0 0.5801088270858525 0.9412037037037037 0.046553808948004836 0.11944444444444444
0 0.23276904474002422 0.5791666666666667 0.03385731559854897 0.14537037037037034
0 0.24244256348246676 0.55 0.036275695284159616 0.13148148148148148
0 0.19498186215235794 0.5583333333333333 0.03688029020556228 0.14259259259259258
0 0.20737605804111248 0.5212962962962963 0.04474002418379686 0.14629629629629629
0 0.1674727932285369 0.5347222222222221 0.041112454655380895 0.15092592592592594
0 0.38391777509068925 0.22546296296296295 0.032648125755743655 0.12870370370370368
0 0.40598548972188636 0.23055555555555554 0.032043530834341 0.13148148148148148
0 0.3827085852478839 0.42870370370370364 0.027811366384522373 0.1148148148148148
0 0.7149334945586459 0.3759259259259259 0.04534461910519952 0.12037037037037036
0 0.7512091898428055 0.387037037037037 0.04050785973397824 0.13333333333333333
0 0.2717654171704958 0.3731481481481481 0.04776299879081017 0.14074074074074075
0 0.24637243047158405 0.38611111111111107 0.03325272067714632 0.15185185185185185
0 0.9863966142684404 0.7625 0.02599758162031439 0.1324074074074074
0 0.3688029020556228 0.9666666666666667 0.04353083434099154 0.0685185185185185
0 0.47914147521160827 0.6606481481481481 0.0380894800483676 0.14537037037037034
0 0.4800483675937122 0.674074074074074 0.041112454655380895 0.1685185185185185
0 0.21402660217654176 0.7263888888888889 0.048367593712212824 0.1824074074074074
0 0.17593712212817414 0.7152777777777778 0.04474002418379686 0.17314814814814813
0 0.20677146311970981 0.6958333333333332 0.04232164449818622 0.17129629629629628
0 0.5057436517533253 0.4611111111111111 0.04050785973397824 0.14074074074074075
0 0.318621523579202 0.7726851851851851 0.04957678355501814 0.1675925925925926
0 0.44316807738815 0.4606481481481481 0.048367593712212824 0.12314814814814815
0 0.9610036275695285 0.7837962962962963 0.0441354292623942 0.15277777777777776
0 0.9395405078597341 0.7754629629629629 0.0350665054413543 0.12870370370370368
0 0.475211608222491 0.399074074074074 0.03990326481257558 0.14074074074074075
0 0.8666868198307135 0.31157407407407406 0.03688029020556228 0.13425925925925924
0 0.8591293833131802 0.2791666666666667 0.03869407496977026 0.13425925925925924
0 0.8331318016928657 0.28703703703703703 0.0350665054413543 0.13518518518518519
0 0.3533857315598549 0.4708333333333333 0.035671100362756954 0.12870370370370368
0 0.18923821039903269 0.45879629629629626 0.04474002418379686 0.1324074074074074
0 0.22551390568319227 0.4699074074074074 0.03385731559854897 0.14351851851851852
0 0.35247883917775097 0.6648148148148147 0.048367593712212824 0.1648148148148148
0 0.49818621523579204 0.5763888888888888 0.032648125755743655 0.14351851851851852
0 0.053808948004836765 0.15416666666666667 0.032648125755743655 0.12870370370370368
0 0.3639661426844015 0.6972222222222222 0.032648125755743655 0.1574074074074074
0 0.38119709794437734 0.7273148148148147 0.0441354292623942 0.17129629629629628
0 0.2064691656590085 0.18518518518518517 0.034461910519951636 0.13888888888888887
0 0.7058645707376059 0.16481481481481483 0.04534461910519952 0.13333333333333333
0 0.5931076178960097 0.6129629629629629 0.04232164449818622 0.1574074074074074
0 0.6302902055622732 0.6370370370370371 0.0441354292623942 0.1648148148148148
0 0.6287787182587666 0.6171296296296297 0.03748488512696494 0.12685185185185185
0 0.8388754534461911 0.29629629629629634 0.039298669891172915 0.13518518518518519
0 0.22188633615477632 0.4601851851851852 0.0350665054413543 0.14074074074074075
0 0.4416565900846433 0.7310185185185186 0.0441354292623942 0.14537037037037034
0 0.6801692865779928 0.7148148148148148 0.05199516324062878 0.14074074074074075
0 0.18621523579201937 0.43611111111111106 0.032648125755743655 0.13518518518518519
0 0.4619105199516324 0.4259259259259259 0.03385731559854897 0.14259259259259258
0 0.46674727932285376 0.5259259259259259 0.03748488512696494 0.13333333333333333
0 0.45677146311970984 0.4925925925925926 0.048972188633615486 0.1074074074074074
0 0.408403869407497 0.39398148148148143 0.041717049576783564 0.14351851851851852
0 0.50453446191052 0.538425925925926 0.04292623941958888 0.15648148148148147
0 0.5371825876662637 0.5699074074074074 0.0441354292623942 0.15648148148148147
0 0.3857315598548972 0.6180555555555555 0.03869407496977026 0.15462962962962962
0 0.3548972188633616 0.537037037037037 0.04594921402660218 0.13518518518518519
0 0.35489721886336156 0.5032407407407408 0.036275695284159616 0.12129629629629629
0 0.5253929866989118 0.5504629629629629 0.03385731559854897 0.12685185185185185
0 0.5133010882708585 0.6148148148148148 0.04232164449818622 0.11851851851851851
0 0.26511487303506653 0.9194444444444443 0.04776299879081017 0.16296296296296295
0 0.7267230955259977 0.06296296296296296 0.036275695284159616 0.11851851851851851
0 0.761789600967352 0.07407407407407408 0.03143893591293833 0.11296296296296296
0 0.43984280532043535 0.05694444444444444 0.028415961305925032 0.09351851851851851
0 0.4071946795646917 0.05509259259259259 0.03688029020556228 0.10833333333333334
0 0.4410519951632406 0.851388888888889 0.05259975816203145 0.16944444444444443
0 0.7605804111245467 0.6449074074074074 0.05199516324062878 0.15648148148148147
0 0.4622128174123337 0.911111111111111 0.05259975816203145 0.14629629629629629
0 0.9147521160822251 0.5337962962962962 0.041112454655380895 0.14537037037037034
0 0.7146311970979444 0.6754629629629629 0.04353083434099154 0.16574074074074074
0 0.751813784764208 0.6842592592592592 0.04292623941958888 0.15185185185185185
0 0.8839177750906894 0.5324074074074073 0.05078597339782346 0.1574074074074074
0 0.8966142684401452 0.7166666666666667 0.03869407496977026 0.1685185185185185
0 0.7672309552599759 0.7435185185185185 0.04232164449818622 0.1722222222222222
0 0.9652357920193472 0.15555555555555553 0.034461910519951636 0.11851851851851851
0 0.8536880290205564 0.749074074074074 0.05078597339782346 0.15925925925925927
0 0.9141475211608224 0.7796296296296296 0.04594921402660218 0.1574074074074074
0 0.8709189842805322 0.9550925925925925 0.05501813784764208 0.09166666666666666
0 0.8301088270858527 0.9703703703703703 0.04957678355501814 0.06111111111111111
0 0.9217049576783557 0.9833333333333333 0.030834340991535675 0.03518518518518519
0 0.6064087061668681 0.7560185185185184 0.03990326481257558 0.16018518518518518
0 0.5788996372430473 0.7810185185185184 0.039298669891172915 0.13796296296296295
0 0.6487303506650546 0.5398148148148147 0.04594921402660218 0.1537037037037037
0 0.6324062877871826 0.5578703703703703 0.0350665054413543 0.14351851851851852
0 0.7584643288996373 0.056944444444444436 0.029625151148730353 0.11203703703703702
0 0.4322853688029021 0.5875 0.0350665054413543 0.15092592592592594
0 0.46795646916565903 0.5819444444444444 0.036275695284159616 0.14907407407407408
0 0.26934703748488514 0.7 0.048972188633615486 0.17037037037037037
0 0.14087061668681986 0.487037037037037 0.04474002418379686 0.14444444444444443
0 0.14510278113663846 0.6828703703703702 0.047158403869407506 0.16388888888888886
0 0.5380894800483677 0.6717592592592592 0.04232164449818622 0.16574074074074074
0 0.568621523579202 0.6851851851851851 0.05139056831922612 0.15925925925925927
0 0.14570737605804113 0.46481481481481474 0.03990326481257558 0.14074074074074075
0 0.22883917775090692 0.2148148148148148 0.034461910519951636 0.12037037037037036
0 0.2605804111245466 0.20185185185185184 0.041112454655380895 0.13888888888888887
0 0.9767230955259977 0.13657407407407407 0.03325272067714632 0.12314814814814815
0 0.9419588875453447 0.15046296296296294 0.0350665054413543 0.1324074074074074
0 0.9428657799274488 0.1273148148148148 0.03688029020556228 0.12314814814814815
0 0.9597944377267232 0.5416666666666666 0.04776299879081017 0.14629629629629629
0 0.9591898428053206 0.5699074074074074 0.046553808948004836 0.1472222222222222
0 0.01995163240628779 0.8430555555555554 0.03869407496977026 0.17314814814814813
0 0.5906892382103991 0.9685185185185184 0.048367593712212824 0.06111111111111111
0 0.9803506650544137 0.9416666666666667 0.032043530834341 0.11666666666666667
0 0.8328295042321644 0.399537037037037 0.0441354292623942 0.14537037037037034
0 0.8134824667472794 0.3972222222222222 0.03688029020556228 0.137037037037037
0 0.8041112454655382 0.637962962962963 0.04957678355501814 0.17407407407407408
0 0.24879081015719468 0.625 0.0441354292623942 0.13148148148148148
0 0.2714631197097945 0.5902777777777778 0.05441354292623943 0.16018518518518518
0 0.2889963724304716 0.6166666666666667 0.04474002418379686 0.15925925925925927
0 0.15326481257557437 0.425 0.041717049576783564 0.12962962962962962
0 0.02176541717049577 0.4037037037037037 0.04232164449818622 0.14629629629629629
0 0.012998790810157194 0.3796296296296296 0.02478839177750907 0.12777777777777777
0 0.1695888754534462 0.3981481481481481 0.0441354292623942 0.13888888888888887
0 0.2859733978234583 0.28703703703703703 0.04474002418379686 0.13333333333333333
0 0.29534461910519955 0.2648148148148148 0.046553808948004836 0.13888888888888887
0 0.13180169286577995 0.5199074074074074 0.03748488512696494 0.14351851851851852
0 0.8760580411124548 0.7935185185185184 0.055622732769044746 0.15555555555555553
0 0.792926239419589 0.7592592592592593 0.04776299879081017 0.15185185185185185
0 0.8675937122128174 0.6504629629629629 0.04353083434099154 0.15648148148148147
0 0.11396614268440147 0.48657407407407405 0.03688029020556228 0.16388888888888886
0 0.8267835550181379 0.6574074074074073 0.048972188633615486 0.1574074074074074
0 0.8437122128174124 0.5199074074074074 0.06590084643288997 0.17685185185185184
0 0.5749697702539299 0.18055555555555552 0.03990326481257558 0.137037037037037
0 0.5411124546553809 0.1935185185185185 0.0350665054413543 0.14444444444444443
0 0.5142079806529626 0.19398148148148148 0.034461910519951636 0.13796296296296295
0 0.7986698911729142 0.4476851851851852 0.04232164449818622 0.15462962962962962
0 0.74093107617896 0.4523148148148148 0.053808948004836765 0.14351851851851852
0 0.662938331318017 0.3555555555555555 0.046553808948004836 0.137037037037037
0 0.6272672309552599 0.34907407407407404 0.0441354292623942 0.15555555555555553
0 0.6348246674727932 0.41203703703703703 0.048367593712212824 0.14814814814814817
0 0.4737001209189843 0.0662037037037037 0.03325272067714632 0.11944444444444444
0 0.2209794437726723 0.275 0.04050785973397824 0.137037037037037
0 0.36759371221281745 0.18796296296296294 0.03990326481257558 0.14444444444444443
0 0.09854897218863362 0.2462962962962963 0.041112454655380895 0.13518518518518519
0 0.06771463119709795 0.24259259259259255 0.041112454655380895 0.14629629629629629
0 0.02267230955259976 0.48796296296296293 0.0441354292623942 0.1574074074074074
0 0.013603385731559855 0.3157407407407407 0.02599758162031439 0.15
0 0.03688029020556228 0.3333333333333333 0.04232164449818622 0.15
0 0.5281136638452237 0.2185185185185185 0.0441354292623942 0.14444444444444443
0 0.5580411124546555 0.13888888888888887 0.036275695284159616 0.13148148148148148
0 0.04564691656590085 0.4699074074074074 0.046553808948004836 0.1675925925925926
0 0.2515114873035067 0.1925925925925926 0.03143893591293833 0.11296296296296296
0 0.24304715840386942 0.16388888888888886 0.032648125755743655 0.11851851851851851
0 0.2551390568319227 0.1023148148148148 0.030229746070133016 0.11574074074074073
0 0.46553808948004843 0.2337962962962963 0.04232164449818622 0.13425925925925924
0 0.07164449818621524 0.4324074074074074 0.03688029020556228 0.14259259259259258
0 0.06590084643288997 0.4092592592592592 0.04594921402660218 0.1574074074074074
0 0.6009673518742443 0.42361111111111105 0.0350665054413543 0.11574074074074073
0 0.5504836759371222 0.34907407407407404 0.032043530834341 0.11851851851851851
0 0.5241837968561064 0.3421296296296296 0.03990326481257558 0.14351851851851852
0 0.2859733978234583 0.12129629629629629 0.02902055622732769 0.1259259259259259
0 0.47793228536880294 0.3342592592592592 0.041717049576783564 0.12962962962962962
0 0.5220677146311972 0.31342592592592594 0.04050785973397824 0.1398148148148148
0 0.2046553808948005 0.3384259259259259 0.0441354292623942 0.14907407407407408
0 0.1825876662636034 0.36481481481481476 0.0350665054413543 0.13518518518518519
0 0.14298669891172916 0.375 0.03325272067714632 0.1259259259259259
0 0.45102781136638453 0.33935185185185185 0.030229746070133016 0.10277777777777777
0 0.48246674727932287 0.23240740740740737 0.036275695284159616 0.13518518518518519
0 0.11880290205562274 0.7662037037037037 0.05259975816203145 0.1824074074074074
0 0.011789600967351875 0.6680555555555556 0.02237001209189843 0.15092592592592594
0 0.11910519951632408 0.9449074074074074 0.04353083434099154 0.11203703703703702
0 0.2899032648125756 0.8069444444444444 0.06106408706166869 0.1675925925925926
0 0.2097944377267231 0.8125 0.05199516324062878 0.1675925925925926
0 0.43349455864570746 0.7921296296296295 0.048367593712212824 0.17314814814814813
0 0.4498186215235793 0.7624999999999998 0.055622732769044746 0.15462962962962962
0 0.9803506650544137 0.5074074074074074 0.03688029020556228 0.15925925925925927
0 0.913845223700121 0.137037037037037 0.04776299879081017 0.12962962962962962
0 0.5432285368802903 0.08703703703703702 0.03325272067714632 0.13888888888888887
0 0.5662031438935914 0.0898148148148148 0.0380894800483676 0.13148148148148148
0 0.5589480048367594 0.02222222222222222 0.034461910519951636 0.04259259259259259
0 0.563180169286578 0.01435185185185185 0.03325272067714632 0.02685185185185185
0 0.6115477629987909 0.01851851851851852 0.03325272067714632 0.03518518518518519
0 0.17079806529625152 0.18240740740740738 0.034461910519951636 0.1259259259259259
0 0.3724304715840387 0.05231481481481481 0.04594921402660218 0.10277777777777777
0 0.34159613059250304 0.053703703703703705 0.036275695284159616 0.1
0 0.18500604594921402 0.09074074074074073 0.03990326481257558 0.13888888888888887
0 0.2194679564691657 0.07222222222222222 0.041112454655380895 0.13333333333333333
0 0.24848851269649336 0.06620370370370371 0.036275695284159616 0.125
0 0.2880894800483676 0.020833333333333332 0.0380894800483676 0.03981481481481482
0 0.14268440145102781 0.1861111111111111 0.03143893591293833 0.12962962962962962
0 0.9866989117291416 0.22777777777777775 0.02539298669891173 0.14629629629629629
0 0.31136638452237003 0.17037037037037037 0.03748488512696494 0.14444444444444443
0 0.06257557436517534 0.18796296296296294 0.0380894800483676 0.13888888888888887
0 0.07769044740024185 0.19814814814814816 0.03325272067714632 0.13333333333333333
0 0.09854897218863362 0.21064814814814817 0.041112454655380895 0.13796296296296295
0 0.1203143893591294 0.1861111111111111 0.0350665054413543 0.13888888888888887
0 0.030229746070133016 0.16296296296296295 0.036275695284159616 0.12962962962962962
0 0.159310761789601 0.03148148148148148 0.039298669891172915 0.06111111111111111
0 0.24879081015719468 0.023148148148148147 0.0380894800483676 0.04444444444444444
0 0.040205562273276915 0.07592592592592592 0.0380894800483676 0.13333333333333333
0 0.11759371221281743 0.03472222222222222 0.03325272067714632 0.06759259259259259
0 0.07406287787182589 0.03749999999999999 0.04050785973397824 0.07314814814814814
0 0.21614268440145104 0.013888888888888888 0.039298669891172915 0.02592592592592592
0 0.8818016928657799 0.13379629629629627 0.04292623941958888 0.12870370370370368
0 0.9800483675937124 0.07777777777777777 0.036275695284159616 0.11666666666666667
0 0.9035671100362758 0.04027777777777777 0.0380894800483676 0.0787037037037037
0 0.010580411124546553 0.4972222222222222 0.01995163240628779 0.10370370370370369
0 0.012998790810157194 0.16574074074074072 0.02478839177750907 0.13518518518518519
0 0.9525392986698912 0.03564814814814814 0.034461910519951636 0.06944444444444443
0 0.015114873035066504 0.1449074074074074 0.02902055622732769 0.1398148148148148
0 0.04292623941958888 0.13240740740740742 0.030229746070133016 0.1148148148148148
0 0.19074969770253933 0.03564814814814814 0.039298669891172915 0.06944444444444443
0 0.9295646916565902 0.03518518518518518 0.032043530834341 0.0685185185185185
0 0.9440749697702541 0.05509259259259259 0.034461910519951636 0.10462962962962963
0 0.986094316807739 0.05138888888888889 0.026602176541717055 0.10092592592592592
0 0.912938331318017 0.09120370370370369 0.03869407496977026 0.12685185185185185
0 0.07436517533252722 0.02685185185185185 0.030229746070133016 0.05185185185185184
0 0.16868198307134222 0.06712962962962962 0.03143893591293833 0.12129629629629629
0 0.010882708585247883 0.12037037037037036 0.020556227327690448 0.11851851851851851
0 0.7291414752116083 0.04953703703703703 0.032648125755743655 0.09722222222222222
0 0.24153567110036278 0.24675925925925926 0.041717049576783564 0.14166666666666666
0 0.3050181378476421 0.20509259259259255 0.0380894800483676 0.13796296296296295
