0 0.475211608222491 0.03611111111111111 0.030229746070133016 0.07037037037037037
0 0.6218258766626361 0.07314814814814814 0.034461910519951636 0.13518518518518519
0 0.9486094316807739 0.08009259259259259 0.04232164449818622 0.13055555555555556
0 0.9549576783555018 0.0574074074074074 0.048972188633615486 0.11296296296296296
0 0.9253325272067715 0.06712962962962962 0.039298669891172915 0.1324074074074074
0 0.9830713422007257 0.03749999999999999 0.032648125755743655 0.07314814814814814
0 0.6777509068923822 0.02546296296296296 0.02902055622732769 0.04907407407407407
0 0.6390568319226119 0.04953703703703703 0.030229746070133016 0.09722222222222222
0 0.5934099153567111 0.03148148148148148 0.029625151148730353 0.06111111111111111
0 0.6765417170495768 0.04027777777777777 0.027811366384522373 0.0787037037037037
0 0.41475211608222495 0.4444444444444445 0.0350665054413543 0.10925925925925925
0 0.569528415961306 0.03749999999999999 0.04232164449818622 0.07314814814814814
0 0.5873639661426845 0.04212962962962962 0.027206771463119714 0.0824074074074074
0 0.6048972188633616 0.04861111111111111 0.032043530834341 0.09537037037037037
0 0.6402660217654172 0.09768518518518518 0.032648125755743655 0.13425925925925924
0 0.6626360338573156 0.08796296296296297 0.03385731559854897 0.13148148148148148
0 0.6233373639661428 0.1087962962962963 0.03748488512696494 0.1398148148148148
0 0.5985489721886337 0.07407407407407406 0.03869407496977026 0.14629629629629629
0 0.5770858524788393 0.19907407407407404 0.039298669891172915 0.14074074074074075
0 0.6160822249093109 0.23287037037037037 0.04594921402660218 0.1472222222222222
0 0.5985489721886337 0.1421296296296296 0.036275695284159616 0.12314814814814815
0 0.5952237001209191 0.17314814814814816 0.04050785973397824 0.137037037037037
0 0.6399637243047159 0.16435185185185183 0.035671100362756954 0.15462962962962962
0 0.655683192261185 0.20185185185185184 0.039298669891172915 0.14074074074074075
0 0.7276299879081017 0.15416666666666667 0.035671100362756954 0.12870370370370368
0 0.7197702539298669 0.13842592592592592 0.029625151148730353 0.12685185185185185
0 0.6623337363966143 0.288425925925926 0.0380894800483676 0.14351851851851852
0 0.666565900846433 0.24398148148148147 0.039298669891172915 0.12870370370370368
0 0.7533252720677147 0.19907407407407407 0.0350665054413543 0.12962962962962962
0 0.7826481257557438 0.19212962962962962 0.041717049576783564 0.13796296296296295
0 0.824062877871826 0.15879629629629627 0.03869407496977026 0.15277777777777776
0 0.8724304715840387 0.12453703703703703 0.03990326481257558 0.15092592592592594
0 0.9226118500604594 0.15 0.0350665054413543 0.14814814814814817
0 0.9486094316807739 0.12824074074074074 0.032648125755743655 0.1324074074074074
0 0.9773276904474003 0.10509259259259258 0.039298669891172915 0.1175925925925926
0 0.9703748488512697 0.2351851851851852 0.03385731559854897 0.14259259259259258
0 0.9464933494558646 0.24259259259259258 0.039298669891172915 0.14814814814814817
0 0.8564087061668681 0.3597222222222223 0.048972188633615486 0.14351851851851852
0 0.8926844014510279 0.3638888888888889 0.0441354292623942 0.137037037037037
0 0.8137847642079806 0.2930555555555555 0.03990326481257558 0.13425925925925924
0 0.825876662636034 0.25833333333333336 0.03385731559854897 0.14259259259259258
0 0.8500604594921404 0.26666666666666666 0.03990326481257558 0.14074074074074075
0 0.41535671100362753 0.11018518518518518 0.041112454655380895 0.13148148148148148
0 0.43561064087061674 0.1486111111111111 0.0441354292623942 0.1324074074074074
0 0.7944377267230956 0.3712962962962963 0.032648125755743655 0.15185185185185185
0 0.761789600967352 0.3699074074074074 0.04232164449818622 0.1675925925925926
0 0.7182587666263603 0.2791666666666667 0.032648125755743655 0.11574074074074073
0 0.7227932285368803 0.32407407407407407 0.039298669891172915 0.12962962962962962
0 0.6798669891172915 0.3837962962962963 0.03688029020556228 0.13796296296296295
0 0.19709794437726724 0.16805555555555554 0.0350665054413543 0.13796296296296295
0 0.04443772672309553 0.16296296296296295 0.03688029020556228 0.137037037037037
0 0.015719467956469165 0.15879629629629627 0.030229746070133016 0.14537037037037034
0 0.05350665054413544 0.1273148148148148 0.0380894800483676 0.12685185185185185
0 0.005441354292623942 0.29629629629629634 0.009673518742442565 0.1574074074074074
0 0.26148730350665056 0.2837962962962963 0.035671100362756954 0.15092592592592594
0 0.22400241837968562 0.2824074074074074 0.039298669891172915 0.15185185185185185
0 0.1955864570737606 0.3384259259259259 0.0441354292623942 0.15462962962962962
0 0.17623941958887546 0.31666666666666665 0.034461910519951636 0.15185185185185185
0 0.3334340991535672 0.34768518518518515 0.03688029020556228 0.13425925925925924
0 0.30350665054413545 0.3324074074074074 0.041112454655380895 0.13518518518518519
0 0.2938331318016929 0.3532407407407407 0.047158403869407506 0.14537037037037034
0 0.6844014510278115 0.2796296296296296 0.03748488512696494 0.137037037037037
0 0.7406287787182587 0.25046296296296294 0.04474002418379686 0.16203703703703703
0 0.7303506650544136 0.3439814814814815 0.0350665054413543 0.12129629629629629
0 0.7103990326481258 0.4078703703703704 0.0350665054413543 0.14907407407407408
0 0.7400241837968561 0.41388888888888886 0.03748488512696494 0.14629629629629629
0 0.6596130592503023 0.48287037037037034 0.0350665054413543 0.13425925925925924
0 0.7264207980652964 0.43749999999999994 0.04534461910519952 0.15648148148148147
0 0.68863361547763 0.4481481481481481 0.03990326481257558 0.15185185185185185
0 0.731559854897219 0.5453703703703704 0.04353083434099154 0.1537037037037037
0 0.786577992744861 0.2907407407407407 0.04232164449818622 0.15185185185185185
0 0.006045949214026603 0.950462962962963 0.010882708585247884 0.10092592592592592
0 0.04534461910519952 0.9101851851851851 0.06166868198307135 0.15925925925925927
0 0.32889963724304716 0.7148148148148148 0.03869407496977026 0.15
0 0.3237605804111246 0.6435185185185186 0.046553808948004836 0.17037037037037037
0 0.8434099153567111 0.23564814814814816 0.03990326481257558 0.15648148148148147
0 0.6284764207980653 0.8861111111111111 0.05864570737605805 0.17592592592592593
0 0.641777509068924 0.8384259259259258 0.03688029020556228 0.13796296296296295
0 0.7267230955259977 0.5851851851851851 0.047158403869407506 0.15925925925925927
0 0.6862152357920194 0.6162037037037037 0.05199516324062878 0.15092592592592594
0 0.9256348246674728 0.225 0.0350665054413543 0.15185185185185185
0 0.7046553808948005 0.9513888888888888 0.04292623941958888 0.09907407407407406
0 0.6940749697702541 0.32870370370370366 0.03748488512696494 0.1537037037037037
0 0.7998790810157196 0.23333333333333334 0.041112454655380895 0.13518518518518519
0 0.8893591293833133 0.16064814814814815 0.04353083434099154 0.14907407407407408
0 0.5819226118500606 0.4708333333333333 0.032043530834341 0.12685185185185185
0 0.690447400241838 0.24814814814814815 0.0350665054413543 0.14259259259259258
0 0.9289600967351875 0.20185185185185184 0.03688029020556228 0.14259259259259258
0 0.9727932285368803 0.2699074074074074 0.03869407496977026 0.15462962962962962
0 0.7061668681983072 0.1611111111111111 0.030229746070133016 0.13888888888888887
0 0.7173518742442563 0.2657407407407407 0.034461910519951636 0.08333333333333333
0 0.9492140266021766 0.1375 0.03748488512696494 0.11574074074074073
0 0.2772067714631198 0.9467592592592592 0.0441354292623942 0.10833333333333334
0 0.44467956469165665 0.9324074074074072 0.048972188633615486 0.12962962962962962
0 0.9235187424425635 0.937037037037037 0.053808948004836765 0.12777777777777777
0 0.49244256348246684 0.6462962962962963 0.034461910519951636 0.15925925925925927
0 0.5093712212817413 0.6546296296296296 0.04050785973397824 0.1648148148148148
0 0.24123337363966146 0.6939814814814814 0.04957678355501814 0.17129629629629628
0 0.20495767835550183 0.6717592592592592 0.04474002418379686 0.17129629629629628
0 0.23428053204353086 0.6583333333333332 0.041717049576783564 0.16296296296296295
0 0.512696493349456 0.7837962962962963 0.05078597339782346 0.175
0 0.4694679564691657 0.8287037037037036 0.0441354292623942 0.16296296296296295
0 0.6426844014510279 0.7879629629629629 0.03990326481257558 0.1574074074074074
0 0.6680773881499397 0.7537037037037037 0.048367593712212824 0.1685185185185185
0 0.6151753325272068 0.7583333333333333 0.041717049576783564 0.1611111111111111
0 0.6780532043530835 0.7939814814814814 0.0441354292623942 0.15648148148148147
0 0.7007255139056833 0.7717592592592593 0.03748488512696494 0.16203703703703703
0 0.5903869407496978 0.562037037037037 0.039298669891172915 0.14629629629629629
0 0.6215235792019348 0.5819444444444444 0.041112454655380895 0.16018518518518518
0 0.5737605804111245 0.9851851851851852 0.03869407496977026 0.03148148148148148
0 0.6233373639661428 0.9851851851851852 0.026602176541717055 0.03148148148148148
0 0.6822853688029021 0.9763888888888889 0.04292623941958888 0.04907407407407407
0 0.35640870616686826 0.7527777777777778 0.0441354292623942 0.16666666666666666
0 0.4685610640870617 0.44212962962962965 0.04474002418379686 0.1398148148148148
0 0.5066505441354293 0.49351851851851847 0.0350665054413543 0.14074074074074075
0 0.5253929866989118 0.4736111111111111 0.03748488512696494 0.13796296296296295
0 0.6698911729141477 0.21388888888888888 0.032648125755743655 0.12407407407407406
0 0.7490931076178962 0.7787037037037036 0.05441354292623943 0.16296296296296295
0 0.6266626360338573 0.8388888888888888 0.053808948004836765 0.17037037037037037
0 0.5922007255139058 0.4935185185185185 0.0441354292623942 0.1537037037037037
0 0.6094316807738815 0.4837962962962962 0.027811366384522373 0.11574074074074073
0 0.6127569528415961 0.562962962962963 0.04050785973397824 0.1574074074074074
0 0.7394195888754537 0.8680555555555555 0.05441354292623943 0.17314814814814813
0 0.6753325272067715 0.8847222222222222 0.05320435308343411 0.16388888888888886
0 0.9068923821039904 0.26944444444444443 0.03990326481257558 0.13518518518518519
0 0.8920798065296253 0.25509259259259254 0.032043530834341 0.14907407407407408
0 0.8681983071342201 0.25555555555555554 0.030229746070133016 0.14074074074074075
0 0.5362756952841597 0.9143518518518519 0.04594921402660218 0.16203703703703703
0 0.5302297460701331 0.9319444444444444 0.04353083434099154 0.13425925925925924
0 0.5259975816203144 0.8263888888888888 0.047158403869407506 0.19166666666666668
0 0.47974607013301096 0.4199074074074074 0.034461910519951636 0.1324074074074074
0 0.23276904474002422 0.44675925925925924 0.04353083434099154 0.15648148148148147
0 0.2669286577992745 0.45462962962962966 0.034461910519951636 0.15185185185185185
0 0.45737605804111253 0.5662037037037037 0.034461910519951636 0.15648148148148147
0 0.4229141475211609 0.5412037037037037 0.034461910519951636 0.15648148148148147
0 0.2929262394195889 0.5365740740740741 0.039298669891172915 0.16018518518518518
0 0.6831922611850061 0.20648148148148146 0.030229746070133016 0.11851851851851851
0 0.3960096735187425 0.3337962962962963 0.03990326481257558 0.14907407407407408
0 0.5129987908101573 0.3893518518518518 0.027206771463119714 0.12685185185185185
0 0.6910519951632408 0.8263888888888888 0.04594921402660218 0.1675925925925926
0 0.1816807738814994 0.9268518518518518 0.0441354292623942 0.14814814814814817
0 0.1251511487303507 0.9342592592592591 0.05320435308343411 0.13333333333333333
0 0.04232164449818622 0.3458333333333333 0.03385731559854897 0.1472222222222222
0 0.5876662636033858 0.3458333333333333 0.032648125755743655 0.11388888888888889
0 0.5689238210399034 0.3453703703703704 0.036275695284159616 0.14259259259259258
0 0.024486094316807743 0.6712962962962963 0.04776299879081017 0.17777777777777776
0 0.003929866989117292 0.6495370370370369 0.006650544135429264 0.15462962962962962
0 0.015114873035066504 0.9810185185185184 0.02902055622732769 0.03981481481481482
0 0.3307134220072552 0.9101851851851851 0.05320435308343411 0.1648148148148148
0 0.3706166868198308 0.9124999999999999 0.05320435308343411 0.16574074074074074
0 0.4268440145102782 0.6101851851851852 0.04474002418379686 0.16296296296296295
0 0.45284159613059255 0.638425925925926 0.05199516324062878 0.16018518518518518
0 0.3957073760580411 0.5990740740740741 0.0441354292623942 0.1685185185185185
0 0.373639661426844 0.6157407407407407 0.041112454655380895 0.1796296296296296
0 0.24758162031438935 0.13888888888888887 0.0380894800483676 0.13518518518518519
0 0.2747883917775091 0.7148148148148148 0.046553808948004836 0.1685185185185185
0 0.30018137847642085 0.699074074074074 0.0441354292623942 0.1796296296296296
0 0.284764207980653 0.65 0.04594921402660218 0.1574074074074074
0 0.7566505441354294 0.5287037037037037 0.046553808948004836 0.16296296296296295
0 0.7436517533252721 0.1273148148148148 0.032648125755743655 0.11944444444444444
0 0.792019347037485 0.4171296296296296 0.041112454655380895 0.15277777777777776
0 0.7119105199516325 0.5134259259259258 0.039298669891172915 0.16203703703703703
0 0.6523579201934704 0.6458333333333333 0.04594921402660218 0.17129629629629628
0 0.8128778718258768 0.4384259259259259 0.032043530834341 0.09537037037037037
0 0.6898428053204354 0.4888888888888889 0.03990326481257558 0.14629629629629629
0 0.8802902055622733 0.688425925925926 0.04474002418379686 0.16018518518518518
0 0.7623941958887547 0.4777777777777778 0.04232164449818622 0.14259259259259258
0 0.8228536880290206 0.5027777777777778 0.048367593712212824 0.1537037037037037
0 0.978839177750907 0.18703703703703703 0.02902055622732769 0.1074074074074074
0 0.8101571946795647 0.3050925925925926 0.0350665054413543 0.1324074074074074
0 0.9655380894800485 0.374537037037037 0.041112454655380895 0.16203703703703703
0 0.7675332527206772 0.3333333333333333 0.041717049576783564 0.1574074074074074
0 0.15175332527206772 0.612037037037037 0.05441354292623943 0.1685185185185185
0 0.7778113663845225 0.23240740740740737 0.035671100362756954 0.14259259259259258
0 0.6949818621523579 0.13425925925925924 0.034461910519951636 0.13148148148148148
0 0.3576178960096736 0.0736111111111111 0.03688029020556228 0.13425925925925924
0 0.13180169286577995 0.525 0.05441354292623943 0.16296296296296295
0 0.8391777509068924 0.32037037037037036 0.03869407496977026 0.14074074074074075
0 0.9519347037484887 0.3310185185185185 0.032043530834341 0.13796296296296295
0 0.9244256348246674 0.3574074074074074 0.03990326481257558 0.1537037037037037
0 0.8760580411124548 0.3148148148148148 0.041112454655380895 0.14259259259259258
0 0.3307134220072552 0.09212962962962962 0.026602176541717055 0.1324074074074074
0 0.31378476420798074 0.058796296296296284 0.030229746070133016 0.11574074074074073
0 0.021160822249093107 0.8486111111111111 0.041112454655380895 0.18796296296296294
0 0.30652962515114873 0.08287037037037036 0.0350665054413543 0.1324074074074074
0 0.8053204353083435 0.34074074074074073 0.04594921402660218 0.16296296296296295
0 0.07648125755743652 0.5814814814814814 0.05501813784764208 0.1537037037037037
0 0.7179564691656591 0.20277777777777778 0.03688029020556228 0.14074074074074075
0 0.983373639661427 0.1759259259259259 0.030834340991535675 0.13888888888888887
0 0.8694074969770255 0.26296296296296295 0.032648125755743655 0.14074074074074075
0 0.9528415961305926 0.6763888888888888 0.04957678355501814 0.17314814814814813
0 0.23700120918984283 0.4356481481481481 0.0350665054413543 0.1398148148148148
0 0.5900846432889965 0.6398148148148147 0.047158403869407506 0.14629629629629629
0 0.5646916565900847 0.6125 0.0350665054413543 0.16388888888888886
0 0.6085247883917775 0.6171296296296295 0.03688029020556228 0.16203703703703703
0 0.7699516324062878 0.7032407407407407 0.050181378476420804 0.14907407407407408
0 0.22249093107617898 0.40509259259259256 0.04353083434099154 0.15092592592592594
0 0.2756952841596131 0.4222222222222222 0.03748488512696494 0.14629629629629629
0 0.542926239419589 0.43611111111111106 0.030229746070133016 0.14074074074074075
0 0.5380894800483677 0.42453703703703705 0.03869407496977026 0.12685185185185185
0 0.49879081015719473 0.47268518518518515 0.032648125755743655 0.13796296296296295
0 0.40870616686819833 0.375 0.03748488512696494 0.13518518518518519
0 0.412938331318017 0.32546296296296295 0.03748488512696494 0.13425925925925924
0 0.4350060459492141 0.3467592592592592 0.039298669891172915 0.1361111111111111
0 0.4809552599758163 0.350925925925926 0.032043530834341 0.13518518518518519
0 0.5311366384522371 0.36342592592592593 0.03688029020556228 0.15092592592592594
0 0.44800483675937125 0.5111111111111111 0.03869407496977026 0.1574074074074074
0 0.3881499395405079 0.5587962962962962 0.03748488512696494 0.13796296296296295
0 0.3827085852478839 0.5046296296296295 0.047158403869407506 0.12962962962962962
0 0.3875453446191052 0.475 0.03990326481257558 0.13518518518518519
0 0.11698911729141477 0.5763888888888888 0.032043530834341 0.13796296296296295
0 0.317714631197098 0.10277777777777777 0.039298669891172915 0.12037037037037036
0 0.32496977025392987 0.3189814814814815 0.034461910519951636 0.15462962962962962
0 0.4727932285368804 0.39166666666666666 0.027811366384522373 0.1
0 0.49183796856106415 0.4078703703703704 0.02599758162031439 0.11574074074074073
0 0.2714631197097945 0.9101851851851851 0.04957678355501814 0.16666666666666666
0 0.6302902055622732 0.36759259259259264 0.0441354292623942 0.17592592592592593
0 0.7548367593712213 0.04305555555555555 0.034461910519951636 0.08425925925925926
0 0.7862756952841597 0.04444444444444444 0.032043530834341 0.08703703703703704
0 0.7856711003627571 0.04444444444444444 0.027206771463119714 0.08703703703703704
0 0.003929866989117292 0.1472222222222222 0.006650544135429264 0.12962962962962962
0 0.7533252720677147 0.032407407407407406 0.032648125755743655 0.06296296296296296
