0 0.13301088270858527 0.02685185185185185 0.0350665054413543 0.05185185185185184
0 0.16777509068923824 0.038425925925925926 0.0441354292623942 0.075
0 0.39419588875453443 0.1560185185185185 0.041112454655380895 0.12685185185185185
0 0.38210399032648135 0.15231481481481482 0.0350665054413543 0.13425925925925924
0 0.6178960096735188 0.20324074074074072 0.03990326481257558 0.16018518518518518
0 0.24848851269649336 0.09351851851851851 0.03385731559854897 0.13518518518518519
0 0.24939540507859734 0.0662037037037037 0.034461910519951636 0.11944444444444444
0 0.24607013301088274 0.049999999999999996 0.032648125755743655 0.09814814814814814
0 0.2107013301088271 0.07083333333333333 0.03688029020556228 0.125
0 0.574062877871826 0.06481481481481481 0.034461910519951636 0.10370370370370369
0 0.5652962515114873 0.05462962962962962 0.0350665054413543 0.1074074074074074
0 0.5625755743651754 0.13333333333333333 0.039298669891172915 0.13333333333333333
0 0.6707980652962516 0.08472222222222221 0.027206771463119714 0.10462962962962963
0 0.6045949214026604 0.14583333333333334 0.03385731559854897 0.1175925925925926
0 0.9818621523579203 0.2935185185185185 0.0350665054413543 0.15185185185185185
0 0.6426844014510279 0.12916666666666668 0.03143893591293833 0.11574074074074073
0 0.6227327690447402 0.13518518518518519 0.032648125755743655 0.12407407407407406
0 0.9549576783555018 0.2074074074074074 0.0441354292623942 0.13148148148148148
0 0.9271463119709795 0.16481481481481483 0.05139056831922612 0.13518518518518519
0 0.9226118500604594 0.19768518518518519 0.03990326481257558 0.13796296296296295
0 0.9703748488512697 0.15324074074074073 0.032648125755743655 0.12314814814814815
0 0.9555622732769046 0.15 0.035671100362756954 0.12037037037037036
0 0.9090084643288997 0.1337962962962963 0.03688029020556228 0.13425925925925924
0 0.9721886336154777 0.054629629629629625 0.0350665054413543 0.10555555555555556
0 0.9410519951632408 0.04768518518518518 0.03688029020556228 0.09351851851851851
0 0.7974607013301089 0.10416666666666667 0.03385731559854897 0.12685185185185185
0 0.20858524788391783 0.11712962962962963 0.03990326481257558 0.13425925925925924
0 0.5659008464328901 0.10092592592592592 0.04474002418379686 0.13518518518518519
0 0.7215840386940751 0.06203703703703703 0.032043530834341 0.12222222222222222
0 0.7451632406287788 0.07685185185185185 0.027206771463119714 0.11851851851851851
0 0.659310761789601 0.0685185185185185 0.03688029020556228 0.13333333333333333
0 0.7406287787182589 0.08101851851851852 0.027811366384522373 0.09351851851851851
0 0.7469770253929868 0.07777777777777777 0.032043530834341 0.0962962962962963
0 0.410217654171705 0.43425925925925923 0.032043530834341 0.10925925925925925
0 0.6732164449818622 0.10416666666666667 0.034461910519951636 0.13425925925925924
0 0.639056831922612 0.06944444444444443 0.027811366384522373 0.09074074074074073
0 0.7415356711003628 0.0898148148148148 0.03688029020556228 0.13518518518518519
0 0.6423821039903266 0.2212962962962963 0.03688029020556228 0.14074074074074075
0 0.6647521160822251 0.22175925925925924 0.032043530834341 0.1324074074074074
0 0.6723095525997581 0.23240740740740737 0.03990326481257558 0.14074074074074075
0 0.6747279322853689 0.14444444444444443 0.047158403869407506 0.1537037037037037
0 0.594316807738815 0.26805555555555555 0.041112454655380895 0.15277777777777776
0 0.6420798065296253 0.43333333333333335 0.04353083434099154 0.1537037037037037
0 0.69316807738815 0.27824074074074073 0.039298669891172915 0.13796296296296295
0 0.672914147521161 0.30925925925925923 0.04474002418379686 0.1574074074074074
0 0.7125151148730352 0.29212962962962963 0.04050785973397824 0.16203703703703703
0 0.6635429262394197 0.336574074074074 0.039298669891172915 0.1398148148148148
0 0.8128778718258767 0.2638888888888889 0.039298669891172915 0.137037037037037
0 0.7917170495767837 0.2388888888888889 0.032043530834341 0.12962962962962962
0 0.6532648125755744 0.5453703703703704 0.04534461910519952 0.15925925925925927
0 0.6348246674727933 0.3064814814814814 0.03748488512696494 0.137037037037037
0 0.731559854897219 0.26712962962962966 0.03748488512696494 0.12685185185185185
0 0.7605804111245467 0.26805555555555555 0.04232164449818622 0.13796296296296295
0 0.6910519951632407 0.3560185185185185 0.03869407496977026 0.14907407407407408
0 0.8579201934703748 0.2912037037037037 0.03990326481257558 0.15092592592592594
0 0.9319830713422008 0.2736111111111111 0.039298669891172915 0.15462962962962962
0 0.9607013301088272 0.2472222222222222 0.032648125755743655 0.13148148148148148
0 0.9870012091898429 0.22361111111111107 0.02478839177750907 0.1175925925925926
0 0.9613059250302299 0.39537037037037037 0.041112454655380895 0.15185185185185185
0 0.9368198307134221 0.33287037037037037 0.0441354292623942 0.14907407407407408
0 0.9056831922611851 0.5550925925925926 0.05441354292623943 0.16203703703703703
0 0.9525392986698912 0.5421296296296295 0.039298669891172915 0.15462962962962962
0 0.7623941958887547 0.3981481481481481 0.04353083434099154 0.13518518518518519
0 0.8678960096735188 0.42499999999999993 0.039298669891172915 0.1574074074074074
0 0.9304715840386942 0.3805555555555556 0.041112454655380895 0.14814814814814817
0 0.16203143893591299 0.29629629629629634 0.047158403869407506 0.14259259259259258
0 0.1493349455864571 0.33842592592592596 0.04957678355501814 0.14351851851851852
0 0.8382708585247884 0.5828703703703704 0.03688029020556228 0.15462962962962962
0 0.8071342200725515 0.6009259259259259 0.05199516324062878 0.1796296296296296
0 0.6964933494558646 0.07268518518518517 0.032648125755743655 0.11574074074074073
0 0.7085852478839179 0.12129629629629628 0.03869407496977026 0.12407407407407406
0 0.8512696493349458 0.6064814814814814 0.041112454655380895 0.15925925925925927
0 0.11910519951632408 0.38935185185185184 0.03869407496977026 0.14907407407407408
0 0.02176541717049577 0.5532407407407407 0.04232164449818622 0.17685185185185184
0 0.319528415961306 0.4717592592592592 0.039298669891172915 0.14907407407407408
0 0.3137847642079806 0.3597222222222222 0.03869407496977026 0.13425925925925924
0 0.30743651753325274 0.39444444444444443 0.034461910519951636 0.14629629629629629
0 0.68863361547763 0.4703703703703704 0.04353083434099154 0.15
0 0.7772067714631198 0.36944444444444446 0.048972188633615486 0.16296296296296295
0 0.7085852478839179 0.1421296296296296 0.03385731559854897 0.12129629629629629
0 0.882708585247884 0.6175925925925926 0.03869407496977026 0.1611111111111111
0 0.9141475211608223 0.6296296296296297 0.03748488512696494 0.1574074074074074
0 0.6475211608222492 0.7273148148148147 0.03990326481257558 0.17129629629629628
0 0.8089480048367595 0.6824074074074074 0.05078597339782346 0.17592592592592593
0 0.7651148730350665 0.6939814814814814 0.046553808948004836 0.15648148148148147
0 0.7732769044740024 0.8388888888888888 0.05199516324062878 0.16666666666666666
0 0.7312575574365177 0.3949074074074074 0.041717049576783564 0.15092592592592594
0 0.09613059250302297 0.962037037037037 0.05441354292623943 0.07777777777777777
0 0.22551390568319227 0.9435185185185184 0.04353083434099154 0.1148148148148148
0 0.1493349455864571 0.9337962962962963 0.05199516324062878 0.13425925925925924
0 0.1562877871825877 0.9546296296296295 0.05139056831922612 0.09074074074074073
0 0.04232164449818622 0.9722222222222221 0.03385731559854897 0.0574074074074074
0 0.15840386940749698 0.9041666666666667 0.056831922611850064 0.1675925925925926
0 0.8954050785973399 0.3796296296296296 0.04232164449818622 0.1574074074074074
0 0.3932889963724305 0.9810185185185184 0.03325272067714632 0.03981481481481482
0 0.4588875453446192 0.9712962962962963 0.03990326481257558 0.059259259259259255
0 0.632708585247884 0.8138888888888888 0.04534461910519952 0.17407407407407408
0 0.6112454655380896 0.8643518518518519 0.05804111245465538 0.16944444444444443
0 0.8917775090689238 0.33888888888888885 0.0350665054413543 0.15185185185185185
0 0.725211608222491 0.4976851851851852 0.041717049576783564 0.16203703703703703
0 0.8298065296251513 0.413425925925926 0.05139056831922612 0.16018518518518518
0 0.8488512696493351 0.33564814814814814 0.047158403869407506 0.17129629629629628
0 0.572249093107618 0.4680555555555555 0.032043530834341 0.12685185185185185
0 0.6807738814993956 0.4208333333333333 0.04474002418379686 0.15648148148148147
0 0.9812575574365177 0.34074074074074073 0.036275695284159616 0.14259259259259258
0 0.9821644498186216 0.40138888888888885 0.03325272067714632 0.14907407407407408
0 0.7911124546553809 0.27731481481481485 0.035671100362756954 0.15092592592592594
0 0.755441354292624 0.39120370370370366 0.03688029020556228 0.0824074074074074
0 0.9531438935912939 0.2625 0.039298669891172915 0.12129629629629629
0 0.2762998790810158 0.9467592592592592 0.04353083434099154 0.10833333333333334
0 0.4425634824667473 0.9333333333333332 0.048367593712212824 0.12962962962962962
0 0.48700120918984285 0.6407407407407407 0.034461910519951636 0.15925925925925927
0 0.5048367593712213 0.6532407407407407 0.0350665054413543 0.16574074074074074
0 0.22793228536880292 0.6939814814814814 0.04957678355501814 0.17129629629629628
0 0.20133010882708588 0.6708333333333332 0.04474002418379686 0.17129629629629628
0 0.2300483675937122 0.6560185185185186 0.041717049576783564 0.16203703703703703
0 0.5075574365175333 0.7824074074074073 0.046553808948004836 0.18148148148148147
0 0.4613059250302298 0.8212962962962962 0.04474002418379686 0.16296296296296295
0 0.6559854897218863 0.924537037037037 0.03869407496977026 0.14907407407407408
0 0.6792623941958889 0.8004629629629629 0.05139056831922612 0.1675925925925926
0 0.637243047158404 0.8907407407407407 0.047158403869407506 0.15555555555555553
0 0.6940749697702541 0.8796296296296295 0.05441354292623943 0.16296296296296295
0 0.7255139056831923 0.8629629629629628 0.048367593712212824 0.1722222222222222
0 0.578597339782346 0.5648148148148148 0.03990326481257558 0.14629629629629629
0 0.6169891172914148 0.5819444444444444 0.041717049576783564 0.16018518518518518
0 0.3530834340991536 0.750925925925926 0.04474002418379686 0.17037037037037037
0 0.46735187424425645 0.4412037037037037 0.04353083434099154 0.14166666666666666
0 0.4879081015719468 0.4949074074074074 0.03385731559854897 0.1324074074074074
0 0.5160217654171706 0.49861111111111106 0.039298669891172915 0.13796296296296295
0 0.7097944377267231 0.08148148148148147 0.030229746070133016 0.1148148148148148
0 0.5495767835550182 0.9310185185185185 0.056831922611850064 0.1398148148148148
0 0.4068923821039903 0.9592592592592591 0.03385731559854897 0.08333333333333333
0 0.5928053204353084 0.49027777777777776 0.041717049576783564 0.15462962962962962
0 0.5931076178960097 0.45787037037037037 0.027811366384522373 0.11574074074074073
0 0.6051995163240629 0.5578703703703703 0.03990326481257558 0.15648148148148147
0 0.5278113663845224 0.9643518518518518 0.05078597339782346 0.07314814814814814
0 0.4461910519951633 0.9791666666666666 0.032648125755743655 0.04351851851851852
0 0.901148730350665 0.2657407407407407 0.039298669891172915 0.13518518518518519
0 0.8920798065296253 0.24768518518518517 0.032043530834341 0.14907407407407408
0 0.8642684401451028 0.24953703703703703 0.029625151148730353 0.1398148148148148
0 0.8597339782345829 0.8662037037037036 0.05199516324062878 0.15462962962962962
0 0.8452237001209191 0.8935185185185185 0.06650544135429264 0.1648148148148148
0 0.5223700120918985 0.8236111111111111 0.047158403869407506 0.1861111111111111
0 0.03778718258766627 0.9851851851851852 0.032043530834341 0.029629629629629627
0 0.4815598548972189 0.4180555555555555 0.034461910519951636 0.1324074074074074
0 0.23035066505441357 0.43935185185185177 0.048367593712212824 0.15648148148148147
0 0.26541717049576785 0.44907407407407407 0.0350665054413543 0.15185185185185185
0 0.5060459492140267 0.6175925925925925 0.04232164449818622 0.1574074074074074
0 0.533857315598549 0.6430555555555555 0.041112454655380895 0.15648148148148147
0 0.33796856106408707 0.6032407407407407 0.03990326481257558 0.16203703703703703
0 0.3932889963724305 0.32870370370370366 0.041717049576783564 0.14814814814814817
0 0.50453446191052 0.3856481481481481 0.029625151148730353 0.12685185185185185
0 0.49939540507859737 0.9453703703703703 0.04474002418379686 0.1111111111111111
0 0.039298669891172915 0.34027777777777773 0.0350665054413543 0.14537037037037034
0 0.6837968561064088 0.5833333333333334 0.032648125755743655 0.1259259259259259
0 0.6653567110036276 0.5777777777777777 0.039298669891172915 0.16296296296296295
0 0.15417170495767837 0.8472222222222222 0.05199516324062878 0.1685185185185185
0 0.10217654171704958 0.8884259259259258 0.041112454655380895 0.16574074074074074
0 0.4277509068923822 0.6791666666666667 0.041717049576783564 0.16018518518518518
0 0.4570737605804112 0.6833333333333333 0.05078597339782346 0.1611111111111111
0 0.4250302297460702 0.6398148148148147 0.04474002418379686 0.1685185185185185
0 0.4032648125755744 0.6518518518518518 0.04594921402660218 0.16666666666666666
0 0.24274486094316808 0.12824074074074074 0.034461910519951636 0.1398148148148148
0 0.03476420798065297 0.9171296296296295 0.048972188633615486 0.16574074074074074
0 0.04504232164449819 0.9388888888888888 0.041717049576783564 0.12407407407407406
0 0.11124546553808949 0.9212962962962962 0.04474002418379686 0.14629629629629629
0 0.8128778718258768 0.8259259259259258 0.05501813784764208 0.18148148148148147
0 0.7394195888754536 0.12962962962962962 0.032648125755743655 0.1259259259259259
0 0.9108222490931077 0.575 0.039298669891172915 0.15555555555555553
0 0.6478234582829505 0.750925925925926 0.0441354292623942 0.17037037037037037
0 0.5840386940749698 0.799537037037037 0.056831922611850064 0.175
0 0.9419588875453447 0.611574074074074 0.032648125755743655 0.10462962962962963
0 0.6771463119709794 0.7254629629629629 0.03990326481257558 0.15648148148148147
0 0.9785368802902057 0.9685185185185184 0.041717049576783564 0.06296296296296296
0 0.8533857315598551 0.712962962962963 0.05501813784764208 0.15925925925925927
0 0.9165659008464331 0.7166666666666667 0.055622732769044746 0.17592592592592593
0 0.7959492140266023 0.4532407407407407 0.035671100362756954 0.14537037037037034
0 0.7744860943168078 0.49675925925925923 0.05320435308343411 0.15833333333333333
0 0.13089480048367594 0.7231481481481481 0.057436517533252726 0.1722222222222222
0 0.8379685610640871 0.3731481481481481 0.04232164449818622 0.14814814814814817
0 0.7648125755743651 0.23935185185185182 0.0350665054413543 0.1324074074074074
0 0.34975816203143895 0.07175925925925926 0.03688029020556228 0.13425925925925924
0 0.11305925030229746 0.6861111111111111 0.04594921402660218 0.17592592592592593
0 0.8588270858524789 0.5125 0.04292623941958888 0.16203703703703703
0 0.980652962515115 0.5328703703703703 0.036275695284159616 0.16203703703703703
0 0.8978234582829505 0.49675925925925923 0.05199516324062878 0.14907407407407408
0 0.32194679564691664 0.08935185185185185 0.027206771463119714 0.125
0 0.3116686819830714 0.06111111111111111 0.032043530834341 0.11851851851851851
0 0.02085852478839178 0.8513888888888889 0.04050785973397824 0.18796296296296294
0 0.2956469165659009 0.08842592592592592 0.03385731559854897 0.1324074074074074
0 0.818621523579202 0.4842592592592592 0.047158403869407506 0.16296296296296295
0 0.06892382103990327 0.7125 0.05441354292623943 0.16203703703703703
0 0.782950423216445 0.29537037037037034 0.03869407496977026 0.14814814814814817
0 0.8678960096735189 0.26481481481481484 0.032043530834341 0.14074074074074075
0 0.24244256348246676 0.42638888888888893 0.0350665054413543 0.1398148148148148
0 0.5734582829504232 0.6435185185185185 0.046553808948004836 0.14629629629629629
0 0.5610640870616688 0.6092592592592593 0.0350665054413543 0.17037037037037037
0 0.6009673518742443 0.6134259259259259 0.0350665054413543 0.16203703703703703
0 0.7388149939540509 0.6449074074074074 0.047158403869407506 0.15833333333333333
0 0.2116082224909311 0.40324074074074073 0.03748488512696494 0.14537037037037034
0 0.27237001209189843 0.41388888888888886 0.03688029020556228 0.14629629629629629
0 0.531136638452237 0.462037037037037 0.030834340991535675 0.14074074074074075
0 0.5299274486094318 0.4694444444444444 0.041717049576783564 0.15185185185185185
0 0.4957678355501814 0.4819444444444444 0.03385731559854897 0.13796296296296295
0 0.40507859733978235 0.37407407407407406 0.03748488512696494 0.13518518518518519
0 0.40991535671100365 0.32083333333333336 0.03748488512696494 0.13425925925925924
0 0.43047158403869407 0.3421296296296296 0.036275695284159616 0.1398148148148148
0 0.475211608222491 0.34722222222222227 0.032648125755743655 0.13518518518518519
0 0.5169286577992745 0.36481481481481476 0.0350665054413543 0.15185185185185185
0 0.444074969770254 0.5125 0.039298669891172915 0.15648148148148147
0 0.3833131801692866 0.5560185185185185 0.03748488512696494 0.13796296296296295
0 0.3769649334945587 0.499537037037037 0.046553808948004836 0.12870370370370368
0 0.38119709794437734 0.47268518518518515 0.039298669891172915 0.13425925925925924
0 0.1614268440145103 0.6300925925925925 0.032648125755743655 0.13796296296296295
0 0.31650544135429265 0.09722222222222222 0.03688029020556228 0.12037037037037036
0 0.33524788391777516 0.4314814814814814 0.041717049576783564 0.15185185185185185
0 0.47037484885126973 0.3856481481481481 0.027811366384522373 0.09907407407407406
0 0.4933494558645708 0.40138888888888885 0.02539298669891173 0.11574074074074073
0 0.26844014510278114 0.9106481481481481 0.04957678355501814 0.16574074074074074
0 0.720677146311971 0.5546296296296295 0.04474002418379686 0.18703703703703703
0 0.7496977025392987 0.04768518518518518 0.03385731559854897 0.09351851851851851
0 0.7823458282950424 0.03981481481481481 0.032648125755743655 0.07777777777777777
0 0.7841596130592504 0.04074074074074074 0.026602176541717055 0.07962962962962963
0 0.006045949214026603 0.1449074074074074 0.010882708585247884 0.1324074074074074
0 0.7503022974607014 0.03518518518518518 0.032648125755743655 0.0685185185185185
