0 0.5580411124546555 0.8712962962962962 0.04353083434099154 0.17037037037037037
0 0.5779927448609432 0.9277777777777776 0.047158403869407506 0.14629629629629629
0 0.3875453446191052 0.5523148148148148 0.03748488512696494 0.14537037037037034
0 0.3237605804111246 0.32083333333333336 0.04050785973397824 0.1361111111111111
0 0.10882708585247886 0.4194444444444444 0.041112454655380895 0.13518518518518519
0 0.28295042321644504 0.6310185185185185 0.04232164449818622 0.16018518518518518
0 0.2956469165659009 0.3444444444444444 0.0350665054413543 0.14444444444444443
0 0.128174123337364 0.425 0.04594921402660218 0.14629629629629629
0 0.6444981862152359 0.9898148148148148 0.027811366384522373 0.02222222222222222
0 0.6780532043530835 0.9518518518518518 0.04776299879081017 0.0962962962962963
0 0.6284764207980653 0.951388888888889 0.04534461910519952 0.09537037037037037
0 0.7439540507859734 0.053240740740740734 0.029625151148730353 0.10462962962962963
0 0.8077388149939543 0.8745370370370369 0.04957678355501814 0.16203703703703703
0 0.8615477629987909 0.8398148148148148 0.06166868198307135 0.1685185185185185
0 0.8990326481257559 0.7949074074074074 0.05804111245465538 0.16203703703703703
0 0.9274486094316808 0.912962962962963 0.06045949214026603 0.1611111111111111
0 0.8830108827085853 0.9199074074074074 0.05259975816203145 0.15648148148148147
0 0.8609431680773881 0.9800925925925925 0.0350665054413543 0.041666666666666664
0 0.8440145102781138 0.37175925925925923 0.03748488512696494 0.13425925925925924
0 0.8627569528415963 0.36018518518518516 0.04594921402660218 0.12037037037037036
0 0.284764207980653 0.6680555555555556 0.03990326481257558 0.16018518518518518
0 0.3567110036275696 0.6212962962962962 0.03869407496977026 0.1537037037037037
0 0.3893591293833132 0.6449074074074074 0.03385731559854897 0.1324074074074074
0 0.5574365175332527 0.9444444444444444 0.03385731559854897 0.10185185185185185
0 0.5359733978234584 0.9287037037037037 0.046553808948004836 0.14444444444444443
0 0.9144498186215237 0.9680555555555554 0.05501813784764208 0.06574074074074074
0 0.23276904474002422 0.5856481481481481 0.03385731559854897 0.15277777777777776
0 0.2379081015719468 0.5546296296296297 0.03688029020556228 0.13148148148148148
0 0.1934703748488513 0.5824074074074074 0.04474002418379686 0.14444444444444443
0 0.2028415961305925 0.5291666666666667 0.0441354292623942 0.14351851851851852
0 0.16021765417170497 0.5393518518518519 0.04353083434099154 0.14537037037037034
0 0.37968561064087064 0.23657407407407405 0.03143893591293833 0.1324074074074074
0 0.4044740024183798 0.2361111111111111 0.032648125755743655 0.13148148148148148
0 0.7152357920193472 0.973611111111111 0.05078597339782346 0.054629629629629625
0 0.6774486094316808 0.9842592592592592 0.032043530834341 0.03333333333333333
0 0.412031438935913 0.4259259259259259 0.029625151148730353 0.1148148148148148
0 0.7143288996372431 0.37916666666666665 0.0441354292623942 0.12129629629629629
0 0.752720677146312 0.39120370370370366 0.03990326481257558 0.12870370370370368
0 0.2735792019347038 0.38055555555555554 0.04776299879081017 0.14444444444444443
0 0.24758162031438935 0.39212962962962966 0.03325272067714632 0.1398148148148148
0 0.9486094316807739 0.7189814814814814 0.03748488512696494 0.1398148148148148
0 0.3482466747279323 0.9606481481481481 0.04232164449818622 0.0787037037037037
0 0.4803506650544136 0.6638888888888889 0.03688029020556228 0.14629629629629629
0 0.4767230955259976 0.6805555555555555 0.041717049576783564 0.17407407407407408
0 0.21311970979443776 0.7314814814814814 0.057436517533252726 0.1796296296296296
0 0.17472793228536881 0.7134259259259259 0.04353083434099154 0.17685185185185184
0 0.20616686819830715 0.7032407407407406 0.04232164449818622 0.17129629629629628
0 0.5392986698911729 0.4675925925925926 0.036275695284159616 0.15185185185185185
0 0.317714631197098 0.7782407407407407 0.048972188633615486 0.1675925925925926
0 0.4425634824667473 0.4708333333333333 0.04957678355501814 0.12129629629629629
0 0.9359129383313182 0.7439814814814815 0.055622732769044746 0.1472222222222222
0 0.9201934703748488 0.749074074074074 0.0350665054413543 0.12407407407407406
0 0.5544135429262395 0.45185185185185184 0.03748488512696494 0.14074074074074075
0 0.8663845223700122 0.31712962962962965 0.03748488512696494 0.13425925925925924
0 0.8627569528415961 0.2884259259259259 0.0350665054413543 0.13425925925925924
0 0.8367593712212817 0.29212962962962963 0.030229746070133016 0.13425925925925924
0 0.35036275695284164 0.47731481481481475 0.034461910519951636 0.12870370370370368
0 0.20435308343409916 0.4699074074074074 0.041112454655380895 0.14351851851851852
0 0.2285368802902056 0.47268518518518515 0.0350665054413543 0.14537037037037034
0 0.3171100362756953 0.6037037037037037 0.04534461910519952 0.1611111111111111
0 0.48911729141475213 0.4666666666666666 0.03143893591293833 0.14074074074074075
0 0.05259975816203145 0.15833333333333333 0.032648125755743655 0.12962962962962962
0 0.36336154776299884 0.7046296296296295 0.032648125755743655 0.1574074074074074
0 0.37817412333736405 0.7351851851851853 0.041717049576783564 0.17037037037037037
0 0.20133010882708588 0.1796296296296296 0.032648125755743655 0.13518518518518519
0 0.7049576783555019 0.16712962962962966 0.05078597339782346 0.13425925925925924
0 0.542926239419589 0.7189814814814814 0.047158403869407506 0.16574074074074074
0 0.6124546553808948 0.6967592592592593 0.041112454655380895 0.16203703703703703
0 0.5749697702539299 0.6949074074074073 0.036275695284159616 0.13796296296296295
0 0.8397823458282951 0.3055555555555555 0.03748488512696494 0.13518518518518519
0 0.2237001209189843 0.46388888888888885 0.0350665054413543 0.14074074074074075
0 0.4425634824667473 0.736111111111111 0.03990326481257558 0.14629629629629629
0 0.6816807738814995 0.7226851851851851 0.05139056831922612 0.14166666666666666
0 0.19286577992744863 0.4375 0.03143893591293833 0.12129629629629629
0 0.38542926239419595 0.449537037037037 0.034461910519951636 0.13055555555555556
0 0.4646311970979444 0.5361111111111111 0.0380894800483676 0.13148148148148148
0 0.45314389359129387 0.49999999999999994 0.048972188633615486 0.1074074074074074
0 0.4090084643288997 0.40277777777777773 0.041717049576783564 0.15185185185185185
0 0.46644498186215244 0.4217592592592592 0.041717049576783564 0.13796296296296295
0 0.5262998790810157 0.5152777777777777 0.039298669891172915 0.14907407407407408
0 0.02237001209189843 0.7435185185185185 0.041112454655380895 0.1648148148148148
0 0.39721886336154777 0.6273148148148148 0.03869407496977026 0.14351851851851852
0 0.35731559854897227 0.5449074074074074 0.04594921402660218 0.13796296296296295
0 0.3539903264812576 0.5032407407407408 0.03688029020556228 0.12129629629629629
0 0.4667472793228537 0.41805555555555546 0.03385731559854897 0.11018518518518518
0 0.5211608222490931 0.6032407407407407 0.03869407496977026 0.12314814814814815
0 0.26934703748488514 0.9277777777777776 0.04776299879081017 0.14629629629629629
0 0.727932285368803 0.07037037037037036 0.041112454655380895 0.12407407407407406
0 0.7642079806529627 0.08148148148148147 0.03143893591293833 0.1148148148148148
0 0.48337363966142693 0.14629629629629629 0.028415961305925032 0.09814814814814814
0 0.4600967351874245 0.14259259259259258 0.0350665054413543 0.12407407407407406
0 0.6989117291414753 0.5953703703703703 0.041112454655380895 0.16296296296296295
0 0.7832527206771465 0.4078703703703704 0.046553808948004836 0.15462962962962962
0 0.7237001209189844 0.6351851851851851 0.036275695284159616 0.13148148148148148
0 0.8007859733978235 0.3467592592592592 0.03688029020556228 0.1324074074074074
0 0.648428053204353 0.38749999999999996 0.0441354292623942 0.14907407407407408
0 0.6768440145102781 0.3939814814814815 0.039298669891172915 0.13796296296296295
0 0.7762998790810158 0.3541666666666667 0.04232164449818622 0.15462962962962962
0 0.722490931076179 0.4462962962962963 0.04232164449818622 0.16296296296296295
0 0.6816807738814995 0.47129629629629627 0.03688029020556228 0.137037037037037
0 0.8470374848851271 0.137037037037037 0.03748488512696494 0.12037037037037036
0 0.7551390568319227 0.49351851851851847 0.047158403869407506 0.15185185185185185
0 0.7750906892382105 0.538425925925926 0.04232164449818622 0.14907407407407408
0 0.9401451027811368 0.6370370370370371 0.06045949214026603 0.15185185185185185
0 0.7324667472793229 0.6657407407407407 0.050181378476420804 0.15185185185185185
0 0.7191656590084645 0.7171296296296297 0.046553808948004836 0.15277777777777776
0 0.902962515114873 0.6550925925925924 0.04292623941958888 0.10833333333333334
0 0.7920193470374849 0.7342592592592592 0.05199516324062878 0.14629629629629629
0 0.6581015719467956 0.5342592592592593 0.039298669891172915 0.14074074074074075
0 0.628174123337364 0.5578703703703703 0.03869407496977026 0.13055555555555556
0 0.5885731559854898 0.3592592592592593 0.0441354292623942 0.14814814814814817
0 0.5510882708585249 0.3592592592592593 0.034461910519951636 0.1259259259259259
0 0.7602781136638453 0.0587962962962963 0.029625151148730353 0.11018518518518518
0 0.8639661426844015 0.6875 0.056831922611850064 0.17685185185185184
0 0.4353083434099154 0.5935185185185186 0.03748488512696494 0.15
0 0.46765417170495777 0.5925925925925927 0.03688029020556228 0.14814814814814817
0 0.5389963724304716 0.650462962962963 0.04776299879081017 0.17685185185185184
0 0.23397823458282954 0.36481481481481476 0.041112454655380895 0.14444444444444443
0 0.1384522370012092 0.4787037037037037 0.04594921402660218 0.1537037037037037
0 0.5897823458282951 0.4972222222222222 0.046553808948004836 0.1574074074074074
0 0.5894800483675937 0.43657407407407406 0.04594921402660218 0.15462962962962962
0 0.20677146311970981 0.35462962962962963 0.03990326481257558 0.13888888888888887
0 0.009068923821039904 0.5574074074074074 0.016928657799274487 0.15555555555555553
0 0.8367593712212819 0.9310185185185185 0.05078597339782346 0.1398148148148148
0 0.05804111245465538 0.3 0.03869407496977026 0.14074074074074075
0 0.024183796856106412 0.2967592592592592 0.03869407496977026 0.1324074074074074
0 0.22883917775090692 0.2185185185185185 0.03688029020556228 0.12222222222222222
0 0.2629987908101572 0.20833333333333334 0.041112454655380895 0.14074074074074075
0 0.0190447400241838 0.24814814814814815 0.03688029020556228 0.14629629629629629
0 0.01662636033857316 0.5157407407407407 0.032043530834341 0.16296296296296295
0 0.9053808948004838 0.12453703703703703 0.03325272067714632 0.1324074074074074
0 0.8455259975816204 0.15277777777777776 0.034461910519951636 0.12962962962962962
0 0.7859733978234582 0.12870370370370368 0.03990326481257558 0.13333333333333333
0 0.10338573155985491 0.6578703703703703 0.041112454655380895 0.16574074074074074
0 0.7974607013301088 0.4694444444444444 0.04474002418379686 0.15555555555555553
0 0.8095525997581622 0.4944444444444444 0.04474002418379686 0.137037037037037
0 0.05834340991535671 0.6388888888888888 0.046553808948004836 0.16296296296296295
0 0.1133615477629988 0.6148148148148148 0.05139056831922612 0.1574074074074074
0 0.21342200725513905 0.9175925925925925 0.05441354292623943 0.16666666666666666
0 0.16565900846432893 0.9300925925925925 0.05320435308343411 0.14166666666666666
0 0.976118500604595 0.6134259259259258 0.04292623941958888 0.18796296296296294
0 0.16928657799274488 0.9921296296296297 0.026602176541717055 0.017592592592592594
0 0.2227932285368803 0.9791666666666666 0.039298669891172915 0.04351851851851852
0 0.24516324062877876 0.9587962962962963 0.048972188633615486 0.08425925925925926
0 0.6106408706166868 0.8379629629629629 0.048367593712212824 0.16296296296296295
0 0.6112454655380896 0.7921296296296295 0.04474002418379686 0.16203703703703703
0 0.9691656590084643 0.27685185185185185 0.048367593712212824 0.15
0 0.9353083434099154 0.2717592592592592 0.03748488512696494 0.13796296296296295
0 0.9600967351874246 0.2185185185185185 0.041112454655380895 0.12222222222222222
0 0.9392382103990328 0.2199074074074074 0.0380894800483676 0.12129629629629629
0 0.8016928657799275 0.4 0.048367593712212824 0.16666666666666666
0 0.17110036275695287 0.6717592592592592 0.047158403869407506 0.14907407407407408
0 0.1916565900846433 0.6175925925925925 0.04474002418379686 0.1648148148148148
0 0.25816203143893596 0.6143518518518519 0.048367593712212824 0.16018518518518518
0 0.008162031438935914 0.4842592592592592 0.015114873035066508 0.14444444444444443
0 0.014207980652962516 0.2148148148148148 0.027206771463119714 0.1537037037037037
0 0.19437726723095528 0.4078703703703704 0.03688029020556228 0.14351851851851852
0 0.7394195888754537 0.5342592592592592 0.04957678355501814 0.14629629629629629
0 0.06438935912938332 0.2611111111111111 0.0380894800483676 0.14814814814814817
0 0.7091898428053205 0.4810185185185185 0.03748488512696494 0.14537037037037034
0 0.7539298669891173 0.4388888888888889 0.04474002418379686 0.1574074074074074
0 0.1816807738814994 0.37731481481481477 0.039298669891172915 0.15648148148148147
0 0.6934703748488514 0.4291666666666666 0.04594921402660218 0.15648148148148147
0 0.09582829504232165 0.31666666666666665 0.046553808948004836 0.1574074074074074
0 0.7503022974607014 0.3226851851851852 0.03869407496977026 0.15648148148148147
0 0.6396614268440146 0.05833333333333333 0.03385731559854897 0.1148148148148148
0 0.6115477629987908 0.06203703703703703 0.034461910519951636 0.12037037037037036
0 0.5915961305925032 0.053240740740740734 0.032043530834341 0.10462962962962963
0 0.7082829504232165 0.26712962962962966 0.05139056831922612 0.14537037037037034
0 0.654776299879081 0.26435185185185184 0.048367593712212824 0.13055555555555556
0 0.597944377267231 0.16805555555555554 0.04353083434099154 0.12129629629629629
0 0.5522974607013301 0.1564814814814815 0.05622732769044741 0.13518518518518519
0 0.5507859733978235 0.24027777777777773 0.04594921402660218 0.13796296296296295
0 0.4483071342200726 0.03287037037037037 0.032043530834341 0.06388888888888888
0 0.3902660217654172 0.16064814814814815 0.0380894800483676 0.13055555555555556
0 0.33524788391777516 0.10370370370370369 0.039298669891172915 0.13888888888888887
0 0.25302297460701334 0.10370370370370369 0.039298669891172915 0.137037037037037
0 0.22460701330108826 0.09722222222222222 0.0380894800483676 0.137037037037037
0 0.04927448609431681 0.18981481481481483 0.034461910519951636 0.1259259259259259
0 0.14389359129383314 0.2828703703703704 0.04232164449818622 0.13796296296296295
0 0.10036275695284161 0.16296296296296295 0.03869407496977026 0.12407407407407406
0 0.11910519951632408 0.18518518518518517 0.041112454655380895 0.137037037037037
0 0.14752116082224911 0.20185185185185184 0.036275695284159616 0.14074074074074075
0 0.31499395405078595 0.06481481481481481 0.03748488512696494 0.12777777777777777
0 0.346130592503023 0.05416666666666666 0.028415961305925032 0.10648148148148147
0 0.18319226118500606 0.2847222222222222 0.04474002418379686 0.15462962962962962
0 0.2303506650544136 0.17824074074074073 0.030229746070133016 0.11018518518518518
0 0.24637243047158405 0.17129629629629628 0.032043530834341 0.12037037037037036
0 0.25816203143893596 0.11620370370370368 0.032648125755743655 0.11574074074074073
0 0.3440145102781137 0.1398148148148148 0.0350665054413543 0.13518518518518519
0 0.2729746070133011 0.28564814814814815 0.034461910519951636 0.1324074074074074
0 0.26692865779927455 0.2712962962962963 0.041717049576783564 0.1574074074074074
0 0.5217654171704958 0.24074074074074073 0.030229746070133016 0.10185185185185185
0 0.46644498186215244 0.20277777777777778 0.032043530834341 0.1074074074074074
0 0.45223700120918986 0.21342592592592588 0.03869407496977026 0.1324074074074074
0 0.2817412333736397 0.12222222222222222 0.032648125755743655 0.11851851851851851
0 0.41898428053204356 0.21342592592592594 0.04232164449818622 0.12685185185185185
0 0.4183796856106409 0.18287037037037035 0.03869407496977026 0.11388888888888889
0 0.32043530834340994 0.19212962962962962 0.04474002418379686 0.13796296296296295
0 0.32920193470374853 0.23703703703703702 0.034461910519951636 0.12962962962962962
0 0.29594921402660224 0.22777777777777777 0.0380894800483676 0.12407407407407406
0 0.3929866989117291 0.2023148148148148 0.036275695284159616 0.10648148148148147
0 0.3585247883917776 0.13055555555555556 0.0350665054413543 0.13518518518518519
0 0.07829504232164451 0.15462962962962962 0.039298669891172915 0.137037037037037
0 0.07255139056831922 0.27546296296296297 0.02902055622732769 0.11574074074074073
0 0.07073760580411126 0.18240740740740738 0.0350665054413543 0.12777777777777777
0 0.007557436517533254 0.7685185185185185 0.013905683192261186 0.1796296296296296
0 0.013603385731559855 0.7083333333333334 0.02599758162031439 0.15185185185185185
0 0.9455864570737605 0.025 0.03990326481257558 0.04814814814814815
0 0.2590689238210399 0.04907407407407407 0.039298669891172915 0.0962962962962963
0 0.22339782345828296 0.0537037037037037 0.03325272067714632 0.10555555555555556
0 0.408403869407497 0.03194444444444444 0.0380894800483676 0.06203703703703703
0 0.16807738814993958 0.05601851851851851 0.036275695284159616 0.11018518518518518
0 0.20828295042321646 0.06481481481481481 0.03325272067714632 0.1148148148148148
0 0.2300483675937122 0.0587962962962963 0.041717049576783564 0.10092592592592592
0 0.20344619105199516 0.03703703703703703 0.03325272067714632 0.07222222222222222
0 0.12394195888754535 0.049999999999999996 0.03869407496977026 0.09814814814814814
0 0.918379685610641 0.030555555555555555 0.03990326481257558 0.059259259259259255
0 0.09280532043530834 0.045370370370370366 0.0380894800483676 0.08888888888888888
0 0.10792019347037485 0.012962962962962963 0.032043530834341 0.024074074074074074
0 0.07708585247883919 0.024537037037037034 0.032043530834341 0.047222222222222214
0 0.7237001209189844 0.05462962962962962 0.026602176541717055 0.1074074074074074
0 0.09159613059250304 0.275 0.041717049576783564 0.15
0 0.41475211608222495 0.1310185185185185 0.03748488512696494 0.14166666666666666
0 0.3733373639661427 0.032407407407407406 0.03325272067714632 0.06296296296296296
