0 0.13724304715840388 0.8069444444444444 0.04957678355501814 0.14351851851851852
0 0.16384522370012092 0.7680555555555555 0.05199516324062878 0.16574074074074074
0 0.06590084643288997 0.7629629629629628 0.05441354292623943 0.1796296296296296
0 0.08978234582829504 0.7379629629629629 0.05622732769044741 0.15925925925925927
0 0.028718258766626367 0.7300925925925925 0.053808948004836765 0.15462962962962962
0 0.26844014510278114 0.6291666666666667 0.041112454655380895 0.15092592592592594
0 0.18863361547763002 0.34074074074074073 0.03990326481257558 0.14629629629629629
0 0.15659008464328902 0.1907407407407407 0.04353083434099154 0.137037037037037
0 0.08252720677146312 0.14074074074074072 0.041717049576783564 0.13518518518518519
0 0.04534461910519952 0.1398148148148148 0.027811366384522373 0.1259259259259259
0 0.09310761789600967 0.043981481481481476 0.03385731559854897 0.0861111111111111
0 0.12122128174123338 0.0449074074074074 0.03688029020556228 0.08796296296296297
0 0.08675937122128176 0.029629629629629627 0.032043530834341 0.0574074074074074
0 0.17805320435308344 0.027314814814814813 0.039298669891172915 0.05277777777777778
0 0.20798065296251517 0.04768518518518518 0.03748488512696494 0.09351851851851851
0 0.25453446191052 0.05138888888888889 0.0350665054413543 0.10092592592592592
0 0.2058645707376058 0.09074074074074075 0.039298669891172915 0.11851851851851851
0 0.24637243047158405 0.09398148148148147 0.039298669891172915 0.14537037037037034
0 0.3246674727932286 0.2439814814814815 0.03748488512696494 0.13425925925925924
0 0.2892986698911729 0.24398148148148147 0.03688029020556228 0.12685185185185185
0 0.3585247883917776 0.043981481481481476 0.03748488512696494 0.0861111111111111
0 0.44014510278113667 0.07870370370370369 0.03748488512696494 0.13148148148148148
0 0.47914147521160827 0.1175925925925926 0.039298669891172915 0.12962962962962962
0 0.507255139056832 0.07407407407407408 0.036275695284159616 0.13148148148148148
0 0.4827690447400243 0.07083333333333333 0.034461910519951636 0.12314814814814815
0 0.42533252720677156 0.04351851851851851 0.03688029020556228 0.08518518518518518
0 0.43409915356711004 0.03888888888888888 0.03143893591293833 0.07592592592592592
0 0.5426239419588876 0.19814814814814816 0.0441354292623942 0.12962962962962962
0 0.5795042321644499 0.19305555555555554 0.041717049576783564 0.12685185185185185
0 0.5498790810157196 0.09490740740740741 0.032043530834341 0.12685185185185185
0 0.5897823458282951 0.12638888888888886 0.041717049576783564 0.12870370370370368
0 0.5731559854897219 0.09212962962962962 0.03385731559854897 0.11574074074074073
0 0.5731559854897219 0.05046296296296295 0.0350665054413543 0.09907407407407406
0 0.6336154776299879 0.021296296296296296 0.030229746070133016 0.04074074074074074
0 0.6523579201934704 0.019444444444444445 0.02539298669891173 0.03703703703703704
0 0.6747279322853689 0.020833333333333332 0.027811366384522373 0.03981481481481482
0 0.7040507859733979 0.014814814814814814 0.029625151148730353 0.027777777777777776
0 0.7394195888754536 0.01990740740740741 0.027811366384522373 0.03796296296296296
0 0.6387545344619106 0.11527777777777777 0.039298669891172915 0.12685185185185185
0 0.7412333736396616 0.4555555555555555 0.047158403869407506 0.15555555555555553
0 0.6384522370012092 0.3259259259259259 0.041112454655380895 0.1537037037037037
0 0.6889359129383315 0.3087962962962963 0.03688029020556228 0.13425925925925924
0 0.6692865779927449 0.26944444444444443 0.03748488512696494 0.12407407407407406
0 0.7300483675937123 0.23425925925925922 0.032043530834341 0.1259259259259259
0 0.7070737605804112 0.23055555555555554 0.03325272067714632 0.13888888888888887
0 0.6874244256348248 0.20555555555555555 0.03385731559854897 0.14074074074074075
0 0.8007859733978235 0.18935185185185185 0.039298669891172915 0.1324074074074074
0 0.7660217654171705 0.17129629629629628 0.03990326481257558 0.11851851851851851
0 0.7880894800483677 0.14629629629629629 0.0380894800483676 0.12407407407407406
0 0.827690447400242 0.11898148148148148 0.03748488512696494 0.1175925925925926
0 0.7932285368802903 0.11574074074074073 0.036275695284159616 0.1111111111111111
0 0.7515114873035067 0.07824074074074075 0.032648125755743655 0.11944444444444444
0 0.7781136638452238 0.03796296296296296 0.027811366384522373 0.07407407407407408
0 0.8672914147521162 0.11527777777777777 0.03688029020556228 0.12870370370370368
0 0.8990326481257559 0.10601851851851851 0.036275695284159616 0.13425925925925924
0 0.9646311970979445 0.05555555555555555 0.03325272067714632 0.10370370370370369
0 0.987908101571947 0.06435185185185185 0.02297460701330109 0.125
0 0.9440749697702541 0.030555555555555555 0.029625151148730353 0.059259259259259255
0 0.9201934703748488 0.16898148148148148 0.0350665054413543 0.13425925925925924
0 0.9588875453446192 0.21203703703703702 0.03990326481257558 0.14259259259259258
0 0.9773276904474003 0.16388888888888886 0.0380894800483676 0.12962962962962962
0 0.9951632406287788 0.19074074074074074 0.008464328899637243 0.13148148148148148
0 0.9280532043530835 0.3837962962962963 0.04474002418379686 0.13796296296296295
0 0.9416565900846434 0.36435185185185187 0.032043530834341 0.13796296296296295
0 0.8545949214026604 0.9777777777777777 0.032043530834341 0.04444444444444444
0 0.9891172914147522 0.5449074074074074 0.020556227327690448 0.12314814814814815
0 0.25000000000000006 0.03472222222222222 0.029625151148730353 0.06759259259259259
0 0.2376058041112455 0.04074074074074074 0.024183796856106412 0.07962962962962963
0 0.8530834340991537 0.9787037037037037 0.0350665054413543 0.04259259259259259
0 0.10852478839177752 0.6185185185185185 0.041717049576783564 0.1574074074074074
0 0.18802902055622736 0.611574074074074 0.0350665054413543 0.1472222222222222
0 0.16777509068923824 0.5791666666666667 0.041717049576783564 0.13796296296296295
0 0.20435308343409916 0.5777777777777777 0.03990326481257558 0.15185185185185185
0 0.19286577992744863 0.5217592592592591 0.03869407496977026 0.1472222222222222
0 0.16112454655380898 0.5101851851851851 0.0380894800483676 0.13148148148148148
0 0.6955864570737605 0.8138888888888888 0.048972188633615486 0.19814814814814813
0 0.46916565900846435 0.2513888888888889 0.03385731559854897 0.1324074074074074
0 0.40870616686819833 0.2162037037037037 0.03748488512696494 0.1324074074074074
0 0.4295646916565901 0.22037037037037036 0.032043530834341 0.12962962962962962
0 0.4259371221281742 0.25462962962962965 0.0380894800483676 0.14074074074074075
0 0.14782345828295043 0.41481481481481475 0.0441354292623942 0.137037037037037
0 0.28657799274486095 0.663425925925926 0.036275695284159616 0.12685185185185185
0 0.3201330108827086 0.5092592592592593 0.050181378476420804 0.15185185185185185
0 0.3237605804111246 0.6476851851851853 0.0441354292623942 0.16203703703703703
0 0.3056227327690448 0.6657407407407407 0.0441354292623942 0.18148148148148147
0 0.17896009673518745 0.4180555555555555 0.03990326481257558 0.1361111111111111
0 0.2938331318016929 0.4754629629629629 0.048367593712212824 0.15648148148148147
0 0.11003627569528417 0.34722222222222227 0.03748488512696494 0.13518518518518519
0 0.13089480048367597 0.3555555555555555 0.03688029020556228 0.14074074074074075
0 0.6357315598548973 0.8546296296296296 0.05864570737605805 0.1685185185185185
0 0.5973397823458284 0.8018518518518519 0.064087061668682 0.18703703703703703
0 0.8249697702539299 0.7638888888888888 0.0441354292623942 0.1796296296296296
0 0.8908706166868199 0.7879629629629629 0.053808948004836765 0.19074074074074074
0 0.854292623941959 0.7939814814814814 0.05804111245465538 0.1787037037037037
0 0.20949214026602178 0.3541666666666667 0.039298669891172915 0.1398148148148148
0 0.7061668681983072 0.3541666666666667 0.03385731559854897 0.12870370370370368
0 0.7336759371221283 0.587037037037037 0.03688029020556228 0.14444444444444443
0 0.987908101571947 0.5504629629629629 0.024183796856106412 0.1324074074074074
0 0.8993349455864572 0.6453703703703704 0.05622732769044741 0.1574074074074074
0 0.9791414752116083 0.6449074074074074 0.04050785973397824 0.17685185185185184
0 0.8669891172914148 0.6166666666666667 0.056831922611850064 0.15185185185185185
0 0.9056831922611851 0.4509259259259259 0.032648125755743655 0.0962962962962963
0 0.8821039903264812 0.4134259259259259 0.04474002418379686 0.1361111111111111
0 0.9274486094316808 0.625462962962963 0.03990326481257558 0.14907407407407408
0 0.2125151148730351 0.1597222222222222 0.03688029020556228 0.13796296296296295
0 0.0731559854897219 0.5837962962962963 0.06045949214026603 0.16574074074074074
0 0.7814389359129384 0.20694444444444443 0.0380894800483676 0.12129629629629629
0 0.9658403869407498 0.5361111111111111 0.0441354292623942 0.1537037037037037
0 0.9643288996372431 0.36435185185185176 0.0350665054413543 0.12314814814814815
0 0.6608222490931077 0.3379629629629629 0.032648125755743655 0.1074074074074074
0 0.4062877871825877 0.45231481481481484 0.032648125755743655 0.10092592592592592
0 0.9362152357920194 0.562962962962963 0.048972188633615486 0.15925925925925927
0 0.9362152357920194 0.5509259259259258 0.034461910519951636 0.11296296296296296
0 0.9803506650544136 0.4675925925925926 0.0380894800483676 0.15555555555555553
0 0.7330713422007256 0.8356481481481481 0.048972188633615486 0.16203703703703703
0 0.7675332527206772 0.824074074074074 0.039298669891172915 0.14629629629629629
0 0.9721886336154777 0.8837962962962962 0.055622732769044746 0.16574074074074074
0 0.9628174123337365 0.6472222222222221 0.046553808948004836 0.20555555555555555
0 0.974304715840387 0.9449074074074074 0.050181378476420804 0.10833333333333334
0 0.8627569528415963 0.7018518518518518 0.04957678355501814 0.15185185185185185
0 0.7421402660217654 0.3555555555555555 0.039298669891172915 0.12037037037037036
0 0.7823458282950425 0.35648148148148145 0.041112454655380895 0.14074074074074075
0 0.9474002418379686 0.7828703703703703 0.05804111245465538 0.1824074074074074
0 0.47037484885126973 0.6833333333333332 0.04232164449818622 0.14814814814814817
0 0.2959492140266022 0.35 0.0441354292623942 0.137037037037037
0 0.28657799274486095 0.3638888888888889 0.0350665054413543 0.14259259259259258
0 0.5659008464328901 0.48148148148148145 0.03748488512696494 0.13333333333333333
0 0.8313180169286579 0.686574074074074 0.04594921402660218 0.15092592592592594
0 0.9770253929866991 0.8319444444444444 0.04474002418379686 0.13425925925925924
0 0.26964933494558646 0.961574074074074 0.048367593712212824 0.0787037037037037
0 0.43923821039903266 0.9453703703703703 0.05501813784764208 0.10925925925925925
0 0.5015114873035067 0.6439814814814814 0.034461910519951636 0.14907407407407408
0 0.5021160822249093 0.6560185185185184 0.04292623941958888 0.17129629629629628
0 0.2306529625151149 0.7203703703703702 0.048972188633615486 0.1722222222222222
0 0.19981862152357924 0.6888888888888888 0.0441354292623942 0.16666666666666666
0 0.2297460701330109 0.6763888888888888 0.041112454655380895 0.16388888888888886
0 0.5133010882708586 0.7949074074074074 0.048367593712212824 0.18055555555555552
0 0.45677146311970984 0.8472222222222221 0.046553808948004836 0.16296296296296295
0 0.5743651753325273 0.600462962962963 0.03990326481257558 0.15648148148148147
0 0.6091293833131802 0.6092592592592593 0.050181378476420804 0.15185185185185185
0 0.3521765417170496 0.7703703703703704 0.05139056831922612 0.16666666666666666
0 0.4691656590084644 0.4583333333333333 0.05078597339782346 0.13888888888888887
0 0.1653567110036276 0.9638888888888888 0.041717049576783564 0.07407407407407408
0 0.5746674727932286 0.5101851851851852 0.034461910519951636 0.137037037037037
0 0.544740024183797 0.5180555555555555 0.032648125755743655 0.10833333333333334
0 0.6021765417170497 0.575925925925926 0.04232164449818622 0.15
0 0.8951027811366385 0.2847222222222222 0.041717049576783564 0.125
0 0.89087061668682 0.262037037037037 0.03688029020556228 0.137037037037037
0 0.8615477629987909 0.26620370370370366 0.036275695284159616 0.13055555555555556
0 0.5157194679564692 0.8430555555555556 0.04474002418379686 0.1861111111111111
0 0.36426844014510285 0.4462962962962963 0.041717049576783564 0.13518518518518519
0 0.24244256348246676 0.45046296296296295 0.03869407496977026 0.16018518518518518
0 0.25816203143893596 0.46481481481481474 0.03990326481257558 0.14814814814814817
0 0.3932889963724305 0.6087962962962962 0.039298669891172915 0.16203703703703703
0 0.3908706166868199 0.35648148148148145 0.04292623941958888 0.15185185185185185
0 0.5012091898428054 0.40879629629629627 0.032648125755743655 0.1324074074074074
0 0.09945586457073761 0.17129629629629628 0.034461910519951636 0.12407407407407406
0 0.4005441354292625 0.7009259259259258 0.034461910519951636 0.1574074074074074
0 0.40961305925030234 0.7486111111111111 0.05139056831922612 0.16018518518518518
0 0.439540507859734 0.7162037037037037 0.041112454655380895 0.16574074074074074
0 0.3824062877871826 0.7152777777777778 0.0441354292623942 0.16944444444444443
0 0.23609431680773887 0.15185185185185185 0.041717049576783564 0.13518518518518519
0 0.7351874244256349 0.14675925925925923 0.0350665054413543 0.12870370370370368
0 0.34280532043530837 0.11203703703703703 0.036275695284159616 0.14074074074074075
0 0.32376058041112465 0.04907407407407407 0.027206771463119714 0.0962962962962963
0 0.3059250302297461 0.04305555555555555 0.03143893591293833 0.08425925925925926
0 0.011487303506650545 0.8842592592592593 0.02176541717049577 0.18518518518518517
0 0.2968561064087062 0.1175925925925926 0.03143893591293833 0.13148148148148148
0 0.9800483675937123 0.7296296296296295 0.03869407496977026 0.1648148148148148
0 0.8600362756952843 0.27824074074074073 0.035671100362756954 0.1324074074074074
0 0.2448609431680774 0.4444444444444444 0.036275695284159616 0.14814814814814817
0 0.57043530834341 0.6601851851851851 0.046553808948004836 0.14629629629629629
0 0.5120918984280532 0.6046296296296296 0.03990326481257558 0.1648148148148148
0 0.5665054413542927 0.649074074074074 0.047158403869407506 0.14259259259259258
0 0.6868198307134221 0.675 0.04474002418379686 0.15
0 0.20586457073760583 0.4282407407407407 0.035671100362756954 0.14351851851851852
0 0.2629987908101572 0.4337962962962963 0.03748488512696494 0.1398148148148148
0 0.5078597339782346 0.5194444444444444 0.03385731559854897 0.14074074074074075
0 0.13391777509068925 0.9523148148148147 0.039298669891172915 0.09722222222222222
0 0.47823458282950426 0.4916666666666666 0.04474002418379686 0.137037037037037
0 0.41777509068923824 0.3819444444444444 0.04232164449818622 0.13796296296296295
0 0.408403869407497 0.3412037037037037 0.0380894800483676 0.13425925925925924
0 0.33403869407496983 0.44305555555555554 0.04050785973397824 0.14537037037037034
0 0.4815598548972189 0.38287037037037036 0.030834340991535675 0.14166666666666666
0 0.5099758162031439 0.38657407407407407 0.03325272067714632 0.1398148148148148
0 0.45102781136638453 0.5319444444444444 0.041112454655380895 0.14537037037037034
0 0.39873035066505447 0.5731481481481481 0.03688029020556228 0.14259259259259258
0 0.3769649334945587 0.5199074074074074 0.050181378476420804 0.13796296296296295
0 0.3793833131801693 0.4981481481481481 0.04050785973397824 0.13888888888888887
0 0.3192261185006046 0.11898148148148148 0.036275695284159616 0.1175925925925926
0 0.4289600967351875 0.6629629629629629 0.046553808948004836 0.16296296296296295
0 0.4594921402660218 0.42685185185185187 0.036275695284159616 0.11666666666666667
0 0.48730350665054417 0.4226851851851851 0.030229746070133016 0.12314814814814815
0 0.26964933494558646 0.9226851851851852 0.048367593712212824 0.15648148148148147
0 0.7506045949214027 0.05231481481481481 0.034461910519951636 0.10277777777777777
0 0.7273276904474003 0.09305555555555554 0.036275695284159616 0.12685185185185185
0 0.7856711003627571 0.05648148148148147 0.028415961305925032 0.1074074074074074
0 0.003325272067714632 0.16944444444444443 0.005441354292623942 0.12222222222222222
0 0.7481862152357921 0.043981481481481476 0.029625151148730353 0.0861111111111111
