0 0.538391777509069 0.8916666666666665 0.04534461910519952 0.18148148148148147
0 0.5447400241837969 0.9254629629629628 0.041112454655380895 0.14907407407407408
0 0.7684401451027812 0.9564814814814814 0.05078597339782346 0.08703703703703704
0 0.4002418379685611 0.5731481481481481 0.03990326481257558 0.14629629629629629
0 0.3944981862152358 0.5893518518518519 0.0441354292623942 0.14537037037037034
0 0.03778718258766627 0.9393518518518518 0.05622732769044741 0.12314814814814815
0 0.7194679564691658 0.6564814814814814 0.04232164449818622 0.15925925925925927
0 0.7100967351874244 0.6958333333333332 0.048972188633615486 0.17129629629629628
0 0.7197702539298669 0.7305555555555555 0.0441354292623942 0.17407407407407408
0 0.9534461910519952 0.9356481481481481 0.04594921402660218 0.12685185185185185
0 0.3467351874244256 0.30092592592592593 0.035671100362756954 0.13518518518518519
0 0.28627569528415964 0.33055555555555555 0.03688029020556228 0.13888888888888887
0 0.3778718258766627 0.30787037037037035 0.03869407496977026 0.1361111111111111
0 0.40870616686819833 0.30231481481481476 0.036275695284159616 0.1398148148148148
0 0.30804111245465543 0.3453703703703704 0.041717049576783564 0.14814814814814817
0 0.6396614268440146 0.962962962962963 0.05199516324062878 0.07592592592592592
0 0.6756348246674728 0.9541666666666667 0.04050785973397824 0.09351851851851851
0 0.6233373639661427 0.9495370370370371 0.04474002418379686 0.09907407407407406
0 0.9434703748488514 0.9629629629629629 0.057436517533252726 0.07222222222222222
0 0.987001209189843 0.9722222222222221 0.02116082224909311 0.0574074074074074
0 0.7506045949214027 0.06481481481481481 0.029625151148730353 0.11296296296296296
0 0.8077388149939542 0.7810185185185186 0.04353083434099154 0.16203703703703703
0 0.8902660217654172 0.8111111111111111 0.05259975816203145 0.17407407407407408
0 0.8228536880290207 0.7337962962962962 0.032648125755743655 0.11203703703703702
0 0.8567110036275695 0.7236111111111111 0.03990326481257558 0.13425925925925924
0 0.019649334945586457 0.3097222222222222 0.0380894800483676 0.13425925925925924
0 0.03627569528415961 0.3453703703703704 0.041112454655380895 0.13518518518518519
0 0.8766626360338573 0.2560185185185185 0.03748488512696494 0.1324074074074074
0 0.9120314389359131 0.24305555555555552 0.03688029020556228 0.125
0 0.21704957678355505 0.29629629629629634 0.0350665054413543 0.1259259259259259
0 0.0891777509068924 0.36064814814814816 0.039298669891172915 0.15092592592592594
0 0.2778113663845224 0.2949074074074074 0.034461910519951636 0.12314814814814815
0 0.5764812575574366 0.40138888888888885 0.039298669891172915 0.16203703703703703
0 0.28415961305925036 0.24074074074074073 0.03143893591293833 0.1259259259259259
0 0.3428053204353084 0.35694444444444445 0.04594921402660218 0.13796296296296295
0 0.6206166868198307 0.3032407407407407 0.039298669891172915 0.1324074074074074
0 0.6526602176541717 0.28657407407407404 0.046553808948004836 0.13796296296296295
0 0.6952841596130592 0.2736111111111111 0.03990326481257558 0.1324074074074074
0 0.7796251511487305 0.2708333333333333 0.035671100362756954 0.12129629629629629
0 0.7708585247883918 0.2842592592592592 0.03869407496977026 0.12962962962962962
0 0.7880894800483675 0.43287037037037035 0.0441354292623942 0.13796296296296295
0 0.9664449818621526 0.45601851851851843 0.03688029020556228 0.14351851851851852
0 0.9458887545344619 0.4805555555555555 0.039298669891172915 0.14259259259259258
0 0.9912333736396616 0.4856481481481481 0.016324062877871828 0.14166666666666666
0 0.9331922611850061 0.6013888888888889 0.0441354292623942 0.1675925925925926
0 0.901148730350665 0.6027777777777777 0.0441354292623942 0.16296296296296295
0 0.8077388149939542 0.6310185185185184 0.03385731559854897 0.10462962962962963
0 0.8340386940749698 0.6069444444444444 0.039298669891172915 0.14351851851851852
0 0.8561064087061668 0.6097222222222222 0.030229746070133016 0.11203703703703702
0 0.8264812575574367 0.6805555555555555 0.05925030229746071 0.1574074074074074
0 0.9866989117291416 0.6810185185185185 0.02539298669891173 0.15833333333333333
0 0.9425634824667475 0.7194444444444444 0.055622732769044746 0.16296296296296295
0 0.9340991535671102 0.8097222222222221 0.048367593712212824 0.16574074074074074
0 0.6330108827085853 0.5819444444444444 0.04232164449818622 0.15462962962962962
0 0.657496977025393 0.5925925925925927 0.039298669891172915 0.1574074074074074
0 0.8512696493349456 0.47777777777777775 0.02902055622732769 0.12962962962962962
0 0.8331318016928657 0.47870370370370363 0.0350665054413543 0.13148148148148148
0 0.6414752116082226 0.6592592592592593 0.04232164449818622 0.15925925925925927
0 0.6115477629987909 0.6666666666666666 0.035671100362756954 0.1611111111111111
0 0.7255139056831923 0.5842592592592593 0.0350665054413543 0.1148148148148148
0 0.7415356711003628 0.5976851851851851 0.03688029020556228 0.1175925925925926
0 0.7738814993954052 0.5837962962962961 0.04232164449818622 0.15462962962962962
0 0.8467351874244257 0.3902777777777778 0.034461910519951636 0.13425925925925924
0 0.8651753325272069 0.3787037037037037 0.036275695284159616 0.12222222222222222
0 0.8029020556227329 0.925 0.05925030229746071 0.15
0 0.0722490931076179 0.5625 0.04050785973397824 0.15648148148148147
0 0.11366384522370013 0.5476851851851852 0.04474002418379686 0.14907407407407408
0 0.12696493349455865 0.6870370370370369 0.04474002418379686 0.1722222222222222
0 0.0813180169286578 0.7 0.050181378476420804 0.1537037037037037
0 0.2923216444981862 0.9810185185185184 0.03688029020556228 0.03981481481481482
0 0.015417170495767837 0.28148148148148144 0.029625151148730353 0.11851851851851851
0 0.05652962515114873 0.9662037037037037 0.05622732769044741 0.06574074074074074
0 0.2977629987908102 0.6717592592592593 0.04292623941958888 0.1675925925925926
0 0.33948004836759377 0.638425925925926 0.0441354292623942 0.15833333333333333
0 0.3721281741233374 0.6712962962962963 0.0380894800483676 0.15185185185185185
0 0.47490931076178966 0.9046296296296296 0.032043530834341 0.1074074074074074
0 0.1502418379685611 0.42407407407407405 0.04292623941958888 0.13148148148148148
0 0.4425634824667473 0.8851851851851851 0.04594921402660218 0.17407407407407408
0 0.8201330108827086 0.4212962962962962 0.0441354292623942 0.14074074074074075
0 0.24002418379685614 0.29814814814814816 0.0350665054413543 0.14259259259259258
0 0.06590084643288997 0.36064814814814816 0.03869407496977026 0.13425925925925924
0 0.14873035066505444 0.38611111111111107 0.048367593712212824 0.1648148148148148
0 0.23669891172914148 0.6055555555555556 0.041717049576783564 0.1574074074074074
0 0.23548972188633618 0.5754629629629628 0.03688029020556228 0.14537037037037034
0 0.1934703748488513 0.6032407407407407 0.04474002418379686 0.14537037037037034
0 0.20677146311970981 0.5541666666666667 0.041112454655380895 0.14907407407407408
0 0.1723095525997582 0.5685185185185184 0.047158403869407506 0.1574074074074074
0 0.3440145102781137 0.6143518518518518 0.03869407496977026 0.15462962962962962
0 0.3878476420798066 0.25555555555555554 0.034461910519951636 0.1259259259259259
0 0.4062877871825877 0.26157407407407407 0.0350665054413543 0.12870370370370368
0 0.37484885126964934 0.6148148148148148 0.04232164449818622 0.14814814814814817
0 0.7152357920193472 0.9638888888888888 0.048367593712212824 0.07407407407407408
0 0.6780532043530835 0.9800925925925925 0.039298669891172915 0.041666666666666664
0 0.42382103990326486 0.4782407407407407 0.02902055622732769 0.10092592592592592
0 0.7176541717049578 0.39629629629629626 0.04594921402660218 0.1148148148148148
0 0.7620918984280531 0.3976851851851852 0.0441354292623942 0.13796296296296295
0 0.27539298669891177 0.3949074074074074 0.04776299879081017 0.13796296296296295
0 0.24969770253929868 0.40833333333333327 0.03748488512696494 0.14074074074074075
0 0.7037484885126966 0.5388888888888889 0.03385731559854897 0.1259259259259259
0 0.2503022974607014 0.9805555555555555 0.03869407496977026 0.04074074074074074
0 0.46614268440145107 0.9847222222222222 0.03990326481257558 0.032407407407407406
0 0.48186215235792024 0.6912037037037037 0.036275695284159616 0.15092592592592594
0 0.48337363966142693 0.6944444444444444 0.041717049576783564 0.17407407407407408
0 0.21704957678355505 0.7504629629629629 0.05441354292623943 0.1787037037037037
0 0.1783555018137848 0.7305555555555555 0.041112454655380895 0.1722222222222222
0 0.21100362756952845 0.712037037037037 0.04353083434099154 0.1574074074074074
0 0.4331922611850061 0.9212962962962963 0.05139056831922612 0.15925925925925927
0 0.33615477629987917 0.9509259259259258 0.04594921402660218 0.1
0 0.5380894800483677 0.6027777777777777 0.04474002418379686 0.1574074074074074
0 0.40538089480048367 0.9847222222222222 0.03325272067714632 0.032407407407407406
0 0.3246674727932286 0.7999999999999999 0.05199516324062878 0.15555555555555553
0 0.4588875453446192 0.49583333333333335 0.064087061668682 0.13425925925925924
0 0.6366384522370012 0.5504629629629628 0.03869407496977026 0.13796296296296295
0 0.6151753325272068 0.5694444444444444 0.03325272067714632 0.10925925925925925
0 0.5423216444981863 0.6310185185185184 0.04232164449818622 0.15092592592592594
0 0.8748488512696494 0.33518518518518514 0.0350665054413543 0.13518518518518519
0 0.8657799274486095 0.3032407407407407 0.032648125755743655 0.12685185185185185
0 0.8418984280532045 0.3097222222222222 0.03325272067714632 0.13055555555555556
0 0.3872430471584039 0.9416666666666667 0.053808948004836765 0.11851851851851851
0 0.35368802902055624 0.500462962962963 0.03869407496977026 0.13425925925925924
0 0.19830713422007257 0.49259259259259264 0.04353083434099154 0.15185185185185185
0 0.23700120918984283 0.4962962962962963 0.0350665054413543 0.15925925925925927
0 0.30290205562273276 0.4611111111111111 0.03748488512696494 0.1537037037037037
0 0.26118500604594924 0.6958333333333333 0.04474002418379686 0.16574074074074074
0 0.47702539298669894 0.4444444444444444 0.027811366384522373 0.12037037037037036
0 0.057134220072551395 0.17546296296296296 0.034461910519951636 0.12685185185185185
0 0.3579201934703749 0.7314814814814814 0.036275695284159616 0.14814814814814817
0 0.3805925030229747 0.788888888888889 0.046553808948004836 0.1611111111111111
0 0.3932889963724305 0.7597222222222222 0.046553808948004836 0.17314814814814813
0 0.34310761789600974 0.7467592592592591 0.048972188633615486 0.17129629629629628
0 0.20012091898428055 0.20601851851851852 0.0350665054413543 0.1324074074074074
0 0.7143288996372431 0.19166666666666668 0.029625151148730353 0.13148148148148148
0 0.8434099153567112 0.32407407407407407 0.03143893591293833 0.137037037037037
0 0.22188633615477632 0.48009259259259257 0.0350665054413543 0.13796296296296295
0 0.4619105199516324 0.7583333333333332 0.04474002418379686 0.14814814814814817
0 0.6741233373639661 0.7263888888888889 0.048367593712212824 0.14907407407407408
0 0.19437726723095528 0.4629629629629629 0.03688029020556228 0.14074074074074075
0 0.3872430471584039 0.4717592592592592 0.041717049576783564 0.11944444444444444
0 0.4667472793228537 0.5578703703703703 0.03869407496977026 0.1398148148148148
0 0.45767835550181385 0.5296296296296296 0.048367593712212824 0.137037037037037
0 0.4114268440145103 0.4194444444444444 0.0380894800483676 0.1537037037037037
0 0.2629987908101572 0.8412037037037037 0.041112454655380895 0.16018518518518518
0 0.012394195888754535 0.9851851851851852 0.023579201934703753 0.03148148148148148
0 0.4685610640870617 0.4319444444444444 0.0350665054413543 0.14907407407407408
0 0.49909310761789605 0.4157407407407407 0.03688029020556228 0.14444444444444443
0 0.49214026602176547 0.6449074074074074 0.03869407496977026 0.16574074074074074
0 0.3951027811366385 0.6462962962962963 0.039298669891172915 0.15185185185185185
0 0.36275695284159615 0.5666666666666667 0.03990326481257558 0.14259259259259258
0 0.36336154776299884 0.5282407407407407 0.04232164449818622 0.13425925925925924
0 0.4410519951632407 0.4421296296296296 0.032043530834341 0.11574074074074073
0 0.49093107617896015 0.47638888888888886 0.032648125755743655 0.1175925925925926
0 0.2726723095525998 0.9351851851851851 0.048367593712212824 0.12962962962962962
0 0.7321644498186216 0.08518518518518518 0.036275695284159616 0.11851851851851851
0 0.17533252720677148 0.9208333333333333 0.05804111245465538 0.15833333333333333
0 0.7654171704957679 0.09444444444444443 0.02539298669891173 0.1111111111111111
0 0.5296251511487304 0.9652777777777776 0.03990326481257558 0.07129629629629629
0 0.4688633615477631 0.9546296296296296 0.039298669891172915 0.09259259259259259
0 0.5840386940749698 0.674074074074074 0.032648125755743655 0.1074074074074074
0 0.5876662636033858 0.6175925925925925 0.03990326481257558 0.14629629629629629
0 0.9407496977025395 0.04583333333333332 0.04594921402660218 0.0898148148148148
0 0.9310761789600968 0.027777777777777776 0.0350665054413543 0.0537037037037037
0 0.9673518742442565 0.059722222222222225 0.027811366384522373 0.09537037037037037
0 0.9882103990326483 0.22592592592592592 0.02237001209189843 0.11851851851851851
0 0.9286577992744861 0.2472222222222222 0.02902055622732769 0.09259259259259259
0 0.9044740024183797 0.20277777777777775 0.03748488512696494 0.12777777777777777
0 0.8887545344619106 0.21388888888888888 0.0350665054413543 0.11851851851851851
0 0.9845828295042323 0.27777777777777773 0.028415961305925032 0.14074074074074075
0 0.8911729141475213 0.3087962962962963 0.04232164449818622 0.14166666666666666
0 0.9347037484885128 0.3013888888888889 0.04232164449818622 0.14351851851851852
0 0.9658403869407498 0.3175925925925926 0.0380894800483676 0.13518518518518519
0 0.8963119709794439 0.38425925925925924 0.041717049576783564 0.14629629629629629
0 0.9295646916565902 0.3949074074074074 0.0441354292623942 0.15092592592592594
0 0.8083434099153567 0.3189814814814814 0.03748488512696494 0.14351851851851852
0 0.8793833131801693 0.4157407407407407 0.0441354292623942 0.14074074074074075
0 0.8787787182587666 0.6453703703703704 0.05139056831922612 0.15925925925925927
0 0.6961910519951632 0.0287037037037037 0.029625151148730353 0.05555555555555555
0 0.7288391777509069 0.03888888888888888 0.029625151148730353 0.07592592592592592
0 0.749093107617896 0.04305555555555555 0.032648125755743655 0.08425925925925926
0 0.6695888754534464 0.03194444444444444 0.027206771463119714 0.06203703703703703
0 0.6360338573155986 0.03425925925925925 0.032648125755743655 0.06666666666666667
0 0.6030834340991537 0.03194444444444444 0.034461910519951636 0.06203703703703703
0 0.572249093107618 0.027777777777777776 0.032043530834341 0.0537037037037037
0 0.6405683192261187 0.04861111111111111 0.030834340991535675 0.09537037037037037
0 0.6185006045949215 0.05787037037037037 0.036275695284159616 0.10833333333333334
0 0.5864570737605804 0.05277777777777778 0.03143893591293833 0.09814814814814814
0 0.6339177750906894 0.11527777777777777 0.030834340991535675 0.1175925925925926
0 0.5922007255139058 0.09259259259259259 0.03688029020556228 0.13148148148148148
0 0.5683192261185007 0.10694444444444444 0.027811366384522373 0.11574074074074073
0 0.6127569528415963 0.12916666666666668 0.027206771463119714 0.08796296296296297
0 0.597944377267231 0.12824074074074074 0.03385731559854897 0.11574074074074073
0 0.5625755743651754 0.05555555555555555 0.029625151148730353 0.10370370370370369
0 0.532950423216445 0.06481481481481481 0.029625151148730353 0.10370370370370369
0 0.512696493349456 0.01990740740740741 0.02297460701330109 0.03796296296296296
0 0.7696493349455865 0.08055555555555555 0.027811366384522373 0.11296296296296296
0 0.6868198307134221 0.16435185185185183 0.03385731559854897 0.12314814814814815
0 0.6726118500604596 0.225 0.03688029020556228 0.1148148148148148
0 0.6744256348246677 0.25555555555555554 0.03688029020556228 0.13518518518518519
0 0.7391172914147522 0.21296296296296294 0.04050785973397824 0.137037037037037
0 0.45918984280532055 0.04166666666666666 0.032043530834341 0.08148148148148147
0 0.50453446191052 0.07268518518518517 0.029625151148730353 0.12314814814814815
0 0.40870616686819833 0.023148148148148147 0.027811366384522373 0.04444444444444444
0 0.37001209189842804 0.021296296296296296 0.024183796856106412 0.04074074074074074
0 0.43107617896009676 0.03981481481481481 0.027811366384522373 0.07777777777777777
0 0.3621523579201935 0.04444444444444444 0.03748488512696494 0.08703703703703704
0 0.47158403869407506 0.08796296296296297 0.0350665054413543 0.12962962962962962
0 0.4972793228536881 0.10509259259259258 0.032043530834341 0.12314814814814815
0 0.6293833131801693 0.4037037037037037 0.048367593712212824 0.14074074074074075
0 0.7430471584038695 0.2930555555555555 0.03748488512696494 0.1324074074074074
0 0.19709794437726724 0.4402777777777777 0.04232164449818622 0.1398148148148148
0 0.09159613059250304 0.47222222222222215 0.041717049576783564 0.15185185185185185
0 0.06408706166868199 0.03981481481481481 0.036275695284159616 0.07777777777777777
0 0.06650544135429264 0.025 0.032648125755743655 0.04814814814814815
0 0.1626360338573156 0.05138888888888889 0.03869407496977026 0.10092592592592592
0 0.20979443772672313 0.03611111111111111 0.030229746070133016 0.07037037037037037
0 0.2303506650544136 0.04074074074074074 0.032648125755743655 0.07962962962962963
0 0.2648125755743652 0.04305555555555555 0.032648125755743655 0.08425925925925926
0 0.2587666263603386 0.05555555555555555 0.0350665054413543 0.10925925925925925
0 0.20072551390568322 0.05277777777777777 0.032648125755743655 0.10370370370370369
0 0.12424425634824668 0.02638888888888889 0.029625151148730353 0.05092592592592592
0 0.13966142684401453 0.06388888888888888 0.0350665054413543 0.12222222222222222
0 0.2599758162031439 0.09166666666666666 0.03385731559854897 0.12407407407407406
0 0.29443772672309554 0.08055555555555555 0.036275695284159616 0.12037037037037036
0 0.3533857315598549 0.0787037037037037 0.04050785973397824 0.1259259259259259
0 0.4256348246674728 0.2175925925925926 0.03385731559854897 0.12037037037037036
0 0.24002418379685614 0.11388888888888889 0.032648125755743655 0.11851851851851851
0 0.2596735187424426 0.12638888888888888 0.03688029020556228 0.12685185185185185
0 0.34643288996372434 0.1472222222222222 0.03385731559854897 0.12962962962962962
0 0.31559854897218864 0.14027777777777778 0.03990326481257558 0.12870370370370368
0 0.35550181378476425 0.16990740740740737 0.041112454655380895 0.11944444444444444
0 0.3068319226118501 0.18333333333333332 0.039298669891172915 0.12037037037037036
0 0.45042321644498196 0.1824074074074074 0.03748488512696494 0.12962962962962962
0 0.5060459492140267 0.24629629629629632 0.03869407496977026 0.12777777777777777
0 0.5235792019347038 0.28935185185185186 0.036275695284159616 0.14907407407407408
0 0.49093107617896015 0.28981481481481475 0.03869407496977026 0.13888888888888887
0 0.2515114873035067 0.2652777777777778 0.030229746070133016 0.12129629629629629
0 0.22732769044740025 0.2361111111111111 0.036275695284159616 0.13518518518518519
0 0.1553808948004837 0.20833333333333331 0.03385731559854897 0.12222222222222222
0 0.1402660217654172 0.1847222222222222 0.0350665054413543 0.11574074074074073
0 0.1656590084643289 0.1662037037037037 0.036275695284159616 0.12314814814814815
0 0.9561668681983072 0.28055555555555556 0.0380894800483676 0.13888888888888887
0 0.6505441354292626 0.09907407407407408 0.036275695284159616 0.14814814814814817
0 0.057134220072551395 0.9708333333333333 0.05864570737605805 0.06018518518518518
0 0.5695284159613059 0.03749999999999999 0.03385731559854897 0.07314814814814814
0 0.6160822249093107 0.03425925925925925 0.0350665054413543 0.06666666666666667
0 0.6154776299879081 0.03194444444444444 0.02902055622732769 0.06203703703703703
0 0.4812575574365176 0.02546296296296296 0.024183796856106412 0.04907407407407407
0 0.22128174123337366 0.03194444444444444 0.027811366384522373 0.06203703703703703
0 0.7321644498186216 0.06527777777777777 0.03385731559854897 0.11203703703703702
