0 0.8355501813784765 0.9296296296296295 0.048367593712212824 0.13888888888888887
0 0.3872430471584039 0.5523148148148148 0.0380894800483676 0.15648148148148147
0 0.22490931076178963 0.350462962962963 0.03869407496977026 0.14351851851851852
0 0.07708585247883919 0.48981481481481476 0.039298669891172915 0.14814814814814817
0 0.08041112454655383 0.43333333333333335 0.04353083434099154 0.14629629629629629
0 0.10157194679564692 0.46481481481481474 0.04474002418379686 0.14814814814814817
0 0.7430471584038694 0.04907407407407407 0.02902055622732769 0.0962962962962963
0 0.8527811366384523 0.3819444444444444 0.039298669891172915 0.1324074074074074
0 0.8624546553808949 0.3499999999999999 0.041717049576783564 0.12777777777777777
0 0.2766021765417171 0.6712962962962963 0.0441354292623942 0.1611111111111111
0 0.27902055622732774 0.6324074074074074 0.039298669891172915 0.1537037037037037
0 0.38149939540507866 0.638888888888889 0.0350665054413543 0.14259259259259258
0 0.8116686819830714 0.9592592592592591 0.04292623941958888 0.08333333333333333
0 0.6577992744860944 0.9759259259259259 0.04594921402660218 0.05
0 0.2318621523579202 0.5856481481481481 0.034461910519951636 0.1472222222222222
0 0.2448609431680774 0.5527777777777777 0.03143893591293833 0.137037037037037
0 0.1977025392986699 0.5583333333333333 0.03990326481257558 0.13518518518518519
0 0.20646916565900847 0.5171296296296296 0.04292623941958888 0.15462962962962962
0 0.16505441354292624 0.5398148148148147 0.04353083434099154 0.1574074074074074
0 0.3845223700120919 0.22685185185185183 0.03385731559854897 0.12962962962962962
0 0.405683192261185 0.23009259259259257 0.03143893591293833 0.13055555555555556
0 0.3742442563482467 0.41481481481481475 0.026602176541717055 0.1148148148148148
0 0.717049576783555 0.37962962962962965 0.04474002418379686 0.11851851851851851
0 0.7503022974607014 0.3888888888888889 0.04232164449818622 0.137037037037037
0 0.2642079806529625 0.3726851851851852 0.04594921402660218 0.14537037037037034
0 0.24365175332527209 0.3847222222222222 0.03385731559854897 0.15092592592592594
0 0.9591898428053206 0.7518518518518518 0.041717049576783564 0.13148148148148148
0 0.35640870616686826 0.9648148148148148 0.0441354292623942 0.07222222222222222
0 0.4776299879081016 0.6666666666666666 0.03748488512696494 0.1537037037037037
0 0.47611850060459493 0.6768518518518518 0.04050785973397824 0.16666666666666666
0 0.2134220072551391 0.7300925925925925 0.04957678355501814 0.1824074074074074
0 0.17593712212817414 0.7129629629629629 0.04353083434099154 0.17037037037037037
0 0.20495767835550183 0.6972222222222222 0.04232164449818622 0.16666666666666666
0 0.45042321644498196 0.43611111111111106 0.03748488512696494 0.14444444444444443
0 0.317714631197098 0.7717592592592593 0.04776299879081017 0.16944444444444443
0 0.445888754534462 0.4699074074074074 0.048972188633615486 0.125
0 0.9758162031438936 0.8194444444444444 0.04353083434099154 0.15185185185185185
0 0.9359129383313181 0.8106481481481481 0.03990326481257558 0.12870370370370368
0 0.40689238210399037 0.3513888888888889 0.047158403869407506 0.1398148148148148
0 0.8709189842805322 0.312962962962963 0.035671100362756954 0.13333333333333333
0 0.8548972188633616 0.2810185185185185 0.03869407496977026 0.1361111111111111
0 0.8319226118500604 0.287962962962963 0.0350665054413543 0.13333333333333333
0 0.34824667472793225 0.47129629629629627 0.03869407496977026 0.13148148148148148
0 0.19105199516324067 0.45879629629629626 0.0350665054413543 0.1324074074074074
0 0.22611850060459493 0.4689814814814815 0.03748488512696494 0.15092592592592594
0 0.35247883917775097 0.6699074074074074 0.048367593712212824 0.16203703703703703
0 0.50453446191052 0.6166666666666667 0.032043530834341 0.15185185185185185
0 0.05320435308343411 0.1537037037037037 0.032648125755743655 0.13148148148148148
0 0.3660822249093108 0.7 0.03688029020556228 0.15925925925925927
0 0.3793833131801694 0.7319444444444444 0.0441354292623942 0.16574074074074074
0 0.19740024183796856 0.18564814814814815 0.03688029020556228 0.1398148148148148
0 0.7055622732769046 0.16296296296296298 0.04474002418379686 0.13333333333333333
0 0.5876662636033858 0.611111111111111 0.04353083434099154 0.15925925925925927
0 0.6272672309552599 0.6310185185185184 0.0441354292623942 0.16388888888888886
0 0.6378476420798066 0.6152777777777777 0.036275695284159616 0.12685185185185185
0 0.8340386940749698 0.2972222222222222 0.03688029020556228 0.13333333333333333
0 0.22007255139056833 0.4592592592592592 0.0350665054413543 0.14074074074074075
0 0.4386336154776301 0.7319444444444444 0.0441354292623942 0.1472222222222222
0 0.6813784764207981 0.7157407407407407 0.05199516324062878 0.14074074074074075
0 0.1844014510278114 0.43888888888888883 0.032648125755743655 0.13518518518518519
0 0.5120918984280532 0.47453703703703703 0.03869407496977026 0.14537037037037034
0 0.4637243047158404 0.5328703703703703 0.041112454655380895 0.14166666666666666
0 0.45253929866989123 0.49629629629629624 0.046553808948004836 0.1074074074074074
0 0.4077992744860944 0.38657407407407407 0.041717049576783564 0.1398148148148148
0 0.5102781136638453 0.5574074074074074 0.04353083434099154 0.15555555555555553
0 0.5314389359129384 0.6027777777777777 0.04474002418379686 0.1611111111111111
0 0.37122128174123337 0.6203703703703702 0.03385731559854897 0.1537037037037037
0 0.3539903264812576 0.5393518518518517 0.04292623941958888 0.13425925925925924
0 0.35429262394195893 0.5115740740740741 0.03385731559854897 0.13425925925925924
0 0.5498790810157195 0.5902777777777778 0.03325272067714632 0.12314814814814815
0 0.5516928657799275 0.6467592592592593 0.03325272067714632 0.11018518518518518
0 0.2605804111245466 0.9171296296296295 0.047158403869407506 0.16388888888888886
0 0.727025392986699 0.06712962962962962 0.034461910519951636 0.12129629629629629
0 0.7611850060459494 0.07129629629629629 0.03143893591293833 0.11296296296296296
0 0.42200725513905685 0.023148148148148147 0.024183796856106412 0.04444444444444444
0 0.40538089480048367 0.024537037037037034 0.02599758162031439 0.047222222222222214
0 0.2512091898428053 0.9564814814814814 0.050181378476420804 0.08888888888888888
0 0.727932285368803 0.8013888888888888 0.048367593712212824 0.16574074074074074
0 0.9857920193470376 0.6337962962962963 0.028415961305925032 0.14907407407407408
0 0.6553808948004837 0.8351851851851853 0.04474002418379686 0.1611111111111111
0 0.6856106408706167 0.849537037037037 0.048367593712212824 0.14907407407407408
0 0.9567714631197098 0.6314814814814815 0.05622732769044741 0.1611111111111111
0 0.7382103990326482 0.8740740740740739 0.04353083434099154 0.16296296296296295
0 0.9688633615477632 0.1671296296296296 0.030834340991535675 0.09907407407407406
0 0.940447400241838 0.899074074074074 0.06348246674727932 0.17037037037037037
0 0.5287182587666264 0.8962962962962961 0.04534461910519952 0.1537037037037037
0 0.4746070133010884 0.9069444444444444 0.04594921402660218 0.1324074074074074
0 0.7007255139056833 0.6398148148148147 0.04594921402660218 0.16296296296296295
0 0.700423216444982 0.6759259259259259 0.041717049576783564 0.14259259259259258
0 0.7593712212817413 0.0587962962962963 0.030229746070133016 0.11388888888888889
0 0.43168077388149945 0.5875 0.03748488512696494 0.15092592592592594
0 0.46584038694074975 0.5847222222222223 0.035671100362756954 0.14907407407407408
0 0.09280532043530837 0.6439814814814814 0.04292623941958888 0.16574074074074074
0 0.12303506650544137 0.5398148148148147 0.0441354292623942 0.14629629629629629
0 0.15568319226118502 0.8217592592592593 0.046553808948004836 0.16944444444444443
0 0.5408101571946796 0.6837962962962962 0.041717049576783564 0.16574074074074074
0 0.571342200725514 0.6939814814814814 0.048367593712212824 0.16018518518518518
0 0.11396614268440147 0.524537037037037 0.0380894800483676 0.14351851851851852
0 0.22309552599758165 0.2111111111111111 0.03143893591293833 0.12037037037037036
0 0.2629987908101572 0.20925925925925926 0.04474002418379686 0.13518518518518519
0 0.9803506650544137 0.14490740740740737 0.032043530834341 0.11944444444444444
0 0.9449818621523579 0.16527777777777777 0.03990326481257558 0.13425925925925924
0 0.9646311970979445 0.14444444444444443 0.035671100362756954 0.11851851851851851
0 0.7518137847642081 0.9712962962962963 0.041717049576783564 0.059259259259259255
0 0.7723700120918985 0.4722222222222222 0.039298669891172915 0.15925925925925927
0 0.7436517533252721 0.4689814814814815 0.036275695284159616 0.14166666666666666
0 0.7781136638452238 0.7856481481481481 0.04957678355501814 0.17314814814814813
0 0.24969770253929868 0.6217592592592592 0.04353083434099154 0.14351851851851852
0 0.27388149939540507 0.5949074074074073 0.05078597339782346 0.16574074074074074
0 0.29927448609431684 0.6199074074074074 0.04594921402660218 0.17314814814814813
0 0.23246674727932287 0.4282407407407407 0.03688029020556228 0.12870370370370368
0 0.11003627569528417 0.40555555555555556 0.03990326481257558 0.14629629629629629
0 0.1423821039903265 0.3953703703703703 0.03688029020556228 0.13148148148148148
0 0.24274486094316808 0.3976851851851852 0.04292623941958888 0.14166666666666666
0 0.439540507859734 0.25462962962962965 0.03990326481257558 0.12777777777777777
0 0.4434703748488513 0.23796296296296296 0.04292623941958888 0.13333333333333333
0 0.12575574365175335 0.5708333333333333 0.03748488512696494 0.15092592592592594
0 0.7747883917775091 0.8916666666666665 0.050181378476420804 0.14629629629629629
0 0.9437726723095528 0.8259259259259258 0.055622732769044746 0.16296296296296295
0 0.10338573155985491 0.5476851851851852 0.04594921402660218 0.1675925925925926
0 0.8772672309552602 0.8134259259259259 0.056831922611850064 0.17314814814814813
0 0.9071946795646917 0.6152777777777777 0.06590084643288997 0.1824074074074074
0 0.5683192261185007 0.24907407407407406 0.03990326481257558 0.13888888888888887
0 0.5338573155985491 0.2458333333333333 0.0350665054413543 0.14537037037037034
0 0.5096735187424426 0.2532407407407407 0.03385731559854897 0.13796296296296295
0 0.854292623941959 0.5351851851851851 0.048367593712212824 0.16296296296296295
0 0.8059250302297462 0.5425925925925926 0.05320435308343411 0.15185185185185185
0 0.7675332527206772 0.43009259259259264 0.048972188633615486 0.1398148148148148
0 0.7273276904474003 0.4287037037037037 0.04957678355501814 0.14629629629629629
0 0.6786577992744861 0.5226851851851851 0.05139056831922612 0.16018518518518518
0 0.48397823458282957 0.12777777777777777 0.03325272067714632 0.12222222222222222
0 0.09582829504232165 0.3361111111111111 0.06711003627569528 0.14259259259259258
0 0.2720677146311971 0.2513888888888889 0.04474002418379686 0.1472222222222222
0 0.005441354292623942 0.33518518518518514 0.009673518742442565 0.13888888888888887
0 0.007255139056831924 0.4134259259259259 0.013301088270858527 0.14907407407407408
0 0.6581015719467956 0.24814814814814815 0.0380894800483676 0.14444444444444443
0 0.6801692865779928 0.23009259259259257 0.03869407496977026 0.13796296296296295
0 0.007557436517533254 0.5550925925925925 0.013905683192261186 0.17129629629629628
0 0.2496977025392987 0.1925925925925926 0.030229746070133016 0.11296296296296296
0 0.2448609431680774 0.16342592592592592 0.03143893591293833 0.11574074074074073
0 0.25392986698911735 0.10555555555555556 0.030229746070133016 0.12222222222222222
0 0.542926239419589 0.32962962962962966 0.03990326481257558 0.13518518518518519
0 0.0471584038694075 0.4921296296296296 0.03748488512696494 0.14537037037037034
0 0.032345828295042324 0.47407407407407404 0.04534461910519952 0.15555555555555553
0 0.6490326481257557 0.524537037037037 0.034461910519951636 0.11574074074074073
0 0.6079201934703748 0.42453703703703705 0.032043530834341 0.11574074074074073
0 0.5767835550181379 0.41805555555555546 0.03990326481257558 0.14351851851851852
0 0.28567110036275695 0.12037037037037036 0.028415961305925032 0.12407407407407406
0 0.5317412333736398 0.4157407407407407 0.04292623941958888 0.13148148148148148
0 0.575876662636034 0.39537037037037037 0.041717049576783564 0.14074074074074075
0 0.1596130592503023 0.4287037037037037 0.04474002418379686 0.16296296296296295
0 0.15840386940749698 0.4425925925925926 0.0350665054413543 0.13518518518518519
0 0.13754534461910523 0.4703703703703704 0.03688029020556228 0.14074074074074075
0 0.5069528415961306 0.43425925925925923 0.032043530834341 0.11666666666666667
0 0.5610640870616688 0.31481481481481477 0.032648125755743655 0.13518518518518519
0 0.3304111245465538 0.8296296296296295 0.05985489721886337 0.1796296296296296
0 0.04141475211608223 0.9435185185185184 0.04534461910519952 0.1111111111111111
0 0.13754534461910523 0.7726851851851851 0.041717049576783564 0.15648148148148147
0 0.30864570737605806 0.9842592592592592 0.039298669891172915 0.03333333333333333
0 0.5006045949214027 0.8013888888888888 0.07376058041112456 0.17314814814814813
0 0.4207980652962516 0.8101851851851851 0.06287787182587666 0.16296296296296295
0 0.6635429262394196 0.7597222222222223 0.053808948004836765 0.16018518518518518
0 0.050483675937122136 0.7768518518518518 0.05501813784764208 0.1648148148148148
0 0.7100967351874244 0.7388888888888888 0.048972188633615486 0.15
0 0.10822249093107619 0.7379629629629629 0.04957678355501814 0.14259259259259258
0 0.8951027811366385 0.45046296296296295 0.053808948004836765 0.15462962962962962
0 0.8255743651753326 0.38333333333333325 0.0441354292623942 0.14074074074074075
0 0.9126360338573157 0.20555555555555555 0.04776299879081017 0.13888888888888887
0 0.5474607013301088 0.1537037037037037 0.03325272067714632 0.13888888888888887
0 0.5816203143893591 0.14814814814814817 0.032648125755743655 0.1259259259259259
0 0.5879685610640871 0.08888888888888888 0.03688029020556228 0.12407407407407406
0 0.47793228536880294 0.05462962962962962 0.03325272067714632 0.1074074074074074
0 0.5142079806529626 0.05277777777777777 0.028415961305925032 0.10370370370370369
0 0.5314389359129383 0.032407407407407406 0.036275695284159616 0.06296296296296296
0 0.6248488512696495 0.024537037037037034 0.032043530834341 0.047222222222222214
0 0.5885731559854898 0.017129629629629627 0.028415961305925032 0.032407407407407406
0 0.12484885126964934 0.26666666666666666 0.034461910519951636 0.13333333333333333
0 0.34310761789600974 0.11805555555555555 0.041717049576783564 0.12314814814814815
0 0.31680773881499397 0.12037037037037036 0.036275695284159616 0.1148148148148148
0 0.1493349455864571 0.137037037037037 0.03990326481257558 0.12962962962962962
0 0.1774486094316808 0.13796296296296295 0.04292623941958888 0.15185185185185185
0 0.21584038694074972 0.11666666666666667 0.036275695284159616 0.14074074074074075
0 0.2584643288996373 0.060648148148148145 0.03688029020556228 0.10833333333333334
0 0.08313180169286578 0.2564814814814815 0.032043530834341 0.12222222222222222
0 0.9839782345828296 0.3231481481481481 0.030834340991535675 0.15
0 0.23246674727932287 0.2412037037037037 0.04050785973397824 0.13796296296296295
0 0.004836759371221282 0.25925925925925924 0.008464328899637243 0.13888888888888887
0 0.01662636033857316 0.26944444444444443 0.032043530834341 0.13333333333333333
0 0.04232164449818622 0.2828703703703704 0.041112454655380895 0.14537037037037034
0 0.0662031438935913 0.25925925925925924 0.034461910519951636 0.13888888888888887
0 0.0190447400241838 0.20694444444444443 0.03688029020556228 0.12314814814814815
0 0.11154776299879082 0.0574074074074074 0.0441354292623942 0.1111111111111111
0 0.2209794437726723 0.06157407407407407 0.0380894800483676 0.12129629629629629
0 0.012696493349455865 0.15231481481481482 0.024183796856106412 0.15092592592592594
0 0.023881499395405084 0.0837962962962963 0.0380894800483676 0.14166666666666666
0 0.027811366384522373 0.07083333333333333 0.036275695284159616 0.1324074074074074
0 0.1656590084643289 0.059259259259259255 0.03869407496977026 0.1148148148148148
0 0.19014510278113667 0.04074074074074074 0.0380894800483676 0.07962962962962963
0 0.9764207980652964 0.21388888888888888 0.036275695284159616 0.13518518518518519
0 0.8742442563482469 0.20833333333333334 0.04474002418379686 0.12962962962962962
0 0.8914752116082225 0.1439814814814815 0.034461910519951636 0.12685185185185185
0 0.922007255139057 0.12962962962962962 0.036275695284159616 0.11666666666666667
0 0.8902660217654172 0.09537037037037036 0.039298669891172915 0.12407407407407406
0 0.887243047158404 0.04259259259259259 0.03325272067714632 0.08333333333333333
0 0.9640266021765419 0.10833333333333334 0.03688029020556228 0.1259259259259259
0 0.004232164449818622 0.4560185185185185 0.007255139056831923 0.14166666666666666
0 0.020858524788391782 0.44537037037037036 0.0380894800483676 0.14629629629629629
0 0.008766626360338575 0.42407407407407405 0.016324062877871828 0.13888888888888887
0 0.9570737605804113 0.21064814814814817 0.036275695284159616 0.12314814814814815
0 0.003929866989117292 0.21111111111111108 0.006650544135429264 0.12777777777777777
0 0.9513301088270859 0.07175925925925926 0.029625151148730353 0.10092592592592592
0 0.013905683192261186 0.4842592592592592 0.026602176541717055 0.13333333333333333
0 0.007859733978234583 0.2 0.014510278113663845 0.11666666666666667
0 0.0982466747279323 0.03611111111111111 0.034461910519951636 0.07037037037037037
0 0.190447400241838 0.07083333333333333 0.03869407496977026 0.12129629629629629
0 0.10217654171704958 0.04583333333333332 0.03143893591293833 0.0898148148148148
0 0.07889963724304716 0.02175925925925926 0.029625151148730353 0.041666666666666664
0 0.11396614268440146 0.02685185185185185 0.030834340991535675 0.05185185185185184
0 0.909310761789601 0.08472222222222221 0.0350665054413543 0.12129629629629629
0 0.9428657799274487 0.09120370370370369 0.034461910519951636 0.10462962962962963
0 0.9235187424425637 0.11944444444444444 0.027206771463119714 0.10370370370370369
0 0.9141475211608223 0.17453703703703702 0.03990326481257558 0.12870370370370368
0 0.01874244256348247 0.05694444444444444 0.030229746070133016 0.10833333333333334
0 0.1665659008464329 0.12175925925925926 0.032043530834341 0.12129629629629629
0 0.9791414752116083 0.1175925925925926 0.028415961305925032 0.08703703703703704
0 0.728839177750907 0.04861111111111111 0.030834340991535675 0.09537037037037037
0 0.11457073760580412 0.31296296296296294 0.041717049576783564 0.14629629629629629
0 0.19588875453446195 0.23148148148148145 0.03990326481257558 0.137037037037037
