0 0.5574365175332529 0.8939814814814814 0.04474002418379686 0.175
0 0.5574365175332527 0.9356481481481481 0.041112454655380895 0.13055555555555556
0 0.39026602176541725 0.5657407407407408 0.03688029020556228 0.13518518518518519
0 0.30834340991535675 0.6467592592592591 0.041112454655380895 0.15462962962962962
0 0.7394195888754536 0.7925925925925926 0.048367593712212824 0.18518518518518517
0 0.7079806529625152 0.8347222222222221 0.056831922611850064 0.19722222222222222
0 0.664752116082225 0.8587962962962962 0.05139056831922612 0.17314814814814813
0 0.33101571946795655 0.3472222222222222 0.03688029020556228 0.1648148148148148
0 0.2844619105199517 0.3361111111111111 0.032043530834341 0.14074074074074075
0 0.3521765417170496 0.3592592592592592 0.041717049576783564 0.14629629629629629
0 0.36698911729141476 0.3310185185185185 0.036275695284159616 0.1398148148148148
0 0.27811366384522374 0.3555555555555555 0.041112454655380895 0.14629629629629629
0 0.6348246674727933 0.9638888888888888 0.05199516324062878 0.07407407407407408
0 0.6735187424425635 0.9541666666666667 0.04232164449818622 0.09351851851851851
0 0.6251511487303508 0.950462962962963 0.041112454655380895 0.10092592592592592
0 0.7481862152357921 0.05231481481481481 0.029625151148730353 0.09907407407407406
0 0.8621523579201935 0.9532407407407407 0.04353083434099154 0.09351851851851851
0 0.9226118500604596 0.9740740740740741 0.04474002418379686 0.0537037037037037
0 0.8367593712212817 0.9171296296296295 0.0350665054413543 0.12314814814814815
0 0.8736396614268441 0.9152777777777776 0.048367593712212824 0.14537037037037034
0 0.9827690447400242 0.3958333333333333 0.03325272067714632 0.15462962962962962
0 0.09975816203143895 0.4 0.0350665054413543 0.12962962962962962
0 0.1635429262394196 0.40648148148148144 0.04050785973397824 0.15185185185185185
0 0.598851269649335 0.6064814814814814 0.0441354292623942 0.17037037037037037
0 0.14147521160822252 0.336574074074074 0.0350665054413543 0.14351851851851852
0 0.11789600967351876 0.4412037037037037 0.04594921402660218 0.14907407407407408
0 0.6647521160822251 0.44212962962962965 0.041717049576783564 0.13796296296296295
0 0.6880290205562274 0.4185185185185185 0.05199516324062878 0.14629629629629629
0 0.6825876662636035 0.36759259259259264 0.04232164449818622 0.13518518518518519
0 0.8252720677146312 0.41851851851851846 0.03869407496977026 0.13518518518518519
0 0.8047158403869409 0.42962962962962964 0.04232164449818622 0.15185185185185185
0 0.786577992744861 0.5731481481481481 0.04594921402660218 0.15185185185185185
0 0.9643288996372432 0.8185185185185184 0.047158403869407506 0.17407407407407408
0 0.9262394195888756 0.8370370370370369 0.05078597339782346 0.18888888888888886
0 0.8013905683192263 0.8027777777777777 0.041717049576783564 0.11851851851851851
0 0.8406892382103991 0.7949074074074074 0.046553808948004836 0.16018518518518518
0 0.8672914147521162 0.8083333333333333 0.03688029020556228 0.11851851851851851
0 0.7974607013301089 0.8449074074074073 0.05925030229746071 0.16574074074074074
0 0.9685610640870617 0.9287037037037037 0.05804111245465538 0.14444444444444443
0 0.971584038694075 0.9773148148148147 0.0350665054413543 0.047222222222222214
0 0.6130592503022976 0.7666666666666667 0.04957678355501814 0.15925925925925927
0 0.6293833131801695 0.8074074074074074 0.05078597339782346 0.16666666666666666
0 0.9513301088270859 0.6300925925925925 0.034461910519951636 0.1398148148148148
0 0.9359129383313181 0.6273148148148148 0.04353083434099154 0.14351851851851852
0 0.4201934703748489 0.8550925925925925 0.056831922611850064 0.17129629629629628
0 0.39026602176541725 0.8402777777777778 0.05622732769044741 0.17314814814814813
0 0.7829504232164451 0.7199074074074073 0.036275695284159616 0.1324074074074074
0 0.8298065296251512 0.7550925925925925 0.0441354292623942 0.13796296296296295
0 0.8660822249093109 0.7537037037037035 0.048972188633615486 0.17037037037037037
0 0.8434099153567111 0.387037037037037 0.0350665054413543 0.13518518518518519
0 0.8618500604594922 0.3782407407407407 0.039298669891172915 0.11388888888888889
0 0.064087061668682 0.7898148148148147 0.048367593712212824 0.1685185185185185
0 0.10882708585247886 0.7541666666666667 0.04474002418379686 0.16203703703703703
0 0.13361547762998793 0.9175925925925925 0.047158403869407506 0.16666666666666666
0 0.09371221281741235 0.911574074074074 0.048367593712212824 0.15462962962962962
0 0.29504232164449823 0.6703703703703704 0.04957678355501814 0.15925925925925927
0 0.3567110036275696 0.6384259259259258 0.04232164449818622 0.16574074074074074
0 0.37756952841596136 0.6606481481481481 0.03688029020556228 0.1324074074074074
0 0.5441354292623942 0.9462962962962963 0.036275695284159616 0.10925925925925925
0 0.5105804111245467 0.9300925925925925 0.05139056831922612 0.14166666666666666
0 0.824062877871826 0.5671296296296295 0.05078597339782346 0.15462962962962962
0 0.1233373639661427 0.40185185185185185 0.041112454655380895 0.14629629629629629
0 0.23579201934703753 0.6032407407407407 0.03869407496977026 0.15648148148148147
0 0.2363966142684402 0.5796296296296296 0.03385731559854897 0.14814814814814817
0 0.18772672309552604 0.6023148148148147 0.041717049576783564 0.1398148148148148
0 0.20435308343409916 0.5513888888888888 0.04232164449818622 0.14351851851851852
0 0.16717049576783558 0.5699074074074074 0.039298669891172915 0.15092592592592594
0 0.3125755743651754 0.6148148148148148 0.047158403869407506 0.1537037037037037
0 0.3857315598548972 0.2555555555555556 0.03385731559854897 0.12962962962962962
0 0.40870616686819833 0.25509259259259254 0.02902055622732769 0.1324074074074074
0 0.3134824667472793 0.5879629629629629 0.03688029020556228 0.12962962962962962
0 0.7134220072551393 0.962962962962963 0.04474002418379686 0.07592592592592592
0 0.6795646916565902 0.9800925925925925 0.03748488512696494 0.041666666666666664
0 0.42261185006045954 0.4884259259259259 0.030229746070133016 0.11574074074074073
0 0.7149334945586459 0.3972222222222222 0.04050785973397824 0.12407407407407406
0 0.753627569528416 0.4097222222222222 0.04292623941958888 0.1361111111111111
0 0.2681378476420798 0.3949074074074074 0.03688029020556228 0.1398148148148148
0 0.24909310761789602 0.41157407407407404 0.0350665054413543 0.14351851851851852
0 0.8624546553808948 0.6532407407407407 0.029625151148730353 0.12870370370370368
0 0.29987908101571953 0.9787037037037037 0.03748488512696494 0.04444444444444444
0 0.4634220072551391 0.9851851851851852 0.039298669891172915 0.03148148148148148
0 0.476118500604595 0.686574074074074 0.039298669891172915 0.14907407407407408
0 0.47974607013301096 0.700462962962963 0.039298669891172915 0.1675925925925926
0 0.2155380894800484 0.7532407407407408 0.053808948004836765 0.17314814814814813
0 0.17714631197097946 0.7300925925925926 0.04232164449818622 0.17685185185185184
0 0.20616686819830715 0.7166666666666666 0.04232164449818622 0.1648148148148148
0 0.3712212817412335 0.9837962962962963 0.048367593712212824 0.03425925925925925
0 0.5299274486094318 0.600925925925926 0.04292623941958888 0.1611111111111111
0 0.32134220072551395 0.7907407407407406 0.046553808948004836 0.16296296296296295
0 0.45102781136638465 0.4949074074074074 0.05804111245465538 0.1324074074074074
0 0.8515719467956471 0.6861111111111111 0.03688029020556228 0.14814814814814817
0 0.8361547762998791 0.7027777777777776 0.036275695284159616 0.12037037037037036
0 0.572249093107618 0.6083333333333333 0.039298669891172915 0.15
0 0.8736396614268441 0.3375 0.032648125755743655 0.15092592592592594
0 0.8639661426844015 0.3069444444444444 0.03748488512696494 0.13796296296296295
0 0.8385731559854898 0.3148148148148148 0.0350665054413543 0.14259259259259258
0 0.34885126964933494 0.4949074074074074 0.03748488512696494 0.1324074074074074
0 0.20072551390568322 0.49537037037037035 0.048367593712212824 0.13518518518518519
0 0.23397823458282954 0.48287037037037034 0.032648125755743655 0.1324074074074074
0 0.28234582829504234 0.5013888888888888 0.04232164449818622 0.15648148148148147
0 0.21493349455864574 0.9162037037037037 0.0441354292623942 0.16944444444444443
0 0.4758162031438936 0.45092592592592595 0.027811366384522373 0.13518518518518519
0 0.05259975816203144 0.17407407407407408 0.036275695284159616 0.12962962962962962
0 0.3582224909310762 0.7287037037037037 0.04292623941958888 0.15925925925925927
0 0.3322249093107618 0.8263888888888888 0.046553808948004836 0.16388888888888886
0 0.38301088270858535 0.7546296296296297 0.039298669891172915 0.1685185185185185
0 0.32980652962515117 0.7412037037037037 0.0441354292623942 0.1824074074074074
0 0.20344619105199516 0.20787037037037034 0.03688029020556228 0.13796296296296295
0 0.7107013301088272 0.19027777777777777 0.034461910519951636 0.13425925925925924
0 0.09220072551390569 0.8708333333333333 0.050181378476420804 0.1824074074074074
0 0.012091898428053204 0.7652777777777777 0.02297460701330109 0.16574074074074074
0 0.1544740024183797 0.8231481481481481 0.05501813784764208 0.17037037037037037
0 0.13754534461910523 0.7958333333333332 0.041717049576783564 0.13796296296296295
0 0.841596130592503 0.32129629629629625 0.03385731559854897 0.13148148148148148
0 0.2107013301088271 0.475925925925926 0.029625151148730353 0.13518518518518519
0 0.45133010882708596 0.7532407407407405 0.0441354292623942 0.15462962962962962
0 0.6771463119709795 0.7273148148148147 0.047158403869407506 0.15092592592592594
0 0.19074969770253933 0.4546296296296296 0.034461910519951636 0.13148148148148148
0 0.38845223700120923 0.4578703703703703 0.034461910519951636 0.10648148148148147
0 0.46614268440145107 0.5606481481481481 0.036275695284159616 0.1398148148148148
0 0.4507255139056832 0.5171296296296296 0.039298669891172915 0.10462962962962963
0 0.4081015719467957 0.425 0.047158403869407506 0.15925925925925927
0 0.047762998790810154 0.9467592592592592 0.04353083434099154 0.10648148148148147
0 0.46553808948004843 0.42638888888888893 0.032648125755743655 0.1398148148148148
0 0.4987908101571947 0.41898148148148145 0.03385731559854897 0.14907407407407408
0 0.41596130592503033 0.6837962962962963 0.05078597339782346 0.16018518518518518
0 0.4002418379685611 0.6462962962962961 0.03143893591293833 0.14629629629629629
0 0.3585247883917776 0.5689814814814814 0.03748488512696494 0.14907407407407408
0 0.35731559854897227 0.5444444444444444 0.03748488512696494 0.14629629629629629
0 0.4428657799274487 0.44351851851851853 0.027206771463119714 0.12407407407407406
0 0.49214026602176547 0.5027777777777778 0.03869407496977026 0.12222222222222222
0 0.2690447400241838 0.9351851851851851 0.047158403869407506 0.13148148148148148
0 0.7321644498186216 0.08657407407407408 0.03990326481257558 0.1175925925925926
0 0.7623941958887547 0.09120370370370369 0.024183796856106412 0.11574074074074073
0 0.5879685610640871 0.4629629629629629 0.03688029020556228 0.1148148148148148
0 0.5544135429262395 0.44814814814814813 0.03990326481257558 0.14629629629629629
0 0.8975211608222492 0.1523148148148148 0.057436517533252726 0.1324074074074074
0 0.9068923821039904 0.10185185185185185 0.03990326481257558 0.12407407407407406
0 0.9232164449818622 0.1865740740740741 0.03385731559854897 0.10462962962962963
0 0.9888149939540509 0.324537037037037 0.02116082224909311 0.12314814814814815
0 0.9340991535671102 0.36111111111111105 0.04353083434099154 0.14814814814814817
0 0.9449818621523579 0.39537037037037037 0.03990326481257558 0.14074074074074075
0 0.8960096735187425 0.548148148148148 0.048367593712212824 0.1537037037037037
0 0.9746070133010883 0.46805555555555556 0.047158403869407506 0.16203703703703703
0 0.8162031438935913 0.625925925925926 0.04474002418379686 0.15925925925925927
0 0.8113663845223701 0.6625 0.05078597339782346 0.15092592592592594
0 0.7333736396614269 0.5273148148148148 0.03869407496977026 0.15092592592592594
0 0.7696493349455865 0.6532407407407407 0.04594921402660218 0.15462962962962962
0 0.887243047158404 0.8462962962962963 0.0441354292623942 0.1685185185185185
0 0.6928657799274487 0.08703703703703702 0.0350665054413543 0.11851851851851851
0 0.6330108827085852 0.09305555555555554 0.030229746070133016 0.11203703703703702
0 0.6505441354292626 0.10092592592592592 0.03143893591293833 0.12407407407407406
0 0.667472793228537 0.0837962962962963 0.036275695284159616 0.11018518518518518
0 0.6085247883917775 0.12407407407407406 0.03688029020556228 0.14444444444444443
0 0.5453446191051996 0.10509259259259258 0.0350665054413543 0.13796296296296295
0 0.6816807738814995 0.11620370370370368 0.04050785973397824 0.1175925925925926
0 0.6508464328899637 0.14675925925925926 0.039298669891172915 0.125
0 0.6045949214026604 0.14768518518518517 0.032648125755743655 0.11574074074074073
0 0.6692865779927449 0.23935185185185184 0.03990326481257558 0.13425925925925924
0 0.6118500604594922 0.22129629629629627 0.03869407496977026 0.137037037037037
0 0.5903869407496978 0.24398148148148147 0.03688029020556228 0.12685185185185185
0 0.6469165659008466 0.26064814814814813 0.026602176541717055 0.09351851851851851
0 0.6272672309552599 0.26064814814814813 0.034461910519951636 0.1324074074074074
0 0.5368802902055623 0.17407407407407405 0.036275695284159616 0.12407407407407406
0 0.4882103990326482 0.18287037037037035 0.032043530834341 0.11574074074074073
0 0.5278113663845224 0.09074074074074075 0.03748488512696494 0.13518518518518519
0 0.5051390568319227 0.09351851851851851 0.027206771463119714 0.11296296296296296
0 0.7629987908101573 0.07592592592592592 0.027811366384522373 0.10370370370370369
0 0.6840991535671102 0.27777777777777773 0.041717049576783564 0.14814814814814817
0 0.6118500604594922 0.35277777777777775 0.03869407496977026 0.14074074074074075
0 0.6342200725513907 0.37361111111111106 0.036275695284159616 0.14907407407407408
0 0.6680773881499397 0.34768518518518515 0.03869407496977026 0.14907407407407408
0 0.4286577992744861 0.10694444444444444 0.0350665054413543 0.11574074074074073
0 0.3996372430471585 0.1662037037037037 0.032648125755743655 0.12870370370370368
0 0.4564691656590085 0.07222222222222222 0.0350665054413543 0.12777777777777777
0 0.4337968561064088 0.06759259259259259 0.034461910519951636 0.12407407407407406
0 0.4038694074969771 0.10277777777777777 0.030229746070133016 0.11851851851851851
0 0.2103990326481258 0.12314814814814815 0.03869407496977026 0.137037037037037
0 0.3101571946795647 0.18425925925925926 0.03385731559854897 0.14074074074074075
0 0.3467351874244256 0.20555555555555557 0.035671100362756954 0.13148148148148148
0 0.6348246674727932 0.5981481481481481 0.048367593712212824 0.1574074074074074
0 0.7814389359129384 0.4481481481481481 0.0441354292623942 0.14074074074074075
0 0.4945586457073761 0.46481481481481485 0.04957678355501814 0.14629629629629629
0 0.40749697702539306 0.4509259259259259 0.05320435308343411 0.14259259259259258
0 0.007255139056831924 0.11666666666666667 0.013301088270858527 0.1259259259259259
0 0.028415961305925032 0.11018518518518518 0.03748488512696494 0.1259259259259259
0 0.1423821039903265 0.10787037037037035 0.041717049576783564 0.12870370370370368
0 0.18198307134220074 0.08796296296296297 0.03385731559854897 0.1259259259259259
0 0.20102781136638453 0.10324074074074074 0.027206771463119714 0.12129629629629629
0 0.2557436517533253 0.08842592592592592 0.032648125755743655 0.1175925925925926
0 0.28295042321644504 0.09490740740740741 0.0350665054413543 0.12314814814814815
0 0.1614268440145103 0.06759259259259259 0.03990326481257558 0.12962962962962962
0 0.10006045949214028 0.04305555555555555 0.032043530834341 0.08425925925925926
0 0.19014510278113667 0.15509259259259256 0.034461910519951636 0.13796296296296295
0 0.4480048367593713 0.10833333333333334 0.030229746070133016 0.12407407407407406
0 0.49093107617896015 0.08148148148148149 0.032648125755743655 0.11666666666666667
0 0.5471584038694076 0.07685185185185185 0.02297460701330109 0.1259259259259259
0 0.2584643288996373 0.325 0.03688029020556228 0.14074074074074075
0 0.10912938331318019 0.23379629629629628 0.0380894800483676 0.1324074074074074
0 0.13119709794437728 0.2296296296296296 0.03385731559854897 0.12962962962962962
0 0.2557436517533253 0.262037037037037 0.0350665054413543 0.14074074074074075
0 0.21221281741233378 0.2532407407407407 0.03990326481257558 0.13796296296296295
0 0.4758162031438936 0.24351851851851852 0.0350665054413543 0.1259259259259259
0 0.45707376058041116 0.26620370370370366 0.03869407496977026 0.12685185185185185
0 0.2817412333736397 0.2935185185185185 0.03748488512696494 0.14814814814814817
0 0.318621523579202 0.3731481481481481 0.03748488512696494 0.13518518518518519
0 0.34159613059250304 0.4319444444444444 0.04474002418379686 0.17129629629629628
0 0.2983675937122129 0.4291666666666666 0.0380894800483676 0.14907407407407408
0 0.10519951632406288 0.3708333333333333 0.03143893591293833 0.1324074074074074
0 0.05199516324062878 0.37546296296296294 0.04594921402660218 0.15648148148148147
0 0.048367593712212824 0.3439814814814815 0.03748488512696494 0.13796296296296295
0 0.04081015719467957 0.3143518518518518 0.039298669891172915 0.15092592592592594
0 0.07980652962515115 0.2912037037037037 0.0350665054413543 0.1361111111111111
0 0.9830713422007257 0.42407407407407405 0.03143893591293833 0.13888888888888887
0 0.6831922611850061 0.21805555555555553 0.04594921402660218 0.15462962962962962
0 0.9785368802902057 0.10416666666666667 0.03688029020556228 0.1324074074074074
0 0.9452841596130594 0.05277777777777778 0.032043530834341 0.10185185185185185
0 0.916565900846433 0.049999999999999996 0.032648125755743655 0.09814814814814814
0 0.9449818621523579 0.08981481481481482 0.03990326481257558 0.12962962962962962
0 0.12394195888754538 0.10138888888888889 0.03748488512696494 0.12685185185185185
0 0.13422007255139057 0.05138888888888889 0.03748488512696494 0.10092592592592592
0 0.37605804111245467 0.0685185185185185 0.03143893591293833 0.1148148148148148
0 0.5810157194679566 0.14583333333333334 0.03748488512696494 0.12314814814814815
0 0.1967956469165659 0.06666666666666667 0.034461910519951636 0.13148148148148148
0 0.5595525997581622 0.10833333333333334 0.032043530834341 0.12777777777777777
0 0.6257557436517535 0.10787037037037035 0.032648125755743655 0.13425925925925924
0 0.3567110036275696 0.05648148148148147 0.03143893591293833 0.1111111111111111
0 0.5891777509068925 0.10416666666666667 0.03688029020556228 0.1324074074074074
0 0.5024183796856106 0.04259259259259259 0.032648125755743655 0.08333333333333333
0 0.6514510278113664 0.06157407407407407 0.03688029020556228 0.12129629629629629
0 0.4652357920193471 0.03194444444444444 0.029625151148730353 0.06203703703703703
0 0.15719467956469166 0.03703703703703703 0.03143893591293833 0.07222222222222222
0 0.5955259975816204 0.04259259259259259 0.036275695284159616 0.08333333333333333
0 0.3364570737605805 0.03611111111111111 0.034461910519951636 0.07037037037037037
0 0.28295042321644504 0.04861111111111111 0.027811366384522373 0.09537037037037037
0 0.3089480048367594 0.03888888888888888 0.030229746070133016 0.07592592592592592
0 0.4353083434099154 0.0574074074074074 0.030229746070133016 0.10925925925925925
0 0.40961305925030234 0.0574074074074074 0.029625151148730353 0.11296296296296296
0 0.21100362756952845 0.08009259259259259 0.027811366384522373 0.09907407407407406
0 0.7273276904474003 0.06157407407407407 0.027811366384522373 0.11018518518518518
0 0.22339782345828296 0.06527777777777778 0.034461910519951636 0.12685185185185185
