0 0.7832527206771464 0.9731481481481481 0.0441354292623942 0.0537037037037037
0 0.9703748488512697 0.8796296296296297 0.04232164449818622 0.14259259259259258
0 0.2911124546553809 0.8152777777777778 0.04292623941958888 0.17129629629629628
0 0.26511487303506653 0.8583333333333333 0.041717049576783564 0.17407407407407408
0 0.6263603385731562 0.7282407407407407 0.04957678355501814 0.17685185185185184
0 0.3512696493349456 0.5712962962962963 0.041112454655380895 0.14259259259259258
0 0.3171100362756953 0.5796296296296295 0.041717049576783564 0.14629629629629629
0 0.08585247883917776 0.48333333333333334 0.05199516324062878 0.14259259259259258
0 0.06711003627569528 0.6291666666666667 0.05320435308343411 0.17314814814814813
0 0.12091898428053206 0.6328703703703703 0.047158403869407506 0.1824074074074074
0 0.6647521160822251 0.38981481481481484 0.03688029020556228 0.16296296296296295
0 0.637243047158404 0.3958333333333333 0.04594921402660218 0.15462962962962962
0 0.6641475211608223 0.4384259259259259 0.039298669891172915 0.15833333333333333
0 0.7518137847642081 0.7106481481481481 0.041717049576783564 0.15462962962962962
0 0.7460701330108828 0.7476851851851851 0.056831922611850064 0.15648148148148147
0 0.36850060459492145 0.28703703703703703 0.03688029020556228 0.13518518518518519
0 0.3152962515114873 0.3064814814814814 0.034461910519951636 0.13518518518518519
0 0.40991535671100365 0.2833333333333333 0.03748488512696494 0.13518518518518519
0 0.41142684401451035 0.30648148148148147 0.041717049576783564 0.14074074074074075
0 0.3972188633615478 0.6703703703703703 0.03990326481257558 0.16296296296296295
0 0.47128174123337374 0.6157407407407407 0.039298669891172915 0.15185185185185185
0 0.47974607013301096 0.6337962962962963 0.0441354292623942 0.14907407407407408
0 0.3603385731559855 0.6912037037037035 0.03869407496977026 0.17129629629629628
0 0.32224909310761796 0.32083333333333336 0.04474002418379686 0.13796296296296295
0 0.6420798065296253 0.8458333333333333 0.04594921402660218 0.1787037037037037
0 0.7158403869407498 0.8486111111111111 0.04594921402660218 0.16574074074074074
0 0.6977025392986701 0.8009259259259258 0.041112454655380895 0.1574074074074074
0 0.980652962515115 0.9203703703703704 0.036275695284159616 0.1574074074074074
0 0.9347037484885128 0.7018518518518518 0.05199516324062878 0.15925925925925927
0 0.8866384522370013 0.6574074074074073 0.05622732769044741 0.15
0 0.9594921402660219 0.649074074074074 0.04594921402660218 0.1648148148148148
0 0.8709189842805322 0.8226851851851851 0.05622732769044741 0.16574074074074074
0 0.9120314389359131 0.8300925925925925 0.046553808948004836 0.17314814814814813
0 0.7602781136638453 0.05462962962962962 0.029625151148730353 0.1074074074074074
0 0.8331318016928658 0.837962962962963 0.055622732769044746 0.1685185185185185
0 0.7853688029020558 0.787037037037037 0.05078597339782346 0.17407407407407408
0 0.827690447400242 0.4513888888888889 0.036275695284159616 0.15092592592592594
0 0.8678960096735189 0.4699074074074074 0.046553808948004836 0.15092592592592594
0 0.8718258766626361 0.4162037037037037 0.030229746070133016 0.10462962962962963
0 0.8938935912938333 0.4217592592592593 0.032043530834341 0.11018518518518518
0 0.5861547762998791 0.9314814814814815 0.053808948004836765 0.13888888888888887
0 0.7738814993954052 0.9319444444444444 0.06529625151148731 0.1361111111111111
0 0.7436517533252721 0.9634259259259258 0.05320435308343411 0.07129629629629629
0 0.16444981862152358 0.09027777777777776 0.0350665054413543 0.12685185185185185
0 0.13361547762998793 0.19722222222222222 0.04232164449818622 0.1574074074074074
0 0.23941958887545348 0.12407407407407406 0.03990326481257558 0.12407407407407406
0 0.5326481257557437 0.058333333333333334 0.0350665054413543 0.11296296296296296
0 0.5616686819830714 0.06203703703703703 0.032648125755743655 0.12037037037037036
0 0.39873035066505447 0.10046296296296295 0.032043530834341 0.10648148148148147
0 0.4071946795646917 0.16481481481481483 0.034461910519951636 0.137037037037037
0 0.476118500604595 0.12546296296296294 0.034461910519951636 0.1324074074074074
0 0.5232769044740025 0.07824074074074074 0.034461910519951636 0.13796296296296295
0 0.5039298669891173 0.10092592592592592 0.032043530834341 0.12407407407407406
0 0.540205562273277 0.12962962962962962 0.039298669891172915 0.1259259259259259
0 0.5900846432889965 0.08425925925925926 0.036275695284159616 0.12037037037037036
0 0.6287787182587666 0.0824074074074074 0.04232164449818622 0.12407407407407406
0 0.6701934703748488 0.10648148148148147 0.039298669891172915 0.12407407407407406
0 0.6998186215235792 0.08240740740740742 0.029625151148730353 0.11296296296296296
0 0.7194679564691656 0.08425925925925926 0.03385731559854897 0.12962962962962962
0 0.756348246674728 0.18796296296296294 0.03990326481257558 0.13148148148148148
0 0.8261789600967353 0.2138888888888889 0.032043530834341 0.11296296296296296
0 0.8521765417170497 0.20416666666666664 0.034461910519951636 0.1324074074074074
0 0.9649334945586459 0.13981481481481478 0.032648125755743655 0.12407407407407406
0 0.9087061668681984 0.17638888888888887 0.03385731559854897 0.12685185185185185
0 0.9661426844014511 0.18888888888888886 0.03990326481257558 0.14074074074074075
0 0.9470979443772672 0.2625 0.041717049576783564 0.14351851851851852
0 0.9074969770253931 0.2657407407407407 0.04232164449818622 0.1574074074074074
0 0.7959492140266022 0.2412037037037037 0.029625151148730353 0.09722222222222222
0 0.8234582829504233 0.23425925925925922 0.036275695284159616 0.12407407407407406
0 0.844316807738815 0.2537037037037037 0.029625151148730353 0.10370370370370369
0 0.9866989117291416 0.17638888888888887 0.02539298669891173 0.14351851851851852
0 0.9062877871825877 0.3439814814814815 0.05199516324062878 0.13796296296296295
0 0.9449818621523579 0.35833333333333334 0.04232164449818622 0.1574074074074074
0 0.9555622732769046 0.32916666666666666 0.041717049576783564 0.14166666666666666
0 0.9809552599758163 0.32731481481481484 0.03688029020556228 0.15462962962962962
0 0.9779322853688031 0.3574074074074074 0.041717049576783564 0.14629629629629629
0 0.9851874244256349 0.39351851851851843 0.028415961305925032 0.13518518518518519
0 0.9340991535671102 0.40601851851851845 0.04594921402660218 0.14351851851851852
0 0.9280532043530835 0.4662037037037037 0.04474002418379686 0.14907407407407408
0 0.6088270858524788 0.22685185185185183 0.03990326481257558 0.12962962962962962
0 0.6351269649334945 0.2351851851851852 0.039298669891172915 0.15185185185185185
0 0.6937726723095528 0.23287037037037037 0.027206771463119714 0.11574074074074073
0 0.6762394195888755 0.23425925925925922 0.034461910519951636 0.12407407407407406
0 0.6278718258766626 0.30509259259259264 0.039298669891172915 0.14351851851851852
0 0.5994558645707377 0.3013888888888889 0.03688029020556228 0.14351851851851852
0 0.6423821039903266 0.28657407407407404 0.029625151148730353 0.10833333333333334
0 0.6674727932285369 0.3032407407407407 0.030229746070133016 0.10648148148148147
0 0.7004232164449818 0.30416666666666664 0.0441354292623942 0.13796296296296295
0 0.8119709794437726 0.3486111111111111 0.03990326481257558 0.1324074074074074
0 0.848851269649335 0.35185185185185186 0.03385731559854897 0.12407407407407406
0 0.7829504232164451 0.48009259259259257 0.04957678355501814 0.14907407407407408
0 0.2116082224909311 0.26620370370370366 0.03748488512696494 0.1361111111111111
0 0.2548367593712213 0.2597222222222222 0.0380894800483676 0.125
0 0.2717654171704958 0.3069444444444444 0.03688029020556228 0.14907407407407408
0 0.23397823458282954 0.3125 0.04232164449818622 0.1324074074074074
0 0.13966142684401453 0.3810185185185185 0.03990326481257558 0.15648148148148147
0 0.15840386940749698 0.3976851851851852 0.03869407496977026 0.14907407407407408
0 0.17896009673518745 0.42314814814814816 0.03143893591293833 0.0962962962962963
0 0.4882103990326482 0.599537037037037 0.0441354292623942 0.16574074074074074
0 0.15810157194679567 0.19120370370370368 0.03325272067714632 0.12314814814814815
0 0.08252720677146312 0.1861111111111111 0.04292623941958888 0.1148148148148148
0 0.016928657799274487 0.38981481481481484 0.032648125755743655 0.14629629629629629
0 0.12998790810157196 0.4819444444444444 0.04474002418379686 0.15833333333333333
0 0.20525997581620314 0.6689814814814814 0.041717049576783564 0.16203703703703703
0 0.20949214026602178 0.6291666666666667 0.039298669891172915 0.16574074074074074
0 0.2636033857315599 0.6472222222222223 0.047158403869407506 0.14444444444444443
0 0.41535671100362753 0.8523148148148147 0.04353083434099154 0.14907407407407408
0 0.41051995163240634 0.8245370370370371 0.05441354292623943 0.16018518518518518
0 0.43288996372430477 0.8018518518518518 0.04232164449818622 0.13518518518518519
0 0.2064691656590085 0.8175925925925926 0.028415961305925032 0.10925925925925925
0 0.6009673518742443 0.20092592592592592 0.03748488512696494 0.11851851851851851
0 0.1958887545344619 0.825925925925926 0.06166868198307135 0.1685185185185185
0 0.7636033857315598 0.16296296296296295 0.0350665054413543 0.12962962962962962
0 0.41898428053204356 0.10231481481481482 0.036275695284159616 0.12129629629629629
0 0.38149939540507866 0.1712962962962963 0.03748488512696494 0.1259259259259259
0 0.5849455864570738 0.1685185185185185 0.039298669891172915 0.1574074074074074
0 0.2406287787182588 0.5972222222222221 0.04474002418379686 0.1537037037037037
0 0.24334945586457074 0.5666666666666667 0.03688029020556228 0.14629629629629629
0 0.13573155985489724 0.6962962962962963 0.04534461910519952 0.15925925925925927
0 0.20072551390568322 0.5944444444444444 0.04232164449818622 0.14629629629629629
0 0.21311970979443776 0.5412037037037037 0.039298669891172915 0.14907407407407408
0 0.17896009673518745 0.5564814814814815 0.04474002418379686 0.1537037037037037
0 0.5223700120918985 0.5662037037037037 0.03990326481257558 0.16018518518518518
0 0.3954050785973398 0.24305555555555552 0.032648125755743655 0.12870370370370368
0 0.41535671100362764 0.2490740740740741 0.03143893591293833 0.12962962962962962
0 0.567714631197098 0.5504629629629628 0.036275695284159616 0.14166666666666666
0 0.7079806529625152 0.8921296296296296 0.041112454655380895 0.14351851851851852
0 0.9038694074969771 0.7421296296296297 0.048367593712212824 0.16018518518518518
0 0.6771463119709794 0.8708333333333333 0.03990326481257558 0.14537037037037034
0 0.4032648125755744 0.4384259259259259 0.02902055622732769 0.11203703703703702
0 0.7243047158403869 0.3847222222222222 0.03990326481257558 0.11574074074074073
0 0.7672309552599759 0.38796296296296295 0.04232164449818622 0.13518518518518519
0 0.2817412333736397 0.3837962962962963 0.04474002418379686 0.13796296296296295
0 0.25755743651753327 0.3986111111111111 0.0350665054413543 0.13796296296296295
0 0.5541112454655381 0.5097222222222222 0.032043530834341 0.12685185185185185
0 0.25755743651753327 0.9768518518518517 0.03990326481257558 0.046296296296296294
0 0.47249093107617907 0.9796296296296296 0.039298669891172915 0.04259259259259259
0 0.49093107617896015 0.6842592592592592 0.0350665054413543 0.15185185185185185
0 0.4897218863361548 0.687037037037037 0.04232164449818622 0.1685185185185185
0 0.20767835550181382 0.749537037037037 0.048972188633615486 0.17314814814814813
0 0.18561064087061668 0.7175925925925924 0.041112454655380895 0.17407407407407408
0 0.21523579201934706 0.7009259259259258 0.04474002418379686 0.1574074074074074
0 0.5272067714631198 0.8259259259259258 0.04474002418379686 0.1796296296296296
0 0.44467956469165665 0.8777777777777778 0.04776299879081017 0.15925925925925927
0 0.536577992744861 0.5930555555555554 0.0441354292623942 0.15833333333333333
0 0.5637847642079807 0.861574074074074 0.05501813784764208 0.17314814814814813
0 0.32769044740024184 0.7759259259259258 0.04594921402660218 0.1648148148148148
0 0.4616082224909311 0.4912037037037037 0.05622732769044741 0.14907407407407408
0 0.5525997581620316 0.5226851851851851 0.03990326481257558 0.1324074074074074
0 0.5362756952841597 0.524074074074074 0.030229746070133016 0.1074074074074074
0 0.5507859733978234 0.6226851851851851 0.041112454655380895 0.15092592592592594
0 0.88180169286578 0.32175925925925924 0.032043530834341 0.1324074074074074
0 0.8721281741233375 0.28935185185185186 0.032043530834341 0.12685185185185185
0 0.8415961305925032 0.29583333333333334 0.03143893591293833 0.12314814814814815
0 0.5003022974607014 0.8685185185185185 0.046553808948004836 0.19074074074074074
0 0.36245465538089483 0.4888888888888889 0.03688029020556228 0.12962962962962962
0 0.22037484885126965 0.475 0.03688029020556228 0.15185185185185185
0 0.24637243047158405 0.49537037037037035 0.039298669891172915 0.15185185185185185
0 0.3137847642079806 0.40879629629629627 0.03748488512696494 0.14907407407407408
0 0.33796856106408707 0.4347222222222222 0.04474002418379686 0.15092592592592594
0 0.48428053204353094 0.4347222222222222 0.027811366384522373 0.12129629629629629
0 0.06287787182587666 0.16666666666666666 0.03385731559854897 0.12407407407407406
0 0.3706166868198308 0.7222222222222221 0.03748488512696494 0.1574074074074074
0 0.3993349455864571 0.7745370370370369 0.05622732769044741 0.16388888888888886
0 0.4123337363966143 0.7486111111111111 0.04353083434099154 0.17129629629629628
0 0.36426844014510285 0.7407407407407407 0.039298669891172915 0.17407407407407408
0 0.19437726723095528 0.18703703703703703 0.03325272067714632 0.137037037037037
0 0.7203748488512697 0.17592592592592593 0.032043530834341 0.13148148148148148
0 0.061668681983071356 0.36435185185185176 0.03869407496977026 0.15648148148148147
0 0.0063482466747279325 0.9074074074074073 0.011487303506650545 0.18518518518518517
0 0.004232164449818622 0.22546296296296295 0.007255139056831923 0.12685185185185185
0 0.03476420798065297 0.3611111111111111 0.0441354292623942 0.14259259259259258
0 0.8461305925030231 0.30925925925925923 0.03688029020556228 0.137037037037037
0 0.23941958887545348 0.4587962962962963 0.03748488512696494 0.14351851851851852
0 0.4812575574365176 0.7402777777777776 0.048367593712212824 0.14537037037037034
0 0.02237001209189843 0.9384259259259259 0.04353083434099154 0.125
0 0.08555018137847642 0.9337962962962962 0.046553808948004836 0.1324074074074074
0 0.6834945586457074 0.7041666666666667 0.053808948004836765 0.14907407407407408
0 0.2037484885126965 0.4509259259259259 0.03748488512696494 0.14074074074074075
0 0.23397823458282951 0.4671296296296296 0.06045949214026603 0.14351851851851852
0 0.4721886336154777 0.548611111111111 0.03748488512696494 0.13796296296296295
0 0.4613059250302298 0.5231481481481481 0.04957678355501814 0.13518518518518519
0 0.4150544135429263 0.4069444444444444 0.041717049576783564 0.14351851851851852
0 0.29504232164449823 0.49259259259259264 0.0350665054413543 0.15185185185185185
0 0.2699516324062878 0.7337962962962962 0.04534461910519952 0.15462962962962962
0 0.4746070133010883 0.4222222222222223 0.032648125755743655 0.14814814814814817
0 0.49183796856106415 0.3972222222222222 0.034461910519951636 0.14074074074074075
0 0.5066505441354293 0.6370370370370371 0.03990326481257558 0.1574074074074074
0 0.3935912938331318 0.6314814814814814 0.03748488512696494 0.15
0 0.36668681983071344 0.5472222222222222 0.04292623941958888 0.13518518518518519
0 0.3657799274486095 0.5231481481481481 0.03748488512696494 0.13518518518518519
0 0.008162031438935914 0.3597222222222222 0.015114873035066508 0.1324074074074074
0 0.44558645707376066 0.4523148148148148 0.030229746070133016 0.11574074074074073
0 0.4975816203143894 0.4694444444444444 0.032648125755743655 0.11851851851851851
0 0.2636033857315599 0.9291666666666667 0.05078597339782346 0.14166666666666666
0 0.7424425634824667 0.0736111111111111 0.03385731559854897 0.12129629629629629
0 0.30864570737605806 0.5069444444444444 0.046553808948004836 0.19722222222222222
0 0.7723700120918985 0.08703703703703704 0.02478839177750907 0.11296296296296296
0 0.5737605804111247 0.06157407407407408 0.027811366384522373 0.08796296296296297
0 0.9900241837968563 0.04305555555555555 0.01753325272067715 0.08425925925925926
0 0.9516324062877873 0.04629629629629629 0.036275695284159616 0.09074074074074073
0 0.9785368802902057 0.05046296296296295 0.035671100362756954 0.09907407407407406
0 0.9023579201934704 0.03657407407407407 0.034461910519951636 0.07129629629629629
0 0.9247279322853688 0.04907407407407407 0.039298669891172915 0.0962962962962963
0 0.9244256348246677 0.025 0.03385731559854897 0.04814814814814815
0 0.907496977025393 0.053240740740740734 0.03990326481257558 0.10462962962962963
0 0.983373639661427 0.2875 0.032043530834341 0.12314814814814815
0 0.9041717049576784 0.3013888888888889 0.0441354292623942 0.13425925925925924
0 0.7775090689238211 0.06944444444444443 0.027811366384522373 0.11296296296296296
0 0.7530229746070134 0.02824074074074074 0.03688029020556228 0.054629629629629625
0 0.7013301088270859 0.045370370370370366 0.03385731559854897 0.08888888888888888
0 0.7799274486094318 0.02222222222222222 0.030229746070133016 0.04259259259259259
0 0.5474607013301088 0.07685185185185185 0.04050785973397824 0.12407407407407406
0 0.6789600967351874 0.08009259259259259 0.02902055622732769 0.12129629629629629
0 0.7170495767835552 0.021296296296296296 0.032648125755743655 0.04074074074074074
0 0.5785973397823458 0.01435185185185185 0.03143893591293833 0.02685185185185185
0 0.1333131801692866 0.031018518518518515 0.034461910519951636 0.06018518518518518
0 0.10157194679564692 0.03518518518518518 0.03748488512696494 0.0685185185185185
0 0.7466747279322854 0.023611111111111107 0.030229746070133016 0.045370370370370366
0 0.6837968561064088 0.03703703703703703 0.032648125755743655 0.07222222222222222
0 0.6544740024183797 0.03333333333333333 0.032043530834341 0.06481481481481481
0 0.5399032648125756 0.04259259259259259 0.026602176541717055 0.08333333333333333
0 0.5139056831922613 0.0412037037037037 0.0350665054413543 0.08055555555555555
0 0.3397823458282951 0.0287037037037037 0.030229746070133016 0.05555555555555555
0 0.30320435308343413 0.016203703703703703 0.027206771463119714 0.030555555555555555
0 0.9755139056831923 0.03888888888888888 0.029625151148730353 0.07592592592592592
0 0.7366989117291416 0.05277777777777777 0.029625151148730353 0.10370370370370369
