0 0.5568319226118502 0.8856481481481481 0.04353083434099154 0.1824074074074074
0 0.5532043530834342 0.9296296296296297 0.04232164449818622 0.14259259259259258
0 0.3926844014510279 0.5666666666666667 0.03688029020556228 0.13518518518518519
0 0.38845223700120923 0.6032407407407407 0.041717049576783564 0.15462962962962962
0 0.7212817412333736 0.7013888888888888 0.047158403869407506 0.1824074074074074
0 0.7164449818621524 0.7291666666666666 0.05199516324062878 0.18425925925925926
0 0.6837968561064088 0.7611111111111111 0.04594921402660218 0.17407407407407408
0 0.3373639661426844 0.3097222222222222 0.036275695284159616 0.1398148148148148
0 0.2850665054413543 0.33055555555555555 0.032043530834341 0.14074074074074075
0 0.36547762998790817 0.3152777777777777 0.039298669891172915 0.14537037037037034
0 0.3932889963724305 0.29537037037037034 0.03688029020556228 0.14074074074074075
0 0.3022974607013302 0.34074074074074073 0.04474002418379686 0.14629629629629629
0 0.6366384522370012 0.9638888888888888 0.05199516324062878 0.07407407407407408
0 0.6735187424425635 0.9541666666666667 0.04232164449818622 0.09351851851851851
0 0.6248488512696495 0.950462962962963 0.041717049576783564 0.10092592592592592
0 0.7500000000000001 0.054629629629629625 0.028415961305925032 0.09814814814814814
0 0.813180169286578 0.8412037037037036 0.04353083434099154 0.17129629629629628
0 0.893591293833132 0.8787037037037037 0.05441354292623943 0.17407407407407408
0 0.8216444981862153 0.7731481481481481 0.036275695284159616 0.12407407407407406
0 0.8473397823458284 0.7657407407407407 0.039298669891172915 0.13333333333333333
0 0.922914147521161 0.29861111111111105 0.0441354292623942 0.15462962962962962
0 0.95677146311971 0.2708333333333333 0.04050785973397824 0.12129629629629629
0 0.1765417170495768 0.3263888888888889 0.03748488512696494 0.12870370370370368
0 0.039903264812575584 0.39351851851851843 0.047158403869407506 0.14814814814814817
0 0.24123337363966146 0.3310185185185185 0.03990326481257558 0.14537037037037034
0 0.5976420798065297 0.4675925925925926 0.039298669891172915 0.1722222222222222
0 0.24365175332527209 0.2708333333333333 0.032648125755743655 0.14351851851851852
0 0.23548972188633618 0.36944444444444446 0.04050785973397824 0.14259259259259258
0 0.6330108827085853 0.3435185185185185 0.04232164449818622 0.137037037037037
0 0.6632406287787184 0.32361111111111107 0.047158403869407506 0.1398148148148148
0 0.7019347037484885 0.28657407407407404 0.04594921402660218 0.13425925925925924
0 0.7935308343409916 0.3138888888888889 0.039298669891172915 0.13518518518518519
0 0.7802297460701332 0.33009259259259255 0.041717049576783564 0.14537037037037034
0 0.7850665054413543 0.46759259259259256 0.0441354292623942 0.14074074074074075
0 0.9764207980652962 0.5148148148148148 0.03990326481257558 0.14629629629629629
0 0.9570737605804113 0.5351851851851851 0.041112454655380895 0.14259259259259258
0 0.9428657799274487 0.6569444444444446 0.04292623941958888 0.16203703703703703
0 0.9105199516324064 0.6754629629629628 0.047158403869407506 0.1787037037037037
0 0.8062273276904476 0.7046296296296296 0.041717049576783564 0.11851851851851851
0 0.8370616686819831 0.6791666666666666 0.04292623941958888 0.15462962962962962
0 0.8576178960096735 0.6800925925925926 0.03325272067714632 0.1175925925925926
0 0.8029020556227329 0.7263888888888889 0.05925030229746071 0.14907407407407408
0 0.9474002418379686 0.7759259259259258 0.05804111245465538 0.16296296296296295
0 0.9392382103990328 0.875 0.04776299879081017 0.17592592592592593
0 0.6248488512696495 0.6296296296296297 0.04534461910519952 0.15925925925925927
0 0.650241837968561 0.6555555555555554 0.0441354292623942 0.16296296296296295
0 0.8802902055622733 0.5208333333333334 0.032648125755743655 0.13425925925925924
0 0.8663845223700122 0.5222222222222223 0.03990326481257558 0.14259259259259258
0 0.5813180169286579 0.7310185185185184 0.053808948004836765 0.17129629629629628
0 0.5477629987908103 0.7157407407407406 0.04594921402660218 0.16296296296296295
0 0.7312575574365177 0.6379629629629628 0.03688029020556228 0.13148148148148148
0 0.7750906892382106 0.6537037037037037 0.04474002418379686 0.12222222222222222
0 0.8047158403869409 0.6453703703703703 0.04353083434099154 0.17037037037037037
0 0.8440145102781137 0.3888888888888888 0.03385731559854897 0.13518518518518519
0 0.8615477629987909 0.3712962962962963 0.03385731559854897 0.11851851851851851
0 0.801088270858525 0.9763888888888889 0.041112454655380895 0.047222222222222214
0 0.06952841596130593 0.6212962962962963 0.04474002418379686 0.1574074074074074
0 0.1073155985489722 0.600925925925926 0.041717049576783564 0.14814814814814817
0 0.14691656590084645 0.774074074074074 0.04353083434099154 0.18148148148148147
0 0.09703748488512698 0.7722222222222223 0.048972188633615486 0.1685185185185185
0 0.2962515114873035 0.6699074074074074 0.04957678355501814 0.16018518518518518
0 0.34945586457073763 0.6421296296296296 0.04232164449818622 0.16574074074074074
0 0.37273276904474006 0.6634259259259259 0.03688029020556228 0.1324074074074074
0 0.5326481257557437 0.9351851851851851 0.03748488512696494 0.11296296296296296
0 0.06650544135429264 0.4824074074074074 0.05199516324062878 0.14074074074074075
0 0.4709794437726724 0.9087962962962962 0.05078597339782346 0.17129629629629628
0 0.8146916565900847 0.45370370370370366 0.048972188633615486 0.14074074074074075
0 0.20677146311970981 0.3324074074074074 0.03990326481257558 0.14814814814814817
0 0.012696493349455865 0.40277777777777773 0.024183796856106412 0.13148148148148148
0 0.07043530834340991 0.42962962962962964 0.050181378476420804 0.1685185185185185
0 0.2376058041112455 0.6032407407407407 0.03869407496977026 0.15648148148148147
0 0.23518742442563487 0.5712962962962963 0.03385731559854897 0.14814814814814817
0 0.19195888754534463 0.6032407407407407 0.041717049576783564 0.1398148148148148
0 0.2055622732769045 0.5476851851851852 0.04232164449818622 0.14351851851851852
0 0.16777509068923824 0.5699074074074074 0.039298669891172915 0.15092592592592594
0 0.3252720677146312 0.599537037037037 0.03869407496977026 0.15462962962962962
0 0.3866384522370013 0.2574074074074074 0.034461910519951636 0.12962962962962962
0 0.40931076178960096 0.2597222222222222 0.02902055622732769 0.1324074074074074
0 0.35036275695284164 0.5856481481481481 0.034461910519951636 0.12870370370370368
0 0.7152357920193472 0.962962962962963 0.04474002418379686 0.07592592592592592
0 0.6801692865779928 0.9805555555555555 0.03748488512696494 0.04074074074074074
0 0.42261185006045954 0.48101851851851846 0.030229746070133016 0.11574074074074073
0 0.7131197097944378 0.39212962962962966 0.0441354292623942 0.12129629629629629
0 0.7569528415961306 0.399074074074074 0.03990326481257558 0.137037037037037
0 0.26934703748488514 0.3962962962962963 0.03688029020556228 0.14259259259259258
0 0.24909310761789602 0.41157407407407404 0.0350665054413543 0.14351851851851852
0 0.7793228536880291 0.5717592592592593 0.03143893591293833 0.12870370370370368
0 0.26844014510278114 0.9814814814814814 0.03748488512696494 0.03888888888888888
0 0.46644498186215244 0.9851851851851852 0.034461910519951636 0.03148148148148148
0 0.4794437726723096 0.6893518518518518 0.03869407496977026 0.14907407407407408
0 0.47974607013301096 0.700462962962963 0.039298669891172915 0.1675925925925926
0 0.21674727932285373 0.7532407407407408 0.053808948004836765 0.17314814814814813
0 0.17714631197097946 0.7300925925925926 0.04232164449818622 0.17685185185185184
0 0.20737605804111248 0.7148148148148148 0.041112454655380895 0.1648148148148148
0 0.40235792019347044 0.9273148148148148 0.050181378476420804 0.1472222222222222
0 0.32164449818621527 0.9638888888888888 0.05078597339782346 0.07407407407407408
0 0.5332527206771464 0.5972222222222222 0.047158403869407506 0.1574074074074074
0 0.32224909310761796 0.7944444444444444 0.04957678355501814 0.16296296296296295
0 0.45344619105199524 0.49027777777777776 0.05804111245465538 0.1324074074074074
0 0.7218863361547763 0.5935185185185184 0.04474002418379686 0.14814814814814817
0 0.7037484885126964 0.6138888888888888 0.03990326481257558 0.12037037037037036
0 0.5532043530834342 0.6277777777777778 0.03748488512696494 0.1611111111111111
0 0.8736396614268441 0.33981481481481474 0.032648125755743655 0.15185185185185185
0 0.8639661426844015 0.3069444444444444 0.03748488512696494 0.13796296296296295
0 0.8409915356711004 0.3148148148148148 0.0350665054413543 0.14259259259259258
0 0.3748488512696494 0.9462962962962963 0.06045949214026603 0.10925925925925925
0 0.35126964933494564 0.4976851851851851 0.03748488512696494 0.1324074074074074
0 0.19981862152357924 0.47777777777777775 0.046553808948004836 0.13518518518518519
0 0.23669891172914148 0.4759259259259259 0.032043530834341 0.13333333333333333
0 0.28627569528415964 0.4712962962962963 0.0380894800483676 0.15555555555555553
0 0.25755743651753327 0.762962962962963 0.04232164449818622 0.18518518518518517
0 0.4776299879081016 0.44907407407407407 0.027811366384522373 0.13518518518518519
0 0.05290205562273277 0.17407407407407408 0.03688029020556228 0.13148148148148148
0 0.35640870616686826 0.7314814814814814 0.041717049576783564 0.15925925925925927
0 0.3814993954050787 0.787037037037037 0.05078597339782346 0.15925925925925927
0 0.3872430471584039 0.7546296296296297 0.039298669891172915 0.1685185185185185
0 0.32980652962515117 0.7421296296296297 0.041717049576783564 0.17685185185185184
0 0.1995163240628779 0.20462962962962963 0.03748488512696494 0.14259259259259258
0 0.7131197097944378 0.1884259259259259 0.034461910519951636 0.13425925925925924
0 0.023881499395405077 0.788425925925926 0.046553808948004836 0.16203703703703703
0 0.011789600967351875 0.7509259259259259 0.02237001209189843 0.14629629629629629
0 0.8449214026602178 0.3157407407407407 0.034461910519951636 0.13148148148148148
0 0.2209794437726723 0.4768518518518518 0.029625151148730353 0.13518518518518519
0 0.4588875453446192 0.7560185185185184 0.03990326481257558 0.15462962962962962
0 0.6792623941958889 0.7180555555555554 0.046553808948004836 0.15092592592592594
0 0.19316807738814995 0.4513888888888889 0.034461910519951636 0.1324074074074074
0 0.3899637243047159 0.4597222222222222 0.03385731559854897 0.10462962962962963
0 0.46614268440145107 0.5606481481481481 0.036275695284159616 0.1398148148148148
0 0.4546553808948005 0.5152777777777777 0.03869407496977026 0.10462962962962963
0 0.409310761789601 0.42407407407407405 0.047158403869407506 0.15925925925925927
0 0.2125151148730351 0.8768518518518518 0.05139056831922612 0.16666666666666666
0 0.4673518742442564 0.42453703703703705 0.032648125755743655 0.1398148148148148
0 0.5003022974607014 0.41527777777777775 0.034461910519951636 0.14907407407407408
0 0.4676541717049577 0.6402777777777777 0.0380894800483676 0.15092592592592594
0 0.4020556227327691 0.6398148148148147 0.032648125755743655 0.14629629629629629
0 0.36275695284159615 0.5662037037037037 0.03748488512696494 0.14907407407407408
0 0.35731559854897227 0.5444444444444444 0.03748488512696494 0.14629629629629629
0 0.44316807738815 0.437037037037037 0.027811366384522373 0.12407407407407406
0 0.4894195888754535 0.4703703703703704 0.039298669891172915 0.12407407407407406
0 0.2720677146311971 0.936111111111111 0.047158403869407506 0.12962962962962962
0 0.7342805320435309 0.08194444444444443 0.039298669891172915 0.1175925925925926
0 0.12152357920193474 0.9648148148148148 0.05441354292623943 0.07222222222222222
0 0.7633010882708585 0.09305555555555554 0.02478839177750907 0.11018518518518518
0 0.5610640870616687 0.9703703703703703 0.041112454655380895 0.06111111111111111
0 0.5925030229746071 0.6018518518518517 0.0350665054413543 0.10925925925925925
0 0.5731559854897219 0.5657407407407408 0.03990326481257558 0.14629629629629629
0 0.9292623941958889 0.06712962962962962 0.03869407496977026 0.11388888888888889
0 0.9328899637243048 0.04166666666666666 0.03990326481257558 0.08148148148148147
0 0.9489117291414753 0.09259259259259259 0.028415961305925032 0.09814814814814814
0 0.9891172914147524 0.2268518518518518 0.02176541717049577 0.12407407407407406
0 0.9845828295042324 0.2912037037037037 0.02599758162031439 0.10092592592592592
0 0.9056831922611851 0.2546296296296296 0.03869407496977026 0.14814814814814817
0 0.8896614268440146 0.275 0.03688029020556228 0.13518518518518519
0 0.9873035066505442 0.3125 0.024183796856106412 0.14166666666666666
0 0.9087061668681984 0.38240740740740736 0.04474002418379686 0.14629629629629629
0 0.9431680773881501 0.34907407407407404 0.04957678355501814 0.1537037037037037
0 0.9785368802902057 0.3638888888888889 0.035671100362756954 0.14259259259259258
0 0.8778718258766628 0.46249999999999997 0.04232164449818622 0.14907407407407408
0 0.8863361547762999 0.4782407407407407 0.04474002418379686 0.15092592592592594
0 0.7983675937122129 0.38333333333333336 0.0380894800483676 0.14814814814814817
0 0.8406892382103991 0.48379629629629634 0.04292623941958888 0.15092592592592594
0 0.8821039903264812 0.7041666666666667 0.048367593712212824 0.16018518518518518
0 0.6980048367593712 0.04259259259259259 0.034461910519951636 0.08333333333333333
0 0.6847037484885128 0.05185185185185184 0.029625151148730353 0.10185185185185185
0 0.6986094316807739 0.05416666666666666 0.032043530834341 0.10648148148148147
0 0.6741233373639661 0.03796296296296296 0.0350665054413543 0.07407407407407408
0 0.5970374848851271 0.06666666666666667 0.03688029020556228 0.13148148148148148
0 0.5652962515114873 0.04259259259259259 0.030229746070133016 0.08333333333333333
0 0.6408706166868199 0.05648148148148147 0.0350665054413543 0.1111111111111111
0 0.6327085852478839 0.07777777777777777 0.039298669891172915 0.11851851851851851
0 0.5931076178960097 0.08194444444444443 0.032648125755743655 0.11574074074074073
0 0.6451027811366385 0.15 0.03748488512696494 0.12962962962962962
0 0.5934099153567111 0.12777777777777777 0.03688029020556228 0.137037037037037
0 0.5788996372430473 0.14675925925925926 0.030834340991535675 0.12129629629629629
0 0.6230350665054415 0.1625 0.027206771463119714 0.08796296296296297
0 0.6033857315598549 0.16666666666666666 0.03143893591293833 0.12407407407407406
0 0.5547158403869409 0.09027777777777776 0.03688029020556228 0.1175925925925926
0 0.5262998790810158 0.09212962962962963 0.029625151148730353 0.10833333333333334
0 0.5253929866989118 0.03518518518518518 0.03748488512696494 0.0685185185185185
0 0.5114873035066506 0.03611111111111111 0.027811366384522373 0.07037037037037037
0 0.7642079806529627 0.07129629629629627 0.027811366384522373 0.10370370370370369
0 0.6795646916565901 0.18425925925925926 0.0350665054413543 0.13148148148148148
0 0.6517533252720676 0.2587962962962963 0.03990326481257558 0.12314814814814815
0 0.6590084643288997 0.2847222222222222 0.03748488512696494 0.14351851851851852
0 0.7164449818621524 0.2532407407407407 0.03748488512696494 0.14351851851851852
0 0.44437726723095533 0.05694444444444444 0.030229746070133016 0.10648148148148147
0 0.4824667472793229 0.09907407407407408 0.030229746070133016 0.12962962962962962
0 0.43591293833131806 0.04212962962962962 0.0350665054413543 0.0824074074074074
0 0.4005441354292625 0.03425925925925925 0.034461910519951636 0.06666666666666667
0 0.41898428053204356 0.0537037037037037 0.030229746070133016 0.10555555555555556
0 0.33675937122128174 0.06481481481481481 0.04232164449818622 0.12777777777777777
0 0.4211003627569529 0.11435185185185184 0.034461910519951636 0.12685185185185185
0 0.45042321644498184 0.12962962962962962 0.036275695284159616 0.12407407407407406
0 0.6402660217654172 0.4699074074074074 0.04957678355501814 0.15462962962962962
0 0.7530229746070134 0.3430555555555556 0.039298669891172915 0.1398148148148148
0 0.2968561064087062 0.4351851851851851 0.04957678355501814 0.14814814814814817
0 0.19014510278113667 0.4310185185185185 0.050181378476420804 0.13425925925925924
0 0.048065296251511486 0.04907407407407407 0.039298669891172915 0.0962962962962963
0 0.07799274486094318 0.03981481481481481 0.03385731559854897 0.07777777777777777
0 0.15145102781136638 0.06018518518518519 0.035671100362756954 0.11666666666666667
0 0.20314389359129384 0.04629629629629629 0.0350665054413543 0.09074074074074073
0 0.22732769044740028 0.05092592592592592 0.030229746070133016 0.1
0 0.2605804111245466 0.05555555555555555 0.032648125755743655 0.10925925925925925
0 0.2762998790810158 0.0611111111111111 0.0350665054413543 0.12037037037037036
0 0.18440145102781139 0.04814814814814814 0.03990326481257558 0.09444444444444443
0 0.12182587666263604 0.03611111111111111 0.030834340991535675 0.07037037037037037
0 0.17714631197097946 0.08472222222222221 0.032648125755743655 0.12314814814814815
0 0.3228536880290206 0.09027777777777776 0.032648125755743655 0.12314814814814815
0 0.37152357920193474 0.0875 0.039298669891172915 0.125
0 0.4277509068923822 0.0787037037037037 0.041717049576783564 0.1259259259259259
0 0.35610640870616694 0.24444444444444446 0.03748488512696494 0.14074074074074075
0 0.18470374848851273 0.14074074074074075 0.032043530834341 0.13333333333333333
0 0.20677146311970984 0.1439814814814815 0.03143893591293833 0.13425925925925924
0 0.31983071342200725 0.18194444444444444 0.03385731559854897 0.13796296296296295
0 0.2920193470374849 0.17314814814814816 0.03990326481257558 0.13518518518518519
0 0.3908706166868199 0.18703703703703703 0.034461910519951636 0.1259259259259259
0 0.3527811366384523 0.20787037037037034 0.039298669891172915 0.125
0 0.3957073760580412 0.225 0.039298669891172915 0.14814814814814817
0 0.4552599758162032 0.29907407407407405 0.03748488512696494 0.13518518518518519
0 0.4673518742442564 0.33055555555555555 0.03869407496977026 0.1537037037037037
0 0.4271463119709795 0.3263888888888889 0.03688029020556228 0.14907407407407408
0 0.20858524788391783 0.2981481481481481 0.02902055622732769 0.13148148148148148
0 0.17684401451027812 0.27685185185185185 0.0380894800483676 0.14259259259259258
0 0.12091898428053206 0.24444444444444444 0.03748488512696494 0.12962962962962962
0 0.10671100362756955 0.2175925925925926 0.039298669891172915 0.12962962962962962
0 0.14328899637243048 0.19722222222222222 0.03143893591293833 0.13518518518518519
0 0.9594921402660219 0.3263888888888889 0.03748488512696494 0.14537037037037034
0 0.6605199516324064 0.12638888888888888 0.046553808948004836 0.14351851851851852
0 0.9824667472793229 0.030555555555555555 0.032648125755743655 0.059259259259259255
0 0.575876662636034 0.06805555555555555 0.03688029020556228 0.12129629629629629
0 0.6142684401451028 0.04953703703703703 0.03385731559854897 0.09722222222222222
0 0.6097339782345829 0.04166666666666666 0.0380894800483676 0.08148148148148147
0 0.47974607013301096 0.030092592592592594 0.028415961305925032 0.058333333333333334
0 0.219770253929867 0.04166666666666666 0.027206771463119714 0.08148148148148147
0 0.7303506650544136 0.06157407407407407 0.027811366384522373 0.11018518518518518
