0 0.7614873035066506 0.9606481481481481 0.0441354292623942 0.07685185185185185
0 0.7182587666263603 0.9768518518518517 0.03869407496977026 0.046296296296296294
0 0.9062877871825877 0.8518518518518517 0.05925030229746071 0.14259259259259258
0 0.2037484885126965 0.7935185185185184 0.05199516324062878 0.17592592592592593
0 0.18228536880290208 0.8152777777777778 0.05139056831922612 0.16018518518518518
0 0.6293833131801693 0.6430555555555556 0.048367593712212824 0.16018518518518518
0 0.34280532043530837 0.5666666666666667 0.03990326481257558 0.15185185185185185
0 0.31287787182587673 0.5712962962962962 0.046553808948004836 0.14629629629629629
0 0.11185006045949215 0.425462962962963 0.03990326481257558 0.1398148148148148
0 0.06862152357920194 0.5439814814814814 0.05139056831922612 0.16574074074074074
0 0.12787182587666265 0.5476851851851852 0.046553808948004836 0.17129629629629628
0 0.6336154776299879 0.3476851851851851 0.036275695284159616 0.15648148148148147
0 0.6151753325272068 0.36296296296296293 0.04292623941958888 0.1574074074074074
0 0.6535671100362757 0.3884259259259259 0.03869407496977026 0.15462962962962962
0 0.7373035066505442 0.6865740740740739 0.04292623941958888 0.15462962962962962
0 0.7469770253929867 0.7199074074074073 0.05139056831922612 0.14907407407407408
0 0.3533857315598549 0.2837962962962963 0.04050785973397824 0.1324074074074074
0 0.31590084643289 0.30277777777777776 0.034461910519951636 0.13518518518518519
0 0.42986698911729143 0.275 0.03748488512696494 0.13518518518518519
0 0.4301692865779928 0.2972222222222222 0.041717049576783564 0.14074074074074075
0 0.45193470374848854 0.6092592592592593 0.041717049576783564 0.1574074074074074
0 0.5033252720677147 0.55 0.039298669891172915 0.15185185185185185
0 0.505441354292624 0.5787037037037037 0.04353083434099154 0.14629629629629629
0 0.4280532043530835 0.6402777777777777 0.03748488512696494 0.16574074074074074
0 0.3252720677146312 0.3171296296296296 0.04353083434099154 0.13796296296296295
0 0.6469165659008466 0.7953703703703703 0.04594921402660218 0.17037037037037037
0 0.7285368802902056 0.7995370370370369 0.047158403869407506 0.15462962962962962
0 0.7309552599758163 0.7624999999999998 0.041112454655380895 0.15648148148148147
0 0.9758162031438937 0.8523148148148147 0.04594921402660218 0.1824074074074074
0 0.5976420798065297 0.9486111111111111 0.05259975816203145 0.10092592592592592
0 0.9195888754534464 0.6467592592592593 0.04957678355501814 0.16018518518518518
0 0.8784764207980653 0.599537037037037 0.05199516324062878 0.14907407407407408
0 0.9395405078597341 0.5962962962962963 0.047158403869407506 0.1574074074074074
0 0.8739419588875454 0.7537037037037037 0.05259975816203145 0.17407407407407408
0 0.9159613059250303 0.7504629629629629 0.04594921402660218 0.16574074074074074
0 0.7633010882708585 0.05185185185185184 0.029625151148730353 0.10185185185185185
0 0.827690447400242 0.7486111111111111 0.05078597339782346 0.16574074074074074
0 0.8041112454655382 0.7074074074074074 0.04594921402660218 0.17592592592592593
0 0.8425030229746071 0.4 0.03688029020556228 0.15185185185185185
0 0.8824062877871827 0.42592592592592593 0.046553808948004836 0.15185185185185185
0 0.89087061668682 0.3768518518518518 0.027206771463119714 0.10370370370370369
0 0.912031438935913 0.37361111111111106 0.029625151148730353 0.11018518518518518
0 0.6868198307134221 0.9092592592592592 0.06166868198307135 0.18333333333333332
0 0.8065296251511488 0.8449074074074073 0.06650544135429264 0.16203703703703703
0 0.7778113663845225 0.8962962962962961 0.05501813784764208 0.1574074074074074
0 0.1831922611850061 0.05509259259259259 0.03385731559854897 0.10833333333333334
0 0.12273276904474004 0.15 0.041112454655380895 0.1537037037037037
0 0.2708585247883918 0.08657407407407407 0.03748488512696494 0.11944444444444444
0 0.4643288996372431 0.04305555555555555 0.0350665054413543 0.08425925925925926
0 0.4885126964933495 0.03796296296296296 0.032648125755743655 0.07407407407407408
0 0.4201934703748489 0.06666666666666667 0.030229746070133016 0.1074074074074074
0 0.44558645707376066 0.12870370370370368 0.0350665054413543 0.13518518518518519
0 0.48609431680773885 0.0861111111111111 0.03748488512696494 0.1259259259259259
0 0.5241837968561064 0.05509259259259259 0.0350665054413543 0.10833333333333334
0 0.5211608222490932 0.07824074074074075 0.032648125755743655 0.12685185185185185
0 0.5423216444981863 0.0875 0.03748488512696494 0.12685185185185185
0 0.5955259975816204 0.056018518518518516 0.036275695284159616 0.10833333333333334
0 0.628174123337364 0.05509259259259259 0.041112454655380895 0.10833333333333334
0 0.6677750906892382 0.08101851851851852 0.039298669891172915 0.12314814814814815
0 0.6892382103990327 0.06481481481481481 0.030229746070133016 0.10925925925925925
0 0.7128174123337364 0.05833333333333333 0.0350665054413543 0.1148148148148148
0 0.7430471584038694 0.14907407407407405 0.03869407496977026 0.1259259259259259
0 0.7896009673518742 0.1634259259259259 0.032648125755743655 0.11203703703703702
0 0.813180169286578 0.14907407407407408 0.03385731559854897 0.12407407407407406
0 0.9652357920193472 0.09212962962962963 0.032043530834341 0.12129629629629629
0 0.9241233373639663 0.13148148148148148 0.032043530834341 0.1259259259259259
0 0.9625151148730351 0.14351851851851852 0.03990326481257558 0.14074074074074075
0 0.9558645707376059 0.21527777777777776 0.04232164449818622 0.14351851851851852
0 0.905683192261185 0.20925925925925926 0.03990326481257558 0.15185185185185185
0 0.8288996372430473 0.2037037037037037 0.030229746070133016 0.0962962962962963
0 0.8530834340991538 0.19907407407407404 0.036275695284159616 0.12407407407407406
0 0.8709189842805322 0.2125 0.029625151148730353 0.10462962962962963
0 0.9903264812575576 0.12407407407407407 0.01934703748488513 0.13333333333333333
0 0.9096130592503024 0.2847222222222222 0.046553808948004836 0.13796296296296295
0 0.9425634824667474 0.312037037037037 0.04232164449818622 0.1574074074074074
0 0.9552599758162031 0.28981481481481475 0.03990326481257558 0.137037037037037
0 0.9764207980652964 0.2833333333333333 0.03748488512696494 0.15185185185185185
0 0.9809552599758163 0.325 0.035671100362756954 0.14444444444444443
0 0.9782345828295044 0.36157407407407405 0.03748488512696494 0.1398148148148148
0 0.9498186215235792 0.36944444444444446 0.047158403869407506 0.14259259259259258
0 0.9347037484885128 0.4217592592592593 0.04232164449818622 0.1472222222222222
0 0.6045949214026604 0.1796296296296296 0.03990326481257558 0.12962962962962962
0 0.6299879081015719 0.1837962962962963 0.03869407496977026 0.14537037037037034
0 0.6623337363966144 0.20138888888888887 0.027206771463119714 0.11574074074074073
0 0.6457073760580412 0.199537037037037 0.0350665054413543 0.12314814814814815
0 0.6124546553808948 0.2486111111111111 0.036275695284159616 0.14166666666666666
0 0.5819226118500606 0.24583333333333332 0.03688029020556228 0.13796296296296295
0 0.6487303506650544 0.24537037037037035 0.02902055622732769 0.1074074074074074
0 0.6765417170495768 0.2597222222222222 0.030229746070133016 0.10462962962962963
0 0.7019347037484885 0.2527777777777777 0.048367593712212824 0.12777777777777777
0 0.778415961305925 0.3125 0.039298669891172915 0.1324074074074074
0 0.8116686819830713 0.3157407407407407 0.034461910519951636 0.12407407407407406
0 0.8025997581620316 0.4199074074074074 0.046553808948004836 0.14537037037037034
0 0.25755743651753327 0.2208333333333333 0.03869407496977026 0.1324074074074074
0 0.30320435308343413 0.22083333333333333 0.034461910519951636 0.12685185185185185
0 0.3270858524788392 0.2597222222222222 0.03748488512696494 0.14907407407407408
0 0.28748488512696496 0.26157407407407407 0.04050785973397824 0.13055555555555556
0 0.18530834340991534 0.31157407407407406 0.039298669891172915 0.14537037037037034
0 0.20737605804111248 0.3375 0.03990326481257558 0.14907407407407408
0 0.2303506650544136 0.3606481481481481 0.027811366384522373 0.09537037037037037
0 0.5075574365175333 0.5208333333333334 0.0441354292623942 0.15833333333333333
0 0.15779927448609432 0.1875 0.03748488512696494 0.12314814814814815
0 0.08373639661426845 0.18518518518518517 0.04534461910519952 0.1148148148148148
0 0.015114873035066504 0.3300925925925926 0.02902055622732769 0.14351851851851852
0 0.03657799274486095 0.34259259259259256 0.04534461910519952 0.14074074074074075
0 0.14782345828295043 0.4189814814814815 0.0441354292623942 0.15092592592592594
0 0.1396614268440145 0.6726851851851852 0.055622732769044746 0.16574074074074074
0 0.15900846432889965 0.6421296296296296 0.03990326481257558 0.16574074074074074
0 0.19528415961305928 0.6416666666666667 0.03748488512696494 0.15185185185185185
0 0.3077388149939541 0.8967592592592591 0.047158403869407506 0.14907407407407408
0 0.3119709794437727 0.8578703703703704 0.05925030229746071 0.16018518518518518
0 0.31680773881499397 0.8268518518518518 0.03869407496977026 0.13333333333333333
0 0.128174123337364 0.7814814814814814 0.032648125755743655 0.11851851851851851
0 0.6432889963724305 0.14907407407407408 0.03748488512696494 0.1148148148148148
0 0.10157194679564692 0.7824074074074073 0.056831922611850064 0.17407407407407408
0 0.7466747279322854 0.12685185185185185 0.0350665054413543 0.12962962962962962
0 0.44377267230955264 0.06712962962962962 0.036275695284159616 0.12129629629629629
0 0.41444981862152364 0.12962962962962962 0.041717049576783564 0.12222222222222222
0 0.6263603385731561 0.1287037037037037 0.03990326481257558 0.1574074074074074
0 0.24123337363966146 0.5902777777777778 0.04474002418379686 0.16018518518518518
0 0.24334945586457074 0.5648148148148148 0.03688029020556228 0.14629629629629629
0 0.14117291414752117 0.6199074074074074 0.0441354292623942 0.15462962962962962
0 0.1974002418379686 0.5888888888888888 0.041717049576783564 0.14629629629629629
0 0.20646916565900847 0.5398148148148147 0.039298669891172915 0.14814814814814817
0 0.17382103990326486 0.562037037037037 0.0441354292623942 0.15185185185185185
0 0.5625755743651754 0.5652777777777778 0.039298669891172915 0.16018518518518518
0 0.3954050785973398 0.23981481481481481 0.032648125755743655 0.12962962962962962
0 0.41898428053204356 0.24444444444444444 0.032648125755743655 0.12962962962962962
0 0.5967351874244257 0.5449074074074074 0.03748488512696494 0.14537037037037034
0 0.7091898428053205 0.8504629629629629 0.04353083434099154 0.15462962962962962
0 0.8948004836759372 0.6689814814814814 0.04594921402660218 0.14907407407407408
0 0.6834945586457074 0.8087962962962962 0.039298669891172915 0.13796296296296295
0 0.4081015719467957 0.4402777777777777 0.027811366384522373 0.11203703703703702
0 0.727932285368803 0.3819444444444444 0.03990326481257558 0.11574074074074073
0 0.7702539298669892 0.38518518518518513 0.04232164449818622 0.13518518518518519
0 0.28295042321644504 0.3819444444444444 0.04474002418379686 0.13796296296296295
0 0.2587666263603386 0.3939814814814815 0.0350665054413543 0.13796296296296295
0 0.5559250302297462 0.5069444444444444 0.032043530834341 0.12685185185185185
0 0.25665054413542926 0.9763888888888889 0.039298669891172915 0.04907407407407407
0 0.47339782345828296 0.9787037037037037 0.03990326481257558 0.04444444444444444
0 0.49062877871825883 0.6787037037037037 0.034461910519951636 0.14814814814814817
0 0.49093107617896015 0.6842592592592592 0.04232164449818622 0.1685185185185185
0 0.20737605804111248 0.7444444444444444 0.048367593712212824 0.17777777777777776
0 0.18651753325272066 0.7166666666666667 0.041717049576783564 0.17407407407407408
0 0.21523579201934706 0.6944444444444444 0.04474002418379686 0.1574074074074074
0 0.5275090689238211 0.8226851851851851 0.0441354292623942 0.18055555555555552
0 0.44770253929866993 0.8736111111111111 0.04534461910519952 0.16018518518518518
0 0.5368802902055623 0.587962962962963 0.03990326481257558 0.15925925925925927
0 0.5758766626360339 0.8060185185185185 0.05622732769044741 0.1675925925925926
0 0.3279927448609432 0.7712962962962963 0.05139056831922612 0.16666666666666666
0 0.4643288996372431 0.48611111111111105 0.05804111245465538 0.14814814814814817
0 0.5532043530834342 0.5199074074074074 0.03990326481257558 0.1324074074074074
0 0.537484885126965 0.5185185185185185 0.030229746070133016 0.1074074074074074
0 0.564993954050786 0.6226851851851851 0.04292623941958888 0.15462962962962962
0 0.883615477629988 0.3152777777777777 0.032043530834341 0.1324074074074074
0 0.8727327690447402 0.2856481481481481 0.032043530834341 0.12685185185185185
0 0.8446191051995164 0.2921296296296296 0.03385731559854897 0.12314814814814815
0 0.5015114873035067 0.8666666666666666 0.04776299879081017 0.18888888888888886
0 0.3639661426844015 0.4888888888888889 0.03748488512696494 0.12962962962962962
0 0.22007255139056833 0.4675925925925926 0.03748488512696494 0.15185185185185185
0 0.24274486094316808 0.49351851851851847 0.04050785973397824 0.15185185185185185
0 0.30441354292623946 0.4037037037037037 0.041717049576783564 0.14814814814814817
0 0.3455259975816204 0.4287037037037037 0.041717049576783564 0.15185185185185185
0 0.4824667472793229 0.4305555555555555 0.03143893591293833 0.12037037037037036
0 0.061366384522370025 0.16157407407407404 0.039298669891172915 0.12685185185185185
0 0.3730350665054414 0.7194444444444444 0.03748488512696494 0.1574074074074074
0 0.39752116082224914 0.773611111111111 0.053808948004836765 0.16574074074074074
0 0.4141475211608223 0.7421296296296295 0.04232164449818622 0.17129629629629628
0 0.3666868198307135 0.7398148148148148 0.039298669891172915 0.17407407407407408
0 0.19437726723095528 0.1796296296296296 0.032043530834341 0.13888888888888887
0 0.7218863361547763 0.17314814814814813 0.03385731559854897 0.13148148148148148
0 0.10640870616686822 0.324537037037037 0.03990326481257558 0.15462962962962962
0 0.006952841596130593 0.24675925925925923 0.012696493349455865 0.1324074074074074
0 0.01995163240628779 0.2597222222222222 0.03869407496977026 0.1398148148148148
0 0.007557436517533254 0.9055555555555556 0.013905683192261186 0.18518518518518517
0 0.005139056831922612 0.21342592592592594 0.009068923821039904 0.12685185185185185
0 0.07164449818621524 0.32361111111111107 0.041717049576783564 0.14351851851851852
0 0.8494558645707377 0.30879629629629624 0.03748488512696494 0.13796296296296295
0 0.23518742442563487 0.4523148148148148 0.03748488512696494 0.14351851851851852
0 0.5217654171704958 0.7282407407407407 0.04957678355501814 0.14351851851851852
0 0.08252720677146314 0.9069444444444444 0.05985489721886337 0.17685185185185184
0 0.15205562273276904 0.8962962962962961 0.046553808948004836 0.1648148148148148
0 0.6831922611850061 0.6999999999999998 0.05199516324062878 0.14814814814814817
0 0.20465538089480048 0.4472222222222222 0.03688029020556228 0.14074074074074075
0 0.24093107617896015 0.46435185185185185 0.046553808948004836 0.14166666666666666
0 0.47249093107617907 0.5472222222222222 0.03688029020556228 0.137037037037037
0 0.4603990326481258 0.5166666666666667 0.048972188633615486 0.13518518518518519
0 0.41807738814993956 0.4041666666666667 0.041717049576783564 0.14351851851851852
0 0.3071342200725514 0.4412037037037037 0.03385731559854897 0.14351851851851852
0 0.29594921402660224 0.6861111111111111 0.050181378476420804 0.15185185185185185
0 0.47339782345828296 0.41759259259259257 0.032648125755743655 0.14629629629629629
0 0.49274486094316816 0.39259259259259255 0.0350665054413543 0.14074074074074075
0 0.5123941958887547 0.6365740740740741 0.03688029020556228 0.15648148148148147
0 0.3938935912938332 0.6310185185185184 0.034461910519951636 0.15462962962962962
0 0.3669891172914148 0.5439814814814814 0.04474002418379686 0.13425925925925924
0 0.3657799274486095 0.5175925925925926 0.03748488512696494 0.13518518518518519
0 0.04443772672309553 0.32037037037037036 0.03688029020556228 0.12777777777777777
0 0.4474002418379686 0.4504629629629629 0.030229746070133016 0.11574074074074073
0 0.49969770253929874 0.46481481481481474 0.032043530834341 0.11851851851851851
0 0.2648125755743652 0.9291666666666667 0.04957678355501814 0.14166666666666666
0 0.7442563482466747 0.06898148148148149 0.0350665054413543 0.12129629629629629
0 0.314993954050786 0.47453703703703703 0.047158403869407506 0.16388888888888886
0 0.7741837968561065 0.08425925925925926 0.02478839177750907 0.11296296296296296
0 0.5000000000000001 0.035648148148148144 0.027811366384522373 0.06574074074074074
0 0.9437726723095525 0.027777777777777776 0.030229746070133016 0.0537037037037037
0 0.975211608222491 0.02638888888888889 0.027811366384522373 0.05092592592592592
0 0.986094316807739 0.24259259259259255 0.026602176541717055 0.12407407407407406
0 0.8920798065296253 0.24259259259259258 0.0441354292623942 0.13518518518518519
0 0.7778113663845225 0.06481481481481481 0.027206771463119714 0.11296296296296296
0 0.7445586457073762 0.02546296296296296 0.027206771463119714 0.04907407407407407
0 0.5550181378476422 0.049999999999999996 0.03748488512696494 0.09814814814814814
0 0.6804715840386941 0.04583333333333332 0.029625151148730353 0.0898148148148148
0 0.10519951632406288 0.016203703703703703 0.027811366384522373 0.030555555555555555
0 0.07708585247883919 0.020833333333333332 0.029625151148730353 0.03981481481481482
0 0.5782950423216446 0.02685185185185185 0.027206771463119714 0.05185185185185184
0 0.9740024183796856 0.021296296296296296 0.02539298669891173 0.04074074074074074
0 0.7391172914147522 0.05138888888888889 0.029625151148730353 0.10092592592592592
