0 0.475211608222491 0.06574074074074074 0.03990326481257558 0.11296296296296296
0 0.45707376058041116 0.057870370370370364 0.030229746070133016 0.11388888888888889
0 0.6148730350665055 0.10324074074074074 0.03385731559854897 0.1398148148148148
0 0.43621523579201943 0.043981481481481476 0.034461910519951636 0.0861111111111111
0 0.5003022974607014 0.03425925925925925 0.032043530834341 0.06666666666666667
0 0.9340991535671102 0.11296296296296295 0.04232164449818622 0.13148148148148148
0 0.9452841596130592 0.08148148148148149 0.048972188633615486 0.13333333333333333
0 0.9117291414752117 0.10092592592592592 0.03990326481257558 0.12777777777777777
0 0.9758162031438937 0.07268518518518517 0.032648125755743655 0.11574074074074073
0 0.9389359129383315 0.05185185185185184 0.03748488512696494 0.10185185185185185
0 0.7082829504232165 0.0412037037037037 0.032043530834341 0.08055555555555555
0 0.2968561064087062 0.0412037037037037 0.03385731559854897 0.08055555555555555
0 0.657496977025393 0.024537037037037034 0.03325272067714632 0.047222222222222214
0 0.6789600967351874 0.06388888888888888 0.02902055622732769 0.11851851851851851
0 0.6345223700120919 0.04351851851851851 0.029625151148730353 0.08518518518518518
0 0.6970979443772672 0.05509259259259259 0.027811366384522373 0.09351851851851851
0 0.6357315598548973 0.047685185185185185 0.03325272067714632 0.09166666666666666
0 0.41444981862152364 0.4444444444444445 0.034461910519951636 0.10925925925925925
0 0.6045949214026604 0.04629629629629629 0.04232164449818622 0.09074074074074073
0 0.6242442563482468 0.04768518518518518 0.027206771463119714 0.0898148148148148
0 0.654776299879081 0.058796296296296284 0.03143893591293833 0.11574074074074073
0 0.6348246674727933 0.13888888888888887 0.032648125755743655 0.14074074074074075
0 0.653869407496977 0.12268518518518517 0.034461910519951636 0.1324074074074074
0 0.6460096735187425 0.1462962962962963 0.039298669891172915 0.14074074074074075
0 0.5864570737605804 0.07453703703703703 0.04232164449818622 0.1472222222222222
0 0.5695284159613059 0.22268518518518518 0.03869407496977026 0.14537037037037034
0 0.6215235792019348 0.2861111111111111 0.04594921402660218 0.15
0 0.6372430471584039 0.18009259259259258 0.0350665054413543 0.12314814814814815
0 0.6212212817412335 0.21342592592592588 0.041717049576783564 0.14907407407407408
0 0.6581015719467956 0.20833333333333334 0.0441354292623942 0.1611111111111111
0 0.6674727932285369 0.24444444444444446 0.03990326481257558 0.14074074074074075
0 0.7524183796856108 0.18333333333333332 0.035671100362756954 0.13148148148148148
0 0.7418379685610641 0.16527777777777777 0.030229746070133016 0.12685185185185185
0 0.682285368802902 0.32592592592592595 0.039298669891172915 0.14814814814814817
0 0.6541717049576783 0.26620370370370366 0.03990326481257558 0.12870370370370368
0 0.7460701330108827 0.22592592592592592 0.0350665054413543 0.12962962962962962
0 0.7762998790810158 0.21990740740740738 0.04232164449818622 0.13796296296296295
0 0.8192261185006047 0.2138888888888889 0.036275695284159616 0.14814814814814817
0 0.8582224909310762 0.16527777777777777 0.039298669891172915 0.15092592592592594
0 0.923821039903265 0.18333333333333332 0.032648125755743655 0.14814814814814817
0 0.9480048367593712 0.1560185185185185 0.0350665054413543 0.1324074074074074
0 0.980652962515115 0.13935185185185184 0.03748488512696494 0.1175925925925926
0 0.9740024183796856 0.26435185185185184 0.0350665054413543 0.15092592592592594
0 0.9516324062877872 0.2796296296296296 0.04232164449818622 0.14814814814814817
0 0.8651753325272069 0.40972222222222215 0.04957678355501814 0.14351851851851852
0 0.9053808948004837 0.40648148148148144 0.0441354292623942 0.137037037037037
0 0.7992744860943168 0.324537037037037 0.03990326481257558 0.13425925925925924
0 0.8313180169286579 0.29537037037037034 0.03385731559854897 0.14629629629629629
0 0.8772672309552599 0.29398148148148145 0.03990326481257558 0.1398148148148148
0 0.35610640870616694 0.16157407407407404 0.04474002418379686 0.13796296296296295
0 0.3742442563482467 0.19722222222222222 0.04353083434099154 0.137037037037037
0 0.7977629987908103 0.42361111111111105 0.039298669891172915 0.15462962962962962
0 0.758162031438936 0.41712962962962963 0.047158403869407506 0.1675925925925926
0 0.7125151148730352 0.23749999999999996 0.032043530834341 0.11574074074074073
0 0.7085852478839179 0.2814814814814815 0.03990326481257558 0.12407407407407406
0 0.720677146311971 0.4587962962962963 0.04232164449818622 0.16018518518518518
0 0.18137847642079807 0.22916666666666666 0.0350665054413543 0.13796296296296295
0 0.013603385731559855 0.2037037037037037 0.02599758162031439 0.14629629629629629
0 0.015719467956469165 0.17731481481481481 0.030229746070133016 0.12685185185185185
0 0.19709794437726724 0.3574074074074074 0.047158403869407506 0.1574074074074074
0 0.16051995163240632 0.35462962962962963 0.0441354292623942 0.15555555555555553
0 0.1302902055622733 0.4037037037037037 0.04776299879081017 0.1574074074074074
0 0.11336154776299881 0.3805555555555555 0.035671100362756954 0.15185185185185185
0 0.33766626360338575 0.34768518518518515 0.032043530834341 0.13425925925925924
0 0.29927448609431684 0.34305555555555556 0.041112454655380895 0.13425925925925924
0 0.30169286577992743 0.3634259259259259 0.05078597339782346 0.14537037037037034
0 0.6877267230955261 0.30925925925925923 0.0441354292623942 0.137037037037037
0 0.74546553808948 0.27731481481481474 0.04474002418379686 0.16203703703703703
0 0.720677146311971 0.30046296296296293 0.0350665054413543 0.12129629629629629
0 0.7587666263603386 0.4606481481481481 0.0350665054413543 0.14907407407407408
0 0.7911124546553809 0.48611111111111105 0.03688029020556228 0.15185185185185185
0 0.6771463119709794 0.549537037037037 0.0350665054413543 0.14907407407407408
0 0.7548367593712213 0.4981481481481481 0.048972188633615486 0.1574074074074074
0 0.7122128174123339 0.5041666666666667 0.041112454655380895 0.15092592592592594
0 0.7503022974607014 0.6143518518518519 0.05199516324062878 0.16203703703703703
0 0.7717654171704958 0.31481481481481477 0.041717049576783564 0.15185185185185185
0 0.03476420798065297 0.962037037037037 0.053808948004836765 0.07777777777777777
0 0.12363966142684403 0.9222222222222222 0.048972188633615486 0.1574074074074074
0 0.015114873035066504 0.9041666666666667 0.02902055622732769 0.175
0 0.04474002418379686 0.9291666666666667 0.05078597339782346 0.14351851851851852
0 0.28839177750906897 0.8166666666666667 0.047158403869407506 0.1611111111111111
0 0.32043530834340994 0.7203703703703702 0.041112454655380895 0.17037037037037037
0 0.8545949214026604 0.28518518518518515 0.03688029020556228 0.1574074074074074
0 0.56590084643289 0.9189814814814814 0.04594921402660218 0.16388888888888886
0 0.5819226118500606 0.8421296296296296 0.03688029020556228 0.13796296296296295
0 0.6898428053204354 0.6416666666666667 0.047158403869407506 0.15925925925925927
0 0.6562877871825876 0.6842592592592591 0.053808948004836765 0.1574074074074074
0 0.9313784764207981 0.2601851851851852 0.034461910519951636 0.15185185185185185
0 0.7067714631197098 0.3736111111111111 0.04232164449818622 0.15462962962962962
0 0.8004836759371222 0.28935185185185186 0.047158403869407506 0.16018518518518518
0 0.8742442563482468 0.1986111111111111 0.04353083434099154 0.14907407407407408
0 0.5813180169286579 0.4763888888888888 0.032043530834341 0.12685185185185185
0 0.68863361547763 0.2847222222222222 0.03990326481257558 0.14351851851851852
0 0.9564691656590085 0.24351851851851852 0.03990326481257558 0.14259259259259258
0 0.970677146311971 0.3055555555555555 0.039298669891172915 0.1537037037037037
0 0.7291414752116082 0.20092592592592592 0.030229746070133016 0.15185185185185185
0 0.7243047158403869 0.30462962962962964 0.0350665054413543 0.08703703703703704
0 0.9525392986698913 0.17083333333333334 0.03688029020556228 0.11574074074074073
0 0.2772067714631198 0.9467592592592592 0.0441354292623942 0.10833333333333334
0 0.44467956469165665 0.9324074074074072 0.048972188633615486 0.12962962962962962
0 0.9579806529625152 0.9421296296296297 0.04292623941958888 0.1175925925925926
0 0.49244256348246684 0.6453703703703704 0.034461910519951636 0.15925925925925927
0 0.5087666263603386 0.662037037037037 0.039298669891172915 0.1648148148148148
0 0.24032648125755748 0.6967592592592592 0.048972188633615486 0.17129629629629628
0 0.20495767835550183 0.6773148148148148 0.04474002418379686 0.17129629629629628
0 0.2345828295042322 0.6675925925925925 0.04232164449818622 0.16296296296296295
0 0.5120918984280532 0.7930555555555555 0.047158403869407506 0.18055555555555552
0 0.46674727932285376 0.8333333333333333 0.04474002418379686 0.16296296296296295
0 0.6448004836759372 0.8055555555555555 0.039298669891172915 0.1574074074074074
0 0.6720072551390568 0.7486111111111111 0.048972188633615486 0.1675925925925926
0 0.6209189842805322 0.7680555555555555 0.04232164449818622 0.15648148148148147
0 0.6789600967351874 0.8041666666666666 0.04474002418379686 0.15648148148148147
0 0.7067714631197098 0.7805555555555554 0.04232164449818622 0.16296296296296295
0 0.5864570737605804 0.5722222222222222 0.03990326481257558 0.14629629629629629
0 0.6218258766626361 0.5893518518518518 0.041717049576783564 0.15648148148148147
0 0.3579201934703749 0.7555555555555556 0.04474002418379686 0.1685185185185185
0 0.4685610640870617 0.4444444444444444 0.04474002418379686 0.137037037037037
0 0.5048367593712213 0.4949074074074074 0.036275695284159616 0.13796296296296295
0 0.5269044740024185 0.47777777777777775 0.030834340991535675 0.137037037037037
0 0.6952841596130592 0.21296296296296294 0.032648125755743655 0.12407407407407406
0 0.6862152357920195 0.8310185185185185 0.05441354292623943 0.17129629629629628
0 0.5819226118500606 0.8791666666666667 0.048972188633615486 0.1824074074074074
0 0.5934099153567111 0.4944444444444444 0.0441354292623942 0.1537037037037037
0 0.6085247883917776 0.4884259259259259 0.027206771463119714 0.11574074074074073
0 0.6118500604594922 0.5657407407407408 0.03990326481257558 0.1574074074074074
0 0.6844014510278115 0.8731481481481481 0.06650544135429264 0.1796296296296296
0 0.6372430471584039 0.912037037037037 0.048367593712212824 0.15925925925925927
0 0.9071946795646918 0.275 0.04050785973397824 0.13518518518518519
0 0.8923821039903266 0.25787037037037036 0.032648125755743655 0.14907407407407408
0 0.8694074969770255 0.26064814814814813 0.030229746070133016 0.1398148148148148
0 0.6366384522370012 0.9328703703703703 0.047158403869407506 0.1361111111111111
0 0.6215235792019348 0.9481481481481481 0.03748488512696494 0.10555555555555556
0 0.5266021765417171 0.8310185185185186 0.04594921402660218 0.19537037037037036
0 0.4806529625151149 0.4263888888888889 0.0350665054413543 0.1324074074074074
0 0.23155985489721886 0.4481481481481481 0.04474002418379686 0.1574074074074074
0 0.26874244256348245 0.45648148148148143 0.034461910519951636 0.15185185185185185
0 0.4824667472793229 0.5856481481481481 0.03990326481257558 0.15648148148148147
0 0.4670495767835551 0.563425925925926 0.034461910519951636 0.15648148148148147
0 0.2859733978234583 0.5597222222222221 0.04353083434099154 0.16018518518518518
0 0.6871221281741234 0.1796296296296296 0.034461910519951636 0.11851851851851851
0 0.3984280532043531 0.3384259259259259 0.03869407496977026 0.14907407407407408
0 0.5114873035066506 0.39120370370370366 0.027811366384522373 0.12685185185185185
0 0.6209189842805322 0.8421296296296297 0.047158403869407506 0.17685185185185184
0 0.20616686819830715 0.9532407407407407 0.04353083434099154 0.09537037037037037
0 0.14903264812575576 0.9708333333333333 0.046553808948004836 0.06018518518518518
0 0.04262394195888755 0.35231481481481475 0.034461910519951636 0.14907407407407408
0 0.6330108827085853 0.4069444444444444 0.032648125755743655 0.11574074074074073
0 0.6070133010882709 0.4162037037037037 0.03869407496977026 0.1675925925925926
0 0.05501813784764208 0.7375 0.05199516324062878 0.175
0 0.012091898428053204 0.7351851851851852 0.02297460701330109 0.1574074074074074
0 0.3600362756952841 0.9643518518518518 0.057436517533252726 0.07314814814814814
0 0.4114268440145103 0.9638888888888888 0.05259975816203145 0.07407407407407408
0 0.43107617896009676 0.6319444444444444 0.04474002418379686 0.16944444444444443
0 0.4588875453446192 0.6509259259259259 0.04474002418379686 0.15925925925925927
0 0.39691656590084645 0.6134259259259259 0.0441354292623942 0.16944444444444443
0 0.38391777509068925 0.639351851851852 0.04594921402660218 0.1787037037037037
0 0.2448609431680774 0.14537037037037034 0.04232164449818622 0.137037037037037
0 0.22853688029020558 0.7717592592592593 0.055622732769044746 0.1675925925925926
0 0.2608827085852479 0.7851851851851852 0.046553808948004836 0.18703703703703703
0 0.28355501813784767 0.7199074074074073 0.047158403869407506 0.15648148148148147
0 0.776602176541717 0.5939814814814814 0.053808948004836765 0.16944444444444443
0 0.7436517533252721 0.13240740740740742 0.032648125755743655 0.12407407407407406
0 0.8231559854897219 0.4569444444444445 0.039298669891172915 0.15092592592592594
0 0.7025392986698913 0.5796296296296296 0.041112454655380895 0.1648148148148148
0 0.6175937122128174 0.6722222222222222 0.046553808948004836 0.17037037037037037
0 0.8488512696493351 0.4759259259259259 0.032648125755743655 0.09814814814814814
0 0.6989117291414753 0.549074074074074 0.03869407496977026 0.14629629629629629
0 0.8938935912938333 0.774537037037037 0.046553808948004836 0.16944444444444443
0 0.7923216444981862 0.5375 0.0441354292623942 0.15462962962962962
0 0.8585247883917776 0.5652777777777778 0.04957678355501814 0.15648148148148147
0 0.8086457073760582 0.3384259259259259 0.03688029020556228 0.13796296296296295
0 0.9776299879081016 0.4208333333333333 0.03869407496977026 0.16574074074074074
0 0.759975816203144 0.3722222222222222 0.05078597339782346 0.1574074074074074
0 0.15054413542926243 0.6648148148148147 0.05320435308343411 0.1685185185185185
0 0.7847642079806532 0.2675925925925926 0.036275695284159616 0.14814814814814817
0 0.7137243047158405 0.1648148148148148 0.034461910519951636 0.13148148148148148
0 0.3576178960096736 0.0736111111111111 0.03688029020556228 0.13425925925925924
0 0.12998790810157196 0.586574074074074 0.041112454655380895 0.17685185185185184
0 0.8400846432889965 0.36111111111111105 0.04050785973397824 0.14814814814814817
0 0.9637243047158405 0.3856481481481481 0.03385731559854897 0.14907407407407408
0 0.9359129383313182 0.4004629629629629 0.041112454655380895 0.15277777777777776
0 0.8742442563482469 0.3574074074074074 0.04594921402660218 0.14814814814814817
0 0.3307134220072552 0.09768518518518518 0.026602176541717055 0.1324074074074074
0 0.31378476420798074 0.06481481481481481 0.030229746070133016 0.11666666666666667
0 0.02085852478839178 0.8578703703703703 0.04050785973397824 0.18796296296296294
0 0.30652962515114873 0.08842592592592592 0.0350665054413543 0.1324074074074074
0 0.8146916565900847 0.3777777777777778 0.046553808948004836 0.16296296296296295
0 0.0861547762998791 0.6699074074074074 0.05864570737605805 0.17129629629629628
0 0.7373035066505442 0.23240740740740737 0.03688029020556228 0.14074074074074075
0 0.8694074969770255 0.26759259259259255 0.032648125755743655 0.14074074074074075
0 0.9661426844014512 0.7569444444444444 0.05441354292623943 0.17314814814814813
0 0.23700120918984283 0.4430555555555556 0.0350665054413543 0.1398148148148148
0 0.5840386940749698 0.6481481481481481 0.047158403869407506 0.14629629629629629
0 0.564087061668682 0.6189814814814815 0.03385731559854897 0.16018518518518518
0 0.6051995163240629 0.6236111111111112 0.03748488512696494 0.16203703703703703
0 0.7515114873035067 0.686574074074074 0.05199516324062878 0.15092592592592594
0 0.23155985489721886 0.42546296296296293 0.04957678355501814 0.12870370370370368
0 0.27448609431680776 0.4259259259259259 0.03748488512696494 0.14629629629629629
0 0.5441354292623942 0.45601851851851843 0.030229746070133016 0.1398148148148148
0 0.5380894800483677 0.4421296296296296 0.03869407496977026 0.12870370370370368
0 0.4969770253929867 0.4782407407407407 0.032648125755743655 0.13796296296296295
0 0.408403869407497 0.3787037037037037 0.03688029020556228 0.13518518518518519
0 0.41172914147521167 0.33194444444444443 0.03748488512696494 0.13425925925925924
0 0.4334945586457074 0.3532407407407407 0.03869407496977026 0.1324074074074074
0 0.4809552599758163 0.3574074074074074 0.032043530834341 0.13518518518518519
0 0.5226723095525998 0.3722222222222223 0.035671100362756954 0.15185185185185185
0 0.44800483675937125 0.5203703703703704 0.03869407496977026 0.1574074074074074
0 0.3899637243047159 0.561574074074074 0.03748488512696494 0.13796296296296295
0 0.3827085852478839 0.5074074074074074 0.047158403869407506 0.12962962962962962
0 0.38542926239419595 0.48009259259259257 0.039298669891172915 0.13425925925925924
0 0.11547762998790813 0.6518518518518518 0.0350665054413543 0.14259259259259258
0 0.31831922611850066 0.1111111111111111 0.039298669891172915 0.12037037037037036
0 0.3255743651753326 0.32314814814814813 0.034461910519951636 0.1574074074074074
0 0.4727932285368804 0.39583333333333326 0.027811366384522373 0.09907407407407406
0 0.49062877871825883 0.4134259259259259 0.02478839177750907 0.11574074074074073
0 0.27116082224909316 0.9185185185185184 0.048972188633615486 0.16296296296296295
0 0.6723095525997583 0.42453703703703705 0.04474002418379686 0.1824074074074074
0 0.7542321644498187 0.045370370370370366 0.034461910519951636 0.08888888888888888
0 0.7850665054413545 0.04629629629629629 0.032043530834341 0.09074074074074073
0 0.7859733978234584 0.04675925925925926 0.027811366384522373 0.09166666666666666
0 0.002720677146311971 0.8157407407407408 0.004232164449818622 0.17037037037037037
0 0.003929866989117292 0.14953703703703702 0.006650544135429264 0.1324074074074074
0 0.7533252720677147 0.03333333333333333 0.032648125755743655 0.06481481481481481
