0 0.02116082224909311 0.9842592592592592 0.02902055622732769 0.03333333333333333
0 0.041414752116082226 0.961111111111111 0.062273276904474005 0.07777777777777777
0 0.35066505441354295 0.9148148148148147 0.05199516324062878 0.14259259259259258
0 0.3730350665054414 0.8833333333333333 0.055622732769044746 0.1574074074074074
0 0.16444981862152358 0.8597222222222222 0.056831922611850064 0.1675925925925926
0 0.19407496977025396 0.8152777777777777 0.04957678355501814 0.16203703703703703
0 0.1251511487303507 0.8291666666666667 0.04594921402660218 0.16018518518518518
0 0.41444981862152364 0.673611111111111 0.034461910519951636 0.14351851851851852
0 0.09975816203143895 0.48287037037037034 0.04474002418379686 0.15462962962962962
0 0.25453446191052 0.27777777777777773 0.04353083434099154 0.13333333333333333
0 0.03748488512696494 0.21296296296296297 0.04232164449818622 0.14074074074074075
0 0.008162031438935914 0.2796296296296296 0.015114873035066508 0.13518518518518519
0 0.01844014510278114 0.20601851851851852 0.034461910519951636 0.1324074074074074
0 0.025997581620314396 0.10416666666666667 0.03869407496977026 0.12129629629629629
0 0.053808948004836765 0.10462962962962963 0.0350665054413543 0.14259259259259258
0 0.03476420798065297 0.07037037037037036 0.032043530834341 0.12407407407407406
0 0.20012091898428055 0.06157407407407407 0.03143893591293833 0.11574074074074073
0 0.14993954050785976 0.10092592592592592 0.03385731559854897 0.12962962962962962
0 0.19619105199516326 0.1324074074074074 0.03688029020556228 0.1259259259259259
0 0.1955864570737606 0.15740740740740738 0.039298669891172915 0.13518518518518519
0 0.26964933494558646 0.16481481481481483 0.0350665054413543 0.15185185185185185
0 0.20858524788391777 0.35138888888888886 0.04353083434099154 0.14537037037037034
0 0.17503022974607016 0.3486111111111111 0.0441354292623942 0.1324074074074074
0 0.38814993954050786 0.07268518518518517 0.02902055622732769 0.13796296296296295
0 0.3476420798065296 0.18564814814814815 0.03385731559854897 0.12685185185185185
0 0.3530834340991536 0.21574074074074073 0.03990326481257558 0.13518518518518519
0 0.41958887545344625 0.17638888888888887 0.030229746070133016 0.1324074074074074
0 0.3938935912938331 0.16805555555555554 0.04534461910519952 0.12685185185185185
0 0.4483071342200726 0.07175925925925926 0.039298669891172915 0.1398148148148148
0 0.47339782345828296 0.07037037037037037 0.03143893591293833 0.1259259259259259
0 0.5731559854897219 0.3013888888888889 0.041112454655380895 0.13796296296296295
0 0.6172914147521161 0.2916666666666667 0.04474002418379686 0.13518518518518519
0 0.5247883917775091 0.16527777777777777 0.032648125755743655 0.13796296296296295
0 0.5643893591293834 0.18981481481481483 0.032043530834341 0.12962962962962962
0 0.5477629987908101 0.1611111111111111 0.03385731559854897 0.12407407407407406
0 0.5350665054413544 0.12037037037037036 0.032648125755743655 0.12962962962962962
0 0.6463119709794439 0.07083333333333333 0.03748488512696494 0.1324074074074074
0 0.6704957678355503 0.0736111111111111 0.02902055622732769 0.11944444444444444
0 0.6874244256348248 0.0685185185185185 0.0350665054413543 0.12407407407407406
0 0.7170495767835552 0.07592592592592592 0.032648125755743655 0.14074074074074075
0 0.5918984280532044 0.18009259259259258 0.03869407496977026 0.12314814814814815
0 0.7950423216444983 0.6518518518518518 0.04594921402660218 0.17407407407407408
0 0.6889359129383313 0.4347222222222222 0.039298669891172915 0.15462962962962962
0 0.756348246674728 0.4078703703703704 0.03385731559854897 0.13425925925925924
0 0.7049576783555019 0.37407407407407406 0.03748488512696494 0.12962962962962962
0 0.8159008464328901 0.31759259259259254 0.032043530834341 0.1259259259259259
0 0.7814389359129384 0.31805555555555554 0.041717049576783564 0.13425925925925924
0 0.6952841596130592 0.33379629629629626 0.04232164449818622 0.13796296296296295
0 0.7986698911729142 0.26712962962962966 0.03869407496977026 0.14351851851851852
0 0.7696493349455865 0.23703703703703702 0.041112454655380895 0.11851851851851851
0 0.8071342200725515 0.2287037037037037 0.03869407496977026 0.13518518518518519
0 0.7273276904474003 0.21898148148148147 0.03748488512696494 0.1324074074074074
0 0.690447400241838 0.22083333333333333 0.03869407496977026 0.1398148148148148
0 0.8530834340991538 0.16203703703703703 0.041112454655380895 0.13518518518518519
0 0.7663240628778719 0.04027777777777777 0.032043530834341 0.0787037037037037
0 0.7669286577992745 0.20138888888888887 0.032043530834341 0.12870370370370368
0 0.8010882708585249 0.18055555555555552 0.03385731559854897 0.12962962962962962
0 0.9286577992744862 0.11018518518518518 0.032648125755743655 0.1148148148148148
0 0.975211608222491 0.13194444444444445 0.03990326481257558 0.1324074074074074
0 0.9301692865779928 0.08425925925925926 0.029625151148730353 0.08518518518518518
0 0.9637243047158405 0.10138888888888889 0.030229746070133016 0.10648148148148147
0 0.9322853688029021 0.27731481481481474 0.03748488512696494 0.1398148148148148
0 0.915659008464329 0.3638888888888889 0.039298669891172915 0.1574074074074074
0 0.9522370012091899 0.25277777777777777 0.03990326481257558 0.13518518518518519
0 0.9842805320435309 0.32037037037037036 0.03143893591293833 0.1537037037037037
0 0.9056831922611851 0.4324074074074074 0.047158403869407506 0.13888888888888887
0 0.9416565900846434 0.44907407407407407 0.03688029020556228 0.14074074074074075
0 0.9957678355501814 0.075 0.007255139056831923 0.07592592592592592
0 0.6756348246674728 0.021296296296296296 0.03688029020556228 0.04074074074074074
0 0.6055018137847642 0.04305555555555555 0.034461910519951636 0.08425925925925926
0 0.6330108827085852 0.04351851851851851 0.030229746070133016 0.08518518518518518
0 0.9347037484885128 0.04768518518518518 0.036275695284159616 0.09351851851851851
0 0.5934099153567111 0.029629629629629627 0.027206771463119714 0.0574074074074074
0 0.6048972188633616 0.029166666666666667 0.02237001209189843 0.05648148148148148
0 0.7016324062877872 0.06203703703703703 0.032043530834341 0.1148148148148148
0 0.14087061668681983 0.06064814814814814 0.030229746070133016 0.10648148148148147
0 0.16414752116082226 0.05509259259259259 0.032043530834341 0.10648148148148147
0 0.3228536880290206 0.01898148148148148 0.02902055622732769 0.03611111111111111
0 0.3597339782345829 0.01851851851851852 0.030229746070133016 0.03518518518518519
0 0.16444981862152358 0.04259259259259259 0.032648125755743655 0.08333333333333333
0 0.16777509068923824 0.0287037037037037 0.027206771463119714 0.05555555555555555
0 0.2448609431680774 0.013425925925925926 0.01934703748488513 0.025
0 0.20374848851269653 0.137037037037037 0.030229746070133016 0.09814814814814814
0 0.16686819830713426 0.15185185185185185 0.024183796856106412 0.08148148148148147
0 0.1726118500604595 0.6296296296296295 0.03688029020556228 0.1537037037037037
0 0.2209794437726723 0.611574074074074 0.029625151148730353 0.14907407407407408
0 0.16051995163240632 0.5837962962962961 0.041717049576783564 0.13796296296296295
0 0.20495767835550183 0.5893518518518518 0.03990326481257558 0.15462962962962962
0 0.19195888754534463 0.5319444444444444 0.041717049576783564 0.15092592592592594
0 0.15810157194679567 0.524074074074074 0.03688029020556228 0.12962962962962962
0 0.6825876662636035 0.9342592592592591 0.048367593712212824 0.13333333333333333
0 0.5767835550181379 0.36296296296296293 0.04232164449818622 0.14074074074074075
0 0.40296251511487313 0.22916666666666666 0.032043530834341 0.12314814814814815
0 0.4268440145102782 0.23194444444444443 0.027811366384522373 0.12685185185185185
0 0.5471584038694075 0.3726851851851852 0.036275695284159616 0.14537037037037034
0 0.064087061668682 0.5689814814814814 0.05199516324062878 0.1398148148148148
0 0.2669286577992745 0.7518518518518518 0.039298669891172915 0.12407407407407406
0 0.28355501813784767 0.6777777777777777 0.04957678355501814 0.16296296296296295
0 0.2962515114873035 0.7546296296296295 0.04232164449818622 0.16296296296296295
0 0.24607013301088274 0.7685185185185185 0.05441354292623943 0.17592592592592593
0 0.10792019347037486 0.5657407407407408 0.0441354292623942 0.14074074074074075
0 0.28355501813784767 0.6194444444444444 0.04594921402660218 0.15925925925925927
0 0.002720677146311971 0.4439814814814814 0.004232164449818622 0.1398148148148148
0 0.013905683192261186 0.45601851851851843 0.026602176541717055 0.1398148148148148
0 0.5758766626360339 0.9578703703703704 0.062273276904474005 0.0861111111111111
0 0.8437122128174125 0.9324074074074074 0.046553808948004836 0.137037037037037
0 0.9365175332527208 0.9351851851851851 0.048367593712212824 0.13148148148148148
0 0.8960096735187425 0.9407407407407408 0.05320435308343411 0.12037037037037036
0 0.12908101571946798 0.4907407407407407 0.04292623941958888 0.13518518518518519
0 0.749093107617896 0.462037037037037 0.032648125755743655 0.1259259259259259
0 0.6946795646916567 0.8212962962962962 0.048367593712212824 0.1574074074074074
0 0.9313784764207982 0.7865740740740741 0.06590084643288997 0.14907407407407408
0 0.9718863361547764 0.7092592592592593 0.05259975816203145 0.15925925925925927
0 0.8993349455864572 0.763425925925926 0.05864570737605805 0.16018518518518518
0 0.8784764207980653 0.6097222222222222 0.032648125755743655 0.10462962962962963
0 0.8506650544135431 0.5685185185185184 0.04594921402660218 0.14814814814814817
0 0.9682587666263603 0.7768518518518519 0.0441354292623942 0.17037037037037037
0 0.17261185006045954 0.22175925925925927 0.046553808948004836 0.1398148148148148
0 0.09733978234582831 0.749074074074074 0.05925030229746071 0.18518518518518517
0 0.7781136638452237 0.2907407407407407 0.03990326481257558 0.12407407407407406
0 0.9700725513905684 0.45555555555555555 0.032043530834341 0.12037037037037036
0 0.7218863361547763 0.4300925925925926 0.0350665054413543 0.125
0 0.39933494558645716 0.45 0.029625151148730353 0.08518518518518518
0 0.9703748488512697 0.6546296296296296 0.048367593712212824 0.1648148148148148
0 0.9882103990326483 0.6564814814814814 0.02237001209189843 0.10925925925925925
0 0.9873035066505442 0.5550925925925925 0.024183796856106412 0.15462962962962962
0 0.7164449818621526 0.9560185185185185 0.04594921402660218 0.0898148148148148
0 0.7421402660217654 0.9532407407407407 0.041717049576783564 0.09537037037037037
0 0.8400846432889963 0.8430555555555554 0.0441354292623942 0.16574074074074074
0 0.7403264812575576 0.3662037037037037 0.041717049576783564 0.12685185185185185
0 0.7756952841596131 0.37083333333333335 0.03990326481257558 0.13796296296296295
0 0.977932285368803 0.9222222222222222 0.04292623941958888 0.1574074074074074
0 0.5713422007255139 0.7203703703703702 0.047158403869407506 0.14629629629629629
0 0.2968561064087062 0.3662037037037037 0.04474002418379686 0.13796296296296295
0 0.2759975816203144 0.37083333333333335 0.034461910519951636 0.13425925925925924
0 0.5631801692865781 0.4888888888888889 0.032043530834341 0.12407407407407406
0 0.8059250302297462 0.8412037037037036 0.04353083434099154 0.15462962962962962
0 0.2642079806529625 0.9671296296296297 0.04353083434099154 0.06759259259259259
0 0.43712212817412344 0.9486111111111111 0.05078597339782346 0.10092592592592592
0 0.503627569528416 0.6606481481481481 0.032648125755743655 0.14351851851851852
0 0.49879081015719473 0.6699074074074074 0.03748488512696494 0.16574074074074074
0 0.23035066505441357 0.7319444444444444 0.047158403869407506 0.16574074074074074
0 0.19498186215235797 0.6995370370370371 0.041717049576783564 0.16574074074074074
0 0.2270253929866989 0.6842592592592591 0.039298669891172915 0.1574074074074074
0 0.510882708585248 0.8037037037037036 0.04957678355501814 0.1796296296296296
0 0.4555622732769045 0.8564814814814814 0.046553808948004836 0.16296296296296295
0 0.5795042321644499 0.6101851851851853 0.041717049576783564 0.1537037037037037
0 0.6039903264812577 0.6231481481481481 0.04594921402660218 0.15185185185185185
0 0.35157194679564696 0.7787037037037037 0.05622732769044741 0.15925925925925927
0 0.4697702539298671 0.4703703703703704 0.05320435308343411 0.14074074074074075
0 0.5692261185006047 0.5185185185185185 0.03688029020556228 0.137037037037037
0 0.542019347037485 0.524074074074074 0.029625151148730353 0.1074074074074074
0 0.5973397823458284 0.5842592592592591 0.041112454655380895 0.14629629629629629
0 0.8932889963724306 0.2972222222222222 0.041717049576783564 0.1259259259259259
0 0.8845223700120919 0.27731481481481485 0.0350665054413543 0.13796296296296295
0 0.8551995163240629 0.275 0.034461910519951636 0.12962962962962962
0 0.51360338573156 0.8523148148148147 0.048972188633615486 0.18796296296296294
0 0.3621523579201935 0.45787037037037037 0.04353083434099154 0.12870370370370368
0 0.2294437726723096 0.4638888888888888 0.034461910519951636 0.15185185185185185
0 0.25453446191052 0.47731481481481475 0.03748488512696494 0.14351851851851852
0 0.33252720677146314 0.6129629629629628 0.03869407496977026 0.16666666666666666
0 0.38573155985489727 0.3722222222222223 0.03990326481257558 0.15185185185185185
0 0.5030229746070133 0.42453703703703705 0.03143893591293833 0.14351851851851852
0 0.10126964933494559 0.14351851851851852 0.032043530834341 0.12407407407407406
0 0.3999395405078598 0.7069444444444443 0.032043530834341 0.14537037037037034
0 0.4071946795646917 0.7583333333333333 0.046553808948004836 0.1574074074074074
0 0.43591293833131806 0.7296296296296295 0.03869407496977026 0.1574074074074074
0 0.37545344619105203 0.7222222222222221 0.04232164449818622 0.17037037037037037
0 0.23700120918984283 0.1597222222222222 0.0350665054413543 0.13425925925925924
0 0.7267230955259977 0.15462962962962964 0.047158403869407506 0.13518518518518519
0 0.33494558645707384 0.1361111111111111 0.03990326481257558 0.13518518518518519
0 0.2799274486094317 0.032407407407407406 0.032648125755743655 0.06296296296296296
0 0.2690447400241838 0.04444444444444444 0.026602176541717055 0.08703703703703704
0 0.009975816203143894 0.889351851851852 0.01874244256348247 0.20277777777777778
0 0.2756952841596131 0.13379629629629627 0.03143893591293833 0.12870370370370368
0 0.8603385731559855 0.2884259259259259 0.03990326481257558 0.12870370370370368
0 0.24848851269649336 0.44259259259259254 0.0350665054413543 0.12962962962962962
0 0.5680169286577994 0.6699074074074074 0.0441354292623942 0.15092592592592594
0 0.41565900846432896 0.6134259259259259 0.04050785973397824 0.16018518518518518
0 0.5631801692865781 0.65 0.046553808948004836 0.1537037037037037
0 0.6868198307134221 0.6842592592592592 0.04474002418379686 0.15185185185185185
0 0.20314389359129384 0.43935185185185177 0.032648125755743655 0.14351851851851852
0 0.2560459492140267 0.44537037037037036 0.041717049576783564 0.14074074074074075
0 0.503627569528416 0.5212962962962963 0.0350665054413543 0.137037037037037
0 0.47430471584038697 0.5 0.046553808948004836 0.13518518518518519
0 0.4274486094316808 0.3875 0.0350665054413543 0.14351851851851852
0 0.40266021765417176 0.3532407407407407 0.03990326481257558 0.1361111111111111
0 0.32134220072551395 0.5138888888888888 0.0441354292623942 0.14259259259259258
0 0.4788391777509069 0.39120370370370366 0.03143893591293833 0.1398148148148148
0 0.5139056831922613 0.39166666666666666 0.03748488512696494 0.13518518518518519
0 0.44921402660217663 0.5398148148148147 0.03990326481257558 0.14629629629629629
0 0.39842805320435315 0.5842592592592591 0.0350665054413543 0.14629629629629629
0 0.374546553808948 0.5328703703703703 0.048972188633615486 0.13425925925925924
0 0.37636033857315604 0.5074074074074074 0.039298669891172915 0.13148148148148148
0 0.30199516324062886 0.15925925925925927 0.027206771463119714 0.11851851851851851
0 0.5305320435308344 0.7009259259259258 0.041717049576783564 0.14814814814814817
0 0.4546553808948005 0.4259259259259259 0.030229746070133016 0.09814814814814814
0 0.48065296251511497 0.437037037037037 0.030229746070133016 0.11851851851851851
0 0.2690447400241838 0.9296296296296297 0.048367593712212824 0.14259259259259258
0 0.7496977025392987 0.0574074074074074 0.0350665054413543 0.11296296296296296
0 0.6508464328899637 0.18703703703703703 0.048972188633615486 0.14444444444444443
0 0.7826481257557438 0.06435185185185184 0.027206771463119714 0.11018518518518518
0 0.74546553808948 0.04629629629629629 0.030229746070133016 0.09074074074074073
