0 0.5580411124546555 0.8967592592592593 0.03990326481257558 0.16944444444444443
0 0.5698307134220073 0.9351851851851851 0.04292623941958888 0.13148148148148148
0 0.38935912938331324 0.5597222222222221 0.03748488512696494 0.13425925925925924
0 0.055320435308343414 0.798611111111111 0.06590084643288997 0.16944444444444443
0 0.33041112454655386 0.3518518518518518 0.048972188633615486 0.13518518518518519
0 0.17110036275695287 0.3898148148148148 0.03143893591293833 0.14074074074074075
0 0.2926239419588876 0.5689814814814814 0.03990326481257558 0.16388888888888886
0 0.32769044740024184 0.374537037037037 0.03385731559854897 0.1472222222222222
0 0.1723095525997582 0.4074074074074074 0.04474002418379686 0.14629629629629629
0 0.6321039903264813 0.9625 0.05139056831922612 0.07685185185185185
0 0.671100362756953 0.9495370370370371 0.04232164449818622 0.10277777777777777
0 0.6175937122128176 0.9509259259259258 0.04050785973397824 0.1
0 0.742744860943168 0.057870370370370364 0.029625151148730353 0.09907407407407406
0 0.3663845223700122 0.9287037037037037 0.05078597339782346 0.14259259259259258
0 0.7460701330108828 0.6986111111111111 0.04232164449818622 0.15648148148148147
0 0.7914147521160823 0.6777777777777777 0.05199516324062878 0.16296296296296295
0 0.8222490931076181 0.5935185185185184 0.05078597339782346 0.1574074074074074
0 0.8582224909310763 0.7208333333333333 0.046553808948004836 0.14907407407407408
0 0.8325272067714631 0.7263888888888889 0.04353083434099154 0.15648148148148147
0 0.8155985489721888 0.8638888888888888 0.04594921402660218 0.1574074074074074
0 0.2116082224909311 0.9685185185185184 0.04474002418379686 0.059259259259259255
0 0.1792623941958888 0.9583333333333334 0.050181378476420804 0.08518518518518518
0 0.8406892382103991 0.38009259259259254 0.03688029020556228 0.13425925925925924
0 0.8663845223700122 0.38240740740740736 0.03385731559854897 0.12777777777777777
0 0.29534461910519955 0.6685185185185184 0.04534461910519952 0.15925925925925927
0 0.3539903264812576 0.6291666666666667 0.046553808948004836 0.16018518518518518
0 0.37666263603385736 0.6555555555555554 0.036275695284159616 0.13148148148148148
0 0.56590084643289 0.9486111111111111 0.03869407496977026 0.10277777777777777
0 0.5030229746070134 0.9328703703703703 0.048367593712212824 0.1361111111111111
0 0.8712212817412335 0.8449074074074073 0.056831922611850064 0.16203703703703703
0 0.2336759371221282 0.601388888888889 0.03688029020556228 0.15277777777777776
0 0.2376058041112455 0.5740740740740741 0.03385731559854897 0.14814814814814817
0 0.18712212817412335 0.586574074074074 0.041717049576783564 0.1398148148148148
0 0.1995163240628779 0.549074074074074 0.04353083434099154 0.14444444444444443
0 0.16596130592503025 0.5629629629629629 0.0441354292623942 0.15
0 0.055320435308343414 0.7532407407407408 0.05139056831922612 0.16388888888888886
0 0.379987908101572 0.2458333333333333 0.032043530834341 0.1324074074074074
0 0.40507859733978235 0.25231481481481477 0.03143893591293833 0.1324074074074074
0 0.04353083434099154 0.7143518518518519 0.032648125755743655 0.12870370370370368
0 0.7128174123337364 0.9625 0.04474002418379686 0.075
0 0.6732164449818622 0.9759259259259259 0.039298669891172915 0.05
0 0.4207980652962515 0.4754629629629629 0.02902055622732769 0.11574074074074073
0 0.7119105199516325 0.40324074074074073 0.0380894800483676 0.13055555555555556
0 0.7506045949214027 0.41481481481481475 0.039298669891172915 0.137037037037037
0 0.26723095525997587 0.4 0.0350665054413543 0.14259259259259258
0 0.2466747279322854 0.40648148148148144 0.0350665054413543 0.14074074074074075
0 0.9328899637243048 0.7087962962962963 0.03748488512696494 0.13425925925925924
0 0.30834340991535675 0.9731481481481481 0.041112454655380895 0.05555555555555555
0 0.4564691656590085 0.9842592592592592 0.0350665054413543 0.03333333333333333
0 0.4758162031438936 0.6805555555555555 0.03869407496977026 0.14814814814814817
0 0.47732769044740025 0.6939814814814814 0.04050785973397824 0.17129629629629628
0 0.2128174123337364 0.7527777777777778 0.05441354292623943 0.17407407407407408
0 0.17442563482466747 0.7310185185185184 0.04292623941958888 0.17685185185185184
0 0.2046553808948005 0.7231481481481481 0.0441354292623942 0.16666666666666666
0 0.5229746070133011 0.4976851851851852 0.03869407496977026 0.15462962962962962
0 0.3180169286577993 0.7870370370370369 0.04594921402660218 0.16296296296296295
0 0.44860943168077394 0.49629629629629624 0.06287787182587666 0.12962962962962962
0 0.9171704957678356 0.7444444444444444 0.04353083434099154 0.13888888888888887
0 0.8893591293833132 0.7425925925925926 0.0350665054413543 0.11851851851851851
0 0.574062877871826 0.4930555555555555 0.041717049576783564 0.15462962962962962
0 0.8691051995163241 0.3342592592592592 0.03325272067714632 0.14259259259259258
0 0.8606408706166869 0.312962962962963 0.03688029020556228 0.137037037037037
0 0.8361547762998791 0.3064814814814814 0.032648125755743655 0.13333333333333333
0 0.34945586457073763 0.49629629629629624 0.03748488512696494 0.12777777777777777
0 0.190447400241838 0.48749999999999993 0.03748488512696494 0.1361111111111111
0 0.22883917775090692 0.4847222222222222 0.032043530834341 0.1361111111111111
0 0.2941354292623942 0.5296296296296297 0.0441354292623942 0.14814814814814817
0 0.47339782345828296 0.45370370370370366 0.027811366384522373 0.13518518518518519
0 0.05139056831922612 0.17731481481481481 0.03385731559854897 0.12685185185185185
0 0.3600362756952842 0.7189814814814814 0.0380894800483676 0.15833333333333333
0 0.3787787182587667 0.7513888888888889 0.04534461910519952 0.16944444444444443
0 0.011487303506650545 0.7884259259259259 0.02176541717049577 0.17314814814814813
0 0.20314389359129384 0.20787037037037034 0.03869407496977026 0.1361111111111111
0 0.7103990326481258 0.1949074074074074 0.0350665054413543 0.13796296296296295
0 0.4044740024183798 0.8152777777777778 0.05441354292623943 0.17685185185185184
0 0.4903264812575575 0.8398148148148148 0.05078597339782346 0.16666666666666666
0 0.4806529625151149 0.7949074074074074 0.036275695284159616 0.1398148148148148
0 0.8349455864570738 0.3231481481481481 0.032648125755743655 0.13148148148148148
0 0.220677146311971 0.4847222222222222 0.030229746070133016 0.1361111111111111
0 0.43712212817412344 0.7537037037037037 0.04594921402660218 0.15
0 0.6780532043530835 0.7342592592592593 0.04534461910519952 0.15185185185185185
0 0.19195888754534463 0.4611111111111111 0.03688029020556228 0.13148148148148148
0 0.3860338573155986 0.46018518518518514 0.034461910519951636 0.1111111111111111
0 0.46493349455864574 0.5537037037037037 0.036275695284159616 0.137037037037037
0 0.45102781136638465 0.5138888888888888 0.04353083434099154 0.10555555555555556
0 0.40598548972188636 0.42407407407407405 0.046553808948004836 0.15925925925925927
0 0.46221281741233383 0.42453703703703705 0.03325272067714632 0.14166666666666666
0 0.502720677146312 0.44675925925925924 0.039298669891172915 0.14537037037037034
0 0.20737605804111248 0.8009259259259258 0.055622732769044746 0.16666666666666666
0 0.39842805320435315 0.6481481481481481 0.030229746070133016 0.14629629629629629
0 0.35429262394195893 0.5694444444444444 0.047158403869407506 0.14629629629629629
0 0.35489721886336156 0.5472222222222222 0.036275695284159616 0.14629629629629629
0 0.4359129383313181 0.44537037037037036 0.027811366384522373 0.12407407407407406
0 0.5139056831922612 0.6162037037037037 0.036275695284159616 0.125
0 0.2666263603385732 0.9393518518518518 0.047158403869407506 0.12314814814814815
0 0.7327690447400242 0.08888888888888888 0.03748488512696494 0.12407407407407406
0 0.7614873035066507 0.09490740740740741 0.027206771463119714 0.10833333333333334
0 0.5199516324062878 0.2384259259259259 0.0350665054413543 0.10092592592592592
0 0.503627569528416 0.2148148148148148 0.03748488512696494 0.13518518518518519
0 0.7871825876662636 0.4300925925925926 0.047158403869407506 0.14907407407407408
0 0.7430471584038694 0.2875 0.048367593712212824 0.1361111111111111
0 0.8077388149939542 0.4476851851851852 0.032648125755743655 0.1175925925925926
0 0.562273276904474 0.9541666666666667 0.04232164449818622 0.09166666666666666
0 0.7258162031438936 0.24953703703703703 0.03325272067714632 0.12870370370370368
0 0.6191051995163241 0.24629629629629632 0.03385731559854897 0.12777777777777777
0 0.6451027811366385 0.2675925925925926 0.032648125755743655 0.137037037037037
0 0.7001209189842806 0.2375 0.036275695284159616 0.11944444444444444
0 0.6305925030229746 0.3189814814814815 0.036275695284159616 0.13796296296296295
0 0.57043530834341 0.3222222222222222 0.039298669891172915 0.137037037037037
0 0.817714631197098 0.1560185185185185 0.048972188633615486 0.12870370370370368
0 0.6553808948004838 0.36851851851851847 0.04957678355501814 0.14814814814814817
0 0.662031438935913 0.40046296296296297 0.03748488512696494 0.13055555555555556
0 0.8174123337363968 0.48425925925925917 0.04474002418379686 0.13888888888888887
0 0.6853083434099154 0.49675925925925923 0.0441354292623942 0.15092592592592594
0 0.6608222490931077 0.5300925925925926 0.047158403869407506 0.14907407407407408
0 0.7917170495767837 0.5060185185185184 0.027206771463119714 0.09351851851851851
0 0.7107013301088272 0.5439814814814814 0.041717049576783564 0.14351851851851852
0 0.5870616686819832 0.4 0.0350665054413543 0.137037037037037
0 0.5637847642079807 0.41527777777777775 0.034461910519951636 0.1324074074074074
0 0.562273276904474 0.26064814814814813 0.03748488512696494 0.14351851851851852
0 0.5377871825876663 0.26157407407407407 0.027206771463119714 0.12129629629629629
0 0.760882708585248 0.07824074074074075 0.027206771463119714 0.10462962962962963
0 0.7832527206771464 0.513425925925926 0.0441354292623942 0.16018518518518518
0 0.5610640870616688 0.5523148148148148 0.04474002418379686 0.1398148148148148
0 0.5903869407496978 0.5837962962962961 0.0380894800483676 0.15833333333333333
0 0.6538694074969771 0.5685185185185184 0.046553808948004836 0.1648148148148148
0 0.33041112454655386 0.2726851851851852 0.03688029020556228 0.12685185185185185
0 0.23579201934703753 0.36759259259259264 0.036275695284159616 0.13518518518518519
0 0.5181378476420798 0.3138888888888889 0.041112454655380895 0.14074074074074075
0 0.4794437726723096 0.26620370370370366 0.0350665054413543 0.13796296296296295
0 0.3047158403869408 0.2652777777777778 0.03385731559854897 0.12685185185185185
0 0.004836759371221282 0.3888888888888888 0.008464328899637243 0.15555555555555553
0 0.05259975816203145 0.4037037037037037 0.03990326481257558 0.14814814814814817
0 0.08313180169286578 0.42685185185185187 0.046553808948004836 0.14259259259259258
0 0.40235792019347044 0.9125 0.05139056831922612 0.1675925925925926
0 0.7896009673518743 0.7398148148148148 0.04594921402660218 0.15925925925925927
0 0.9380290205562275 0.4731481481481481 0.04534461910519952 0.13888888888888887
0 0.8960096735187426 0.5162037037037037 0.056831922611850064 0.14537037037037034
0 0.029625151148730353 0.2597222222222222 0.047158403869407506 0.14351851851851852
0 0.1103385731559855 0.22916666666666663 0.041717049576783564 0.1324074074074074
0 0.1142684401451028 0.2546296296296296 0.036275695284159616 0.12962962962962962
0 0.23337363966142688 0.20046296296296295 0.036275695284159616 0.125
0 0.28627569528415964 0.17129629629629628 0.034461910519951636 0.11296296296296296
0 0.09673518742442563 0.18055555555555552 0.03385731559854897 0.14444444444444443
0 0.014510278113663845 0.16990740740740737 0.027811366384522373 0.15833333333333333
0 0.08343409915356713 0.3856481481481481 0.04232164449818622 0.16574074074074074
0 0.7720677146311972 0.16805555555555554 0.032648125755743655 0.12314814814814815
0 0.7363966142684403 0.14953703703703702 0.032648125755743655 0.13425925925925924
0 0.6780532043530836 0.10972222222222221 0.02599758162031439 0.12870370370370368
0 0.14600967351874244 0.5231481481481481 0.04050785973397824 0.15925925925925927
0 0.03688029020556228 0.49537037037037035 0.04232164449818622 0.15925925925925927
0 0.013603385731559855 0.48333333333333334 0.02599758162031439 0.15555555555555553
0 0.6983071342200726 0.4185185185185185 0.03748488512696494 0.14259259259259258
0 0.672007255139057 0.45787037037037037 0.046553808948004836 0.14537037037037034
0 0.10399032648125756 0.5064814814814814 0.04353083434099154 0.1648148148148148
0 0.1523579201934704 0.4810185185185185 0.041112454655380895 0.14907407407407408
0 0.2548367593712213 0.6990740740740741 0.046553808948004836 0.18333333333333332
0 0.255441354292624 0.7365740740740739 0.04292623941958888 0.17129629629629628
0 0.8482466747279325 0.46759259259259256 0.04594921402660218 0.1648148148148148
0 0.006952841596130593 0.9532407407407407 0.012696493349455865 0.09351851851851851
0 0.019649334945586457 0.9342592592592591 0.0380894800483676 0.13148148148148148
0 0.2590689238210399 0.9009259259259259 0.06106408706166869 0.1611111111111111
0 0.23337363966142685 0.837037037037037 0.056831922611850064 0.1648148148148148
0 0.9885126964933496 0.3472222222222222 0.020556227327690448 0.12037037037037036
0 0.9513301088270859 0.3282407407407407 0.03688029020556228 0.15462962962962962
0 0.9764207980652964 0.1662037037037037 0.03869407496977026 0.13796296296296295
0 0.9455864570737608 0.1625 0.036275695284159616 0.13055555555555556
0 0.9685610640870617 0.0875 0.030229746070133016 0.1175925925925926
0 0.9474002418379686 0.08240740740740742 0.0350665054413543 0.11851851851851851
0 0.824062877871826 0.2736111111111111 0.03990326481257558 0.14351851851851852
0 0.10701330108827088 0.6726851851851852 0.06287787182587666 0.16388888888888886
0 0.01874244256348247 0.2458333333333333 0.036275695284159616 0.13055555555555556
0 0.016324062877871828 0.20416666666666666 0.03143893591293833 0.14537037037037034
0 0.2735792019347038 0.2875 0.032043530834341 0.1398148148148148
0 0.628174123337364 0.39537037037037037 0.036275695284159616 0.13518518518518519
0 0.13029020556227328 0.19074074074074074 0.032043530834341 0.14814814814814817
0 0.5931076178960097 0.337037037037037 0.036275695284159616 0.13333333333333333
0 0.6662636033857317 0.3212962962962963 0.03869407496977026 0.13518518518518519
0 0.2578597339782346 0.25601851851851853 0.03688029020556228 0.14351851851851852
0 0.601571946795647 0.28564814814814815 0.03990326481257558 0.13425925925925924
0 0.29534461910519955 0.21111111111111114 0.03688029020556228 0.14259259259259258
0 0.6756348246674728 0.2212962962962963 0.041717049576783564 0.14629629629629629
0 0.6717049576783555 0.024537037037037034 0.030229746070133016 0.047222222222222214
0 0.648428053204353 0.023611111111111107 0.02478839177750907 0.045370370370370366
0 0.6321039903264812 0.017129629629629627 0.01995163240628779 0.032407407407407406
0 0.6493349455864572 0.15138888888888888 0.036275695284159616 0.14166666666666666
0 0.6142684401451028 0.15833333333333333 0.04353083434099154 0.12962962962962962
0 0.5761789600967352 0.08425925925925926 0.03869407496977026 0.12407407407407406
0 0.5480652962515115 0.07037037037037037 0.04050785973397824 0.12962962962962962
0 0.4613059250302297 0.17453703703703702 0.041112454655380895 0.13796296296296295
0 0.44770253929867 0.04444444444444444 0.029625151148730353 0.08703703703703704
0 0.4951632406287787 0.06342592592592593 0.03143893591293833 0.11574074074074073
0 0.4090084643288997 0.04259259259259259 0.032043530834341 0.08333333333333333
0 0.37152357920193474 0.03333333333333333 0.034461910519951636 0.06481481481481481
0 0.09975816203143896 0.16157407407407404 0.032648125755743655 0.13425925925925924
0 0.11185006045949215 0.10138888888888889 0.032648125755743655 0.12129629629629629
0 0.2073760580411125 0.13194444444444445 0.03385731559854897 0.13796296296296295
0 0.15719467956469166 0.07175925925925926 0.032648125755743655 0.12129629629629629
0 0.1656590084643289 0.09907407407407408 0.0350665054413543 0.12407407407407406
0 0.190447400241838 0.1125 0.03385731559854897 0.1324074074074074
0 0.11426844014510279 0.031018518518518515 0.032648125755743655 0.06018518518518518
0 0.14177750906892383 0.02824074074074074 0.034461910519951636 0.054629629629629625
0 0.31680773881499397 0.175 0.03990326481257558 0.12407407407407406
0 0.2194679564691657 0.16064814814814815 0.02902055622732769 0.12870370370370368
0 0.23941958887545348 0.15879629629629627 0.03748488512696494 0.1324074074074074
0 0.25000000000000006 0.12268518518518517 0.034461910519951636 0.1175925925925926
0 0.22249093107617898 0.058796296296296284 0.032648125755743655 0.11574074074074073
0 0.39117291414752126 0.2189814814814815 0.030229746070133016 0.13425925925925924
0 0.37666263603385736 0.1884259259259259 0.03869407496977026 0.1324074074074074
0 0.4353083434099154 0.1726851851851852 0.02902055622732769 0.09537037037037037
0 0.41475211608222495 0.15092592592592588 0.03143893591293833 0.12037037037037036
0 0.3929866989117292 0.1449074074074074 0.0350665054413543 0.1324074074074074
0 0.284764207980653 0.14027777777777778 0.032648125755743655 0.11574074074074073
0 0.36759371221281745 0.15277777777777776 0.02902055622732769 0.11666666666666667
0 0.3630592503022975 0.12314814814814816 0.032043530834341 0.11296296296296296
0 0.3842200725513906 0.10231481481481482 0.039298669891172915 0.1398148148148148
0 0.3364570737605805 0.17407407407407408 0.034461910519951636 0.12962962962962962
0 0.3282950423216445 0.15416666666666667 0.032648125755743655 0.12129629629629629
0 0.024486094316807743 0.17638888888888887 0.030834340991535675 0.12870370370370368
0 0.3409915356711004 0.14953703703703702 0.032648125755743655 0.12314814814814815
0 0.23579201934703753 0.05092592592592592 0.02902055622732769 0.1
0 0.13542926239419592 0.07268518518518517 0.0350665054413543 0.14351851851851852
0 0.13663845223700122 0.2106481481481481 0.027811366384522373 0.11574074074074073
0 0.1293833131801693 0.09120370370370369 0.0350665054413543 0.12685185185185185
0 0.7237001209189844 0.06712962962962962 0.027811366384522373 0.11018518518518518
0 0.15145102781136638 0.20879629629629629 0.035671100362756954 0.14166666666666666
0 0.5314389359129384 0.059259259259259255 0.0350665054413543 0.11666666666666667
