0 0.039600967351874246 0.19629629629629627 0.039298669891172915 0.13518518518518519
0 0.07194679564691657 0.20740740740740737 0.03990326481257558 0.14074074074074075
0 0.09492140266021766 0.21018518518518517 0.04353083434099154 0.14259259259259258
0 0.06257557436517534 0.16666666666666666 0.039298669891172915 0.13518518518518519
0 0.11698911729141477 0.17314814814814816 0.039298669891172915 0.14259259259259258
0 0.09915356711003628 0.1273148148148148 0.04353083434099154 0.12870370370370368
0 0.5516928657799275 0.5601851851851851 0.029625151148730353 0.13518518518518519
0 0.20193470374848854 0.17546296296296296 0.03869407496977026 0.12685185185185185
0 0.5030229746070134 0.07685185185185185 0.032648125755743655 0.12037037037037036
0 0.5262998790810158 0.08194444444444443 0.029625151148730353 0.1175925925925926
0 0.6039903264812575 0.4087962962962963 0.04474002418379686 0.13425925925925924
0 0.5096735187424426 0.5425925925925926 0.04474002418379686 0.1537037037037037
0 0.5374848851269649 0.3351851851851852 0.03143893591293833 0.12962962962962962
0 0.5009068923821041 0.350462962962963 0.0441354292623942 0.15833333333333333
0 0.7478839177750908 0.42037037037037034 0.041112454655380895 0.14074074074074075
0 0.7796251511487304 0.4078703703703704 0.041717049576783564 0.1324074074074074
0 0.5435308343409916 0.12777777777777777 0.03748488512696494 0.12777777777777777
0 0.5731559854897219 0.1611111111111111 0.0350665054413543 0.12962962962962962
0 0.6822853688029021 0.3050925925925926 0.034461910519951636 0.12314814814814815
0 0.6526602176541717 0.30787037037037035 0.041717049576783564 0.15648148148148147
0 0.6221281741233374 0.29768518518518516 0.032648125755743655 0.11203703703703702
0 0.9854897218863363 0.06527777777777778 0.027811366384522373 0.1175925925925926
0 0.9576783555018139 0.0736111111111111 0.03385731559854897 0.11203703703703702
0 0.9428657799274487 0.07962962962962963 0.034461910519951636 0.1259259259259259
0 0.9150544135429263 0.06759259259259259 0.034461910519951636 0.13333333333333333
0 0.5807134220072553 0.11157407407407408 0.027206771463119714 0.10648148148148147
0 0.9610036275695285 0.2472222222222222 0.039298669891172915 0.14814814814814817
0 0.954050785973398 0.29583333333333334 0.036275695284159616 0.13425925925925924
0 0.9455864570737605 0.20694444444444443 0.03869407496977026 0.14537037037037034
0 0.9268440145102782 0.29212962962962963 0.03748488512696494 0.14351851851851852
0 0.9126360338573157 0.20648148148148146 0.032043530834341 0.13518518518518519
0 0.5519951632406288 0.06944444444444445 0.0350665054413543 0.13333333333333333
0 0.5813180169286579 0.05046296296296295 0.034461910519951636 0.09907407407407406
0 0.8633615477629989 0.46435185185185185 0.03143893591293833 0.13425925925925924
0 0.9262394195888755 0.44814814814814813 0.04232164449818622 0.14629629629629629
0 0.9525392986698913 0.44490740740740736 0.035671100362756954 0.1324074074074074
0 0.6018742442563484 0.15833333333333333 0.029625151148730353 0.12407407407407406
0 0.6115477629987909 0.13425925925925924 0.032043530834341 0.1259259259259259
0 0.6094316807738815 0.17453703703703702 0.03748488512696494 0.12314814814814815
0 0.80683192261185 0.14583333333333334 0.029625151148730353 0.12129629629629629
0 0.8183192261185006 0.26064814814814813 0.04776299879081017 0.16203703703703703
0 0.8422007255139057 0.21759259259259256 0.03990326481257558 0.14074074074074075
0 0.814993954050786 0.19768518518518519 0.04232164449818622 0.16018518518518518
0 0.6305925030229745 0.12175925925925926 0.030229746070133016 0.10648148148148147
0 0.7935308343409917 0.2486111111111111 0.030834340991535675 0.11574074074074073
0 0.7475816203143895 0.2106481481481481 0.03688029020556228 0.12685185185185185
0 0.664752116082225 0.1662037037037037 0.039298669891172915 0.12870370370370368
0 0.6115477629987909 0.05231481481481481 0.041717049576783564 0.10277777777777777
0 0.6426844014510279 0.08703703703703702 0.03990326481257558 0.13518518518518519
0 0.6798669891172914 0.0912037037037037 0.034461910519951636 0.14166666666666666
0 0.792926239419589 0.3189814814814814 0.03688029020556228 0.14351851851851852
0 0.7717654171704958 0.3050925925925926 0.029625151148730353 0.1324074074074074
0 0.7448609431680774 0.29537037037037034 0.03748488512696494 0.13518518518518519
0 0.7793228536880291 0.19212962962962962 0.03143893591293833 0.1324074074074074
0 0.6998186215235792 0.10138888888888889 0.029625151148730353 0.12129629629629629
0 0.885429262394196 0.4513888888888889 0.041717049576783564 0.15648148148148147
0 0.6375453446191053 0.1796296296296296 0.032043530834341 0.12777777777777777
0 0.9044740024183797 0.2412037037037037 0.03990326481257558 0.14907407407407408
0 0.9020556227327691 0.27685185185185185 0.03748488512696494 0.12962962962962962
0 0.8754534461910519 0.21944444444444444 0.0350665054413543 0.11296296296296296
0 0.8778718258766628 0.18287037037037035 0.032648125755743655 0.12129629629629629
0 0.7493954050785975 0.17407407407407405 0.035671100362756954 0.1259259259259259
0 0.7868802902055625 0.16666666666666666 0.035671100362756954 0.13148148148148148
0 0.6587061668681984 0.1300925925925926 0.03688029020556228 0.13425925925925924
0 0.7874848851269649 0.28657407407407404 0.034461910519951636 0.1324074074074074
0 0.5359733978234584 0.13472222222222222 0.02478839177750907 0.08796296296296297
0 0.5810157194679566 0.08148148148148147 0.030229746070133016 0.1148148148148148
0 0.977932285368803 0.2759259259259259 0.028415961305925032 0.1074074074074074
0 0.5598548972188634 0.3601851851851851 0.04474002418379686 0.15185185185185185
0 0.5949214026602178 0.34768518518518515 0.0350665054413543 0.13796296296296295
0 0.4286577992744861 0.029629629629629627 0.02539298669891173 0.0574074074074074
0 0.7756952841596132 0.21203703703703702 0.036275695284159616 0.13518518518518519
0 0.5725513905683193 0.16342592592592592 0.02902055622732769 0.10462962962962963
0 0.7747883917775091 0.14351851851851852 0.029625151148730353 0.12037037037037036
0 0.7363966142684403 0.16898148148148145 0.027811366384522373 0.09907407407407406
0 0.379081015719468 0.9810185185185184 0.03143893591293833 0.03981481481481482
0 0.30532043530834346 0.04259259259259259 0.04232164449818622 0.08333333333333333
0 0.1656590084643289 0.03703703703703703 0.03748488512696494 0.07222222222222222
0 0.1964933494558646 0.03472222222222222 0.0350665054413543 0.06759259259259259
0 0.45707376058041116 0.058796296296296284 0.03990326481257558 0.11574074074074073
0 0.639056831922612 0.04953703703703703 0.032648125755743655 0.09722222222222222
0 0.6680773881499396 0.0625 0.030229746070133016 0.10648148148148147
0 0.6919588875453447 0.05277777777777778 0.02599758162031439 0.10185185185185185
0 0.6405683192261186 0.01990740740740741 0.032043530834341 0.03796296296296296
0 0.8929866989117293 0.07731481481481481 0.026602176541717055 0.11018518518518518
0 0.9068923821039904 0.274074074074074 0.02902055622732769 0.08333333333333333
0 0.6432889963724306 0.03472222222222222 0.03143893591293833 0.06759259259259259
0 0.6958887545344619 0.030092592592592594 0.030229746070133016 0.058333333333333334
0 0.9023579201934704 0.05648148148148147 0.05622732769044741 0.1111111111111111
0 0.37363966142684407 0.562037037037037 0.03748488512696494 0.14814814814814817
0 0.07557436517533254 0.46296296296296297 0.03869407496977026 0.14629629629629629
0 0.06045949214026602 0.5111111111111111 0.03990326481257558 0.15185185185185185
0 0.032345828295042324 0.48935185185185187 0.03688029020556228 0.15833333333333333
0 0.09250302297460701 0.4791666666666667 0.04232164449818622 0.1472222222222222
0 0.7366989117291416 0.05138888888888889 0.02599758162031439 0.10092592592592592
0 0.8391777509068924 0.37731481481481477 0.03990326481257558 0.12870370370370368
0 0.8548972188633616 0.3569444444444444 0.032648125755743655 0.12685185185185185
0 0.2596735187424426 0.6717592592592592 0.0441354292623942 0.16574074074074074
0 0.22853688029020558 0.6555555555555554 0.03990326481257558 0.1722222222222222
0 0.3678960096735188 0.6592592592592592 0.039298669891172915 0.14629629629629629
0 0.2276299879081016 0.5773148148148147 0.03325272067714632 0.13425925925925924
0 0.23337363966142688 0.5689814814814814 0.03385731559854897 0.15462962962962962
0 0.18621523579201935 0.5638888888888888 0.04474002418379686 0.14814814814814817
0 0.19588875453446195 0.5254629629629629 0.04474002418379686 0.15462962962962962
0 0.1535671100362757 0.5449074074074074 0.041112454655380895 0.15092592592592594
0 0.3706166868198308 0.23425925925925925 0.032648125755743655 0.12962962962962962
0 0.3938935912938332 0.24351851851851852 0.035671100362756954 0.12222222222222222
0 0.37847642079806537 0.4375 0.027811366384522373 0.11018518518518518
0 0.5399032648125756 0.6537037037037037 0.04594921402660218 0.13888888888888887
0 0.5816203143893592 0.6564814814814814 0.05078597339782346 0.16296296296296295
0 0.25392986698911735 0.41759259259259257 0.03748488512696494 0.12962962962962962
0 0.26602176541717054 0.46249999999999997 0.03748488512696494 0.14907407407407408
0 0.2629987908101572 0.9444444444444443 0.041112454655380895 0.11296296296296296
0 0.45767835550181385 0.6759259259259259 0.03748488512696494 0.1611111111111111
0 0.46493349455864574 0.6847222222222221 0.03748488512696494 0.16574074074074074
0 0.19105199516324067 0.7226851851851852 0.04957678355501814 0.1787037037037037
0 0.1665659008464329 0.7166666666666667 0.03325272067714632 0.1685185185185185
0 0.19528415961305928 0.7125 0.03869407496977026 0.1675925925925926
0 0.06499395405078598 0.6560185185185184 0.050181378476420804 0.1824074074074074
0 0.30743651753325274 0.7773148148148148 0.04534461910519952 0.15462962962962962
0 0.4331922611850061 0.47731481481481475 0.048972188633615486 0.12685185185185185
0 0.0350665054413543 0.6787037037037037 0.047158403869407506 0.1648148148148148
0 0.8567110036275696 0.32037037037037036 0.032648125755743655 0.12962962962962962
0 0.8391777509068924 0.2819444444444444 0.03990326481257558 0.1175925925925926
0 0.8183192261185007 0.2972222222222222 0.032043530834341 0.13148148148148148
0 0.3282950423216445 0.48611111111111105 0.0350665054413543 0.14629629629629629
0 0.16807738814993958 0.4787037037037037 0.0350665054413543 0.15185185185185185
0 0.21281741233373644 0.4759259259259259 0.030229746070133016 0.14444444444444443
0 0.017835550181378477 0.586574074074074 0.034461910519951636 0.15648148148148147
0 0.7463724304715841 0.924074074074074 0.035671100362756954 0.14259259259259258
0 0.04050785973397824 0.16435185185185183 0.03143893591293833 0.12870370370370368
0 0.3524788391777509 0.7087962962962961 0.036275695284159616 0.15462962962962962
0 0.3576178960096736 0.7435185185185186 0.0441354292623942 0.17037037037037037
0 0.1874244256348247 0.20046296296296295 0.03748488512696494 0.14351851851851852
0 0.6983071342200725 0.1824074074074074 0.030229746070133016 0.13148148148148148
0 0.6145707376058042 0.6768518518518518 0.041717049576783564 0.1722222222222222
0 0.6526602176541717 0.7189814814814814 0.046553808948004836 0.1675925925925926
0 0.6475211608222492 0.6884259259259259 0.0350665054413543 0.1324074074074074
0 0.8210399032648126 0.3138888888888889 0.0350665054413543 0.137037037037037
0 0.19709794437726724 0.4597222222222222 0.032648125755743655 0.12129629629629629
0 0.4286577992744861 0.7472222222222221 0.04957678355501814 0.14629629629629629
0 0.6695888754534464 0.6597222222222221 0.050181378476420804 0.1472222222222222
0 0.17321644498186217 0.44583333333333336 0.035671100362756954 0.14351851851851852
0 0.005743651753325273 0.9009259259259258 0.010278113663845224 0.1722222222222222
0 0.45193470374848854 0.5412037037037037 0.032043530834341 0.13425925925925924
0 0.43198307134220076 0.5143518518518518 0.032043530834341 0.13796296296296295
0 0.39026602176541725 0.4138888888888889 0.039298669891172915 0.14814814814814817
0 0.6983071342200726 0.9189814814814814 0.04594921402660218 0.15462962962962962
0 0.8080411124546556 0.8981481481481481 0.050181378476420804 0.16296296296296295
0 0.3630592503022975 0.6277777777777778 0.039298669891172915 0.14074074074074075
0 0.344316807738815 0.548611111111111 0.035671100362756954 0.11944444444444444
0 0.3431076178960097 0.524537037037037 0.035671100362756954 0.14351851851851852
0 0.7711608222490932 0.9129629629629629 0.03688029020556228 0.12407407407407406
0 0.8083434099153567 0.9574074074074074 0.0350665054413543 0.08703703703703704
0 0.26178960096735193 0.8976851851851851 0.047158403869407506 0.17129629629629628
0 0.7116082224909311 0.07037037037037037 0.0350665054413543 0.11296296296296296
0 0.7412333736396616 0.08425925925925926 0.02902055622732769 0.11296296296296296
0 0.444074969770254 0.03564814814814814 0.034461910519951636 0.06944444444444443
0 0.749093107617896 0.06805555555555555 0.030229746070133016 0.11574074074074073
0 0.42442563482466755 0.5990740740740741 0.04232164449818622 0.14814814814814817
0 0.44981862152357927 0.575462962962963 0.03748488512696494 0.15092592592592594
0 0.10701330108827088 0.9726851851851851 0.05320435308343411 0.05648148148148148
0 0.06650544135429264 0.973611111111111 0.036275695284159616 0.054629629629629625
0 0.9918379685610641 0.36296296296296293 0.016324062877871828 0.11666666666666667
0 0.9842805320435309 0.413425925925926 0.02902055622732769 0.14351851851851852
0 0.9667472793228536 0.38935185185185184 0.03990326481257558 0.14537037037037034
0 0.2439540507859734 0.6314814814814814 0.03688029020556228 0.14629629629629629
0 0.29474002418379686 0.6037037037037037 0.0380894800483676 0.15185185185185185
0 0.2926239419588876 0.6523148148148148 0.032648125755743655 0.17314814814814813
0 0.3373639661426844 0.3819444444444444 0.03385731559854897 0.12685185185185185
0 0.32224909310761796 0.4175925925925926 0.04474002418379686 0.14814814814814817
0 0.3418984280532044 0.4037037037037037 0.03688029020556228 0.12962962962962962
0 0.30380894800483677 0.3800925925925926 0.03688029020556228 0.14351851851851852
0 0.6257557436517535 0.5638888888888888 0.04594921402660218 0.15925925925925927
0 0.40991535671100365 0.46898148148148144 0.03748488512696494 0.14351851851851852
0 0.5982466747279324 0.5194444444444444 0.03688029020556228 0.15185185185185185
0 0.6003627569528417 0.6004629629629629 0.04353083434099154 0.13796296296296295
0 0.1275695284159613 0.8342592592592593 0.05078597339782346 0.18703703703703703
0 0.016324062877871828 0.45 0.03143893591293833 0.137037037037037
0 0.0063482466747279325 0.42407407407407405 0.011487303506650545 0.1574074074074074
0 0.733373639661427 0.6810185185185185 0.04957678355501814 0.16574074074074074
0 0.7061668681983072 0.9662037037037037 0.04594921402660218 0.06759259259259259
0 0.7515114873035067 0.961111111111111 0.04594921402660218 0.07777777777777777
0 0.07738814993954052 0.8685185185185185 0.05199516324062878 0.1648148148148148
0 0.10006045949214028 0.9124999999999999 0.041717049576783564 0.14907407407407408
0 0.06045949214026603 0.9347222222222221 0.04474002418379686 0.1324074074074074
0 0.7666263603385731 0.6773148148148148 0.03990326481257558 0.15648148148148147
0 0.8984280532043533 0.8027777777777777 0.04232164449818622 0.18148148148148147
0 0.8570133010882709 0.9689814814814814 0.041717049576783564 0.06203703703703703
0 0.8793833131801695 0.8638888888888888 0.05501813784764208 0.18148148148148147
0 0.9286577992744862 0.7458333333333332 0.04594921402660218 0.17129629629629628
0 0.9921402660217654 0.28425925925925927 0.014510278113663845 0.14814814814814817
0 0.8409915356711005 0.19212962962962962 0.03143893591293833 0.12870370370370368
0 0.8171100362756953 0.5652777777777778 0.048972188633615486 0.15833333333333333
0 0.7240024183796857 0.725 0.046553808948004836 0.1685185185185185
0 0.7575574365175334 0.7287037037037035 0.04474002418379686 0.16296296296296295
0 0.4546553808948005 0.39444444444444443 0.03748488512696494 0.12962962962962962
0 0.4882103990326482 0.42916666666666664 0.03688029020556228 0.14351851851851852
0 0.7007255139056832 0.45416666666666666 0.03990326481257558 0.14351851851851852
0 0.6581015719467956 0.43749999999999994 0.053808948004836765 0.15277777777777776
0 0.11366384522370013 0.537037037037037 0.05804111245465538 0.14629629629629629
0 0.07436517533252722 0.5574074074074074 0.05199516324062878 0.14259259259259258
0 0.012696493349455865 0.7657407407407406 0.024183796856106412 0.1796296296296296
0 0.75906892382104 0.5666666666666667 0.048972188633615486 0.1537037037037037
0 0.8833131801692866 0.5949074074074073 0.04353083434099154 0.12685185185185185
0 0.9147521160822251 0.6032407407407407 0.041112454655380895 0.16018518518518518
0 0.824062877871826 0.4833333333333333 0.041112454655380895 0.14074074074074075
0 0.7240024183796857 0.2916666666666667 0.032043530834341 0.13518518518518519
0 0.9401451027811368 0.5731481481481481 0.04594921402660218 0.1574074074074074
0 0.24516324062877873 0.34675925925925927 0.039298669891172915 0.13425925925925924
0 0.30048367593712216 0.3333333333333333 0.0350665054413543 0.15185185185185185
0 0.2747883917775091 0.31666666666666665 0.034461910519951636 0.14074074074074075
0 0.9682587666263603 0.34351851851851845 0.03688029020556228 0.13148148148148148
0 0.29987908101571953 0.35648148148148145 0.036275695284159616 0.11851851851851851
0 0.6203143893591294 0.3972222222222222 0.03385731559854897 0.1537037037037037
0 0.857920193470375 0.4819444444444444 0.041112454655380895 0.1398148148148148
0 0.9425634824667474 0.3569444444444444 0.03869407496977026 0.14351851851851852
0 0.9631197097944378 0.5550925925925926 0.030229746070133016 0.1324074074074074
0 0.857920193470375 0.55 0.04957678355501814 0.1574074074074074
0 0.910217654171705 0.5777777777777777 0.034461910519951636 0.11851851851851851
0 0.4951632406287787 0.9476851851851851 0.04594921402660218 0.10648148148148147
0 0.9863966142684403 0.7342592592592592 0.027206771463119714 0.15555555555555553
0 0.47823458282950426 0.9648148148148148 0.03869407496977026 0.07037037037037037
0 0.26511487303506653 0.9578703703703704 0.0380894800483676 0.0824074074074074
0 0.32889963724304716 0.8828703703703702 0.05925030229746071 0.18055555555555552
0 0.376360338573156 0.8777777777777777 0.04776299879081017 0.17037037037037037
0 0.7137243047158405 0.04907407407407407 0.02478839177750907 0.0962962962962963
