0 0.5314389359129384 0.4833333333333333 0.03990326481257558 0.14074074074074075
0 0.5510882708585249 0.47870370370370363 0.034461910519951636 0.13148148148148148
0 0.5825272067714632 0.6430555555555555 0.05139056831922612 0.16574074074074074
0 0.5556227327690448 0.6726851851851852 0.03990326481257558 0.1398148148148148
0 0.5985489721886337 0.6018518518518517 0.0350665054413543 0.14629629629629629
0 0.5810157194679566 0.4782407407407407 0.047158403869407506 0.16574074074074074
0 0.445888754534462 0.312962962962963 0.041717049576783564 0.17037037037037037
0 0.6206166868198307 0.6527777777777778 0.039298669891172915 0.16296296296296295
0 0.6215235792019348 0.6296296296296295 0.03869407496977026 0.14629629629629629
0 0.594316807738815 0.7212962962962963 0.04474002418379686 0.15185185185185185
0 0.5698307134220073 0.5884259259259258 0.0441354292623942 0.15462962962962962
0 0.5550181378476421 0.7518518518518518 0.04957678355501814 0.1796296296296296
0 0.35580411124546557 0.8671296296296297 0.05259975816203145 0.19166666666666668
0 0.6414752116082226 0.6550925925925924 0.03748488512696494 0.14907407407407408
0 0.4262394195888755 0.7550925925925926 0.04353083434099154 0.16018518518518518
0 0.6859129383313181 0.7324074074074074 0.05139056831922612 0.17407407407407408
0 0.47158403869407506 0.33009259259259255 0.04474002418379686 0.15648148148148147
0 0.6913542926239421 0.5583333333333333 0.05622732769044741 0.17592592592592593
0 0.7950423216444983 0.9319444444444442 0.055622732769044746 0.13796296296296295
0 0.8307134220072553 0.9435185185185184 0.05320435308343411 0.11296296296296296
0 0.6532648125755743 0.7421296296296297 0.039298669891172915 0.16018518518518518
0 0.5220677146311972 0.7194444444444444 0.05139056831922612 0.1648148148148148
0 0.8627569528415963 0.8351851851851851 0.04594921402660218 0.15925925925925927
0 0.6677750906892382 0.6277777777777778 0.0441354292623942 0.1574074074074074
0 0.5568319226118501 0.6615740740740741 0.032648125755743655 0.12685185185185185
0 0.6215235792019348 0.5421296296296296 0.041112454655380895 0.1675925925925926
0 0.46765417170495777 0.7671296296296295 0.048972188633615486 0.1787037037037037
0 0.5441354292623942 0.6638888888888889 0.03143893591293833 0.12407407407407406
0 0.5471584038694076 0.575462962962963 0.03748488512696494 0.15092592592592594
0 0.8307134220072551 0.8453703703703702 0.04474002418379686 0.12962962962962962
0 0.04927448609431681 0.7958333333333333 0.05139056831922612 0.16574074074074074
0 0.08010882708585249 0.7787037037037037 0.05139056831922612 0.17777777777777776
0 0.564993954050786 0.2916666666666667 0.032043530834341 0.12962962962962962
0 0.6067110036275696 0.26620370370370366 0.034461910519951636 0.12129629629629629
0 0.004232164449818622 0.3046296296296296 0.007255139056831923 0.14629629629629629
0 0.03143893591293834 0.24814814814814812 0.04232164449818622 0.15185185185185185
0 0.08403869407496979 0.47268518518518515 0.048367593712212824 0.16203703703703703
0 0.07466747279322855 0.2736111111111111 0.039298669891172915 0.13425925925925924
0 0.6556831922611851 0.39120370370370366 0.041717049576783564 0.1472222222222222
0 0.5589480048367594 0.22731481481481483 0.0441354292623942 0.1398148148148148
0 0.43107617896009676 0.35462962962962963 0.04232164449818622 0.15185185185185185
0 0.6148730350665055 0.3675925925925926 0.03990326481257558 0.1574074074074074
0 0.6438935912938332 0.3569444444444444 0.03869407496977026 0.16018518518518518
0 0.5592503022974608 0.34074074074074073 0.03748488512696494 0.15185185185185185
0 0.5840386940749698 0.3481481481481481 0.03748488512696494 0.13518518518518519
0 0.4839782345828296 0.24814814814814812 0.032043530834341 0.12407407407407406
0 0.7409310761789603 0.42129629629629634 0.046553808948004836 0.1722222222222222
0 0.7717654171704958 0.4194444444444444 0.041717049576783564 0.16296296296296295
0 0.7131197097944378 0.16203703703703703 0.035671100362756954 0.12777777777777777
0 0.49153567110036284 0.2726851851851852 0.03990326481257558 0.13425925925925924
0 0.4951632406287787 0.3125 0.041112454655380895 0.16388888888888886
0 0.5341596130592504 0.31805555555555554 0.03688029020556228 0.13796296296296295
0 0.5169286577992745 0.3759259259259259 0.04232164449818622 0.14074074074074075
0 0.5441354292623942 0.38749999999999996 0.03990326481257558 0.1324074074074074
0 0.6169891172914148 0.43796296296296294 0.0441354292623942 0.1648148148148148
0 0.6393591293833132 0.4601851851851852 0.039298669891172915 0.14074074074074075
0 0.6662636033857317 0.45601851851851843 0.04232164449818622 0.14351851851851852
0 0.8842200725513906 0.5268518518518518 0.0441354292623942 0.1685185185185185
0 0.6983071342200725 0.47314814814814815 0.04353083434099154 0.14629629629629629
0 0.6266626360338573 0.9097222222222222 0.0441354292623942 0.17685185185185184
0 0.6608222490931076 0.8935185185185185 0.05320435308343411 0.18518518518518517
0 0.7246070133010883 0.611574074074074 0.0380894800483676 0.15833333333333333
0 0.7847642079806532 0.6361111111111111 0.04957678355501814 0.1685185185185185
0 0.6729141475211607 0.5972222222222221 0.03990326481257558 0.16296296296296295
0 0.981559854897219 0.39166666666666666 0.035671100362756954 0.1537037037037037
0 0.9492140266021766 0.39259259259259255 0.03990326481257558 0.12037037037037036
0 0.9613059250302298 0.8930555555555555 0.04232164449818622 0.15648148148148147
0 0.9767230955259977 0.7745370370370369 0.04534461910519952 0.1787037037037037
0 0.8322249093107618 0.33935185185185185 0.039298669891172915 0.13796296296296295
0 0.8645707376058043 0.3504629629629629 0.036275695284159616 0.12314814814814815
0 0.9377267230955262 0.7865740740740741 0.055622732769044746 0.14907407407407408
0 0.8651753325272069 0.7 0.04957678355501814 0.1574074074074074
0 0.8207376058041113 0.699074074074074 0.053808948004836765 0.1796296296296296
0 0.8712212817412335 0.31157407407407406 0.03990326481257558 0.14537037037037034
0 0.911124546553809 0.3152777777777777 0.04232164449818622 0.13425925925925924
0 0.9005441354292626 0.24351851851851852 0.041717049576783564 0.137037037037037
0 0.592503022974607 0.20185185185185184 0.04474002418379686 0.15185185185185185
0 0.5707376058041113 0.20231481481481478 0.0350665054413543 0.11574074074074073
0 0.8778718258766628 0.3069444444444444 0.030229746070133016 0.12685185185185185
0 0.8485489721886337 0.33287037037037037 0.029625151148730353 0.10092592592592592
0 0.9056831922611851 0.3509259259259259 0.03748488512696494 0.12037037037037036
0 0.9295646916565902 0.32314814814814813 0.034461910519951636 0.12407407407407406
0 0.7524183796856108 0.6305555555555554 0.041717049576783564 0.16296296296296295
0 0.7100967351874246 0.6439814814814814 0.041717049576783564 0.15833333333333333
0 0.9818621523579203 0.8055555555555556 0.0350665054413543 0.14444444444444443
0 0.412938331318017 0.9143518518518517 0.05441354292623943 0.16574074074074074
0 0.5359733978234584 0.8810185185185184 0.05139056831922612 0.16018518518518518
0 0.15054413542926243 0.325 0.04232164449818622 0.1574074074074074
0 0.7110036275695285 0.3680555555555556 0.05078597339782346 0.16018518518518518
0 0.731559854897219 0.2842592592592592 0.03748488512696494 0.12407407407407406
0 0.882708585247884 0.22314814814814815 0.03990326481257558 0.12962962962962962
0 0.9310761789600968 0.2064814814814815 0.03869407496977026 0.12962962962962962
0 0.974304715840387 0.1925925925925926 0.0441354292623942 0.14259259259259258
0 0.986094316807739 0.13842592592592592 0.026602176541717055 0.1324074074074074
0 0.9328899637243048 0.16574074074074074 0.03869407496977026 0.14814814814814817
0 0.915659008464329 0.14583333333333334 0.03688029020556228 0.12129629629629629
0 0.9365175332527208 0.11851851851851851 0.03869407496977026 0.12962962962962962
0 0.9661426844014511 0.03703703703703703 0.03990326481257558 0.07222222222222222
0 0.8766626360338573 0.125 0.03748488512696494 0.11851851851851851
0 0.8536880290205564 0.0875 0.03748488512696494 0.12129629629629629
0 0.8709189842805322 0.09629629629629628 0.032043530834341 0.1074074074074074
0 0.8966142684401451 0.09398148148148147 0.0350665054413543 0.10648148148148147
0 0.9268440145102782 0.0625 0.036275695284159616 0.10648148148148147
0 0.911124546553809 0.06759259259259259 0.032648125755743655 0.11296296296296296
0 0.8778718258766628 0.045370370370370366 0.030229746070133016 0.08888888888888888
0 0.9026602176541717 0.04074074074074074 0.03385731559854897 0.07962962962962963
0 0.011789600967351875 0.18101851851851852 0.02237001209189843 0.12314814814814815
0 0.13301088270858527 0.17685185185185184 0.04594921402660218 0.13333333333333333
0 0.10006045949214028 0.17407407407407405 0.039298669891172915 0.137037037037037
0 0.11638452237001211 0.10416666666666667 0.032043530834341 0.12685185185185185
0 0.039600967351874246 0.18379629629629632 0.03688029020556228 0.13425925925925924
0 0.010580411124546553 0.08888888888888888 0.01995163240628779 0.12407407407407406
0 0.004232164449818622 0.10879629629629628 0.007255139056831923 0.1324074074074074
0 0.04594921402660218 0.13564814814814816 0.04232164449818622 0.12870370370370368
0 0.07829504232164451 0.12777777777777777 0.041717049576783564 0.13518518518518519
0 0.07436517533252722 0.09351851851851851 0.03748488512696494 0.13518518518518519
0 0.11185006045949215 0.056944444444444436 0.036275695284159616 0.11203703703703702
0 0.08403869407496976 0.05185185185185184 0.030229746070133016 0.10185185185185185
0 0.1493349455864571 0.0574074074074074 0.03748488512696494 0.11296296296296296
0 0.17412333736396615 0.06759259259259259 0.030229746070133016 0.10185185185185185
0 0.17896009673518745 0.04768518518518518 0.03748488512696494 0.09351851851851851
0 0.27025392986698915 0.1675925925925926 0.03990326481257558 0.13148148148148148
0 0.2974607013301089 0.13472222222222222 0.0350665054413543 0.13425925925925924
0 0.2397218863361548 0.10740740740740741 0.029625151148730353 0.11296296296296296
0 0.3539903264812576 0.12777777777777777 0.039298669891172915 0.15185185185185185
0 0.2738814993954051 0.09907407407407408 0.03748488512696494 0.13148148148148148
0 0.28718258766626364 0.125 0.032648125755743655 0.12962962962962962
0 0.27902055622732774 0.1388888888888889 0.02478839177750907 0.08703703703703704
0 0.5269044740024185 0.2569444444444444 0.03688029020556228 0.14351851851851852
0 0.6804715840386941 0.2828703703703704 0.04292623941958888 0.14907407407407408
0 0.6955864570737605 0.2523148148148148 0.03325272067714632 0.13796296296296295
0 0.5105804111245467 0.20833333333333334 0.039298669891172915 0.12962962962962962
0 0.5906892382103991 0.1574074074074074 0.03990326481257558 0.12407407407407406
0 0.6423821039903266 0.15787037037037036 0.039298669891172915 0.1324074074074074
0 0.7663240628778719 0.17731481481481481 0.03688029020556228 0.12685185185185185
0 0.7267230955259976 0.13333333333333333 0.0350665054413543 0.137037037037037
0 0.7119105199516325 0.1648148148148148 0.034461910519951636 0.13148148148148148
0 0.6735187424425635 0.1671296296296296 0.03385731559854897 0.12870370370370368
0 0.7010278113663846 0.07870370370370369 0.032043530834341 0.1148148148148148
0 0.637243047158404 0.11435185185185184 0.04232164449818622 0.1324074074074074
0 0.6414752116082225 0.07314814814814814 0.03990326481257558 0.11851851851851851
0 0.5922007255139058 0.07083333333333333 0.032043530834341 0.12685185185185185
0 0.5616686819830714 0.06666666666666667 0.03385731559854897 0.12407407407407406
0 0.5477629987908101 0.1648148148148148 0.03748488512696494 0.13148148148148148
0 0.46311970979443773 0.14212962962962963 0.04232164449818622 0.13425925925925924
0 0.4062877871825877 0.08935185185185185 0.03143893591293833 0.13796296296296295
0 0.49879081015719473 0.08657407407407408 0.03748488512696494 0.12685185185185185
0 0.5000000000000001 0.11064814814814813 0.0350665054413543 0.11574074074074073
0 0.5229746070133011 0.09861111111111111 0.032648125755743655 0.12685185185185185
0 0.4489117291414753 0.06064814814814814 0.034461910519951636 0.11944444444444444
0 0.4597944377267231 0.04675925925925926 0.035671100362756954 0.09166666666666666
0 0.9600967351874244 0.14444444444444443 0.03990326481257558 0.14629629629629629
0 0.2690447400241838 0.04814814814814815 0.02539298669891173 0.06296296296296296
0 0.6759371221281741 0.2472222222222222 0.030229746070133016 0.08518518518518518
0 0.9038694074969771 0.2087962962962963 0.030229746070133016 0.10277777777777777
0 0.3603385731559855 0.5 0.04232164449818622 0.14814814814814817
0 0.22581620314389358 0.2861111111111111 0.034461910519951636 0.14074074074074075
0 0.13875453446191052 0.7611111111111111 0.048972188633615486 0.16296296296296295
0 0.04443772672309553 0.6513888888888888 0.048972188633615486 0.16574074074074074
0 0.14087061668681983 0.725462962962963 0.04957678355501814 0.16018518518518518
0 0.718863361547763 0.02824074074074074 0.02902055622732769 0.054629629629629625
0 0.8089480048367595 0.30833333333333335 0.04232164449818622 0.13518518518518519
0 0.8403869407496978 0.2949074074074074 0.032648125755743655 0.11018518518518518
0 0.2475816203143894 0.611574074074074 0.048972188633615486 0.1675925925925926
0 0.21825876662636037 0.5953703703703703 0.04232164449818622 0.1685185185185185
0 0.3582224909310763 0.5939814814814814 0.034461910519951636 0.15092592592592594
0 0.21523579201934706 0.5273148148148148 0.04474002418379686 0.14907407407407408
0 0.21825876662636037 0.5037037037037037 0.03748488512696494 0.13518518518518519
0 0.18107617896009676 0.49861111111111106 0.041717049576783564 0.1398148148148148
0 0.19437726723095528 0.4643518518518518 0.041717049576783564 0.14351851851851852
0 0.13996372430471585 0.49583333333333335 0.039298669891172915 0.14351851851851852
0 0.3600362756952842 0.17592592592592593 0.032043530834341 0.12962962962962962
0 0.38391777509068925 0.17037037037037037 0.03143893591293833 0.12962962962962962
0 0.3579201934703749 0.3907407407407407 0.032648125755743655 0.12407407407407406
0 0.27388149939540507 0.40185185185185185 0.04594921402660218 0.14259259259259258
0 0.2648125755743652 0.4162037037037037 0.036275695284159616 0.1398148148148148
0 0.189540507859734 0.923611111111111 0.05622732769044741 0.15277777777777776
0 0.45193470374848854 0.6189814814814815 0.04050785973397824 0.16018518518518518
0 0.4507255139056832 0.625925925925926 0.039298669891172915 0.1685185185185185
0 0.19528415961305928 0.6722222222222222 0.04474002418379686 0.16296296296296295
0 0.157496977025393 0.6532407407407407 0.041717049576783564 0.1675925925925926
0 0.1865175332527207 0.6351851851851851 0.04050785973397824 0.15555555555555553
0 0.30139056831922617 0.7273148148148147 0.041717049576783564 0.15092592592592594
0 0.4207980652962516 0.42361111111111105 0.04594921402660218 0.12685185185185185
0 0.8488512696493351 0.25925925925925924 0.03748488512696494 0.1259259259259259
0 0.8361547762998791 0.22546296296296298 0.03990326481257558 0.13425925925925924
0 0.7959492140266022 0.24444444444444444 0.034461910519951636 0.137037037037037
0 0.41958887545344625 0.5819444444444444 0.0350665054413543 0.1398148148148148
0 0.15598548972188636 0.41481481481481475 0.04232164449818622 0.1537037037037037
0 0.19891172914147523 0.4125 0.03385731559854897 0.13796296296296295
0 0.02478839177750907 0.1023148148148148 0.032648125755743655 0.12685185185185185
0 0.3418984280532044 0.65 0.039298669891172915 0.15925925925925927
0 0.34310761789600974 0.687962962962963 0.041717049576783564 0.1685185185185185
0 0.16324062877871826 0.14351851851851852 0.056831922611850064 0.14074074074074075
0 0.6871221281741234 0.11620370370370368 0.027206771463119714 0.11944444444444444
0 0.8155985489721888 0.2513888888888889 0.03748488512696494 0.13425925925925924
0 0.190447400241838 0.40462962962962956 0.03990326481257558 0.14074074074074075
0 0.413845223700121 0.6856481481481481 0.048972188633615486 0.14907407407407408
0 0.6321039903264813 0.7273148148148147 0.041717049576783564 0.16018518518518518
0 0.15779927448609432 0.3949074074074074 0.03869407496977026 0.16018518518518518
0 0.4331922611850061 0.4851851851851851 0.034461910519951636 0.14074074074074075
0 0.42261185006045954 0.45509259259259255 0.0350665054413543 0.1324074074074074
0 0.36094316807738813 0.3449074074074074 0.03869407496977026 0.15462962962962962
0 0.3539903264812576 0.5587962962962963 0.03688029020556228 0.13425925925925924
0 0.3258766626360339 0.49166666666666664 0.03990326481257558 0.13518518518518519
0 0.33010882708585254 0.46064814814814814 0.03748488512696494 0.13796296296296295
0 0.2376058041112455 0.8333333333333334 0.04957678355501814 0.1685185185185185
0 0.7031438935912939 0.04351851851851851 0.026602176541717055 0.08518518518518518
0 0.7336759371221282 0.04444444444444444 0.029625151148730353 0.08703703703703704
0 0.733373639661427 0.030555555555555555 0.03143893591293833 0.059259259259259255
0 0.4159613059250302 0.5347222222222221 0.03869407496977026 0.15462962962962962
0 0.4250302297460702 0.5083333333333333 0.03143893591293833 0.14629629629629629
0 0.2345828295042322 0.5694444444444444 0.03748488512696494 0.14074074074074075
0 0.2756952841596131 0.548148148148148 0.03990326481257558 0.16296296296296295
0 0.2799274486094317 0.5962962962962963 0.03990326481257558 0.1685185185185185
0 0.5516928657799275 0.5277777777777778 0.0441354292623942 0.14629629629629629
0 0.25423216444981867 0.3638888888888889 0.04050785973397824 0.1537037037037037
0 0.5389963724304716 0.4375 0.039298669891172915 0.14351851851851852
0 0.281136638452237 0.3481481481481481 0.04232164449818622 0.15185185185185185
0 0.3996372430471585 0.4069444444444444 0.04232164449818622 0.14351851851851852
0 0.4174727932285369 0.38333333333333336 0.034461910519951636 0.12962962962962962
0 0.47823458282950426 0.524074074074074 0.0350665054413543 0.15185185185185185
0 0.2726723095525998 0.3087962962962963 0.03748488512696494 0.14351851851851852
0 0.6819830713422008 0.9384259259259259 0.05925030229746071 0.12314814814814815
0 0.6544740024183797 0.9435185185185184 0.046553808948004836 0.1148148148148148
0 0.28264812575574366 0.3361111111111111 0.032043530834341 0.13148148148148148
0 0.70223700120919 0.0287037037037037 0.027206771463119714 0.05555555555555555
