0 0.4071946795646917 0.4444444444444444 0.0380894800483676 0.07407407407407408
0 0.4268440145102782 0.016203703703703703 0.0350665054413543 0.030555555555555555
0 0.7282345828295043 0.04907407407407407 0.034461910519951636 0.0962962962962963
0 0.9685610640870617 0.1449074074074074 0.0350665054413543 0.1324074074074074
0 0.813180169286578 0.11527777777777777 0.030229746070133016 0.09351851851851851
0 0.9727932285368803 0.059259259259259255 0.030229746070133016 0.11666666666666667
0 0.6451027811366385 0.03148148148148148 0.02902055622732769 0.06111111111111111
0 0.6305925030229745 0.03148148148148148 0.0350665054413543 0.06111111111111111
0 0.29594921402660224 0.027314814814814813 0.03325272067714632 0.05277777777777778
0 0.21704957678355505 0.05092592592592592 0.02902055622732769 0.0962962962962963
0 0.1783555018137848 0.03287037037037037 0.02902055622732769 0.06388888888888888
0 0.15719467956469166 0.049999999999999996 0.030229746070133016 0.09814814814814814
0 0.38149939540507866 0.017129629629629627 0.032648125755743655 0.032407407407407406
0 0.30441354292623946 0.016666666666666666 0.027206771463119714 0.03148148148148148
0 0.30743651753325274 0.027314814814814813 0.02478839177750907 0.05277777777777778
0 0.6136638452237002 0.1962962962962963 0.027811366384522373 0.11296296296296296
0 0.5592503022974608 0.04166666666666666 0.03748488512696494 0.08148148148148147
0 0.5320435308343411 0.03888888888888888 0.032648125755743655 0.07592592592592592
0 0.43621523579201943 0.15833333333333333 0.032043530834341 0.12962962962962962
0 0.3911729141475212 0.19305555555555554 0.0350665054413543 0.11574074074074073
0 0.4337968561064088 0.20046296296296295 0.032043530834341 0.12685185185185185
0 0.6961910519951634 0.45370370370370366 0.03325272067714632 0.15185185185185185
0 0.7282345828295043 0.4041666666666667 0.029625151148730353 0.11018518518518518
0 0.6949818621523579 0.19722222222222222 0.034461910519951636 0.14259259259259258
0 0.6454050785973399 0.22314814814814812 0.032043530834341 0.12407407407407406
0 0.9017533252720678 0.561574074074074 0.039298669891172915 0.14351851851851852
0 0.9827690447400244 0.2189814814814815 0.032043530834341 0.13425925925925924
0 0.9613059250302299 0.2296296296296296 0.036275695284159616 0.12962962962962962
0 0.9776299879081016 0.2736111111111111 0.03748488512696494 0.13425925925925924
0 0.6599153567110038 0.10787037037037035 0.032043530834341 0.1324074074074074
0 0.5816203143893591 0.4888888888888889 0.032648125755743655 0.12407407407407406
0 0.9733978234582831 0.02824074074074074 0.032648125755743655 0.054629629629629625
0 0.3657799274486095 0.02546296296296296 0.030229746070133016 0.04907407407407407
0 0.006952841596130593 0.9731481481481481 0.012696493349455865 0.05555555555555555
0 0.2107013301088271 0.9740740740740741 0.03325272067714632 0.05185185185185184
0 0.2766021765417171 0.9671296296296297 0.0441354292623942 0.06759259259259259
0 0.4407496977025393 0.9495370370370371 0.05441354292623943 0.10277777777777777
0 0.9126360338573157 0.9722222222222221 0.04292623941958888 0.05555555555555555
0 0.9262394195888755 0.9347222222222221 0.03990326481257558 0.13055555555555556
0 0.9613059250302298 0.975 0.03990326481257558 0.05185185185185184
0 0.9652357920193472 0.9374999999999999 0.05139056831922612 0.12314814814814815
0 0.8409915356711004 0.9101851851851852 0.05078597339782346 0.17037037037037037
0 0.8748488512696495 0.9148148148148147 0.04474002418379686 0.1648148148148148
0 0.49637243047158414 0.675 0.032648125755743655 0.15185185185185185
0 0.5102781136638453 0.6768518518518518 0.03990326481257558 0.17407407407407408
0 0.2276299879081016 0.7120370370370369 0.048972188633615486 0.17037037037037037
0 0.19316807738814995 0.6958333333333332 0.03688029020556228 0.17314814814814813
0 0.23307134220072553 0.6810185185185185 0.032043530834341 0.15648148148148147
0 0.3189238210399033 0.6842592592592592 0.0441354292623942 0.17777777777777776
0 0.3588270858524789 0.6981481481481481 0.0441354292623942 0.1685185185185185
0 0.39752116082224914 0.6958333333333333 0.0441354292623942 0.15092592592592594
0 0.6559854897218864 0.7393518518518519 0.036275695284159616 0.14537037037037034
0 0.6865175332527208 0.7444444444444444 0.041717049576783564 0.1685185185185185
0 0.6995163240628779 0.7865740740740741 0.03385731559854897 0.1175925925925926
0 0.8651753325272069 0.7449074074074072 0.064087061668682 0.18796296296296294
0 0.9114268440145104 0.7671296296296295 0.057436517533252726 0.14907407407407408
0 0.9785368802902057 0.7916666666666666 0.0380894800483676 0.15925925925925927
0 0.01662636033857316 0.6574074074074073 0.032043530834341 0.1685185185185185
0 0.03990326481257558 0.6652777777777777 0.0350665054413543 0.15277777777777776
0 0.06378476420798065 0.6296296296296297 0.034461910519951636 0.14259259259259258
0 0.12303506650544137 0.6310185185185184 0.041717049576783564 0.15092592592592594
0 0.18863361547763002 0.6314814814814814 0.036275695284159616 0.15185185185185185
0 0.24576783555018142 0.6412037037037037 0.04534461910519952 0.16574074074074074
0 0.25423216444981867 0.6064814814814814 0.035671100362756954 0.14629629629629629
0 0.30018137847642085 0.6449074074074074 0.046553808948004836 0.13425925925925924
0 0.3355501813784765 0.6282407407407408 0.032648125755743655 0.14907407407407408
0 0.7406287787182589 0.6523148148148148 0.04232164449818622 0.16574074074074074
0 0.8038089480048368 0.6148148148148148 0.0441354292623942 0.14074074074074075
0 0.8376662636033857 0.5837962962962963 0.0441354292623942 0.1398148148148148
0 0.5746674727932286 0.601388888888889 0.046553808948004836 0.16574074074074074
0 0.6112454655380894 0.600462962962963 0.03748488512696494 0.1398148148148148
0 0.6571946795646917 0.5888888888888888 0.041112454655380895 0.15925925925925927
0 0.6834945586457074 0.5638888888888888 0.041717049576783564 0.16666666666666666
0 0.7781136638452238 0.4736111111111111 0.04594921402660218 0.13796296296296295
0 0.8270858524788394 0.4717592592592592 0.04594921402660218 0.14537037037037034
0 0.8935912938331319 0.6796296296296297 0.04353083434099154 0.1685185185185185
0 0.9247279322853688 0.6726851851851852 0.0441354292623942 0.16574074074074074
0 0.8760580411124548 0.6013888888888889 0.047158403869407506 0.14351851851851852
0 0.9812575574365177 0.5393518518518517 0.036275695284159616 0.1675925925925926
0 0.9431680773881501 0.5675925925925925 0.03748488512696494 0.16296296296296295
0 0.9673518742442563 0.4921296296296296 0.03990326481257558 0.13796296296296295
0 0.8712212817412335 0.5217592592592593 0.03748488512696494 0.13796296296296295
0 0.9117291414752117 0.5166666666666667 0.03748488512696494 0.15185185185185185
0 0.8651753325272069 0.4722222222222222 0.03748488512696494 0.14629629629629629
0 0.8969165659008466 0.46712962962962956 0.039298669891172915 0.14537037037037034
0 0.9247279322853688 0.46296296296296297 0.039298669891172915 0.14814814814814817
0 0.9570737605804113 0.2916666666666667 0.041112454655380895 0.14629629629629629
0 0.4141475211608223 0.5527777777777777 0.04232164449818622 0.14814814814814817
0 0.4824667472793229 0.4671296296296296 0.048367593712212824 0.1472222222222222
0 0.5444377267230956 0.4351851851851851 0.03688029020556228 0.13518518518518519
0 0.5728536880290206 0.425 0.03688029020556228 0.14629629629629629
0 0.6348246674727932 0.41435185185185186 0.03385731559854897 0.15092592592592594
0 0.6689842805320436 0.3759259259259259 0.04292623941958888 0.13333333333333333
0 0.6877267230955261 0.41388888888888886 0.039298669891172915 0.1574074074074074
0 0.5897823458282951 0.49861111111111106 0.041717049576783564 0.1324074074074074
0 0.6106408706166868 0.5069444444444444 0.027811366384522373 0.12129629629629629
0 0.594316807738815 0.5648148148148148 0.04474002418379686 0.14259259259259258
0 0.7200725513905684 0.42361111111111105 0.03869407496977026 0.15648148148148147
0 0.7642079806529627 0.42407407407407405 0.036275695284159616 0.14814814814814817
0 0.8824062877871827 0.41805555555555557 0.032043530834341 0.1398148148148148
0 0.8422007255139057 0.29212962962962963 0.03990326481257558 0.13425925925925924
0 0.8754534461910521 0.26805555555555555 0.03143893591293833 0.12685185185185185
0 0.8458282950423217 0.27731481481481474 0.027811366384522373 0.12685185185185185
0 0.13512696493349458 0.5282407407407407 0.041717049576783564 0.16388888888888886
0 0.041717049576783564 0.562037037037037 0.03990326481257558 0.1648148148148148
0 0.07708585247883919 0.5699074074074074 0.048972188633615486 0.17129629629629628
0 0.34945586457073763 0.4402777777777777 0.03748488512696494 0.13796296296296295
0 0.23337363966142688 0.47129629629629627 0.03748488512696494 0.1574074074074074
0 0.2648125755743652 0.4736111111111111 0.03385731559854897 0.1398148148148148
0 0.30773881499395406 0.4981481481481481 0.03143893591293833 0.14814814814814817
0 0.2986698911729142 0.5203703703703704 0.03385731559854897 0.14074074074074075
0 0.2892986698911729 0.5597222222222221 0.039298669891172915 0.15462962962962962
0 0.3107617896009674 0.4435185185185185 0.04353083434099154 0.13518518518518519
0 0.3923821039903265 0.3587962962962962 0.041112454655380895 0.14537037037037034
0 0.503627569528416 0.4046296296296296 0.0350665054413543 0.13518518518518519
0 0.7557436517533254 0.38101851851851853 0.03869407496977026 0.13425925925925924
0 0.0852478839177751 0.45370370370370366 0.0350665054413543 0.14629629629629629
0 0.05139056831922613 0.4324074074074074 0.04232164449818622 0.15185185185185185
0 0.04232164449818622 0.3675925925925926 0.0350665054413543 0.14629629629629629
0 0.08766626360338574 0.34722222222222227 0.0350665054413543 0.13518518518518519
0 0.11880290205562274 0.3555555555555555 0.04050785973397824 0.1
0 0.16444981862152358 0.4074074074074074 0.03869407496977026 0.1537037037037037
0 0.18923821039903269 0.4189814814814815 0.03748488512696494 0.13796296296296295
0 0.002720677146311971 0.2513888888888889 0.004232164449818622 0.12685185185185185
0 0.03325272067714632 0.15787037037037036 0.027811366384522373 0.09907407407407406
0 0.06136638452237002 0.1273148148148148 0.032043530834341 0.12870370370370368
0 0.09099153567110037 0.22824074074074074 0.039298669891172915 0.1398148148148148
0 0.1765417170495768 0.3731481481481481 0.03869407496977026 0.14444444444444443
0 0.22823458282950423 0.29398148148148145 0.03688029020556228 0.14351851851851852
0 0.2587666263603386 0.3 0.03748488512696494 0.14814814814814817
0 0.7629987908101573 0.31759259259259254 0.0350665054413543 0.14629629629629629
0 0.7315598548972189 0.3273148148148148 0.03990326481257558 0.1398148148148148
0 0.7116082224909311 0.29537037037037034 0.03869407496977026 0.137037037037037
0 0.6741233373639661 0.2837962962962963 0.03869407496977026 0.14907407407407408
0 0.25332527206771466 0.17037037037037037 0.0350665054413543 0.13148148148148148
0 0.33524788391777516 0.17314814814814816 0.041717049576783564 0.13518518518518519
0 0.3748488512696494 0.17824074074074073 0.03748488512696494 0.13796296296296295
0 0.4071946795646917 0.1935185185185185 0.029625151148730353 0.12407407407407406
0 0.4740024183796856 0.14953703703703702 0.04353083434099154 0.12685185185185185
0 0.20979443772672313 0.1398148148148148 0.0350665054413543 0.1259259259259259
0 0.7373035066505442 0.15324074074074073 0.032043530834341 0.1324074074074074
0 0.6124546553808948 0.15277777777777776 0.03748488512696494 0.14074074074074075
0 0.6792623941958887 0.16805555555555554 0.029625151148730353 0.13425925925925924
0 0.6227327690447402 0.23842592592592593 0.04232164449818622 0.14351851851851852
0 0.6366384522370013 0.16944444444444443 0.027811366384522373 0.09074074074074073
0 0.650241837968561 0.18888888888888886 0.032043530834341 0.12407407407407406
0 0.7639056831922614 0.19398148148148148 0.032043530834341 0.12129629629629629
0 0.538391777509069 0.08657407407407408 0.034461910519951636 0.11388888888888889
0 0.5870616686819831 0.08657407407407407 0.03385731559854897 0.12870370370370368
0 0.637243047158404 0.056944444444444436 0.03143893591293833 0.11203703703703702
0 0.7155380894800485 0.07592592592592592 0.034461910519951636 0.12962962962962962
0 0.9328899637243048 0.2537037037037037 0.03990326481257558 0.14074074074074075
0 0.9295646916565902 0.17314814814814816 0.039298669891172915 0.12962962962962962
0 0.7880894800483677 0.10509259259259258 0.03688029020556228 0.14351851851851852
0 0.9144498186215236 0.23981481481481481 0.039298669891172915 0.14074074074074075
0 0.672007255139057 0.09259259259259259 0.032043530834341 0.12962962962962962
0 0.16747279322853692 0.0875 0.0350665054413543 0.14351851851851852
0 0.39691656590084645 0.1175925925925926 0.04292623941958888 0.137037037037037
0 0.5060459492140267 0.027777777777777776 0.030229746070133016 0.0537037037037037
0 0.4809552599758163 0.030092592592592594 0.032043530834341 0.058333333333333334
0 0.10731559854897219 0.0962962962962963 0.027206771463119714 0.12222222222222222
0 0.128174123337364 0.10324074074074073 0.0350665054413543 0.13796296296296295
0 0.3440145102781137 0.09675925925925925 0.0350665054413543 0.1324074074074074
0 0.23518742442563487 0.062037037037037036 0.03748488512696494 0.11666666666666667
0 0.9262394195888756 0.07037037037037036 0.032648125755743655 0.12037037037037036
0 0.9474002418379686 0.1175925925925926 0.0350665054413543 0.12962962962962962
0 0.9803506650544137 0.125 0.030834340991535675 0.137037037037037
0 0.9540507859733979 0.0824074074074074 0.030229746070133016 0.12407407407407406
0 0.32224909310761796 0.08009259259259259 0.02539298669891173 0.12129629629629629
0 0.33010882708585254 0.058796296296296284 0.027811366384522373 0.11574074074074073
0 0.01995163240628779 0.8648148148148148 0.03869407496977026 0.18888888888888886
0 0.2926239419588876 0.08472222222222221 0.032648125755743655 0.12685185185185185
0 0.749093107617896 0.06898148148148148 0.0350665054413543 0.1324074074074074
0 0.0701330108827086 0.08148148148148147 0.03385731559854897 0.12407407407407406
0 0.05169286577992746 0.09166666666666666 0.032043530834341 0.10185185185185185
0 0.12091898428053206 0.0625 0.03748488512696494 0.11388888888888889
0 0.42654171704957683 0.03703703703703703 0.03325272067714632 0.07222222222222222
0 0.652962515114873 0.05231481481481481 0.030229746070133016 0.10277777777777777
0 0.8739419588875454 0.2847222222222222 0.03688029020556228 0.1398148148148148
0 0.7932285368802903 0.16435185185185183 0.0350665054413543 0.1324074074074074
0 0.23609431680773885 0.45370370370370366 0.032043530834341 0.14074074074074075
0 0.594316807738815 0.6606481481481481 0.05078597339782346 0.14351851851851852
0 0.5516928657799275 0.6300925925925925 0.0441354292623942 0.17129629629629628
0 0.6172914147521161 0.6388888888888888 0.03748488512696494 0.1574074074074074
0 0.7726723095525999 0.7254629629629629 0.05441354292623943 0.14907407407407408
0 0.21523579201934706 0.43425925925925923 0.03143893591293833 0.14259259259259258
0 0.26844014510278114 0.44259259259259254 0.03748488512696494 0.14629629629629629
0 0.572249093107618 0.39444444444444443 0.032043530834341 0.12962962962962962
0 0.564087061668682 0.39444444444444443 0.04232164449818622 0.13518518518518519
0 0.5441354292623942 0.41759259259259257 0.02902055622732769 0.12962962962962962
0 0.3941958887545345 0.42777777777777776 0.0350665054413543 0.13518518518518519
0 0.4105199516324063 0.33796296296296297 0.03143893591293833 0.13333333333333333
0 0.43772672309552607 0.35694444444444445 0.0350665054413543 0.13796296296296295
0 0.4758162031438936 0.3467592592592592 0.030229746070133016 0.0824074074074074
0 0.5075574365175334 0.3777777777777777 0.03688029020556228 0.14629629629629629
0 0.4455864570737606 0.5319444444444444 0.03869407496977026 0.14907407407407408
0 0.3863361547762999 0.5879629629629629 0.030229746070133016 0.14629629629629629
0 0.379081015719468 0.5333333333333333 0.030229746070133016 0.12407407407407406
0 0.37333736396614275 0.4949074074074074 0.032043530834341 0.1324074074074074
0 0.255441354292624 0.08148148148148147 0.029625151148730353 0.09814814814814814
0 0.30834340991535675 0.08981481481481482 0.030229746070133016 0.11296296296296296
0 0.24425634824667475 0.14166666666666666 0.030229746070133016 0.137037037037037
0 0.1977025392986699 0.047222222222222214 0.030229746070133016 0.09259259259259259
0 0.47823458282950426 0.41203703703703703 0.027811366384522373 0.09074074074074073
0 0.4812575574365176 0.42453703703703705 0.026602176541717055 0.11018518518518518
0 0.2714631197097945 0.923148148148148 0.05199516324062878 0.14629629629629629
0 0.1568923821039903 0.13888888888888887 0.041717049576783564 0.1537037037037037
0 0.7515114873035068 0.05046296296296295 0.03143893591293833 0.09907407407407406
0 0.7817412333736398 0.05231481481481481 0.02902055622732769 0.10277777777777777
0 0.782950423216445 0.043981481481481476 0.030229746070133016 0.0861111111111111
0 0.005139056831922612 0.3837962962962963 0.009068923821039904 0.11018518518518518
0 0.13059250302297462 0.23240740740740742 0.032648125755743655 0.13148148148148148
0 0.0030229746070133015 0.8787037037037037 0.004836759371221282 0.16666666666666666
0 0.7593712212817413 0.04259259259259259 0.03385731559854897 0.08333333333333333
