0 0.5580411124546555 0.8976851851851851 0.04232164449818622 0.17129629629629628
0 0.5532043530834342 0.936574074074074 0.041112454655380895 0.12870370370370368
0 0.3890568319226119 0.5638888888888888 0.03688029020556228 0.13518518518518519
0 0.20193470374848854 0.6912037037037037 0.04232164449818622 0.16574074074074074
0 0.7629987908101573 0.875 0.048367593712212824 0.1574074074074074
0 0.7542321644498187 0.9101851851851851 0.05864570737605805 0.1722222222222222
0 0.7385126964933496 0.9296296296296295 0.046553808948004836 0.14074074074074075
0 0.3316203143893592 0.35231481481481475 0.04292623941958888 0.14907407407407408
0 0.2639056831922612 0.3472222222222222 0.032043530834341 0.14074074074074075
0 0.31136638452237003 0.4296296296296296 0.04232164449818622 0.14444444444444443
0 0.3612454655380895 0.36435185185185187 0.03688029020556228 0.14907407407407408
0 0.25272067714631197 0.3675925925925926 0.04232164449818622 0.14629629629629629
0 0.6330108827085853 0.9638888888888888 0.05199516324062878 0.07407407407407408
0 0.6735187424425635 0.9541666666666667 0.04232164449818622 0.09351851851851851
0 0.6227327690447402 0.9495370370370371 0.041112454655380895 0.10277777777777777
0 0.7469770253929867 0.056944444444444436 0.029625151148730353 0.09907407407407406
0 0.01844014510278114 0.4796296296296296 0.035671100362756954 0.13148148148148148
0 0.0861547762998791 0.49999999999999994 0.0441354292623942 0.1611111111111111
0 0.51360338573156 0.7439814814814815 0.046553808948004836 0.18796296296296294
0 0.041717049576783564 0.4180555555555555 0.032648125755743655 0.15648148148148147
0 0.02539298669891173 0.5569444444444444 0.04957678355501814 0.15833333333333333
0 0.7031438935912939 0.5388888888888889 0.041112454655380895 0.14629629629629629
0 0.7430471584038695 0.5157407407407407 0.05199516324062878 0.1574074074074074
0 0.7557436517533254 0.4393518518518518 0.04353083434099154 0.13425925925925924
0 0.8434099153567111 0.5347222222222222 0.04474002418379686 0.14907407407407408
0 0.8155985489721886 0.5462962962962963 0.04474002418379686 0.1574074074074074
0 0.7950423216444983 0.6796296296296295 0.04594921402660218 0.1574074074074074
0 0.969770253929867 0.9587962962962963 0.04474002418379686 0.08425925925925926
0 0.8086457073760582 0.9583333333333334 0.041717049576783564 0.08333333333333333
0 0.8446191051995164 0.9439814814814814 0.048367593712212824 0.11388888888888889
0 0.8700120918984282 0.962962962962963 0.036275695284159616 0.07592592592592592
0 0.7769044740024185 0.9740740740740741 0.048367593712212824 0.0537037037037037
0 0.6121523579201935 0.9027777777777778 0.046553808948004836 0.15185185185185185
0 0.5840386940749698 0.9435185185185184 0.04353083434099154 0.1148148148148148
0 0.977025392986699 0.7587962962962962 0.04353083434099154 0.14537037037037034
0 0.2666263603385732 0.9087962962962962 0.048367593712212824 0.1787037037037037
0 0.26511487303506653 0.8949074074074074 0.04776299879081017 0.18425925925925926
0 0.8536880290205562 0.8569444444444444 0.03990326481257558 0.15462962962962962
0 0.8978234582829505 0.8874999999999998 0.03748488512696494 0.13796296296296295
0 0.9356106408706167 0.8944444444444444 0.048972188633615486 0.1796296296296296
0 0.8425030229746071 0.3842592592592593 0.035671100362756954 0.13518518518518519
0 0.8636638452237002 0.3777777777777777 0.041717049576783564 0.11851851851851851
0 0.08343409915356712 0.9226851851851852 0.05078597339782346 0.1472222222222222
0 0.12636033857315598 0.9138888888888889 0.047158403869407506 0.17407407407407408
0 0.04987908101571947 0.986574074074074 0.029625151148730353 0.0287037037037037
0 0.2941354292623942 0.6703703703703704 0.048972188633615486 0.15925925925925927
0 0.35036275695284164 0.6384259259259258 0.041717049576783564 0.16574074074074074
0 0.37726723095526 0.6587962962962963 0.036275695284159616 0.1324074074074074
0 0.5550181378476421 0.9486111111111111 0.036275695284159616 0.10277777777777777
0 0.510882708585248 0.9333333333333333 0.056831922611850064 0.13333333333333333
0 0.8361547762998791 0.6712962962962962 0.05320435308343411 0.1537037037037037
0 0.043228536880290214 0.4851851851851851 0.046553808948004836 0.15185185185185185
0 0.2345828295042322 0.6037037037037037 0.03869407496977026 0.15555555555555553
0 0.23700120918984283 0.5888888888888888 0.03385731559854897 0.14814814814814817
0 0.18651753325272066 0.5986111111111111 0.041717049576783564 0.1398148148148148
0 0.20314389359129384 0.5541666666666667 0.04232164449818622 0.14351851851851852
0 0.16475211608222493 0.5773148148148147 0.039298669891172915 0.15092592592592594
0 0.24123337363966146 0.6564814814814814 0.04353083434099154 0.15185185185185185
0 0.38361547762998793 0.2518518518518518 0.03325272067714632 0.13148148148148148
0 0.407496977025393 0.25787037037037036 0.02902055622732769 0.1324074074074074
0 0.23821039903264815 0.6268518518518518 0.032648125755743655 0.12962962962962962
0 0.7128174123337364 0.9643518518518518 0.04474002418379686 0.07314814814814814
0 0.6765417170495768 0.9800925925925925 0.03748488512696494 0.041666666666666664
0 0.42200725513905685 0.4939814814814814 0.02902055622732769 0.11574074074074073
0 0.7152357920193472 0.40138888888888885 0.03748488512696494 0.13055555555555556
0 0.75453446191052 0.412962962962963 0.03869407496977026 0.13888888888888887
0 0.2666263603385732 0.3962962962962963 0.036275695284159616 0.14259259259259258
0 0.24909310761789602 0.41203703703703703 0.0350665054413543 0.14259259259259258
0 0.925634824667473 0.7027777777777776 0.04474002418379686 0.137037037037037
0 0.30773881499395406 0.9773148148148147 0.03748488512696494 0.047222222222222214
0 0.4603990326481258 0.9851851851851852 0.039298669891172915 0.03148148148148148
0 0.4737001209189844 0.6847222222222221 0.039298669891172915 0.14907407407407408
0 0.47974607013301096 0.700462962962963 0.039298669891172915 0.1675925925925926
0 0.21432889963724305 0.7537037037037037 0.053808948004836765 0.17407407407407408
0 0.1765417170495768 0.7300925925925926 0.04232164449818622 0.17685185185185184
0 0.20435308343409916 0.7185185185185184 0.04353083434099154 0.1648148148148148
0 0.5489721886336155 0.5574074074074074 0.03869407496977026 0.1574074074074074
0 0.3189238210399033 0.7907407407407406 0.046553808948004836 0.16296296296296295
0 0.4483071342200726 0.4912037037037037 0.05864570737605805 0.13055555555555556
0 0.9059854897218864 0.7249999999999999 0.034461910519951636 0.14814814814814817
0 0.8836154776299879 0.7351851851851852 0.034461910519951636 0.1259259259259259
0 0.5900846432889965 0.5574074074074074 0.041112454655380895 0.1537037037037037
0 0.8724304715840389 0.3393518518518518 0.032648125755743655 0.1472222222222222
0 0.8606408706166869 0.3125 0.03688029020556228 0.13796296296296295
0 0.8370616686819831 0.31342592592592594 0.034461910519951636 0.1398148148148148
0 0.34885126964933494 0.4972222222222221 0.03748488512696494 0.13148148148148148
0 0.20102781136638456 0.48611111111111105 0.048972188633615486 0.13518518518518519
0 0.23095525997581626 0.48287037037037034 0.032648125755743655 0.1324074074074074
0 0.2941354292623942 0.5115740740740741 0.034461910519951636 0.15648148148148147
0 0.11457073760580412 0.9611111111111109 0.0441354292623942 0.07962962962962963
0 0.47400241837968565 0.4527777777777777 0.027811366384522373 0.13518518518518519
0 0.05259975816203144 0.175 0.036275695284159616 0.1259259259259259
0 0.3603385731559855 0.726388888888889 0.04353083434099154 0.16018518518518518
0 0.18440145102781139 0.7939814814814814 0.047158403869407506 0.15648148148148147
0 0.38029020556227333 0.7546296296296297 0.03990326481257558 0.1685185185185185
0 0.281136638452237 0.7555555555555554 0.04957678355501814 0.17592592592592593
0 0.2055622732769045 0.20138888888888887 0.036275695284159616 0.13796296296296295
0 0.7110036275695285 0.19398148148148148 0.0350665054413543 0.13796296296296295
0 0.20586457073760583 0.9495370370370371 0.050181378476420804 0.10277777777777777
0 0.15900846432889965 0.8337962962962961 0.06892382103990327 0.17314814814814813
0 0.284764207980653 0.8486111111111111 0.064087061668682 0.16574074074074074
0 0.2466747279322854 0.8421296296296296 0.04957678355501814 0.13796296296296295
0 0.8388754534461911 0.3222222222222222 0.03325272067714632 0.13148148148148148
0 0.2116082224909311 0.48055555555555546 0.030229746070133016 0.13518518518518519
0 0.45193470374848854 0.7592592592592593 0.046553808948004836 0.15185185185185185
0 0.6735187424425635 0.7310185185185184 0.04594921402660218 0.15092592592592594
0 0.1916565900846433 0.4606481481481481 0.0350665054413543 0.1324074074074074
0 0.3866384522370013 0.4611111111111111 0.034461910519951636 0.1074074074074074
0 0.4655380894800484 0.561574074074074 0.036275695284159616 0.1398148148148148
0 0.44951632406287795 0.5180555555555555 0.039298669891172915 0.10462962962962963
0 0.407496977025393 0.4259259259259259 0.047158403869407506 0.15925925925925927
0 0.4631197097944378 0.42916666666666664 0.032648125755743655 0.1398148148148148
0 0.4924425634824668 0.4157407407407407 0.03325272067714632 0.14814814814814817
0 0.31650544135429265 0.7282407407407407 0.041717049576783564 0.16203703703703703
0 0.39842805320435315 0.6481481481481481 0.030229746070133016 0.14629629629629629
0 0.3585247883917776 0.5722222222222222 0.03748488512696494 0.14814814814814817
0 0.35550181378476425 0.548148148148148 0.03748488512696494 0.14629629629629629
0 0.43712212817412344 0.44537037037037036 0.027811366384522373 0.12407407407407406
0 0.5087666263603386 0.5662037037037037 0.04050785973397824 0.12870370370370368
0 0.26723095525997587 0.9351851851851851 0.047158403869407506 0.13148148148148148
0 0.7327690447400242 0.08657407407407408 0.04232164449818622 0.1175925925925926
0 0.7657194679564692 0.09398148148148147 0.02478839177750907 0.11203703703703702
0 0.4951632406287788 0.35 0.0350665054413543 0.10185185185185185
0 0.47339782345828296 0.32916666666666666 0.0350665054413543 0.13425925925925924
0 0.8198307134220073 0.24351851851851852 0.03990326481257558 0.14629629629629629
0 0.8787787182587666 0.18425925925925926 0.041717049576783564 0.12407407407407406
0 0.8431076178960097 0.2722222222222222 0.034461910519951636 0.1074074074074074
0 0.9622128174123339 0.487962962962963 0.046553808948004836 0.14814814814814817
0 0.9882103990326483 0.5013888888888889 0.02237001209189843 0.14537037037037034
0 0.8715235792019348 0.7384259259259259 0.048972188633615486 0.1675925925925926
0 0.9117291414752117 0.8060185185185185 0.04353083434099154 0.14907407407407408
0 0.9749093107617897 0.8203703703703703 0.032043530834341 0.12407407407407406
0 0.6457073760580413 0.7 0.041112454655380895 0.1685185185185185
0 0.9613059250302298 0.8634259259259259 0.03748488512696494 0.16203703703703703
0 0.9298669891172915 0.9597222222222221 0.05320435308343411 0.0824074074074074
0 0.6853083434099154 0.15833333333333333 0.034461910519951636 0.1259259259259259
0 0.5906892382103991 0.13888888888888887 0.0350665054413543 0.11851851851851851
0 0.6185006045949215 0.15787037037037036 0.032648125755743655 0.13796296296296295
0 0.665659008464329 0.15138888888888888 0.03748488512696494 0.12685185185185185
0 0.6045949214026604 0.1861111111111111 0.03748488512696494 0.14259259259259258
0 0.5332527206771464 0.18333333333333332 0.036275695284159616 0.137037037037037
0 0.7766021765417171 0.15046296296296297 0.035671100362756954 0.12685185185185185
0 0.650241837968561 0.22546296296296298 0.04292623941958888 0.13425925925925924
0 0.6097339782345829 0.23935185185185184 0.032043530834341 0.12129629629629629
0 0.7288391777509069 0.33287037037037037 0.039298669891172915 0.13425925925925924
0 0.6454050785973399 0.3282407407407407 0.048972188633615486 0.15092592592592594
0 0.6076178960096735 0.3638888888888889 0.04474002418379686 0.14259259259259258
0 0.7073760580411126 0.35972222222222217 0.027811366384522373 0.09351851851851851
0 0.6423821039903266 0.37407407407407406 0.035671100362756954 0.13518518518518519
0 0.5362756952841597 0.26481481481481484 0.0350665054413543 0.12962962962962962
0 0.509975816203144 0.27037037037037037 0.029625151148730353 0.1148148148148148
0 0.5275090689238211 0.15092592592592594 0.03688029020556228 0.13518518518518519
0 0.5006045949214027 0.15185185185185185 0.027811366384522373 0.11851851851851851
0 0.7605804111245467 0.07685185185185185 0.027811366384522373 0.10370370370370369
0 0.6762394195888755 0.3680555555555555 0.041717049576783564 0.14907407407407408
0 0.6166868198307134 0.44351851851851853 0.03990326481257558 0.14629629629629629
0 0.6414752116082225 0.45092592592592595 0.03869407496977026 0.15185185185185185
0 0.6632406287787183 0.4337962962962963 0.03990326481257558 0.15092592592592594
0 0.4008464328899638 0.17175925925925925 0.0350665054413543 0.11574074074074073
0 0.33857315598548976 0.23703703703703702 0.03748488512696494 0.13518518518518519
0 0.4528415961305925 0.14953703703703702 0.03385731559854897 0.13425925925925924
0 0.43651753325272075 0.12685185185185185 0.0350665054413543 0.1259259259259259
0 0.37756952841596136 0.1564814814814815 0.03325272067714632 0.11851851851851851
0 0.11185006045949215 0.22129629629629627 0.04474002418379686 0.15185185185185185
0 0.1977025392986699 0.26111111111111107 0.03748488512696494 0.14259259259259258
0 0.22793228536880292 0.27777777777777773 0.03990326481257558 0.13148148148148148
0 0.5607617896009675 0.735648148148148 0.048972188633615486 0.16574074074074074
0 0.7696493349455865 0.5564814814814815 0.04353083434099154 0.14074074074074075
0 0.6880290205562274 0.4796296296296296 0.04474002418379686 0.1574074074074074
0 0.632708585247884 0.48611111111111105 0.04776299879081017 0.14074074074074075
0 0.025090689238210402 0.19675925925925922 0.039298669891172915 0.12870370370370368
0 0.1073155985489722 0.17083333333333334 0.04534461910519952 0.1398148148148148
0 0.13422007255139057 0.13564814814814816 0.03748488512696494 0.12685185185185185
0 0.15900846432889965 0.16064814814814815 0.030229746070133016 0.12129629629629629
0 0.25453446191052 0.13472222222222222 0.0350665054413543 0.11944444444444444
0 0.2808343409915357 0.13518518518518519 0.034461910519951636 0.12222222222222222
0 0.15477629987908104 0.1 0.03990326481257558 0.14259259259259258
0 0.0761789600967352 0.07083333333333333 0.0350665054413543 0.12685185185185185
0 0.15296251511487305 0.22916666666666666 0.036275695284159616 0.13796296296296295
0 0.5595525997581622 0.11666666666666667 0.029625151148730353 0.12407407407407406
0 0.6009673518742443 0.10833333333333334 0.030229746070133016 0.13333333333333333
0 0.629987908101572 0.09675925925925925 0.027811366384522373 0.12685185185185185
0 0.2116082224909311 0.41435185185185186 0.03748488512696494 0.14907407407407408
0 0.003929866989117292 0.32407407407407407 0.006650544135429264 0.14074074074074075
0 0.014812575574365175 0.32916666666666666 0.028415961305925032 0.1398148148148148
0 0.16051995163240632 0.3425925925925926 0.04050785973397824 0.14814814814814817
0 0.12394195888754535 0.3342592592592592 0.03990326481257558 0.13888888888888887
0 0.5607617896009675 0.3226851851851852 0.03688029020556228 0.13425925925925924
0 0.5362756952841596 0.34722222222222227 0.041112454655380895 0.13518518518518519
0 0.19195888754534463 0.37546296296296294 0.039298669891172915 0.15277777777777776
0 0.23548972188633618 0.39444444444444443 0.03688029020556228 0.14814814814814817
0 0.31559854897218864 0.5518518518518518 0.04232164449818622 0.1796296296296296
0 0.27025392986698915 0.5648148148148148 0.041112454655380895 0.15185185185185185
0 0.010278113663845224 0.462037037037037 0.01934703748488513 0.137037037037037
0 0.012998790810157194 0.3777777777777777 0.02478839177750907 0.12962962962962962
0 0.7484885126964934 0.31111111111111106 0.04594921402660218 0.15925925925925927
0 0.9715840386940751 0.21481481481481482 0.03748488512696494 0.14259259259259258
0 0.9764207980652964 0.16342592592592592 0.03143893591293833 0.12129629629629629
0 0.9434703748488514 0.14490740740740737 0.032043530834341 0.14351851851851852
0 0.987908101571947 0.05509259259259259 0.02297460701330109 0.10833333333333334
0 0.9600967351874244 0.04907407407407407 0.030229746070133016 0.0962962962962963
0 0.9135429262394197 0.16296296296296295 0.03990326481257558 0.12962962962962962
0 0.02750906892382104 0.09953703703703703 0.0441354292623942 0.13425925925925924
0 0.09703748488512698 0.1532407407407407 0.03688029020556228 0.12685185185185185
0 0.07557436517533254 0.09351851851851851 0.03748488512696494 0.14074074074074075
0 0.3412938331318017 0.1537037037037037 0.032043530834341 0.1259259259259259
0 0.5864570737605804 0.2300925925925926 0.03869407496977026 0.12314814814814815
0 0.18198307134220074 0.1111111111111111 0.032648125755743655 0.14074074074074075
0 0.5522974607013302 0.18657407407407406 0.034461910519951636 0.12870370370370368
0 0.6287787182587666 0.17685185185185184 0.0350665054413543 0.13518518518518519
0 0.3276904474002419 0.1300925925925926 0.0350665054413543 0.13796296296296295
0 0.5900846432889965 0.16527777777777777 0.03748488512696494 0.1324074074074074
0 0.41777509068923824 0.09861111111111111 0.032648125755743655 0.14351851851851852
0 0.6451027811366385 0.12546296296296297 0.03990326481257558 0.1398148148148148
0 0.6448004836759372 0.06666666666666667 0.03688029020556228 0.13148148148148148
0 0.6133615477629989 0.05555555555555555 0.03688029020556228 0.10925925925925925
0 0.5532043530834342 0.029166666666666667 0.0350665054413543 0.05648148148148148
0 0.442261185006046 0.07916666666666666 0.03688029020556228 0.12870370370370368
0 0.44981862152357927 0.03657407407407407 0.030229746070133016 0.07129629629629629
0 0.13089480048367594 0.09722222222222222 0.032043530834341 0.12407407407407406
0 0.189540507859734 0.029166666666666667 0.029625151148730353 0.05648148148148148
0 0.32950423216444985 0.029629629629629627 0.032648125755743655 0.0574074074074074
0 0.23004836759371225 0.038425925925925926 0.034461910519951636 0.075
0 0.25090689238210406 0.038425925925925926 0.0350665054413543 0.075
0 0.38391777509068925 0.062037037037037036 0.0350665054413543 0.11666666666666667
0 0.1596130592503023 0.04814814814814814 0.030229746070133016 0.09444444444444443
0 0.2209794437726723 0.06712962962962962 0.032043530834341 0.12870370370370368
0 0.2551390568319227 0.06111111111111111 0.0350665054413543 0.1148148148148148
0 0.528415961305925 0.11064814814814813 0.0350665054413543 0.12685185185185185
0 0.5120918984280532 0.08842592592592592 0.036275695284159616 0.12870370370370368
0 0.4071946795646917 0.08518518518518518 0.032043530834341 0.0962962962962963
0 0.37273276904474006 0.06018518518518519 0.027206771463119714 0.10925925925925925
0 0.3621523579201935 0.06666666666666667 0.0350665054413543 0.12777777777777777
0 0.29141475211608225 0.10046296296296295 0.032648125755743655 0.11574074074074073
0 0.3240628778718259 0.0699074074074074 0.030229746070133016 0.1175925925925926
0 0.31831922611850066 0.05277777777777777 0.029625151148730353 0.10370370370370369
0 0.49153567110036284 0.032407407407407406 0.03748488512696494 0.06296296296296296
0 0.3917775090689239 0.10277777777777777 0.032648125755743655 0.11851851851851851
0 0.3579201934703749 0.09629629629629628 0.027811366384522373 0.12037037037037036
0 0.10943168077388152 0.07685185185185185 0.0350665054413543 0.12962962962962962
0 0.29020556227327693 0.06898148148148149 0.032648125755743655 0.12129629629629629
0 0.19316807738814995 0.025 0.032043530834341 0.04814814814814815
0 0.1786577992744861 0.1300925925925926 0.027206771463119714 0.11018518518518518
0 0.2043530834340992 0.024074074074074074 0.032648125755743655 0.046296296296296294
0 0.7249093107617897 0.06435185185185184 0.027811366384522373 0.11018518518518518
0 0.20253929866989118 0.11851851851851851 0.0350665054413543 0.14259259259259258
