0 0.5290205562273278 0.4509259259259259 0.03990326481257558 0.14074074074074075
0 0.5525997581620316 0.4439814814814814 0.0350665054413543 0.1324074074074074
0 0.5958282950423217 0.6180555555555555 0.05139056831922612 0.16574074074074074
0 0.5710399032648126 0.6439814814814814 0.0441354292623942 0.13796296296296295
0 0.969770253929867 0.7967592592592593 0.05441354292623943 0.1787037037037037
0 0.6157799274486094 0.5925925925925927 0.034461910519951636 0.14074074074074075
0 0.5879685610640871 0.4421296296296296 0.04292623941958888 0.16203703703703703
0 0.4480048367593713 0.3157407407407407 0.04232164449818622 0.17037037037037037
0 0.6275695284159613 0.6324074074074074 0.03990326481257558 0.16296296296296295
0 0.6321039903264812 0.6083333333333332 0.039298669891172915 0.14629629629629629
0 0.6188029020556227 0.6833333333333333 0.0441354292623942 0.15185185185185185
0 0.5888754534461911 0.5587962962962962 0.04474002418379686 0.15462962962962962
0 0.5891777509068925 0.7305555555555555 0.048972188633615486 0.1796296296296296
0 0.44498186215235797 0.8055555555555555 0.05441354292623943 0.19074074074074074
0 0.6584038694074971 0.6180555555555556 0.03748488512696494 0.15092592592592594
0 0.48276904474002424 0.7222222222222221 0.046553808948004836 0.15925925925925927
0 0.7016324062877872 0.6990740740740741 0.048972188633615486 0.17407407407407408
0 0.4812575574365176 0.31759259259259254 0.04474002418379686 0.1574074074074074
0 0.6974002418379686 0.5287037037037037 0.05622732769044741 0.17592592592592593
0 0.7823458282950425 0.861574074074074 0.055622732769044746 0.19537037037037036
0 0.9195888754534463 0.9398148148148148 0.04353083434099154 0.11851851851851851
0 0.8174123337363967 0.8819444444444444 0.05199516324062878 0.16574074074074074
0 0.6674727932285369 0.7087962962962963 0.03990326481257558 0.16018518518518518
0 0.5631801692865781 0.6953703703703702 0.05139056831922612 0.16296296296296295
0 0.8603385731559856 0.7685185185185185 0.04594921402660218 0.15925925925925927
0 0.9534461910519952 0.9333333333333333 0.05320435308343411 0.13518518518518519
0 0.6865175332527207 0.6092592592592593 0.0441354292623942 0.1574074074074074
0 0.5680169286577994 0.6268518518518518 0.032043530834341 0.1259259259259259
0 0.6200120918984281 0.5078703703703703 0.039298669891172915 0.15833333333333333
0 0.5193470374848852 0.7203703703703702 0.047158403869407506 0.1796296296296296
0 0.5595525997581622 0.637962962962963 0.032043530834341 0.12407407407407406
0 0.5782950423216446 0.5421296296296296 0.03688029020556228 0.15092592592592594
0 0.8292019347037486 0.7666666666666665 0.0441354292623942 0.12962962962962962
0 0.9610036275695285 0.8930555555555555 0.048972188633615486 0.17314814814814813
0 0.8802902055622733 0.9013888888888888 0.047158403869407506 0.15462962962962962
0 0.02539298669891173 0.724074074074074 0.04957678355501814 0.16296296296296295
0 0.05441354292623943 0.7101851851851851 0.05078597339782346 0.1722222222222222
0 0.5114873035066506 0.26666666666666666 0.032648125755743655 0.12962962962962962
0 0.564087061668682 0.23935185185185184 0.0350665054413543 0.12129629629629629
0 0.04443772672309553 0.2935185185185185 0.0441354292623942 0.14629629629629629
0 0.08162031438935914 0.2287037037037037 0.04232164449818622 0.15185185185185185
0 0.09008464328899637 0.41203703703703703 0.04232164449818622 0.1574074074074074
0 0.126360338573156 0.25601851851851853 0.03990326481257558 0.13425925925925924
0 0.6351269649334946 0.3597222222222223 0.03688029020556228 0.14351851851851852
0 0.5453446191051996 0.20138888888888887 0.04474002418379686 0.13796296296296295
0 0.4132406287787183 0.31990740740740736 0.04292623941958888 0.14907407407407408
0 0.5985489721886337 0.34259259259259256 0.03990326481257558 0.1574074074074074
0 0.6287787182587666 0.3194444444444444 0.03748488512696494 0.15925925925925927
0 0.567714631197098 0.3157407407407407 0.03748488512696494 0.15185185185185185
0 0.5906892382103991 0.31851851851851853 0.0350665054413543 0.13518518518518519
0 0.4758162031438936 0.24999999999999997 0.032648125755743655 0.12407407407407406
0 0.727932285368803 0.3601851851851851 0.04353083434099154 0.1648148148148148
0 0.7475816203143895 0.350462962962963 0.04050785973397824 0.15462962962962962
0 0.7167472793228539 0.13657407407407407 0.035671100362756954 0.12314814814814815
0 0.4951632406287788 0.2717592592592592 0.03990326481257558 0.13425925925925924
0 0.5012091898428054 0.3037037037037037 0.04232164449818622 0.16296296296296295
0 0.5405078597339783 0.29953703703703705 0.036275695284159616 0.13796296296296295
0 0.5157194679564692 0.3481481481481481 0.04232164449818622 0.14074074074074075
0 0.5426239419588876 0.36157407407407405 0.039298669891172915 0.1324074074074074
0 0.6296856106408706 0.4046296296296296 0.0441354292623942 0.15925925925925927
0 0.6577992744860943 0.42268518518518516 0.03990326481257558 0.13425925925925924
0 0.6925634824667474 0.43287037037037035 0.03688029020556228 0.14351851851851852
0 0.8920798065296253 0.45833333333333326 0.04292623941958888 0.1574074074074074
0 0.7194679564691658 0.44583333333333336 0.04474002418379686 0.14351851851851852
0 0.6795646916565902 0.7976851851851852 0.04232164449818622 0.1675925925925926
0 0.7058645707376058 0.8004629629629628 0.053808948004836765 0.1824074074074074
0 0.7636033857315598 0.5458333333333333 0.03748488512696494 0.15648148148148147
0 0.8255743651753327 0.5972222222222221 0.04534461910519952 0.1685185185185185
0 0.722490931076179 0.5689814814814814 0.041112454655380895 0.16018518518518518
0 0.9818621523579203 0.350462962962963 0.0350665054413543 0.15462962962962962
0 0.9570737605804113 0.36296296296296293 0.03748488512696494 0.12037037037037036
0 0.9268440145102782 0.8111111111111111 0.04474002418379686 0.15925925925925927
0 0.9791414752116083 0.6856481481481481 0.04050785973397824 0.1787037037037037
0 0.8663845223700122 0.3342592592592593 0.03990326481257558 0.13518518518518519
0 0.9008464328899639 0.3393518518518518 0.03748488512696494 0.12314814814814815
0 0.9419588875453447 0.6953703703703703 0.05320435308343411 0.14814814814814817
0 0.8923821039903266 0.6180555555555555 0.04594921402660218 0.15462962962962962
0 0.857920193470375 0.6268518518518518 0.05441354292623943 0.1796296296296296
0 0.8941958887545345 0.3 0.03990326481257558 0.14629629629629629
0 0.9135429262394197 0.29814814814814816 0.03869407496977026 0.12962962962962962
0 0.8929866989117293 0.21342592592592588 0.041112454655380895 0.1324074074074074
0 0.5522974607013301 0.1712962962962963 0.0441354292623942 0.15185185185185185
0 0.5244860943168078 0.1773148148148148 0.034461910519951636 0.11574074074074073
0 0.8963119709794438 0.29583333333333334 0.029625151148730353 0.12685185185185185
0 0.8724304715840387 0.312962962962963 0.030229746070133016 0.10185185185185185
0 0.9274486094316808 0.3319444444444445 0.03748488512696494 0.12129629629629629
0 0.9404474002418381 0.312962962962963 0.032043530834341 0.12407407407407406
0 0.8007859733978235 0.5800925925925925 0.041717049576783564 0.15462962962962962
0 0.7391172914147522 0.5912037037037037 0.04050785973397824 0.15648148148148147
0 0.9640266021765418 0.7078703703703703 0.07073760580411126 0.22129629629629627
0 0.2723700120918985 0.8972222222222221 0.062273276904474005 0.1722222222222222
0 0.3923821039903265 0.8893518518518518 0.05199516324062878 0.15648148148148147
0 0.20435308343409916 0.2638888888888889 0.04232164449818622 0.1574074074074074
0 0.6834945586457074 0.30787037037037035 0.05139056831922612 0.16018518518518518
0 0.727025392986699 0.23564814814814816 0.034461910519951636 0.12129629629629629
0 0.8712212817412335 0.19305555555555554 0.03869407496977026 0.12870370370370368
0 0.9283555018137848 0.18055555555555552 0.039298669891172915 0.12962962962962962
0 0.9782345828295043 0.17592592592592593 0.04353083434099154 0.14259259259259258
0 0.9900241837968561 0.11620370370370368 0.01995163240628779 0.1324074074074074
0 0.9510278113663846 0.1449074074074074 0.03869407496977026 0.1398148148148148
0 0.9280532043530835 0.11666666666666667 0.03748488512696494 0.11851851851851851
0 0.9467956469165659 0.09768518518518518 0.03385731559854897 0.12685185185185185
0 0.8839177750906894 0.11203703703703702 0.03748488512696494 0.11851851851851851
0 0.8675937122128176 0.07268518518518517 0.03748488512696494 0.12129629629629629
0 0.885429262394196 0.07129629629629629 0.032043530834341 0.1074074074074074
0 0.914752116082225 0.0736111111111111 0.0350665054413543 0.10648148148148147
0 0.9489117291414753 0.03888888888888888 0.034461910519951636 0.07592592592592592
0 0.9223095525997583 0.05046296296296295 0.032043530834341 0.09907407407407406
0 0.878174123337364 0.030555555555555555 0.029625151148730353 0.059259259259259255
0 0.9017533252720678 0.02175925925925926 0.034461910519951636 0.041666666666666664
0 0.04353083434099154 0.15324074074074073 0.03748488512696494 0.12314814814814815
0 0.15054413542926243 0.16018518518518518 0.04232164449818622 0.12962962962962962
0 0.12363966142684403 0.14768518518518517 0.039298669891172915 0.1324074074074074
0 0.15326481257557437 0.07731481481481482 0.032043530834341 0.125
0 0.08313180169286578 0.1597222222222222 0.034461910519951636 0.13425925925925924
0 0.04927448609431681 0.06666666666666667 0.032043530834341 0.12407407407407406
0 0.017533252720677146 0.06805555555555555 0.03385731559854897 0.13055555555555556
0 0.064087061668682 0.10324074074074073 0.041112454655380895 0.12870370370370368
0 0.09915356711003628 0.10740740740740741 0.041112454655380895 0.13518518518518519
0 0.11305925030229748 0.06574074074074074 0.036275695284159616 0.12222222222222222
0 0.14087061668681986 0.03657407407407407 0.03748488512696494 0.07129629629629629
0 0.18107617896009673 0.03888888888888888 0.03688029020556228 0.07592592592592592
0 0.20677146311970984 0.047222222222222214 0.030229746070133016 0.09259259259259259
0 0.2889963724304716 0.137037037037037 0.03748488512696494 0.13148148148148148
0 0.31469165659008463 0.10694444444444444 0.03688029020556228 0.12314814814814815
0 0.26874244256348245 0.07129629629629629 0.029625151148730353 0.1074074074074074
0 0.3863361547762999 0.07916666666666665 0.036275695284159616 0.1472222222222222
0 0.29504232164449823 0.07268518518518517 0.03748488512696494 0.12870370370370368
0 0.3119709794437727 0.10138888888888889 0.032648125755743655 0.12870370370370368
0 0.2983675937122129 0.11018518518518518 0.02478839177750907 0.08703703703703704
0 0.49365175332527217 0.21527777777777776 0.03688029020556228 0.14351851851851852
0 0.6723095525997583 0.2347222222222222 0.04474002418379686 0.1398148148148148
0 0.6774486094316808 0.21064814814814817 0.03325272067714632 0.13796296296296295
0 0.4809552599758163 0.17129629629629628 0.039298669891172915 0.12962962962962962
0 0.5912938331318017 0.11620370370370368 0.03990326481257558 0.11574074074074073
0 0.6454050785973399 0.12546296296296294 0.039298669891172915 0.1324074074074074
0 0.7983675937122129 0.14490740740740737 0.03688029020556228 0.12685185185185185
0 0.7134220072551392 0.11388888888888887 0.0350665054413543 0.137037037037037
0 0.717049576783555 0.1361111111111111 0.0350665054413543 0.12407407407407406
0 0.6656590084643289 0.1439814814814815 0.0350665054413543 0.125
0 0.6732164449818622 0.05185185185185184 0.032043530834341 0.10185185185185185
0 0.6381499395405079 0.08657407407407407 0.041717049576783564 0.1324074074074074
0 0.6366384522370012 0.05277777777777777 0.03990326481257558 0.10370370370370369
0 0.5991535671100363 0.05416666666666666 0.032648125755743655 0.10648148148148147
0 0.5692261185006047 0.053240740740740734 0.034461910519951636 0.10462962962962963
0 0.528415961305925 0.13194444444444445 0.03748488512696494 0.1324074074074074
0 0.441354292623942 0.10185185185185185 0.03748488512696494 0.13148148148148148
0 0.3591293833131802 0.056944444444444436 0.03143893591293833 0.11203703703703702
0 0.49093107617896015 0.06111111111111111 0.03748488512696494 0.11851851851851851
0 0.4758162031438936 0.08472222222222221 0.0350665054413543 0.11574074074074073
0 0.5169286577992745 0.07083333333333333 0.032648125755743655 0.12314814814814815
0 0.43258766626360345 0.04861111111111111 0.034461910519951636 0.09537037037037037
0 0.4020556227327691 0.03611111111111111 0.0350665054413543 0.07037037037037037
0 0.9661426844014511 0.12407407407407406 0.03869407496977026 0.137037037037037
0 0.29171704957678357 0.024537037037037034 0.02478839177750907 0.047222222222222214
0 0.6541717049576784 0.20879629629629629 0.02902055622732769 0.09351851851851851
0 0.9014510278113664 0.1847222222222222 0.030229746070133016 0.10277777777777777
0 0.36275695284159615 0.5162037037037037 0.03990326481257558 0.14907407407407408
0 0.21311970979443776 0.31759259259259254 0.041717049576783564 0.14074074074074075
0 0.14207980652962518 0.7745370370370369 0.05078597339782346 0.16203703703703703
0 0.10610640870616687 0.7236111111111111 0.05622732769044741 0.1861111111111111
0 0.14570737605804113 0.7393518518518518 0.05199516324062878 0.16574074074074074
0 0.7237001209189843 0.03194444444444444 0.030229746070133016 0.06203703703703703
0 0.8089480048367595 0.32037037037037036 0.04232164449818622 0.13518518518518519
0 0.8385731559854899 0.3125 0.03143893591293833 0.11944444444444444
0 0.2503022974607014 0.624074074074074 0.047158403869407506 0.1685185185185185
0 0.22188633615477632 0.6055555555555555 0.04232164449818622 0.1685185185185185
0 0.3615477629987908 0.6092592592592593 0.0350665054413543 0.15185185185185185
0 0.21644498186215239 0.5356481481481481 0.04474002418379686 0.14907407407407408
0 0.219770253929867 0.5185185185185185 0.03688029020556228 0.13518518518518519
0 0.18500604594921402 0.5143518518518518 0.04232164449818622 0.1398148148148148
0 0.18772672309552604 0.4763888888888888 0.041717049576783564 0.14351851851851852
0 0.14147521160822252 0.500462962962963 0.04474002418379686 0.14351851851851852
0 0.3639661426844015 0.18703703703703703 0.032648125755743655 0.12962962962962962
0 0.38573155985489727 0.18518518518518517 0.027811366384522373 0.12962962962962962
0 0.3621523579201935 0.40185185185185185 0.032648125755743655 0.12407407407407406
0 0.27811366384522374 0.4157407407407407 0.04474002418379686 0.14259259259259258
0 0.2714631197097945 0.42916666666666664 0.03748488512696494 0.1398148148148148
0 0.19347037484885127 0.9319444444444442 0.056831922611850064 0.13796296296296295
0 0.45646916565900847 0.6282407407407408 0.03869407496977026 0.16018518518518518
0 0.45707376058041116 0.6351851851851852 0.03990326481257558 0.1685185185185185
0 0.19528415961305928 0.6833333333333332 0.04474002418379686 0.16296296296296295
0 0.15900846432889965 0.662037037037037 0.041112454655380895 0.1685185185185185
0 0.18893591293833134 0.6564814814814814 0.04050785973397824 0.15925925925925927
0 0.30804111245465543 0.7393518518518518 0.041717049576783564 0.15462962962962962
0 0.4201934703748489 0.4337962962962963 0.047158403869407506 0.12685185185185185
0 0.8488512696493351 0.275 0.03748488512696494 0.1259259259259259
0 0.835247883917775 0.24259259259259258 0.039298669891172915 0.13518518518518519
0 0.7980652962515116 0.25416666666666665 0.0350665054413543 0.13796296296296295
0 0.4032648125755744 0.587962962962963 0.041112454655380895 0.14074074074074075
0 0.16565900846432893 0.4324074074074074 0.04232164449818622 0.1537037037037037
0 0.20465538089480048 0.42361111111111105 0.034461910519951636 0.13796296296296295
0 0.02902055622732769 0.11620370370370368 0.032648125755743655 0.12685185185185185
0 0.34431680773881507 0.662962962962963 0.039298669891172915 0.15925925925925927
0 0.34643288996372434 0.700925925925926 0.04232164449818622 0.1685185185185185
0 0.18772672309552602 0.1560185185185185 0.03688029020556228 0.13796296296296295
0 0.6910519951632408 0.12962962962962962 0.026602176541717055 0.11851851851851851
0 0.8152962515114874 0.2712962962962963 0.03688029020556228 0.13518518518518519
0 0.18923821039903269 0.4212962962962962 0.03990326481257558 0.14074074074074075
0 0.4201934703748489 0.6976851851851851 0.04957678355501814 0.14907407407407408
0 0.6342200725513907 0.7425925925925926 0.04594921402660218 0.15925925925925927
0 0.16505441354292624 0.4069444444444444 0.03869407496977026 0.16018518518518518
0 0.4389359129383314 0.5037037037037037 0.0350665054413543 0.14074074074074075
0 0.42533252720677156 0.47083333333333327 0.034461910519951636 0.1324074074074074
0 0.36426844014510285 0.3532407407407407 0.039298669891172915 0.15462962962962962
0 0.35610640870616694 0.5745370370370371 0.03748488512696494 0.13425925925925924
0 0.32769044740024184 0.5018518518518518 0.03990326481257558 0.13518518518518519
0 0.33434099153567115 0.4736111111111111 0.03748488512696494 0.13796296296296295
0 0.24093107617896015 0.8449074074074073 0.048972188633615486 0.16574074074074074
0 0.7073760580411126 0.04583333333333332 0.026602176541717055 0.0898148148148148
0 0.7370012091898429 0.04814814814814814 0.030229746070133016 0.09444444444444443
0 0.7388149939540509 0.04027777777777777 0.03143893591293833 0.0787037037037037
0 0.4174727932285369 0.549537037037037 0.039298669891172915 0.14907407407407408
0 0.4283555018137848 0.5222222222222223 0.032043530834341 0.14629629629629629
0 0.2376058041112455 0.5824074074074074 0.03748488512696494 0.14074074074074075
0 0.27962515114873043 0.5625 0.041717049576783564 0.16203703703703703
0 0.28536880290205563 0.6069444444444444 0.03869407496977026 0.1675925925925926
0 0.5187424425634826 0.49907407407407406 0.04232164449818622 0.14814814814814817
0 0.26178960096735193 0.3768518518518518 0.03869407496977026 0.14259259259259258
0 0.47611850060459493 0.4013888888888888 0.04050785973397824 0.14351851851851852
0 0.281136638452237 0.35462962962962963 0.04232164449818622 0.15185185185185185
0 0.4038694074969771 0.41805555555555546 0.04232164449818622 0.14351851851851852
0 0.5163240628778718 0.04675925925925926 0.03143893591293833 0.09166666666666666
0 0.4640266021765418 0.4407407407407407 0.034461910519951636 0.13518518518518519
0 0.47793228536880294 0.5361111111111111 0.034461910519951636 0.15185185185185185
0 0.2738814993954051 0.32546296296296295 0.03748488512696494 0.14351851851851852
0 0.6481257557436519 0.8810185185185184 0.05925030229746071 0.18425925925925926
0 0.6197097944377268 0.8791666666666665 0.04594921402660218 0.18055555555555552
0 0.2690447400241838 0.3453703703703704 0.032648125755743655 0.13148148148148148
0 0.7055622732769046 0.03472222222222222 0.027811366384522373 0.06759259259259259
