0 0.4540507859733979 0.9185185185185184 0.03748488512696494 0.13333333333333333
0 0.007859733978234583 0.31805555555555554 0.014510278113663845 0.13425925925925924
0 0.48790810157194686 0.20833333333333334 0.0350665054413543 0.12962962962962962
0 0.4969770253929867 0.1925925925925926 0.02902055622732769 0.11851851851851851
0 0.9214026602176543 0.524537037037037 0.03869407496977026 0.1472222222222222
0 0.4159613059250302 0.8967592592592593 0.05441354292623943 0.1675925925925926
0 0.5798065296251512 0.5634259259259259 0.036275695284159616 0.15462962962962962
0 0.5396009673518742 0.5601851851851851 0.050181378476420804 0.15185185185185185
0 0.9398428053204354 0.674074074074074 0.046553808948004836 0.1537037037037037
0 0.5374848851269649 0.250462962962963 0.041112454655380895 0.1361111111111111
0 0.5574365175332527 0.29027777777777775 0.03385731559854897 0.12685185185185185
0 0.7968561064087063 0.5583333333333333 0.041112454655380895 0.14259259259259258
0 0.7648125755743652 0.5574074074074074 0.04232164449818622 0.1648148148148148
0 0.7312575574365177 0.5449074074074074 0.03688029020556228 0.13425925925925924
0 0.9646311970979445 0.25740740740740736 0.03688029020556228 0.13518518518518519
0 0.8775695284159613 0.23703703703703702 0.0441354292623942 0.14444444444444443
0 0.5589480048367594 0.24074074074074073 0.029625151148730353 0.1111111111111111
0 0.9235187424425635 0.36018518518518516 0.039298669891172915 0.15925925925925927
0 0.9631197097944378 0.3384259259259259 0.0350665054413543 0.14537037037037034
0 0.9443772672309554 0.31111111111111106 0.03748488512696494 0.13518518518518519
0 0.5308343409915357 0.1796296296296296 0.0350665054413543 0.13518518518518519
0 0.5054413542926239 0.14305555555555555 0.03143893591293833 0.13796296296296295
0 0.5925030229746071 0.28935185185185186 0.032648125755743655 0.13425925925925924
0 0.6058041112454655 0.2949074074074074 0.032648125755743655 0.14537037037037034
0 0.5931076178960097 0.3152777777777777 0.036275695284159616 0.13425925925925924
0 0.7028415961305926 0.2625 0.035671100362756954 0.125
0 0.7500000000000001 0.4597222222222222 0.06590084643288997 0.16203703703703703
0 0.8004836759371222 0.3787037037037037 0.04474002418379686 0.14629629629629629
0 0.726118500604595 0.375462962962963 0.041112454655380895 0.16018518518518518
0 0.6272672309552602 0.2736111111111111 0.032043530834341 0.11574074074074073
0 0.6792623941958887 0.48564814814814816 0.034461910519951636 0.13425925925925924
0 0.6290810157194682 0.350462962962963 0.04534461910519952 0.14351851851851852
0 0.6677750906892382 0.33287037037037037 0.0441354292623942 0.1398148148148148
0 0.5414147521160823 0.14768518518518517 0.039298669891172915 0.14907407407407408
0 0.6487303506650546 0.19768518518518519 0.047158403869407506 0.13425925925925924
0 0.728839177750907 0.2587962962962963 0.0380894800483676 0.14537037037037034
0 0.8700120918984281 0.5337962962962963 0.03869407496977026 0.15648148148148147
0 0.8446191051995164 0.5018518518518518 0.03748488512696494 0.14074074074074075
0 0.8204353083434099 0.49907407407407406 0.03869407496977026 0.15185185185185185
0 0.7427448609431683 0.31759259259259254 0.032043530834341 0.13148148148148148
0 0.753627569528416 0.27546296296296297 0.032043530834341 0.12685185185185185
0 0.6408706166868199 0.3333333333333333 0.03748488512696494 0.14259259259259258
0 0.9316807738814995 0.33888888888888885 0.03748488512696494 0.137037037037037
0 0.8893591293833133 0.3814814814814814 0.036275695284159616 0.13518518518518519
0 0.8984280532043533 0.3222222222222222 0.03748488512696494 0.11851851851851851
0 0.7796251511487304 0.37037037037037035 0.041717049576783564 0.14074074074074075
0 0.7705562273276905 0.3 0.03325272067714632 0.12962962962962962
0 0.7744860943168078 0.32592592592592595 0.03990326481257558 0.15185185185185185
0 0.6577992744860943 0.28425925925925927 0.03990326481257558 0.13518518518518519
0 0.8570133010882709 0.461574074074074 0.032043530834341 0.1324074074074074
0 0.5278113663845224 0.24583333333333332 0.024183796856106412 0.08796296296296297
0 0.5683192261185006 0.2064814814814815 0.03385731559854897 0.1259259259259259
0 0.9419588875453447 0.39259259259259255 0.03385731559854897 0.1074074074074074
0 0.7496977025392987 0.612037037037037 0.04474002418379686 0.17037037037037037
0 0.8047158403869408 0.6157407407407407 0.03990326481257558 0.15185185185185185
0 0.380894800483676 0.15046296296296297 0.027811366384522373 0.10092592592592592
0 0.6559854897218863 0.3555555555555555 0.04474002418379686 0.14629629629629629
0 0.5510882708585249 0.2837962962962963 0.029625151148730353 0.11018518518518518
0 0.6868198307134221 0.25324074074074077 0.027811366384522373 0.12129629629629629
0 0.7623941958887545 0.30833333333333335 0.0350665054413543 0.10185185185185185
0 0.02116082224909311 0.985648148148148 0.036275695284159616 0.0287037037037037
0 0.1163845223700121 0.862037037037037 0.050181378476420804 0.17777777777777776
0 0.1363361547762999 0.21805555555555553 0.041717049576783564 0.14537037037037034
0 0.04383313180169287 0.11342592592592592 0.039298669891172915 0.14351851851851852
0 0.07164449818621524 0.13425925925925924 0.039298669891172915 0.14259259259259258
0 0.10459492140266023 0.1412037037037037 0.036275695284159616 0.1398148148148148
0 0.11850060459492141 0.10925925925925925 0.04232164449818622 0.13518518518518519
0 0.12454655380894802 0.17824074074074073 0.03748488512696494 0.12870370370370368
0 0.1472188633615478 0.17638888888888887 0.0380894800483676 0.14351851851851852
0 0.1662636033857316 0.03888888888888888 0.03143893591293833 0.07592592592592592
0 0.26723095525997587 0.0736111111111111 0.03143893591293833 0.11574074074074073
0 0.20133010882708588 0.038425925925925926 0.0350665054413543 0.075
0 0.2956469165659009 0.07268518518518517 0.0350665054413543 0.12685185185185185
0 0.28295042321644504 0.2564814814814815 0.04474002418379686 0.137037037037037
0 0.37273276904474006 0.03148148148148148 0.032043530834341 0.06111111111111111
0 0.3316203143893592 0.07824074074074075 0.029625151148730353 0.12685185185185185
0 0.44377267230955264 0.075 0.03990326481257558 0.12407407407407406
0 0.3669891172914148 0.039351851851851846 0.030229746070133016 0.07685185185185185
0 0.4201934703748489 0.03564814814814814 0.0350665054413543 0.06944444444444443
0 0.48428053204353083 0.09120370370370369 0.03143893591293833 0.13796296296296295
0 0.5114873035066506 0.1 0.03385731559854897 0.13148148148148148
0 0.5259975816203144 0.11620370370370368 0.0350665054413543 0.14351851851851852
0 0.5556227327690448 0.1199074074074074 0.0350665054413543 0.1324074074074074
0 0.5556227327690448 0.06574074074074074 0.03990326481257558 0.12222222222222222
0 0.5825272067714632 0.06574074074074074 0.032043530834341 0.12222222222222222
0 0.6493349455864572 0.05138888888888889 0.032648125755743655 0.10092592592592592
0 0.667472793228537 0.0537037037037037 0.03143893591293833 0.10370370370370369
0 0.6904474002418381 0.06157407407407407 0.03143893591293833 0.11574074074074073
0 0.6783555018137848 0.03148148148148148 0.032648125755743655 0.06111111111111111
0 0.6614268440145104 0.1759259259259259 0.026602176541717055 0.12037037037037036
0 0.7209794437726723 0.2259259259259259 0.032043530834341 0.1259259259259259
0 0.7339782345828296 0.2287037037037037 0.032648125755743655 0.13518518518518519
0 0.7073760580411125 0.16342592592592592 0.03385731559854897 0.12129629629629629
0 0.7478839177750908 0.21157407407407405 0.03385731559854897 0.13796296296296295
0 0.8778718258766628 0.15185185185185185 0.032648125755743655 0.12407407407407406
0 0.9498186215235793 0.03888888888888888 0.032648125755743655 0.07592592592592592
0 0.8449214026602178 0.24907407407407406 0.027206771463119714 0.12037037037037036
0 0.9694679564691658 0.22546296296296292 0.034461910519951636 0.13796296296296295
0 0.9709794437726725 0.14675925925925926 0.03748488512696494 0.1324074074074074
0 0.9467956469165659 0.1736111111111111 0.03748488512696494 0.1324074074074074
0 0.8896614268440146 0.10046296296296295 0.032043530834341 0.12870370370370368
0 0.9186819830713423 0.09537037037037037 0.034461910519951636 0.1259259259259259
0 0.923821039903265 0.18009259259259258 0.032648125755743655 0.12314814814814815
0 0.9325876662636036 0.12222222222222222 0.030834340991535675 0.12962962962962962
0 0.9830713422007257 0.08657407407407408 0.032648125755743655 0.13055555555555556
0 0.9628174123337365 0.09305555555555554 0.034461910519951636 0.12129629629629629
0 0.9050785973397825 0.06388888888888888 0.032648125755743655 0.1259259259259259
0 0.879987908101572 0.0537037037037037 0.029625151148730353 0.10555555555555556
0 0.8938935912938332 0.38009259259259254 0.029625151148730353 0.0898148148148148
0 0.8645707376058042 0.047685185185185185 0.030229746070133016 0.08796296296296297
0 0.8784764207980653 0.08472222222222221 0.027811366384522373 0.0861111111111111
0 0.921100362756953 0.07685185185185185 0.032043530834341 0.1074074074074074
0 0.909310761789601 0.05277777777777778 0.030229746070133016 0.0962962962962963
0 0.755441354292624 0.19629629629629627 0.034461910519951636 0.12407407407407406
0 0.7303506650544136 0.16296296296296295 0.0350665054413543 0.11296296296296296
0 0.08948004836759373 0.02685185185185185 0.02539298669891173 0.05185185185185184
0 0.8920798065296253 0.2 0.06469165659008465 0.1685185185185185
0 0.36910519951632415 0.5648148148148148 0.03688029020556228 0.14814814814814817
0 0.07376058041112456 0.46805555555555556 0.03990326481257558 0.15092592592592594
0 0.05290205562273278 0.5166666666666667 0.039298669891172915 0.15185185185185185
0 0.02539298669891173 0.4949074074074074 0.0350665054413543 0.16203703703703703
0 0.09461910519951634 0.5115740740740741 0.0441354292623942 0.15462962962962962
0 0.7400241837968561 0.05601851851851851 0.02902055622732769 0.11018518518518518
0 0.8346432889963724 0.3819444444444444 0.039298669891172915 0.12870370370370368
0 0.8443168077388151 0.3597222222222223 0.032043530834341 0.12685185185185185
0 0.2539298669891173 0.674537037037037 0.04474002418379686 0.16574074074074074
0 0.22490931076178963 0.6652777777777777 0.03748488512696494 0.16018518518518518
0 0.3545949214026603 0.6527777777777779 0.039298669891172915 0.137037037037037
0 0.22309552599758165 0.5819444444444444 0.032648125755743655 0.13425925925925924
0 0.2294437726723096 0.575 0.034461910519951636 0.1537037037037037
0 0.18530834340991534 0.5657407407407408 0.04050785973397824 0.14814814814814817
0 0.190447400241838 0.5328703703703703 0.04474002418379686 0.15462962962962962
0 0.1535671100362757 0.55 0.03748488512696494 0.14259259259259258
0 0.3666868198307135 0.23703703703703702 0.032043530834341 0.12962962962962962
0 0.3881499395405079 0.2347222222222222 0.032648125755743655 0.12685185185185185
0 0.3591293833131802 0.4662037037037037 0.027811366384522373 0.11018518518518518
0 0.5042321644498187 0.9185185185185184 0.05199516324062878 0.14629629629629629
0 0.5495767835550182 0.9268518518518518 0.05441354292623943 0.14629629629629629
0 0.27841596130592505 0.4527777777777777 0.0380894800483676 0.12962962962962962
0 0.2714631197097945 0.475462962962963 0.036275695284159616 0.14351851851851852
0 0.26178960096735193 0.9444444444444443 0.04232164449818622 0.11296296296296296
0 0.4597944377267232 0.6722222222222223 0.034461910519951636 0.15185185185185185
0 0.4613059250302298 0.6893518518518518 0.036275695284159616 0.17129629629629628
0 0.18984280532043535 0.7462962962962962 0.04474002418379686 0.17407407407407408
0 0.15810157194679567 0.7138888888888889 0.039298669891172915 0.1685185185185185
0 0.1937726723095526 0.7097222222222221 0.03688029020556228 0.17314814814814813
0 0.3116686819830714 0.7902777777777777 0.041717049576783564 0.15462962962962962
0 0.4280532043530835 0.4819444444444444 0.04957678355501814 0.12685185185185185
0 0.850665054413543 0.3194444444444444 0.032648125755743655 0.12962962962962962
0 0.8322249093107618 0.28148148148148144 0.039298669891172915 0.11851851851851851
0 0.8077388149939542 0.3 0.03143893591293833 0.13148148148148148
0 0.2986698911729142 0.5787037037037037 0.0350665054413543 0.14814814814814817
0 0.16082224909310763 0.47407407407407404 0.03748488512696494 0.15185185185185185
0 0.20677146311970984 0.4824074074074074 0.02902055622732769 0.14444444444444443
0 0.03325272067714632 0.16666666666666666 0.0350665054413543 0.13148148148148148
0 0.3440145102781137 0.7097222222222223 0.03748488512696494 0.15277777777777776
0 0.3521765417170496 0.7449074074074074 0.0441354292623942 0.16944444444444443
0 0.18319226118500606 0.20601851851851852 0.03748488512696494 0.13796296296296295
0 0.6934703748488512 0.18055555555555552 0.030229746070133016 0.13148148148148148
0 0.6378476420798066 0.7847222222222221 0.047158403869407506 0.18425925925925926
0 0.6777509068923822 0.812962962962963 0.04474002418379686 0.16666666666666666
0 0.6880290205562274 0.7810185185185186 0.0350665054413543 0.14537037037037034
0 0.8155985489721888 0.3189814814814815 0.03748488512696494 0.13796296296296295
0 0.19286577992744863 0.46064814814814814 0.030229746070133016 0.12129629629629629
0 0.42382103990326486 0.7467592592592591 0.04957678355501814 0.1472222222222222
0 0.6414752116082226 0.6606481481481481 0.05441354292623943 0.14907407407407408
0 0.1662636033857316 0.44907407407407407 0.03385731559854897 0.14444444444444443
0 0.4507255139056832 0.5388888888888889 0.0380894800483676 0.13518518518518519
0 0.4256348246674729 0.5162037037037037 0.032648125755743655 0.13796296296296295
0 0.3890568319226119 0.4078703703703704 0.039298669891172915 0.14907407407407408
0 0.35066505441354295 0.6268518518518518 0.03990326481257558 0.14074074074074075
0 0.34340991535671106 0.5467592592592593 0.0350665054413543 0.11574074074074073
0 0.3403869407496977 0.5263888888888888 0.032648125755743655 0.14351851851851852
0 0.2551390568319226 0.9009259259259258 0.047158403869407506 0.1722222222222222
0 0.7073760580411125 0.075 0.0350665054413543 0.11296296296296296
0 0.7376058041112455 0.09259259259259259 0.030229746070133016 0.11851851851851851
0 0.39842805320435315 0.14907407407407405 0.0350665054413543 0.137037037037037
0 0.7430471584038695 0.07546296296296297 0.03143893591293833 0.1175925925925926
0 0.4223095525997582 0.5981481481481481 0.032043530834341 0.14814814814814817
0 0.43107617896009676 0.5699074074074074 0.03385731559854897 0.15092592592592594
0 0.9842805320435309 0.5597222222222221 0.030229746070133016 0.16018518518518518
0 0.23488512696493352 0.6361111111111111 0.03325272067714632 0.14629629629629629
0 0.2886940749697703 0.6027777777777777 0.041717049576783564 0.15185185185185185
0 0.2892986698911729 0.6532407407407407 0.032043530834341 0.17314814814814813
0 0.3319226118500605 0.3837962962962963 0.03385731559854897 0.12685185185185185
0 0.3116686819830714 0.4185185185185185 0.0441354292623942 0.1537037037037037
0 0.3397823458282951 0.40555555555555556 0.03748488512696494 0.12962962962962962
0 0.29625151148730355 0.38287037037037036 0.03748488512696494 0.14351851851851852
0 0.8379685610640871 0.7430555555555555 0.05199516324062878 0.17129629629629628
0 0.4044740024183798 0.4699074074074074 0.03748488512696494 0.14351851851851852
0 0.8482466747279325 0.6643518518518517 0.041112454655380895 0.15092592592592594
0 0.6910519951632408 0.7328703703703703 0.04232164449818622 0.13796296296296295
0 0.8050181378476422 0.95 0.05622732769044741 0.1
0 0.8385731559854898 0.950462962962963 0.04232164449818622 0.10092592592592592
0 0.9525392986698912 0.28657407407407404 0.034461910519951636 0.12870370370370368
0 0.8019951632406288 0.21296296296296297 0.029625151148730353 0.12962962962962962
0 0.7478839177750907 0.8347222222222221 0.05804111245465538 0.1898148148148148
0 0.4900241837968562 0.5449074074074074 0.034461910519951636 0.12870370370370368
0 0.4885126964933495 0.5773148148148147 0.036275695284159616 0.15277777777777776
0 0.8074365175332529 0.735648148148148 0.0441354292623942 0.17685185185185184
0 0.7605804111245467 0.711111111111111 0.05804111245465538 0.18148148148148147
0 0.053808948004836765 0.8374999999999999 0.06287787182587666 0.17314814814814813
0 0.019649334945586457 0.8458333333333333 0.0380894800483676 0.15092592592592594
0 0.7049576783555019 0.8430555555555556 0.05441354292623943 0.16018518518518518
0 0.7720677146311972 0.898611111111111 0.04232164449818622 0.14351851851851852
0 0.812273276904474 0.8972222222222221 0.05501813784764208 0.17037037037037037
0 0.7306529625151149 0.6393518518518518 0.04292623941958888 0.1472222222222222
0 0.784764207980653 0.4944444444444444 0.03385731559854897 0.14629629629629629
0 0.8449214026602178 0.8541666666666665 0.048972188633615486 0.18796296296296294
0 0.2959492140266022 0.3546296296296296 0.039298669891172915 0.14074074074074075
0 0.4274486094316808 0.4060185185185185 0.03990326481257558 0.16203703703703703
0 0.4818621523579203 0.36712962962962964 0.032648125755743655 0.15462962962962962
0 0.30743651753325274 0.3726851851851852 0.034461910519951636 0.1175925925925926
0 0.8935912938331319 0.5106481481481481 0.03869407496977026 0.15648148148148147
0 0.7684401451027811 0.6481481481481481 0.04353083434099154 0.14629629629629629
0 0.9679564691656591 0.46805555555555556 0.036275695284159616 0.15648148148148147
0 0.8875453446191053 0.813425925925926 0.04232164449818622 0.15092592592592594
0 0.7932285368802903 0.8129629629629629 0.056831922611850064 0.17407407407407408
0 0.8597339782345829 0.8574074074074074 0.03748488512696494 0.13333333333333333
0 0.7091898428053205 0.05648148148148147 0.02902055622732769 0.1074074074074074
