0 0.4806529625151149 0.6578703703703703 0.041112454655380895 0.15648148148148147
0 0.5102781136638452 0.6407407407407407 0.036275695284159616 0.137037037037037
0 0.5030229746070134 0.8078703703703702 0.048367593712212824 0.17129629629629628
0 0.4885126964933495 0.8680555555555556 0.056831922611850064 0.16944444444444443
0 0.5269044740024185 0.7759259259259259 0.039298669891172915 0.14259259259259258
0 0.5628778718258767 0.6407407407407407 0.05441354292623943 0.17407407407407408
0 0.45586457073760583 0.32962962962962966 0.03990326481257558 0.1574074074074074
0 0.5737605804111247 0.8013888888888889 0.048367593712212824 0.16944444444444443
0 0.5801088270858525 0.7625 0.03688029020556228 0.14537037037037034
0 0.5435308343409916 0.9347222222222221 0.04957678355501814 0.1324074074074074
0 0.4673518742442564 0.7444444444444444 0.05199516324062878 0.16666666666666666
0 0.3270858524788392 0.9467592592592592 0.055622732769044746 0.10833333333333334
0 0.10943168077388152 0.9768518518518517 0.03869407496977026 0.04259259259259259
0 0.6577992744860944 0.9430555555555554 0.05925030229746071 0.11574074074074073
0 0.47732769044740025 0.3712962962962963 0.04292623941958888 0.16296296296296295
0 0.6949818621523579 0.7324074074074074 0.053808948004836765 0.18148148148148147
0 0.6148730350665055 0.9453703703703703 0.04594921402660218 0.1111111111111111
0 0.2877871825876663 0.9388888888888888 0.05441354292623943 0.12407407407407406
0 0.6254534461910521 0.7796296296296297 0.05622732769044741 0.17592592592592593
0 0.4866989117291415 0.7962962962962962 0.02902055622732769 0.1074074074074074
0 0.572249093107618 0.7388888888888888 0.046553808948004836 0.1574074074074074
0 0.16596130592503025 0.9712962962962963 0.04292623941958888 0.0537037037037037
0 0.4591898428053205 0.8425925925925927 0.039298669891172915 0.14259259259259258
0 0.4528415961305925 0.7199074074074072 0.04353083434099154 0.15462962962962962
0 0.6411729141475213 0.4134259259259259 0.04050785973397824 0.13796296296296295
0 0.6907496977025395 0.4180555555555555 0.046553808948004836 0.14907407407407408
0 0.06711003627569528 0.861574074074074 0.06045949214026603 0.18425925925925926
0 0.751813784764208 0.649537037037037 0.04292623941958888 0.1675925925925926
0 0.6045949214026604 0.4069444444444444 0.04957678355501814 0.16574074074074074
0 0.5111850060459493 0.4976851851851851 0.03688029020556228 0.15648148148148147
0 0.7164449818621524 0.5736111111111111 0.04474002418379686 0.16018518518518518
0 0.7708585247883919 0.5555555555555556 0.04957678355501814 0.17407407407407408
0 0.5441354292623942 0.4856481481481481 0.04232164449818622 0.16018518518518518
0 0.5731559854897219 0.5009259259259259 0.04232164449818622 0.137037037037037
0 0.5574365175332527 0.2638888888888889 0.03385731559854897 0.1574074074074074
0 0.8059250302297462 0.7893518518518517 0.05804111245465538 0.2046296296296296
0 0.8663845223700122 0.7782407407407407 0.05078597339782346 0.1898148148148148
0 0.5241837968561064 0.28518518518518515 0.03748488512696494 0.14814814814814817
0 0.5190447400241839 0.37592592592592594 0.0441354292623942 0.15925925925925927
0 0.535671100362757 0.35833333333333334 0.03869407496977026 0.14259259259259258
0 0.5000000000000001 0.5449074074074074 0.03990326481257558 0.16574074074074074
0 0.5344619105199517 0.5333333333333333 0.04232164449818622 0.14259259259259258
0 0.5538089480048368 0.5736111111111111 0.04594921402660218 0.17129629629629628
0 0.5873639661426845 0.600925925925926 0.03688029020556228 0.14074074074074075
0 0.6100362756952842 0.5962962962962962 0.04232164449818622 0.1537037037037037
0 0.9631197097944378 0.912962962962963 0.056831922611850064 0.17592592592592593
0 0.6735187424425635 0.6259259259259259 0.048367593712212824 0.1648148148148148
0 0.5828295042321645 0.8356481481481481 0.04957678355501814 0.15462962962962962
0 0.6287787182587666 0.8625 0.0882708585247884 0.16203703703703703
0 0.5226723095525998 0.7319444444444444 0.046553808948004836 0.17314814814814813
0 0.7793228536880291 0.4712962962962963 0.03869407496977026 0.14814814814814817
0 0.7968561064087062 0.46805555555555556 0.03869407496977026 0.1324074074074074
0 0.7829504232164451 0.4263888888888889 0.04957678355501814 0.15462962962962962
0 0.812273276904474 0.4092592592592592 0.03688029020556228 0.12962962962962962
0 0.9135429262394197 0.44537037037037036 0.04474002418379686 0.14629629629629629
0 0.8458282950423217 0.35787037037037034 0.047158403869407506 0.15462962962962962
0 0.8101571946795647 0.362962962962963 0.041112454655380895 0.13518518518518519
0 0.7892986698911729 0.40509259259259256 0.032043530834341 0.12314814814814815
0 0.7409310761789603 0.4472222222222222 0.032043530834341 0.10370370370370369
0 0.81590084643289 0.4416666666666666 0.034461910519951636 0.13148148148148148
0 0.8400846432889965 0.4111111111111111 0.03688029020556228 0.13148148148148148
0 0.5743651753325273 0.8657407407407407 0.03990326481257558 0.17037037037037037
0 0.6033857315598549 0.8574074074074074 0.04353083434099154 0.1685185185185185
0 0.21644498186215239 0.7680555555555556 0.05441354292623943 0.15277777777777776
0 0.15417170495767837 0.7800925925925924 0.05199516324062878 0.15648148148148147
0 0.07557436517533254 0.6592592592592592 0.05078597339782346 0.1796296296296296
0 0.8140870616686819 0.6962962962962963 0.053808948004836765 0.18518518518518517
0 0.7388149939540507 0.48287037037037034 0.0350665054413543 0.12870370370370368
0 0.8805925030229749 0.4388888888888889 0.035671100362756954 0.1537037037037037
0 0.9709794437726723 0.4004629629629629 0.04232164449818622 0.14907407407407408
0 0.8612454655380896 0.3226851851851852 0.046553808948004836 0.16203703703703703
0 0.9050785973397824 0.28055555555555556 0.03869407496977026 0.14074074074074075
0 0.9331922611850062 0.2564814814814815 0.041717049576783564 0.14814814814814817
0 0.9694679564691656 0.15092592592592594 0.039298669891172915 0.13148148148148148
0 0.8694074969770255 0.27546296296296297 0.03990326481257558 0.15092592592592594
0 0.75453446191052 0.17777777777777776 0.03990326481257558 0.14629629629629629
0 0.7817412333736398 0.19490740740740742 0.03869407496977026 0.1398148148148148
0 0.8718258766626362 0.23240740740740737 0.041112454655380895 0.13518518518518519
0 0.9241233373639661 0.2097222222222222 0.039298669891172915 0.13796296296296295
0 0.8960096735187425 0.22453703703703703 0.0350665054413543 0.1324074074074074
0 0.8651753325272068 0.1675925925925926 0.0350665054413543 0.13148148148148148
0 0.8963119709794439 0.1773148148148148 0.041717049576783564 0.1324074074074074
0 0.9256348246674728 0.1300925925925926 0.0350665054413543 0.12685185185185185
0 0.9105199516324064 0.07222222222222222 0.03748488512696494 0.1259259259259259
0 0.04443772672309553 0.2944444444444444 0.046553808948004836 0.14259259259259258
0 0.013905683192261186 0.3074074074074074 0.026602176541717055 0.14074074074074075
0 0.006045949214026603 0.2657407407407407 0.010882708585247884 0.14259259259259258
0 0.07194679564691658 0.21435185185185185 0.03748488512696494 0.14537037037037034
0 0.11215235792019349 0.2412037037037037 0.029625151148730353 0.11574074074074073
0 0.095223700120919 0.1907407407407407 0.032043530834341 0.12407407407407406
0 0.11366384522370013 0.1675925925925926 0.03990326481257558 0.14814814814814817
0 0.11396614268440147 0.3013888888888889 0.0380894800483676 0.14351851851851852
0 0.16898428053204353 0.2787037037037037 0.041717049576783564 0.14629629629629629
0 0.09975816203143896 0.25555555555555554 0.032648125755743655 0.10925925925925925
0 0.08282950423216447 0.3569444444444444 0.04594921402660218 0.16944444444444443
0 0.11850060459492141 0.24537037037037035 0.03990326481257558 0.14629629629629629
0 0.1463119709794438 0.25925925925925924 0.03143893591293833 0.12407407407407406
0 0.14540507859733978 0.2939814814814815 0.02478839177750907 0.09907407407407406
0 0.5417170495767836 0.4310185185185185 0.04957678355501814 0.1675925925925926
0 0.7173518742442563 0.4930555555555555 0.053808948004836765 0.1675925925925926
0 0.7170495767835552 0.4555555555555556 0.04594921402660218 0.14814814814814817
0 0.5628778718258767 0.399074074074074 0.04594921402660218 0.15185185185185185
0 0.6387545344619106 0.36527777777777776 0.0441354292623942 0.15277777777777776
0 0.6983071342200725 0.33333333333333326 0.04353083434099154 0.13148148148148148
0 0.6432889963724305 0.3384259259259259 0.04232164449818622 0.14537037037037034
0 0.7717654171704958 0.2828703703703704 0.034461910519951636 0.1398148148148148
0 0.7445586457073761 0.30787037037037035 0.039298669891172915 0.14907407407407408
0 0.7134220072551392 0.29212962962962963 0.041112454655380895 0.14537037037037034
0 0.727932285368803 0.2199074074074074 0.032648125755743655 0.10462962962962963
0 0.6544740024183797 0.288425925925926 0.046553808948004836 0.1398148148148148
0 0.692261185006046 0.23055555555555554 0.04474002418379686 0.14259259259259258
0 0.6472188633615479 0.2064814814814815 0.032043530834341 0.14074074074074075
0 0.6490326481257559 0.23425925925925922 0.03688029020556228 0.14074074074074075
0 0.5991535671100363 0.35462962962962963 0.03990326481257558 0.14259259259259258
0 0.5525997581620316 0.33055555555555555 0.04232164449818622 0.14259259259259258
0 0.594316807738815 0.30833333333333335 0.03990326481257558 0.15925925925925927
0 0.578597339782346 0.2657407407407407 0.03748488512696494 0.13148148148148148
0 0.5710399032648127 0.29027777777777775 0.032043530834341 0.12685185185185185
0 0.6055018137847642 0.274074074074074 0.03325272067714632 0.1537037037037037
0 0.5897823458282951 0.24027777777777776 0.041717049576783564 0.16018518518518518
0 0.6293833131801693 0.15324074074074073 0.04353083434099154 0.12129629629629629
0 0.2974607013301089 0.07546296296296294 0.03869407496977026 0.13796296296296295
0 0.26239419588875457 0.07083333333333333 0.0350665054413543 0.1324074074074074
0 0.7110036275695285 0.09768518518518518 0.03990326481257558 0.1398148148148148
0 0.7339782345828296 0.0875 0.032648125755743655 0.12870370370370368
0 0.9827690447400242 0.33287037037037037 0.028415961305925032 0.14351851851851852
0 0.1154776299879081 0.17731481481481481 0.032648125755743655 0.07129629629629629
0 0.6934703748488512 0.46527777777777773 0.0350665054413543 0.11018518518518518
0 0.9413542926239421 0.4004629629629629 0.03748488512696494 0.11574074074074073
0 0.9682587666263603 0.04212962962962962 0.03688029020556228 0.0824074074074074
0 0.9389359129383315 0.08703703703703702 0.03748488512696494 0.11851851851851851
0 0.8681983071342201 0.06944444444444443 0.0350665054413543 0.137037037037037
0 0.9280532043530835 0.04907407407407407 0.03748488512696494 0.0962962962962963
0 0.8978234582829505 0.04259259259259259 0.03385731559854897 0.08333333333333333
0 0.5713422007255139 0.17638888888888887 0.03385731559854897 0.13425925925925924
0 0.6272672309552599 0.09027777777777776 0.034461910519951636 0.1324074074074074
0 0.592503022974607 0.10601851851851851 0.03748488512696494 0.13796296296296295
0 0.569528415961306 0.10462962962962963 0.032648125755743655 0.1259259259259259
0 0.6100362756952842 0.05601851851851851 0.03748488512696494 0.11018518518518518
0 0.5852478839177752 0.0574074074074074 0.0350665054413543 0.11296296296296296
0 0.20525997581620317 0.0685185185185185 0.032043530834341 0.12407407407407406
0 0.22732769044740025 0.0736111111111111 0.03748488512696494 0.13425925925925924
0 0.13512696493349458 0.03194444444444444 0.027206771463119714 0.06203703703703703
0 0.3678960096735188 0.03749999999999999 0.039298669891172915 0.07314814814814814
0 0.859733978234583 0.04583333333333332 0.036275695284159616 0.0898148148148148
0 0.1704957678355502 0.03333333333333333 0.03385731559854897 0.06481481481481481
0 0.6940749697702541 0.018055555555555554 0.026602176541717055 0.03425925925925925
0 0.3548972188633616 0.4805555555555555 0.0350665054413543 0.1574074074074074
0 0.31559854897218864 0.24907407407407406 0.0350665054413543 0.137037037037037
0 0.1345223700120919 0.735648148148148 0.046553808948004836 0.16203703703703703
0 0.18923821039903269 0.287962962962963 0.04232164449818622 0.14259259259259258
0 0.13180169286577995 0.6976851851851851 0.05199516324062878 0.16018518518518518
0 0.8180169286577994 0.3050925925925926 0.04232164449818622 0.1324074074074074
0 0.8373639661426845 0.30231481481481476 0.02902055622732769 0.12314814814814815
0 0.24244256348246676 0.5814814814814814 0.04474002418379686 0.1685185185185185
0 0.20767835550181382 0.5671296296296297 0.035671100362756954 0.17685185185185184
0 0.34885126964933505 0.5666666666666667 0.032648125755743655 0.14074074074074075
0 0.2079806529625151 0.4981481481481481 0.041112454655380895 0.14814814814814817
0 0.2137243047158404 0.48518518518518516 0.032043530834341 0.1574074074074074
0 0.1807738814993954 0.48379629629629634 0.03143893591293833 0.12685185185185185
0 0.17442563482466747 0.4398148148148148 0.039298669891172915 0.14629629629629629
0 0.1363361547762999 0.46481481481481474 0.03688029020556228 0.14814814814814817
0 0.35429262394195893 0.14814814814814817 0.030229746070133016 0.12962962962962962
0 0.3760580411124547 0.14444444444444443 0.027811366384522373 0.12962962962962962
0 0.34340991535671106 0.362037037037037 0.030229746070133016 0.1148148148148148
0 0.26602176541717054 0.36435185185185176 0.04474002418379686 0.1398148148148148
0 0.25453446191052 0.39259259259259255 0.0350665054413543 0.14629629629629629
0 0.17623941958887548 0.899074074074074 0.0441354292623942 0.1574074074074074
0 0.44921402660217663 0.5851851851851851 0.032648125755743655 0.14074074074074075
0 0.4470979443772673 0.6023148148148147 0.041717049576783564 0.16574074074074074
0 0.18923821039903266 0.6435185185185185 0.047158403869407506 0.17407407407407408
0 0.14752116082224911 0.6287037037037037 0.0350665054413543 0.1611111111111111
0 0.17805320435308344 0.6166666666666666 0.03688029020556228 0.16296296296296295
0 0.29474002418379686 0.700925925925926 0.041717049576783564 0.15185185185185185
0 0.41172914147521167 0.39120370370370366 0.03748488512696494 0.12129629629629629
0 0.8397823458282951 0.2384259259259259 0.032648125755743655 0.11574074074074073
0 0.824062877871826 0.2064814814814815 0.0350665054413543 0.1148148148148148
0 0.7926239419588876 0.21435185185185185 0.03143893591293833 0.12685185185185185
0 0.45586457073760583 0.5430555555555555 0.041112454655380895 0.15462962962962962
0 0.1526602176541717 0.387037037037037 0.0380894800483676 0.15185185185185185
0 0.189540507859734 0.39259259259259255 0.034461910519951636 0.14629629629629629
0 0.023276904474002418 0.07175925925925926 0.032043530834341 0.13055555555555556
0 0.3307134220072552 0.6245370370370369 0.0350665054413543 0.15462962962962962
0 0.3346432889963725 0.6587962962962963 0.039298669891172915 0.1675925925925926
0 0.17533252720677148 0.11296296296296295 0.03385731559854897 0.137037037037037
0 0.6753325272067715 0.09768518518518518 0.04353083434099154 0.1324074074074074
0 0.8092503022974609 0.2449074074074074 0.04050785973397824 0.1398148148148148
0 0.18379685610640875 0.37916666666666665 0.0350665054413543 0.14351851851851852
0 0.40961305925030234 0.6601851851851852 0.05139056831922612 0.15185185185185185
0 0.6215235792019348 0.7074074074074074 0.05078597339782346 0.1574074074074074
0 0.15447400241837972 0.3634259259259259 0.032043530834341 0.14537037037037034
0 0.4262394195888755 0.4546296296296296 0.0350665054413543 0.12407407407407406
0 0.4141475211608223 0.4185185185185185 0.03748488512696494 0.1074074074074074
0 0.35036275695284164 0.32037037037037036 0.039298669891172915 0.15185185185185185
0 0.34431680773881507 0.5356481481481481 0.034461910519951636 0.1324074074074074
0 0.32043530834340994 0.46435185185185185 0.04232164449818622 0.1324074074074074
0 0.32103990326481263 0.42916666666666664 0.0350665054413543 0.12870370370370368
0 0.22944377267230956 0.8087962962962962 0.039298669891172915 0.16203703703703703
0 0.6958887545344621 0.02685185185185185 0.03143893591293833 0.05185185185185184
0 0.7285368802902056 0.030555555555555555 0.02902055622732769 0.059259259259259255
0 0.7291414752116083 0.019444444444444445 0.027811366384522373 0.03703703703703704
0 0.408403869407497 0.5125 0.034461910519951636 0.14907407407407408
0 0.41686819830713434 0.47777777777777775 0.029625151148730353 0.13888888888888887
0 0.2237001209189843 0.5425925925925926 0.03748488512696494 0.14074074074074075
0 0.2747883917775091 0.5249999999999999 0.04534461910519952 0.1574074074074074
0 0.27418379685610644 0.5643518518518518 0.039298669891172915 0.16944444444444443
0 0.5166263603385732 0.7027777777777777 0.05139056831922612 0.15925925925925927
0 0.2406287787182588 0.3379629629629629 0.0350665054413543 0.14074074074074075
0 0.6967956469165659 0.6046296296296296 0.04050785973397824 0.1574074074074074
0 0.2756952841596131 0.32731481481481484 0.03990326481257558 0.14907407407407408
0 0.3929866989117292 0.38101851851851853 0.03990326481257558 0.13796296296296295
0 0.2892986698911729 0.2842592592592592 0.032043530834341 0.12037037037037036
0 0.4679564691656591 0.4888888888888889 0.03748488512696494 0.14259259259259258
0 0.22490931076178963 0.3037037037037037 0.0350665054413543 0.13518518518518519
0 0.26753325272067713 0.3092592592592593 0.034461910519951636 0.11851851851851851
0 0.6928657799274487 0.016203703703703703 0.02902055622732769 0.030555555555555555
