0 0.9280532043530835 0.9509259259259258 0.04353083434099154 0.1
0 0.9452841596130594 0.9199074074074073 0.05139056831922612 0.15462962962962962
0 0.4386336154776301 0.9337962962962963 0.046553808948004836 0.13425925925925924
0 0.47914147521160827 0.9083333333333333 0.05139056831922612 0.15925925925925927
0 0.40991535671100365 0.9175925925925925 0.04474002418379686 0.16296296296296295
0 0.6886336154776301 0.7810185185185184 0.04594921402660218 0.1398148148148148
0 0.10338573155985491 0.8157407407407408 0.05199516324062878 0.15925925925925927
0 0.03325272067714632 0.5782407407407407 0.04353083434099154 0.15648148148148147
0 0.013905683192261186 0.599537037037037 0.026602176541717055 0.16018518518518518
0 0.5187424425634826 0.3597222222222223 0.03748488512696494 0.14351851851851852
0 0.1384522370012092 0.47685185185185186 0.03869407496977026 0.14259259259259258
0 0.10610640870616687 0.4898148148148148 0.046553808948004836 0.14629629629629629
0 0.10822249093107619 0.2175925925925926 0.03990326481257558 0.137037037037037
0 0.06166868198307135 0.24768518518518517 0.0350665054413543 0.14351851851851852
0 0.10792019347037486 0.2694444444444445 0.0441354292623942 0.14074074074074075
0 0.16989117291414751 0.2907407407407407 0.04474002418379686 0.14629629629629629
0 0.20495767835550183 0.2935185185185185 0.04232164449818622 0.15185185185185185
0 0.5175332527206772 0.17824074074074076 0.03748488512696494 0.1398148148148148
0 0.0891777509068924 0.374537037037037 0.041717049576783564 0.13425925925925924
0 0.0831318016928658 0.42361111111111105 0.048972188633615486 0.15462962962962962
0 0.19105199516324067 0.34953703703703703 0.03748488512696494 0.14907407407407408
0 0.14570737605804113 0.35185185185185186 0.03748488512696494 0.14074074074074075
0 0.537484885126965 0.21157407407407405 0.04232164449818622 0.14907407407407408
0 0.5719467956469166 0.20416666666666664 0.032648125755743655 0.1324074074074074
0 0.6777509068923822 0.5046296296296297 0.04232164449818622 0.15185185185185185
0 0.7097944377267231 0.4939814814814814 0.04353083434099154 0.14351851851851852
0 0.4301692865779928 0.24907407407407406 0.03688029020556228 0.12407407407407406
0 0.4301692865779928 0.27314814814814814 0.027206771463119714 0.11296296296296296
0 0.4730955259975817 0.24259259259259258 0.02478839177750907 0.13518518518518519
0 0.4978839177750907 0.2509259259259259 0.032043530834341 0.14074074074074075
0 0.5755743651753326 0.2884259259259259 0.03748488512696494 0.13425925925925924
0 0.6045949214026604 0.27685185185185185 0.03990326481257558 0.13148148148148148
0 0.6632406287787183 0.2814814814814815 0.0350665054413543 0.14259259259259258
0 0.6127569528415961 0.33888888888888885 0.039298669891172915 0.15185185185185185
0 0.4616082224909311 0.2842592592592592 0.030834340991535675 0.13148148148148148
0 0.7230955259975816 0.6527777777777778 0.03990326481257558 0.1685185185185185
0 0.7877871825876664 0.6203703703703703 0.04232164449818622 0.15185185185185185
0 0.7784159613059252 0.5657407407407408 0.03688029020556228 0.14074074074074075
0 0.9150544135429263 0.548611111111111 0.039298669891172915 0.14537037037037034
0 0.8845223700120919 0.523611111111111 0.048367593712212824 0.13796296296296295
0 0.6577992744860943 0.6291666666666667 0.04353083434099154 0.16018518518518518
0 0.8582224909310763 0.4402777777777777 0.041717049576783564 0.14166666666666666
0 0.8228536880290207 0.40324074074074073 0.047158403869407506 0.1324074074074074
0 0.8799879081015719 0.3944444444444445 0.048972188633615486 0.14259259259259258
0 0.7986698911729142 0.4606481481481481 0.048367593712212824 0.1472222222222222
0 0.8035066505441355 0.4833333333333333 0.03990326481257558 0.137037037037037
0 0.9918379685610641 0.3342592592592593 0.015114873035066508 0.1259259259259259
0 0.7660217654171707 0.04629629629629629 0.03143893591293833 0.09074074074074073
0 0.7551390568319227 0.45370370370370366 0.041112454655380895 0.14444444444444443
0 0.7140266021765419 0.4083333333333333 0.04474002418379686 0.15185185185185185
0 0.909310761789601 0.25 0.032648125755743655 0.13518518518518519
0 0.9461910519951634 0.27638888888888885 0.04232164449818622 0.13796296296296295
0 0.909310761789601 0.22407407407407404 0.030229746070133016 0.08518518518518518
0 0.9232164449818622 0.23379629629629628 0.030229746070133016 0.10648148148148147
0 0.9631197097944378 0.48796296296296293 0.04353083434099154 0.1574074074074074
0 0.8464328899637243 0.7333333333333332 0.048367593712212824 0.1796296296296296
0 0.9718863361547764 0.4347222222222221 0.039298669891172915 0.14351851851851852
0 0.9464933494558646 0.65 0.05139056831922612 0.17592592592592593
0 0.879081015719468 0.5689814814814814 0.07134220072551391 0.14907407407407408
0 0.8899637243047159 0.6097222222222223 0.03990326481257558 0.14351851851851852
0 0.47853688029020564 0.02222222222222222 0.032043530834341 0.04259259259259259
0 0.2986698911729142 0.03472222222222222 0.032648125755743655 0.06759259259259259
0 0.5308343409915357 0.03611111111111111 0.041112454655380895 0.07037037037037037
0 0.6127569528415961 0.04444444444444444 0.032043530834341 0.08703703703703704
0 0.5553204353083435 0.017129629629629627 0.02237001209189843 0.032407407407407406
0 0.7025392986698912 0.03148148148148148 0.02902055622732769 0.06111111111111111
0 0.6765417170495768 0.04259259259259259 0.027811366384522373 0.08148148148148147
0 0.6995163240628779 0.04351851851851851 0.030229746070133016 0.08518518518518518
0 0.9800483675937123 0.0412037037037037 0.02902055622732769 0.08055555555555555
0 0.95223700120919 0.03148148148148148 0.03143893591293833 0.06111111111111111
0 0.9159613059250303 0.06666666666666667 0.02539298669891173 0.08518518518518518
0 0.9350060459492141 0.0625 0.029625151148730353 0.10648148148148147
0 0.9528415961305926 0.0662037037037037 0.032648125755743655 0.10277777777777777
0 0.9727932285368803 0.053240740740740734 0.032648125755743655 0.09351851851851851
0 0.9371221281741234 0.0898148148148148 0.04232164449818622 0.11851851851851851
0 0.969770253929867 0.12037037037037036 0.030229746070133016 0.12407407407407406
0 0.9836759371221283 0.09583333333333334 0.03143893591293833 0.12685185185185185
0 0.9594921402660218 0.17731481481481481 0.0350665054413543 0.12129629629629629
0 0.9894195888754536 0.2111111111111111 0.01995163240628779 0.13333333333333333
0 0.9661426844014511 0.2351851851851852 0.03385731559854897 0.13148148148148148
0 0.977932285368803 0.27546296296296297 0.0380894800483676 0.1324074074074074
0 0.6363361547763 0.024074074074074074 0.032043530834341 0.046296296296296294
0 0.5117896009673519 0.053240740740740734 0.029625151148730353 0.10462962962962963
0 0.49879081015719473 0.05185185185185184 0.0350665054413543 0.10185185185185185
0 0.6272672309552599 0.06435185185185184 0.034461910519951636 0.11388888888888889
0 0.596130592503023 0.0685185185185185 0.032648125755743655 0.12407407407407406
0 0.6517533252720678 0.11018518518518518 0.032648125755743655 0.1148148148148148
0 0.6602176541717051 0.12546296296296294 0.027811366384522373 0.10462962962962963
0 0.6862152357920194 0.11712962962962961 0.0350665054413543 0.12870370370370368
0 0.6411729141475212 0.1671296296296296 0.0380894800483676 0.12129629629629629
0 0.6786577992744861 0.17175925925925925 0.029625151148730353 0.11574074074074073
0 0.8654776299879081 0.20416666666666666 0.039298669891172915 0.12685185185185185
0 0.4256348246674729 0.07407407407407406 0.032648125755743655 0.12407407407407406
0 0.46432889963724305 0.07453703703703704 0.03143893591293833 0.12129629629629629
0 0.5477629987908101 0.10185185185185185 0.03385731559854897 0.12962962962962962
0 0.5003022974607014 0.1 0.035671100362756954 0.1148148148148148
0 0.3778718258766627 0.1111111111111111 0.032648125755743655 0.13148148148148148
0 0.413845223700121 0.12546296296296294 0.029625151148730353 0.1324074074074074
0 0.4232164449818622 0.15787037037037036 0.02297460701330109 0.09351851851851851
0 0.6402660217654172 0.2652777777777777 0.03143893591293833 0.13796296296296295
0 0.13059250302297462 0.1300925925925926 0.02902055622732769 0.1175925925925926
0 0.10459492140266023 0.14907407407407408 0.032648125755743655 0.11296296296296296
0 0.13603385731559856 0.14675925925925923 0.03385731559854897 0.12870370370370368
0 0.17926239419588874 0.15092592592592594 0.034461910519951636 0.13518518518518519
0 0.13603385731559856 0.21574074074074073 0.030229746070133016 0.13333333333333333
0 0.05108827085852479 0.07407407407407408 0.039298669891172915 0.11851851851851851
0 0.015114873035066504 0.14444444444444443 0.02902055622732769 0.13518518518518519
0 0.05199516324062879 0.11203703703703702 0.03869407496977026 0.11851851851851851
0 0.025997581620314396 0.18425925925925926 0.030229746070133016 0.09814814814814814
0 0.0441354292623942 0.15277777777777776 0.0350665054413543 0.14074074074074075
0 0.09885126964933495 0.2685185185185185 0.029625151148730353 0.10555555555555556
0 0.08645707376058043 0.20138888888888887 0.026602176541717055 0.0824074074074074
0 0.7249093107617897 0.031018518518518515 0.03748488512696494 0.06018518518518518
0 0.5931076178960097 0.0412037037037037 0.03748488512696494 0.08055555555555555
0 0.23609431680773885 0.5921296296296296 0.03325272067714632 0.15462962962962962
0 0.23941958887545348 0.5560185185185185 0.0350665054413543 0.1398148148148148
0 0.16051995163240632 0.5791666666666667 0.04292623941958888 0.13796296296296295
0 0.2055622732769045 0.5875 0.03869407496977026 0.15277777777777776
0 0.21584038694074972 0.5361111111111111 0.047158403869407506 0.15185185185185185
0 0.16686819830713426 0.5458333333333333 0.04232164449818622 0.13796296296296295
0 0.6454050785973399 0.5101851851851851 0.034461910519951636 0.14814814814814817
0 0.39873035066505447 0.2333333333333333 0.032043530834341 0.12407407407407406
0 0.4232164449818622 0.23379629629629628 0.027811366384522373 0.12685185185185185
0 0.6157799274486095 0.499537037037037 0.030834340991535675 0.14351851851851852
0 0.02569528415961306 0.9402777777777777 0.050181378476420804 0.12129629629629629
0 0.1333131801692866 0.9662037037037037 0.041717049576783564 0.06944444444444443
0 0.16898428053204353 0.9203703703703704 0.053808948004836765 0.1611111111111111
0 0.18016928657799275 0.9523148148148147 0.048367593712212824 0.09722222222222222
0 0.10761789600967353 0.9388888888888888 0.04353083434099154 0.12407407407407406
0 0.07164449818621525 0.9337962962962963 0.048972188633615486 0.13425925925925924
0 0.24002418379685614 0.8912037037037037 0.04594921402660218 0.17685185185185184
0 0.13784764207980654 0.8319444444444444 0.047158403869407506 0.16574074074074074
0 0.7690447400241838 0.663888888888889 0.03869407496977026 0.13518518518518519
0 0.7593712212817414 0.9365740740740739 0.027811366384522373 0.10462962962962963
0 0.7469770253929867 0.8898148148148147 0.048972188633615486 0.1574074074074074
0 0.003325272067714632 0.3777777777777777 0.005441354292623942 0.1537037037037037
0 0.8446191051995163 0.4726851851851851 0.03990326481257558 0.1398148148148148
0 0.731559854897219 0.625 0.03748488512696494 0.137037037037037
0 0.40266021765417176 0.4509259259259259 0.027811366384522373 0.0962962962962963
0 0.7273276904474003 0.37407407407407406 0.04232164449818622 0.11851851851851851
0 0.7738814993954051 0.3726851851851852 0.03990326481257558 0.13796296296296295
0 0.7853688029020558 0.8407407407407407 0.04474002418379686 0.15555555555555553
0 0.28264812575574366 0.37129629629629624 0.04050785973397824 0.137037037037037
0 0.26511487303506653 0.37083333333333335 0.034461910519951636 0.12870370370370368
0 0.5592503022974608 0.4944444444444444 0.032648125755743655 0.12407407407407406
0 0.25665054413542926 0.9703703703703703 0.0441354292623942 0.06111111111111111
0 0.4292623941958888 0.9546296296296295 0.055622732769044746 0.09074074074074073
0 0.49546553808948013 0.663888888888889 0.032043530834341 0.15185185185185185
0 0.49546553808948013 0.6717592592592592 0.03688029020556228 0.16574074074074074
0 0.2134220072551391 0.736111111111111 0.047158403869407506 0.16666666666666666
0 0.19286577992744863 0.7041666666666667 0.04474002418379686 0.16574074074074074
0 0.2227932285368803 0.6879629629629629 0.034461910519951636 0.1574074074074074
0 0.5084643288996373 0.8143518518518518 0.05199516324062878 0.1824074074074074
0 0.44981862152357927 0.8634259259259259 0.047158403869407506 0.16203703703703703
0 0.5417170495767836 0.5967592592592592 0.03748488512696494 0.15462962962962962
0 0.6061064087061668 0.649537037037037 0.048972188633615486 0.14907407407407408
0 0.33827085852478844 0.7842592592592592 0.0441354292623942 0.16296296296296295
0 0.46402660217654174 0.47407407407407404 0.053808948004836765 0.14074074074074075
0 0.5598548972188634 0.5162037037037037 0.041112454655380895 0.13796296296296295
0 0.5405078597339783 0.5041666666666667 0.02539298669891173 0.10277777777777777
0 0.578597339782346 0.6018518518518517 0.03990326481257558 0.1574074074074074
0 0.8869407496977025 0.3069444444444444 0.030229746070133016 0.12685185185185185
0 0.8784764207980653 0.28379629629629627 0.0350665054413543 0.13796296296296295
0 0.8482466747279324 0.2837962962962963 0.0350665054413543 0.13055555555555556
0 0.49939540507859737 0.8546296296296295 0.04957678355501814 0.18888888888888886
0 0.3561064087061669 0.4722222222222222 0.036275695284159616 0.14074074074074075
0 0.21916565900846433 0.46574074074074073 0.034461910519951636 0.15185185185185185
0 0.24697702539298672 0.4787037037037037 0.03325272067714632 0.14259259259259258
0 0.2962515114873035 0.5138888888888888 0.04232164449818622 0.15925925925925927
0 0.38149939540507866 0.38240740740740736 0.03385731559854897 0.14814814814814817
0 0.4957678355501814 0.4263888888888889 0.03143893591293833 0.13796296296296295
0 0.07678355501813786 0.13240740740740742 0.03143893591293833 0.13518518518518519
0 0.38210399032648135 0.7101851851851851 0.032648125755743655 0.15185185185185185
0 0.40114873035066506 0.7643518518518518 0.05259975816203145 0.15092592592592594
0 0.42382103990326486 0.7435185185185185 0.04232164449818622 0.15
0 0.3778718258766627 0.7351851851851852 0.04232164449818622 0.17592592592592593
0 0.21160822249093109 0.16990740740740737 0.05199516324062878 0.13425925925925924
0 0.7212817412333736 0.15925925925925927 0.047158403869407506 0.14074074074074075
0 0.23669891172914148 0.21018518518518517 0.039298669891172915 0.14074074074074075
0 0.1738210399032648 0.11666666666666667 0.027206771463119714 0.11296296296296296
0 0.19588875453446195 0.11435185185185184 0.03143893591293833 0.12870370370370368
0 0.007255139056831924 0.9055555555555554 0.013301088270858527 0.17407407407407408
0 0.005139056831922612 0.20833333333333334 0.009068923821039904 0.12037037037037036
0 0.19709794437726724 0.22314814814814815 0.03385731559854897 0.14074074074074075
0 0.8548972188633616 0.2949074074074074 0.0350665054413543 0.13055555555555556
0 0.23276904474002422 0.449537037037037 0.03385731559854897 0.12870370370370368
0 0.5598548972188634 0.6782407407407406 0.04353083434099154 0.15462962962962962
0 0.2932285368802902 0.6990740740740741 0.03990326481257558 0.17592592592592593
0 0.34461910519951633 0.673611111111111 0.036275695284159616 0.15648148148148147
0 0.6834945586457074 0.6939814814814814 0.046553808948004836 0.14351851851851852
0 0.19800483675937122 0.4462962962962963 0.032043530834341 0.14259259259259258
0 0.2669286577992745 0.45370370370370366 0.034461910519951636 0.14074074074074075
0 0.4824667472793229 0.5319444444444444 0.032648125755743655 0.1324074074074074
0 0.4746070133010883 0.5046296296296295 0.047158403869407506 0.12962962962962962
0 0.4232164449818622 0.3967592592592592 0.0350665054413543 0.15092592592592594
0 0.37182587666263606 0.362962962962963 0.03990326481257558 0.14259259259259258
0 0.33010882708585254 0.5666666666666667 0.032648125755743655 0.14259259259259258
0 0.47339782345828296 0.3981481481481481 0.030229746070133016 0.14074074074074075
0 0.5117896009673519 0.38796296296296295 0.034461910519951636 0.14629629629629629
0 0.4419588875453446 0.5564814814814815 0.03869407496977026 0.15185185185185185
0 0.3999395405078598 0.6064814814814814 0.035671100362756954 0.14629629629629629
0 0.37122128174123337 0.5388888888888889 0.04474002418379686 0.12962962962962962
0 0.37182587666263606 0.5069444444444444 0.0350665054413543 0.1324074074074074
0 0.17533252720677148 0.21388888888888888 0.027811366384522373 0.11851851851851851
0 0.7605804111245467 0.8481481481481481 0.041112454655380895 0.15925925925925927
0 0.45223700120918986 0.4300925925925926 0.0350665054413543 0.09907407407407406
0 0.46977025392986704 0.44722222222222213 0.02902055622732769 0.11851851851851851
0 0.2666263603385732 0.9254629629629629 0.048367593712212824 0.15092592592592594
0 0.7442563482466747 0.06157407407407407 0.0350665054413543 0.12129629629629629
0 0.4682587666263604 0.35231481481481475 0.041717049576783564 0.14907407407407408
0 0.7769044740024185 0.07129629629629629 0.027811366384522373 0.10925925925925925
0 0.7424425634824667 0.047222222222222214 0.030229746070133016 0.09259259259259259
