0 0.7826481257557438 0.9148148148148147 0.046553808948004836 0.15925925925925927
0 0.8243651753325274 0.9675925925925924 0.04050785973397824 0.06666666666666667
0 0.3881499395405079 0.5541666666666667 0.03748488512696494 0.14907407407407408
0 0.2448609431680774 0.3379629629629629 0.04232164449818622 0.14629629629629629
0 0.07799274486094318 0.48796296296296293 0.041112454655380895 0.15
0 0.023276904474002418 0.7837962962962962 0.04534461910519952 0.17314814814814813
0 0.09854897218863362 0.41388888888888886 0.03990326481257558 0.14444444444444443
0 0.10217654171704958 0.46481481481481485 0.041112454655380895 0.14629629629629629
0 0.7424425634824667 0.05046296296296295 0.02902055622732769 0.09907407407407406
0 0.856106408706167 0.374537037037037 0.04232164449818622 0.1324074074074074
0 0.8588270858524789 0.3532407407407407 0.04292623941958888 0.12870370370370368
0 0.28143893591293834 0.6699074074074074 0.0441354292623942 0.16203703703703703
0 0.2968561064087062 0.6365740740740741 0.03990326481257558 0.15092592592592594
0 0.38149939540507866 0.6398148148148147 0.0350665054413543 0.13888888888888887
0 0.7835550181378476 0.9634259259259258 0.03990326481257558 0.075
0 0.6094316807738815 0.9574074074074074 0.05320435308343411 0.08703703703703704
0 0.23276904474002422 0.5824074074074074 0.03385731559854897 0.14629629629629629
0 0.24425634824667475 0.5532407407407407 0.0350665054413543 0.1324074074074074
0 0.20012091898428055 0.5578703703703703 0.036275695284159616 0.1361111111111111
0 0.20677146311970981 0.5194444444444444 0.04353083434099154 0.15
0 0.1686819830713422 0.5393518518518517 0.04353083434099154 0.15648148148148147
0 0.3833131801692866 0.22685185185185183 0.032648125755743655 0.12962962962962962
0 0.405683192261185 0.23148148148148148 0.03143893591293833 0.13148148148148148
0 0.3760580411124547 0.42499999999999993 0.027811366384522373 0.1148148148148148
0 0.7158403869407498 0.37916666666666665 0.047158403869407506 0.12129629629629629
0 0.7509068923821041 0.38796296296296295 0.041112454655380895 0.13518518518518519
0 0.26995163240628783 0.37499999999999994 0.04776299879081017 0.14074074074074075
0 0.2457678355501814 0.3884259259259259 0.03325272067714632 0.15462962962962962
0 0.9857920193470376 0.7703703703703704 0.027206771463119714 0.13148148148148148
0 0.37001209189842804 0.9675925925925924 0.04353083434099154 0.06666666666666667
0 0.47702539298669894 0.6638888888888889 0.03869407496977026 0.14629629629629629
0 0.47793228536880294 0.6763888888888889 0.041717049576783564 0.1675925925925926
0 0.2143288996372431 0.7287037037037037 0.048972188633615486 0.18518518518518517
0 0.17382103990326486 0.7143518518518518 0.0441354292623942 0.17314814814814813
0 0.20677146311970981 0.6990740740740741 0.04232164449818622 0.17037037037037037
0 0.47430471584038697 0.45555555555555555 0.0380894800483676 0.14074074074074075
0 0.318621523579202 0.7726851851851851 0.04957678355501814 0.1675925925925926
0 0.444981862152358 0.46574074074074073 0.048367593712212824 0.12222222222222222
0 0.9652357920193472 0.7953703703703704 0.0441354292623942 0.15185185185185185
0 0.9401451027811367 0.788425925925926 0.0350665054413543 0.12870370370370368
0 0.44467956469165665 0.38240740740740736 0.03688029020556228 0.14074074074074075
0 0.8685006045949215 0.3134259259259259 0.03688029020556228 0.13055555555555556
0 0.8539903264812577 0.27824074074074073 0.041717049576783564 0.13425925925925924
0 0.8328295042321644 0.28888888888888886 0.034461910519951636 0.13518518518518519
0 0.3530834340991536 0.47314814814814815 0.03748488512696494 0.12962962962962962
0 0.1865175332527207 0.4597222222222222 0.0380894800483676 0.1324074074074074
0 0.2267230955259976 0.4694444444444444 0.0350665054413543 0.14629629629629629
0 0.3600362756952842 0.6722222222222223 0.053808948004836765 0.1611111111111111
0 0.4951632406287787 0.5884259259259259 0.03143893591293833 0.14537037037037034
0 0.053808948004836765 0.15509259259259256 0.032648125755743655 0.12870370370370368
0 0.36366384522370016 0.6990740740740741 0.03325272067714632 0.1574074074074074
0 0.380894800483676 0.7291666666666665 0.04353083434099154 0.17129629629629628
0 0.2028415961305925 0.1884259259259259 0.034461910519951636 0.1398148148148148
0 0.7058645707376059 0.16388888888888886 0.04534461910519952 0.13333333333333333
0 0.5876662636033858 0.611574074074074 0.04232164449818622 0.15648148148148147
0 0.6284764207980653 0.6342592592592592 0.0441354292623942 0.1648148148148148
0 0.6336154776299879 0.6171296296296297 0.03748488512696494 0.12685185185185185
0 0.8373639661426845 0.2981481481481481 0.036275695284159616 0.13333333333333333
0 0.22188633615477632 0.4629629629629629 0.0350665054413543 0.14074074074074075
0 0.43923821039903266 0.7310185185185186 0.0441354292623942 0.14537037037037034
0 0.6801692865779928 0.7185185185185186 0.05199516324062878 0.137037037037037
0 0.1844014510278114 0.4407407407407407 0.032648125755743655 0.13518518518518519
0 0.5039298669891173 0.4305555555555555 0.03688029020556228 0.137037037037037
0 0.4652357920193471 0.5291666666666667 0.039298669891172915 0.13796296296296295
0 0.45798065296251517 0.49537037037037035 0.048972188633615486 0.1074074074074074
0 0.4071946795646917 0.3935185185185185 0.041717049576783564 0.14074074074074075
0 0.50906892382104 0.5597222222222221 0.04474002418379686 0.15648148148148147
0 0.5374848851269649 0.5912037037037037 0.04353083434099154 0.16203703703703703
0 0.3751511487303507 0.6222222222222221 0.035671100362756954 0.1537037037037037
0 0.3548972188633616 0.5388888888888889 0.04594921402660218 0.13518518518518519
0 0.35459492140266025 0.5074074074074074 0.035671100362756954 0.1259259259259259
0 0.5426239419588876 0.5745370370370371 0.034461910519951636 0.12685185185185185
0 0.540205562273277 0.6398148148148147 0.03688029020556228 0.10925925925925925
0 0.2596735187424426 0.9194444444444443 0.04776299879081017 0.16296296296296295
0 0.7264207980652964 0.06759259259259259 0.03688029020556228 0.11851851851851851
0 0.7611850060459494 0.075 0.03143893591293833 0.11296296296296296
0 0.42926239419588874 0.03194444444444444 0.026602176541717055 0.06203703703703703
0 0.4038694074969771 0.0412037037037037 0.03385731559854897 0.08055555555555555
0 0.3530834340991536 0.9199074074074074 0.04957678355501814 0.16203703703703703
0 0.7629987908101573 0.7347222222222222 0.05199516324062878 0.16574074074074074
0 0.3521765417170496 0.9555555555555555 0.04292623941958888 0.09074074074074073
0 0.9558645707376059 0.586574074074074 0.04353083434099154 0.14351851851851852
0 0.7037484885126966 0.7555555555555554 0.04353083434099154 0.1574074074074074
0 0.7391172914147522 0.7773148148148148 0.0441354292623942 0.14907407407407408
0 0.9253325272067715 0.5916666666666667 0.05622732769044741 0.1574074074074074
0 0.9325876662636035 0.8009259259259259 0.04776299879081017 0.1685185185185185
0 0.7599758162031439 0.8199074074074074 0.04474002418379686 0.1787037037037037
0 0.9685610640870617 0.15555555555555553 0.030229746070133016 0.1
0 0.8860338573155986 0.8282407407407407 0.05622732769044741 0.1675925925925926
0 0.9685610640870617 0.8458333333333333 0.04353083434099154 0.16574074074074074
0 0.9062877871825877 0.9925925925925925 0.026602176541717055 0.016666666666666666
0 0.5737605804111247 0.8337962962962961 0.04594921402660218 0.16388888888888886
0 0.5253929866989118 0.8513888888888889 0.04474002418379686 0.1472222222222222
0 0.6804715840386941 0.587962962962963 0.046553808948004836 0.15555555555555553
0 0.6692865779927449 0.6175925925925926 0.0350665054413543 0.14259259259259258
0 0.7584643288996373 0.058333333333333334 0.029625151148730353 0.11296296296296296
0 0.4322853688029021 0.5884259259259258 0.0350665054413543 0.15092592592592594
0 0.4667472793228537 0.5847222222222223 0.036275695284159616 0.14907407407407408
0 0.19528415961305928 0.65 0.04474002418379686 0.1648148148148148
0 0.12454655380894801 0.5055555555555555 0.04957678355501814 0.14444444444444443
0 0.14177750906892383 0.7666666666666667 0.046553808948004836 0.1685185185185185
0 0.5392986698911729 0.686574074074074 0.04232164449818622 0.16574074074074074
0 0.571342200725514 0.6912037037037037 0.048367593712212824 0.16018518518518518
0 0.12363966142684403 0.5018518518518518 0.039298669891172915 0.14074074074074075
0 0.22521160822249092 0.2148148148148148 0.032043530834341 0.12037037037037036
0 0.25816203143893596 0.20648148148148146 0.04474002418379686 0.13518518518518519
0 0.979746070133011 0.14305555555555555 0.03325272067714632 0.11944444444444444
0 0.9440749697702541 0.15740740740740738 0.039298669891172915 0.13518518518518519
0 0.9558645707376059 0.13333333333333333 0.0350665054413543 0.11666666666666667
0 0.987001209189843 0.5606481481481481 0.02599758162031439 0.16388888888888886
0 0.9876058041112457 0.5777777777777777 0.023579201934703753 0.15
0 0.6780532043530835 0.9708333333333333 0.046553808948004836 0.058333333333333334
0 0.8032043530834342 0.43287037037037035 0.0380894800483676 0.14907407407407408
0 0.7759975816203145 0.4324074074074074 0.03688029020556228 0.137037037037037
0 0.7980652962515116 0.7143518518518518 0.04957678355501814 0.17314814814814813
0 0.24969770253929868 0.6273148148148148 0.04353083434099154 0.1324074074074074
0 0.2714631197097945 0.5907407407407407 0.047158403869407506 0.1574074074074074
0 0.2971584038694075 0.6189814814814815 0.046553808948004836 0.16018518518518518
0 0.1934703748488513 0.4287037037037037 0.036275695284159616 0.12962962962962962
0 0.041717049576783564 0.399074074074074 0.03990326481257558 0.14629629629629629
0 0.06771463119709795 0.38657407407407407 0.03869407496977026 0.13055555555555556
0 0.20707376058041116 0.4 0.0441354292623942 0.13888888888888887
0 0.36366384522370016 0.2759259259259259 0.041717049576783564 0.12962962962962962
0 0.3697097944377268 0.25833333333333336 0.04050785973397824 0.13333333333333333
0 0.12273276904474004 0.548611111111111 0.036275695284159616 0.14537037037037034
0 0.9334945586457074 0.8560185185185184 0.04353083434099154 0.15648148148148147
0 0.7926239419588876 0.8282407407407407 0.05078597339782346 0.15277777777777776
0 0.8951027811366385 0.7425925925925925 0.053808948004836765 0.1722222222222222
0 0.09733978234582831 0.5226851851851851 0.04353083434099154 0.16018518518518518
0 0.8422007255139058 0.7328703703703704 0.05078597339782346 0.16944444444444443
0 0.8763603385731562 0.5703703703703703 0.06469165659008465 0.17777777777777776
0 0.567714631197098 0.2148148148148148 0.03990326481257558 0.137037037037037
0 0.5386940749697703 0.22083333333333333 0.0350665054413543 0.14537037037037034
0 0.5217654171704958 0.22268518518518518 0.0350665054413543 0.13796296296296295
0 0.8165054413542927 0.49027777777777776 0.041717049576783564 0.15833333333333333
0 0.7747883917775091 0.49583333333333335 0.053808948004836765 0.14351851851851852
0 0.7037484885126966 0.40231481481481474 0.047158403869407506 0.1324074074074074
0 0.6711003627569531 0.3981481481481481 0.04957678355501814 0.15555555555555553
0 0.6590084643288997 0.46851851851851845 0.04957678355501814 0.14814814814814817
0 0.48397823458282957 0.09537037037037036 0.03325272067714632 0.12222222222222222
0 0.16837968561064087 0.3009259259259259 0.05259975816203145 0.16296296296296295
0 0.3198307134220073 0.21944444444444441 0.04474002418379686 0.14444444444444443
0 0.049576783555018135 0.29351851851851846 0.041112454655380895 0.13888888888888887
0 0.01934703748488513 0.27824074074074073 0.03748488512696494 0.14907407407407408
0 0.008766626360338575 0.5259259259259259 0.016324062877871828 0.15925925925925927
0 0.01934703748488513 0.375 0.03748488512696494 0.15185185185185185
0 0.5888754534461911 0.237962962962963 0.05199516324062878 0.14444444444444443
0 0.6233373639661428 0.18425925925925926 0.036275695284159616 0.13148148148148148
0 0.027206771463119714 0.5166666666666667 0.047158403869407506 0.1685185185185185
0 0.2515114873035067 0.19537037037037036 0.03143893591293833 0.11296296296296296
0 0.24244256348246676 0.1648148148148148 0.027811366384522373 0.1148148148148148
0 0.2548367593712213 0.10416666666666667 0.029625151148730353 0.11574074074074073
0 0.5015114873035067 0.2875 0.041717049576783564 0.13425925925925924
0 0.048972188633615486 0.4731481481481481 0.036275695284159616 0.14444444444444443
0 0.04534461910519952 0.4481481481481481 0.04594921402660218 0.1574074074074074
0 0.6269649334945586 0.4754629629629629 0.0350665054413543 0.11574074074074073
0 0.5764812575574366 0.39537037037037037 0.032043530834341 0.11851851851851851
0 0.5432285368802903 0.39120370370370366 0.039298669891172915 0.14351851851851852
0 0.2859733978234583 0.12222222222222222 0.02902055622732769 0.12777777777777777
0 0.5015114873035067 0.3759259259259259 0.041717049576783564 0.13148148148148148
0 0.5480652962515116 0.35833333333333334 0.041717049576783564 0.14074074074074075
0 0.18379685610640872 0.3875 0.04474002418379686 0.16018518518518518
0 0.1662636033857316 0.4111111111111111 0.0350665054413543 0.13518518518518519
0 0.13603385731559858 0.4263888888888889 0.0350665054413543 0.1324074074074074
0 0.47400241837968565 0.39444444444444443 0.030229746070133016 0.1111111111111111
0 0.5223700120918985 0.27685185185185185 0.032648125755743655 0.13518518518518519
0 0.21825876662636037 0.8046296296296297 0.05804111245465538 0.17592592592592593
0 0.06650544135429264 0.7328703703703704 0.04474002418379686 0.15648148148148147
0 0.21644498186215239 0.9662037037037037 0.05078597339782346 0.06944444444444443
0 0.3926844014510278 0.8060185185185185 0.05985489721886337 0.18425925925925926
0 0.3113663845223701 0.8180555555555554 0.055622732769044746 0.1675925925925926
0 0.5411124546553809 0.7805555555555554 0.055622732769044746 0.17592592592592593
0 0.016928657799274487 0.7351851851851852 0.032648125755743655 0.15925925925925927
0 0.5773881499395406 0.7560185185185184 0.04957678355501814 0.15648148148148147
0 0.0350665054413543 0.6689814814814814 0.04232164449818622 0.15648148148148147
0 0.8951027811366385 0.4481481481481481 0.048972188633615486 0.1537037037037037
0 0.9126360338573157 0.175 0.04776299879081017 0.13518518518518519
0 0.5480652962515116 0.12314814814814813 0.03325272067714632 0.13888888888888887
0 0.5680169286577993 0.12268518518518517 0.0380894800483676 0.13055555555555556
0 0.5813180169286579 0.047222222222222214 0.046553808948004836 0.09259259259259259
0 0.5178355501813785 0.03611111111111111 0.03325272067714632 0.07037037037037037
0 0.5625755743651754 0.03657407407407407 0.032043530834341 0.07129629629629629
0 0.1484280532043531 0.2236111111111111 0.034461910519951636 0.12870370370370368
0 0.3561064087061669 0.07870370370370369 0.04594921402660218 0.11851851851851851
0 0.3282950423216445 0.08518518518518518 0.036275695284159616 0.1111111111111111
0 0.16384522370012092 0.11620370370370368 0.03990326481257558 0.1361111111111111
0 0.1955864570737606 0.11435185185185184 0.04292623941958888 0.14907407407407408
0 0.24365175332527209 0.08981481481481482 0.036275695284159616 0.14074074074074075
0 0.28143893591293834 0.039351851851851846 0.0380894800483676 0.07685185185185185
0 0.11245465538089482 0.2236111111111111 0.03143893591293833 0.12129629629629629
0 0.980652962515115 0.2731481481481481 0.03748488512696494 0.15
0 0.29171704957678357 0.2222222222222222 0.034461910519951636 0.14259259259259258
0 0.028113663845223704 0.2222222222222222 0.0380894800483676 0.13888888888888887
0 0.050483675937122136 0.23055555555555554 0.03325272067714632 0.13333333333333333
0 0.07103990326481259 0.24629629629629632 0.041717049576783564 0.14074074074074075
0 0.09099153567110037 0.22685185185185183 0.034461910519951636 0.13888888888888887
0 0.03143893591293834 0.1847222222222222 0.036275695284159616 0.11574074074074073
0 0.13935912938331319 0.047222222222222214 0.04776299879081017 0.09259259259259259
0 0.23609431680773885 0.04629629629629629 0.0380894800483676 0.09074074074074073
0 0.021765417170495766 0.12129629629629628 0.041112454655380895 0.14444444444444443
0 0.07285368802902058 0.06018518518518518 0.0380894800483676 0.11851851851851851
0 0.052297460701330116 0.0537037037037037 0.0380894800483676 0.10555555555555556
0 0.19588875453446195 0.03425925925925925 0.03990326481257558 0.06666666666666667
0 0.20525997581620314 0.02037037037037037 0.0380894800483676 0.03888888888888888
0 0.9894195888754536 0.20092592592592592 0.01995163240628779 0.13333333333333333
0 0.8775695284159615 0.1712962962962963 0.046553808948004836 0.1259259259259259
0 0.9371221281741234 0.1148148148148148 0.036275695284159616 0.12777777777777777
0 0.9449818621523581 0.10555555555555556 0.036275695284159616 0.11666666666666667
0 0.9096130592503023 0.06157407407407407 0.039298669891172915 0.11203703703703702
0 0.013905683192261186 0.4625 0.026602176541717055 0.14537037037037034
0 0.9664449818621526 0.199537037037037 0.04050785973397824 0.12129629629629629
0 0.010580411124546553 0.1925925925925926 0.01995163240628779 0.13518518518518519
0 0.9561668681983072 0.05046296296296296 0.034461910519951636 0.09351851851851851
0 0.004836759371221282 0.16712962962962966 0.008464328899637243 0.13425925925925924
0 0.006650544135429264 0.4981481481481481 0.012091898428053206 0.12777777777777777
0 0.01753325272067715 0.16944444444444443 0.030229746070133016 0.1148148148148148
0 0.18833131801692868 0.05462962962962962 0.039298669891172915 0.1074074074074074
0 0.12273276904474004 0.03888888888888888 0.03143893591293833 0.07592592592592592
0 0.10036275695284161 0.019444444444444445 0.02902055622732769 0.03703703703703704
0 0.9244256348246677 0.049999999999999996 0.032648125755743655 0.09814814814814814
0 0.9449818621523579 0.0699074074074074 0.0350665054413543 0.10462962962962963
0 0.9773276904474003 0.09537037037037036 0.027206771463119714 0.10370370370370369
0 0.907496977025393 0.1412037037037037 0.03990326481257558 0.12870370370370368
0 0.050483675937122136 0.04768518518518518 0.029625151148730353 0.09351851851851851
0 0.17140266021765418 0.09629629629629628 0.032043530834341 0.12037037037037036
0 0.006650544135429264 0.15555555555555553 0.012091898428053206 0.11851851851851851
0 0.7303506650544137 0.05138888888888889 0.03143893591293833 0.10092592592592592
0 0.1765417170495768 0.2833333333333333 0.041112454655380895 0.14629629629629629
0 0.252720677146312 0.23055555555555554 0.0350665054413543 0.13518518518518519
