0 0.5190447400241839 0.5569444444444444 0.041717049576783564 0.15648148148148147
0 0.5468561064087063 0.5375 0.039298669891172915 0.13796296296296295
0 0.5486698911729142 0.7069444444444444 0.04534461910519952 0.17129629629629628
0 0.5272067714631198 0.7402777777777777 0.05199516324062878 0.16018518518518518
0 0.5628778718258767 0.6680555555555556 0.036275695284159616 0.14351851851851852
0 0.5897823458282951 0.5379629629629629 0.05139056831922612 0.17037037037037037
0 0.4546553808948005 0.3097222222222222 0.03990326481257558 0.16018518518518518
0 0.5925030229746071 0.6851851851851851 0.04594921402660218 0.15185185185185185
0 0.6018742442563484 0.6643518518518519 0.039298669891172915 0.14351851851851852
0 0.569528415961306 0.7935185185185184 0.04594921402660218 0.1685185185185185
0 0.5217654171704958 0.648611111111111 0.05078597339782346 0.16018518518518518
0 0.43077388149939544 0.8300925925925926 0.05864570737605805 0.1935185185185185
0 0.14359129383313182 0.9629629629629629 0.04776299879081017 0.07407407407407408
0 0.5728536880290206 0.7499999999999999 0.0441354292623942 0.14629629629629629
0 0.27871825876662637 0.8601851851851852 0.05441354292623943 0.17407407407407408
0 0.6590084643288997 0.8305555555555555 0.05441354292623943 0.18333333333333332
0 0.4773276904474003 0.34259259259259256 0.0441354292623942 0.16296296296296295
0 0.6874244256348248 0.6217592592592591 0.05441354292623943 0.17314814814814813
0 0.6221281741233374 0.8231481481481481 0.04232164449818622 0.1685185185185185
0 0.42261185006045954 0.8004629629629628 0.05320435308343411 0.16203703703703703
0 0.8784764207980653 0.9532407407407407 0.056831922611850064 0.09537037037037037
0 0.6635429262394197 0.6787037037037036 0.046553808948004836 0.17037037037037037
0 0.5377871825876663 0.7046296296296295 0.029625151148730353 0.1074074074074074
0 0.6185006045949215 0.5949074074074073 0.04594921402660218 0.14907407407407408
0 0.3261789600967352 0.8624999999999999 0.05864570737605805 0.18796296296296294
0 0.5175332527206772 0.7310185185185184 0.03990326481257558 0.13796296296296295
0 0.4897218863361548 0.637037037037037 0.03990326481257558 0.1537037037037037
0 0.8337363966142685 0.9634259259259258 0.036275695284159616 0.075
0 0.07406287787182587 0.9393518518518518 0.05622732769044741 0.12314814814814815
0 0.10671100362756952 0.9268518518518518 0.05501813784764208 0.14814814814814817
0 0.6324062877871827 0.336574074074074 0.04232164449818622 0.13796296296296295
0 0.665659008464329 0.33796296296296297 0.04232164449818622 0.1574074074074074
0 0.05652962515114873 0.6314814814814815 0.050181378476420804 0.17777777777777776
0 0.6913542926239421 0.48611111111111105 0.041717049576783564 0.15185185185185185
0 0.5840386940749698 0.3055555555555555 0.047158403869407506 0.16296296296296295
0 0.48186215235792024 0.399074074074074 0.041112454655380895 0.14814814814814817
0 0.6520556227327691 0.43333333333333335 0.039298669891172915 0.15185185185185185
0 0.7019347037484885 0.4296296296296296 0.03869407496977026 0.1574074074074074
0 0.5610640870616688 0.4050925925925926 0.04232164449818622 0.16018518518518518
0 0.5900846432889965 0.4162037037037037 0.04232164449818622 0.13796296296296295
0 0.510882708585248 0.2222222222222222 0.036275695284159616 0.13518518518518519
0 0.7678355501813785 0.5699074074074074 0.05199516324062878 0.17685185185185184
0 0.8162031438935914 0.563425925925926 0.04957678355501814 0.17685185185185184
0 0.5078597339782346 0.26296296296296295 0.03385731559854897 0.14814814814814817
0 0.5139056831922613 0.3416666666666667 0.047158403869407506 0.15925925925925927
0 0.5317412333736398 0.34027777777777773 0.039298669891172915 0.14351851851851852
0 0.5175332527206772 0.4412037037037037 0.03990326481257558 0.16574074074074074
0 0.5619709794437727 0.43611111111111106 0.041717049576783564 0.137037037037037
0 0.5888754534461911 0.4875 0.04594921402660218 0.17129629629629628
0 0.6185006045949215 0.5055555555555555 0.032648125755743655 0.14074074074074075
0 0.6508464328899639 0.5074074074074074 0.035671100362756954 0.15185185185185185
0 0.8923821039903267 0.6777777777777777 0.04957678355501814 0.1685185185185185
0 0.6859129383313182 0.5305555555555556 0.041717049576783564 0.1574074074074074
0 0.6438935912938332 0.7171296296296296 0.03990326481257558 0.16388888888888886
0 0.7182587666263603 0.7342592592592592 0.06045949214026603 0.17407407407407408
0 0.5964328899637243 0.6259259259259259 0.04534461910519952 0.1574074074074074
0 0.9854897218863363 0.9486111111111111 0.027811366384522373 0.10092592592592592
0 0.762696493349456 0.37037037037037035 0.039298669891172915 0.14629629629629629
0 0.7902055622732769 0.374537037037037 0.03990326481257558 0.12129629629629629
0 0.9558645707376059 0.9625 0.04474002418379686 0.07685185185185185
0 0.8219467956469166 0.8726851851851852 0.05259975816203145 0.1787037037037037
0 0.7596735187424427 0.8685185185185185 0.05501813784764208 0.18518518518518517
0 0.799274486094317 0.34027777777777773 0.04957678355501814 0.15462962962962962
0 0.8428053204353084 0.337037037037037 0.036275695284159616 0.12407407407407406
0 0.918379685610641 0.32037037037037036 0.041112454655380895 0.13518518518518519
0 0.7146311970979445 0.2601851851851852 0.041112454655380895 0.137037037037037
0 0.6844014510278115 0.2810185185185185 0.03869407496977026 0.13425925925925924
0 0.818621523579202 0.3351851851851852 0.03143893591293833 0.12407407407407406
0 0.7557436517533254 0.3532407407407407 0.03143893591293833 0.09722222222222222
0 0.8195284159613061 0.3592592592592592 0.035671100362756954 0.12037037037037036
0 0.8657799274486095 0.3467592592592592 0.036275695284159616 0.125
0 0.6937726723095525 0.7569444444444444 0.039298669891172915 0.14907407407407408
0 0.6662636033857317 0.7439814814814815 0.04353083434099154 0.16388888888888886
0 0.05350665054413544 0.7685185185185185 0.05259975816203145 0.16666666666666666
0 0.0471584038694075 0.7189814814814814 0.04594921402660218 0.15648148148148147
0 0.604292623941959 0.9717592592592592 0.03688029020556228 0.054629629629629625
0 0.6783555018137848 0.9777777777777776 0.04594921402660218 0.046296296296296294
0 0.09673518742442565 0.45509259259259255 0.04353083434099154 0.16944444444444443
0 0.762696493349456 0.49444444444444446 0.04776299879081017 0.17592592592592593
0 0.7221886336154777 0.37361111111111106 0.035671100362756954 0.12870370370370368
0 0.891777509068924 0.30185185185185187 0.03385731559854897 0.14629629629629629
0 0.9522370012091899 0.2652777777777777 0.03869407496977026 0.13796296296296295
0 0.9821644498186217 0.2634259259259259 0.030834340991535675 0.14537037037037034
0 0.9050785973397824 0.21157407407407405 0.04353083434099154 0.15648148148148147
0 0.8941958887545345 0.18009259259259258 0.03990326481257558 0.1324074074074074
0 0.9304715840386941 0.16805555555555554 0.04232164449818622 0.14537037037037034
0 0.9776299879081016 0.06388888888888888 0.03748488512696494 0.12222222222222222
0 0.8609431680773881 0.16388888888888886 0.03990326481257558 0.13518518518518519
0 0.8162031438935913 0.10925925925925925 0.0350665054413543 0.12962962962962962
0 0.8409915356711004 0.13194444444444445 0.03869407496977026 0.13425925925925924
0 0.8685006045949215 0.1361111111111111 0.03688029020556228 0.13518518518518519
0 0.913845223700121 0.11666666666666667 0.03688029020556228 0.137037037037037
0 0.8839177750906894 0.12546296296296294 0.03748488512696494 0.1324074074074074
0 0.8548972188633616 0.06574074074074074 0.0350665054413543 0.1259259259259259
0 0.8766626360338573 0.09027777777777776 0.03748488512696494 0.1324074074074074
0 0.9383313180169287 0.06064814814814814 0.03990326481257558 0.11944444444444444
0 0.9189842805320437 0.03287037037037037 0.03143893591293833 0.06388888888888888
0 0.0861547762998791 0.225 0.041717049576783564 0.13518518518518519
0 0.053808948004836765 0.23240740740740737 0.03990326481257558 0.137037037037037
0 0.047158403869407506 0.17824074074074073 0.0350665054413543 0.13796296296296295
0 0.01934703748488513 0.17824074074074073 0.03748488512696494 0.13796296296296295
0 0.03748488512696494 0.10972222222222222 0.03869407496977026 0.14166666666666666
0 0.015417170495767837 0.10787037037037035 0.029625151148730353 0.1324074074074074
0 0.11003627569528417 0.10787037037037035 0.036275695284159616 0.1324074074074074
0 0.1333131801692866 0.12731481481481483 0.029625151148730353 0.10648148148148147
0 0.1194074969770254 0.07916666666666666 0.034461910519951636 0.11203703703703702
0 0.1493349455864571 0.075 0.036275695284159616 0.137037037037037
0 0.20012091898428055 0.21759259259259256 0.036275695284159616 0.14259259259259258
0 0.250906892382104 0.1884259259259259 0.03990326481257558 0.1324074074074074
0 0.18198307134220076 0.15833333333333333 0.02902055622732769 0.10555555555555556
0 0.2448609431680774 0.22824074074074074 0.041112454655380895 0.15833333333333333
0 0.20495767835550183 0.14907407407407405 0.036275695284159616 0.14629629629629629
0 0.22914147521160827 0.175 0.027811366384522373 0.12407407407407406
0 0.22672309552599762 0.20324074074074072 0.02539298669891173 0.09351851851851851
0 0.5767835550181379 0.3375 0.04594921402660218 0.15092592592592594
0 0.6859129383313181 0.37685185185185177 0.046553808948004836 0.15185185185185185
0 0.7079806529625151 0.3361111111111111 0.04474002418379686 0.14814814814814817
0 0.5411124546553809 0.28935185185185186 0.04474002418379686 0.15092592592592594
0 0.6236396614268441 0.25462962962962965 0.039298669891172915 0.14074074074074075
0 0.6668681983071344 0.22638888888888886 0.04474002418379686 0.1324074074074074
0 0.6940749697702538 0.25740740740740736 0.03990326481257558 0.14629629629629629
0 0.7439540507859734 0.18888888888888886 0.03688029020556228 0.14074074074074075
0 0.7158403869407498 0.21249999999999997 0.03869407496977026 0.1324074074074074
0 0.6877267230955261 0.21712962962962962 0.034461910519951636 0.14537037037037034
0 0.7285368802902057 0.12083333333333333 0.03143893591293833 0.09907407407407406
0 0.6457073760580412 0.18425925925925926 0.047158403869407506 0.14074074074074075
0 0.6671704957678356 0.13796296296296298 0.0441354292623942 0.14259259259259258
0 0.6296856106408706 0.12314814814814816 0.029625151148730353 0.14074074074074075
0 0.6015719467956471 0.11388888888888887 0.03385731559854897 0.12037037037037036
0 0.5698307134220073 0.2518518518518518 0.039298669891172915 0.14259259259259258
0 0.4673518742442564 0.21574074074074073 0.041112454655380895 0.13333333333333333
0 0.5202539298669892 0.18240740740740738 0.03688029020556228 0.14444444444444443
0 0.5281136638452237 0.15462962962962962 0.039298669891172915 0.13148148148148148
0 0.5637847642079807 0.17083333333333334 0.029625151148730353 0.10277777777777777
0 0.5782950423216446 0.16157407407407404 0.034461910519951636 0.14537037037037034
0 0.524788391777509 0.125 0.041112454655380895 0.15925925925925927
0 0.5731559854897219 0.07546296296296297 0.03748488512696494 0.12129629629629629
0 0.34643288996372434 0.029629629629629627 0.032648125755743655 0.0574074074074074
0 0.3198307134220073 0.031018518518518515 0.030229746070133016 0.06018518518518518
0 0.6550785973397824 0.03287037037037037 0.03325272067714632 0.06388888888888888
0 0.6777509068923822 0.03194444444444444 0.027811366384522373 0.06203703703703703
0 0.9679564691656591 0.21435185185185185 0.0350665054413543 0.15648148148148147
0 0.2046553808948005 0.09444444444444443 0.029625151148730353 0.06296296296296296
0 0.68863361547763 0.36666666666666664 0.0350665054413543 0.0962962962962963
0 0.9217049576783557 0.27962962962962956 0.03688029020556228 0.11296296296296296
0 0.5338573155985491 0.06388888888888888 0.0350665054413543 0.12407407407407406
0 0.5852478839177752 0.043981481481481476 0.0350665054413543 0.0861111111111111
0 0.281136638452237 0.029629629629629627 0.030229746070133016 0.0574074074074074
0 0.6970979443772672 0.015277777777777777 0.026602176541717055 0.0287037037037037
0 0.3579201934703749 0.4749999999999999 0.0350665054413543 0.1574074074074074
0 0.29141475211608225 0.25277777777777777 0.0350665054413543 0.137037037037037
0 0.13935912938331319 0.7291666666666666 0.046553808948004836 0.16018518518518518
0 0.04443772672309553 0.4328703703703703 0.04292623941958888 0.15648148148148147
0 0.13694074969770254 0.6939814814814814 0.05139056831922612 0.16018518518518518
0 0.8143893591293834 0.2824074074074074 0.036275695284159616 0.137037037037037
0 0.8358524788391778 0.2796296296296296 0.032043530834341 0.12407407407407406
0 0.24516324062877873 0.5912037037037037 0.04534461910519952 0.1675925925925926
0 0.21191051995163243 0.5694444444444444 0.039298669891172915 0.17592592592592593
0 0.35036275695284164 0.5671296296296297 0.03688029020556228 0.1398148148148148
0 0.20918984280532044 0.4921296296296296 0.04353083434099154 0.14907407407407408
0 0.21523579201934706 0.4972222222222222 0.032648125755743655 0.1574074074074074
0 0.1844014510278114 0.49027777777777776 0.03143893591293833 0.12685185185185185
0 0.17714631197097946 0.4444444444444444 0.03990326481257558 0.14629629629629629
0 0.14328899637243048 0.4625 0.03748488512696494 0.14537037037037034
0 0.35519951632406294 0.1421296296296296 0.032043530834341 0.1324074074074074
0 0.37847642079806537 0.14074074074074075 0.027811366384522373 0.12962962962962962
0 0.3539903264812576 0.3449074074074074 0.029625151148730353 0.11574074074074073
0 0.2639056831922612 0.36666666666666664 0.0441354292623942 0.14074074074074075
0 0.25816203143893596 0.3888888888888889 0.0350665054413543 0.14629629629629629
0 0.17896009673518745 0.8981481481481481 0.04353083434099154 0.1574074074074074
0 0.45284159613059255 0.575925925925926 0.032648125755743655 0.14074074074074075
0 0.45042321644498196 0.5949074074074073 0.04232164449818622 0.17129629629629628
0 0.1916565900846433 0.6425925925925925 0.047158403869407506 0.17407407407407408
0 0.15417170495767837 0.6324074074074074 0.03748488512696494 0.1574074074074074
0 0.1798669891172914 0.6185185185185185 0.03688029020556228 0.16296296296296295
0 0.2974607013301088 0.6962962962962963 0.04232164449818622 0.15185185185185185
0 0.4159613059250302 0.3902777777777777 0.03748488512696494 0.12129629629629629
0 0.847944377267231 0.23240740740740742 0.03325272067714632 0.1148148148148148
0 0.8282950423216446 0.1935185185185185 0.036275695284159616 0.12222222222222222
0 0.7959492140266022 0.21527777777777776 0.032043530834341 0.12685185185185185
0 0.4507255139056832 0.5379629629629629 0.041717049576783564 0.1537037037037037
0 0.1553808948004837 0.38240740740740736 0.03748488512696494 0.15185185185185185
0 0.19528415961305928 0.3884259259259259 0.030229746070133016 0.14537037037037034
0 0.02116082224909311 0.06898148148148148 0.032648125755743655 0.13055555555555556
0 0.3403869407496977 0.6180555555555555 0.04474002418379686 0.15462962962962962
0 0.33796856106408707 0.6574074074074073 0.03990326481257558 0.1685185185185185
0 0.17714631197097946 0.10972222222222221 0.0350665054413543 0.13796296296296295
0 0.68409915356711 0.09444444444444443 0.034461910519951636 0.13148148148148148
0 0.813180169286578 0.23564814814814816 0.0350665054413543 0.1398148148148148
0 0.18379685610640875 0.3726851851851851 0.0350665054413543 0.14351851851851852
0 0.41354292623941963 0.6532407407407407 0.04957678355501814 0.15092592592592594
0 0.6278718258766628 0.7064814814814814 0.05139056831922612 0.1574074074074074
0 0.15689238210399037 0.3569444444444444 0.032043530834341 0.14537037037037034
0 0.4353083434099154 0.45185185185185184 0.0350665054413543 0.12407407407407406
0 0.4165659008464329 0.4129629629629629 0.03748488512696494 0.1074074074074074
0 0.3545949214026603 0.3231481481481481 0.039298669891172915 0.15185185185185185
0 0.3500604594921403 0.524537037037037 0.0350665054413543 0.1324074074074074
0 0.3252720677146312 0.45879629629629626 0.04232164449818622 0.1324074074074074
0 0.3273881499395406 0.42314814814814816 0.032043530834341 0.12962962962962962
0 0.22944377267230956 0.8050925925925925 0.039298669891172915 0.17314814814814813
0 0.7007255139056833 0.023611111111111107 0.032648125755743655 0.045370370370370366
0 0.7285368802902056 0.02685185185185185 0.030229746070133016 0.05185185185185184
0 0.7300483675937123 0.02175925925925926 0.028415961305925032 0.041666666666666664
0 0.41172914147521167 0.5078703703703703 0.0350665054413543 0.14907407407407408
0 0.41868198307134225 0.475462962962963 0.029625151148730353 0.14351851851851852
0 0.2285368802902056 0.5375 0.03385731559854897 0.13796296296296295
0 0.2708585247883918 0.5268518518518518 0.041112454655380895 0.1574074074074074
0 0.2772067714631197 0.5763888888888888 0.039298669891172915 0.1675925925925926
0 0.5266021765417171 0.6023148148148147 0.04594921402660218 0.16018518518518518
0 0.2466747279322854 0.32962962962962966 0.0350665054413543 0.1574074074074074
0 0.6215235792019348 0.45555555555555555 0.032648125755743655 0.13148148148148148
0 0.27811366384522374 0.32361111111111107 0.03990326481257558 0.14907407407407408
0 0.39752116082224914 0.37175925925925923 0.039298669891172915 0.13796296296296295
0 0.35247883917775097 0.27638888888888885 0.0350665054413543 0.12870370370370368
0 0.4727932285368804 0.4819444444444444 0.03748488512696494 0.14351851851851852
0 0.2720677146311971 0.28888888888888886 0.03748488512696494 0.13518518518518519
0 0.28264812575574366 0.3074074074074074 0.034461910519951636 0.11851851851851851
0 0.6958887545344619 0.0125 0.030229746070133016 0.023148148148148147
