0 0.5217654171704958 0.40833333333333327 0.03990326481257558 0.14074074074074075
0 0.5453446191051996 0.3930555555555555 0.0350665054413543 0.12685185185185185
0 0.5952237001209191 0.5740740740740741 0.05139056831922612 0.1648148148148148
0 0.5840386940749698 0.611574074074074 0.04353083434099154 0.14537037037037034
0 0.9407496977025394 0.7055555555555555 0.05320435308343411 0.18148148148148147
0 0.6224304715840387 0.5634259259259259 0.034461910519951636 0.13796296296296295
0 0.578597339782346 0.39629629629629626 0.04232164449818622 0.1574074074074074
0 0.45102781136638453 0.2726851851851852 0.04232164449818622 0.16018518518518518
0 0.6411729141475212 0.6027777777777777 0.039298669891172915 0.16296296296296295
0 0.6417775090689238 0.5699074074074074 0.039298669891172915 0.14351851851851852
0 0.6333131801692866 0.6333333333333333 0.041717049576783564 0.15185185185185185
0 0.6287787182587669 0.5060185185185184 0.04474002418379686 0.14907407407407408
0 0.6206166868198307 0.6944444444444444 0.048972188633615486 0.1796296296296296
0 0.5214631197097945 0.7351851851851852 0.048972188633615486 0.19629629629629627
0 0.6686819830713423 0.5768518518518518 0.03748488512696494 0.15185185185185185
0 0.5123941958887547 0.6523148148148148 0.046553808948004836 0.16018518518518518
0 0.7128174123337365 0.650462962962963 0.048367593712212824 0.16574074074074074
0 0.48307134220072556 0.28888888888888886 0.04474002418379686 0.1574074074074074
0 0.7073760580411126 0.48518518518518516 0.055622732769044746 0.17592592592592593
0 0.7672309552599759 0.7574074074074074 0.05925030229746071 0.18148148148148147
0 0.8766626360338575 0.8666666666666667 0.04594921402660218 0.17407407407407408
0 0.8062273276904476 0.775 0.050181378476420804 0.15925925925925927
0 0.6786577992744861 0.6523148148148148 0.039298669891172915 0.15833333333333333
0 0.9845828295042323 0.7013888888888888 0.029625151148730353 0.14537037037037034
0 0.6103385731559855 0.6587962962962962 0.05139056831922612 0.15648148148148147
0 0.8627569528415963 0.6847222222222221 0.04594921402660218 0.15092592592592594
0 0.9162636033857317 0.8620370370370369 0.053808948004836765 0.18888888888888886
0 0.7061668681983072 0.5675925925925926 0.04474002418379686 0.1574074074074074
0 0.5755743651753326 0.5736111111111111 0.032648125755743655 0.11944444444444444
0 0.6145707376058042 0.4583333333333333 0.039298669891172915 0.14814814814814817
0 0.002116082224909311 0.42777777777777776 0.0030229746070133015 0.11851851851851851
0 0.5477629987908101 0.6462962962962963 0.04474002418379686 0.17407407407407408
0 0.5713422007255139 0.5962962962962963 0.03143893591293833 0.12407407407407406
0 0.6157799274486094 0.4976851851851852 0.034461910519951636 0.15092592592592594
0 0.825876662636034 0.6907407407407405 0.04232164449818622 0.12962962962962962
0 0.7823458282950424 0.8328703703703704 0.05804111245465538 0.17685185185185184
0 0.6974002418379686 0.8643518518518518 0.0441354292623942 0.16574074074074074
0 0.016928657799274487 0.6449074074074074 0.032648125755743655 0.16018518518518518
0 0.03899637243047159 0.6277777777777778 0.048972188633615486 0.16666666666666666
0 0.43742442563482475 0.23796296296296296 0.032043530834341 0.12962962962962962
0 0.5105804111245467 0.2 0.03325272067714632 0.11851851851851851
0 0.09643288996372432 0.2629629629629629 0.0441354292623942 0.14629629629629629
0 0.02478839177750907 0.18981481481481483 0.03385731559854897 0.14074074074074075
0 0.12696493349455867 0.2046296296296296 0.04232164449818622 0.15185185185185185
0 0.11064087061668683 0.3472222222222222 0.04232164449818622 0.1574074074074074
0 0.17321644498186217 0.2296296296296296 0.0380894800483676 0.13518518518518519
0 0.5973397823458284 0.3375 0.04232164449818622 0.14351851851851852
0 0.51360338573156 0.16805555555555554 0.041717049576783564 0.1324074074074074
0 0.41475211608222495 0.2657407407407407 0.04353083434099154 0.12962962962962962
0 0.5707376058041113 0.3013888888888889 0.03990326481257558 0.14907407407407408
0 0.6233373639661428 0.27824074074074073 0.036275695284159616 0.15092592592592594
0 0.57043530834341 0.27037037037037037 0.03688029020556228 0.15185185185185185
0 0.5985489721886337 0.2708333333333333 0.03385731559854897 0.1324074074074074
0 0.4764207980652963 0.23055555555555554 0.032648125755743655 0.12407407407407406
0 0.6995163240628779 0.28657407407407404 0.04232164449818622 0.16388888888888886
0 0.7300483675937123 0.2842592592592592 0.039298669891172915 0.1537037037037037
0 0.6946795646916567 0.10370370370370369 0.032648125755743655 0.11666666666666667
0 0.49818621523579204 0.24953703703703703 0.03990326481257558 0.13425925925925924
0 0.508162031438936 0.27962962962962956 0.041717049576783564 0.16296296296296295
0 0.5392986698911729 0.27824074074074073 0.036275695284159616 0.13796296296296295
0 0.5232769044740025 0.3148148148148148 0.041717049576783564 0.14074074074074075
0 0.5489721886336155 0.3282407407407407 0.03990326481257558 0.1324074074074074
0 0.6438935912938332 0.3560185185185185 0.04353083434099154 0.15462962962962962
0 0.6704957678355501 0.3763888888888889 0.0350665054413543 0.12870370370370368
0 0.7073760580411125 0.3851851851851852 0.03990326481257558 0.14259259259259258
0 0.9005441354292624 0.39120370370370366 0.0441354292623942 0.15462962962962962
0 0.724304715840387 0.4143518518518518 0.04474002418379686 0.14351851851851852
0 0.7330713422007257 0.7 0.041717049576783564 0.1574074074074074
0 0.764510278113664 0.6875 0.05139056831922612 0.1787037037037037
0 0.7914147521160823 0.4736111111111111 0.03748488512696494 0.15648148148148147
0 0.8548972188633618 0.537962962962963 0.04474002418379686 0.1648148148148148
0 0.7584643288996373 0.5143518518518518 0.0441354292623942 0.16018518518518518
0 0.9821644498186216 0.2972222222222222 0.03325272067714632 0.1537037037037037
0 0.9637243047158405 0.312962962962963 0.03748488512696494 0.12037037037037036
0 0.9014510278113664 0.7189814814814814 0.03869407496977026 0.15462962962962962
0 0.9776299879081016 0.5939814814814814 0.03869407496977026 0.16574074074074074
0 0.8796856106408706 0.30416666666666664 0.03990326481257558 0.13425925925925924
0 0.9159613059250303 0.3143518518518518 0.03748488512696494 0.12314814814814815
0 0.9474002418379688 0.6074074074074074 0.04957678355501814 0.14814814814814817
0 0.9274486094316808 0.5375 0.047158403869407506 0.15462962962962962
0 0.9002418379685613 0.5472222222222223 0.05441354292623943 0.17407407407407408
0 0.9044740024183797 0.2833333333333333 0.03990326481257558 0.14629629629629629
0 0.9171704957678356 0.26666666666666666 0.02902055622732769 0.11851851851851851
0 0.9851874244256349 0.7953703703703704 0.028415961305925032 0.1074074074074074
0 0.883615477629988 0.1675925925925926 0.03688029020556228 0.12962962962962962
0 0.5117896009673519 0.12777777777777777 0.041717049576783564 0.14074074074074075
0 0.4951632406287788 0.1412037037037037 0.032648125755743655 0.11574074074074073
0 0.8848246674727933 0.26944444444444443 0.029625151148730353 0.12407407407407406
0 0.8814993954050786 0.2787037037037037 0.030229746070133016 0.10185185185185185
0 0.9277509068923823 0.2972222222222222 0.030834340991535675 0.12222222222222222
0 0.9398428053204354 0.275 0.032043530834341 0.12407407407407406
0 0.824062877871826 0.5333333333333333 0.04232164449818622 0.15185185185185185
0 0.7775090689238211 0.5398148148148147 0.03990326481257558 0.15555555555555553
0 0.9607013301088272 0.6074074074074074 0.07738814993954052 0.17407407407407408
0 0.14782345828295043 0.8583333333333333 0.05622732769044741 0.18703703703703703
0 0.24516324062877876 0.8916666666666665 0.06106408706166869 0.1648148148148148
0 0.25483675937122136 0.20925925925925923 0.041717049576783564 0.14629629629629629
0 0.6568923821039904 0.23888888888888887 0.048972188633615486 0.1537037037037037
0 0.7013301088270858 0.18564814814814815 0.0350665054413543 0.12129629629629629
0 0.8579201934703748 0.15 0.03748488512696494 0.12962962962962962
0 0.9247279322853688 0.1398148148148148 0.039298669891172915 0.12962962962962962
0 0.9664449818621524 0.14768518518518517 0.0441354292623942 0.14166666666666666
0 0.9573760580411125 0.10787037037037037 0.039298669891172915 0.1398148148148148
0 0.9328899637243048 0.08333333333333333 0.0350665054413543 0.10925925925925925
0 0.9534461910519952 0.06435185185185184 0.0350665054413543 0.11574074074074073
0 0.9195888754534464 0.08148148148148147 0.03748488512696494 0.11851851851851851
0 0.8875453446191053 0.05092592592592592 0.03748488512696494 0.1
0 0.9071946795646918 0.04768518518518518 0.032043530834341 0.09351851851851851
0 0.9313784764207981 0.045370370370370366 0.034461910519951636 0.08888888888888888
0 0.07708585247883919 0.11574074074074073 0.03688029020556228 0.12407407407407406
0 0.190447400241838 0.13055555555555556 0.041112454655380895 0.12962962962962962
0 0.15145102781136638 0.10972222222222222 0.034461910519951636 0.12685185185185185
0 0.19014510278113667 0.05231481481481481 0.032043530834341 0.10277777777777777
0 0.11638452237001211 0.12407407407407407 0.034461910519951636 0.13518518518518519
0 0.08948004836759373 0.04629629629629629 0.032648125755743655 0.09074074074074073
0 0.08706166868198308 0.059259259259259255 0.03748488512696494 0.1148148148148148
0 0.12212817412333737 0.07268518518518517 0.041112454655380895 0.12314814814814815
0 0.1544740024183797 0.04166666666666666 0.03688029020556228 0.08148148148148147
0 0.30652962515114873 0.08888888888888888 0.03748488512696494 0.12407407407407406
0 0.33857315598548976 0.07175925925925926 0.03748488512696494 0.12129629629629629
0 0.2896009673518743 0.04583333333333332 0.030229746070133016 0.0898148148148148
0 0.4053808948004838 0.045370370370370366 0.03688029020556228 0.08888888888888888
0 0.32224909310761796 0.04814814814814814 0.03748488512696494 0.09444444444444443
0 0.3325272067714632 0.05972222222222222 0.032648125755743655 0.1175925925925926
0 0.318621523579202 0.06944444444444443 0.02539298669891173 0.08703703703703704
0 0.4588875453446191 0.16712962962962966 0.036275695284159616 0.14351851851851852
0 0.6623337363966144 0.17638888888888887 0.041717049576783564 0.1398148148148148
0 0.662938331318017 0.16435185185185183 0.03325272067714632 0.13796296296296295
0 0.45284159613059255 0.12685185185185185 0.03990326481257558 0.12407407407407406
0 0.5737605804111245 0.07546296296296297 0.03869407496977026 0.125
0 0.6481257557436518 0.08287037037037036 0.03869407496977026 0.1324074074074074
0 0.8361547762998791 0.09861111111111111 0.03748488512696494 0.12129629629629629
0 0.6949818621523579 0.08194444444444443 0.034461910519951636 0.13425925925925924
0 0.6964933494558645 0.1074074074074074 0.0350665054413543 0.12407407407407406
0 0.662031438935913 0.10925925925925925 0.03385731559854897 0.12037037037037036
0 0.6671704957678357 0.03703703703703703 0.032043530834341 0.07222222222222222
0 0.6481257557436518 0.05462962962962962 0.04232164449818622 0.1074074074074074
0 0.6366384522370012 0.03657407407407407 0.03990326481257558 0.07129629629629629
0 0.5299274486094318 0.07546296296296297 0.03688029020556228 0.12685185185185185
0 0.43591293833131806 0.06018518518518519 0.03748488512696494 0.11666666666666667
0 0.3273881499395406 0.029166666666666667 0.032043530834341 0.05648148148148148
0 0.4848851269649335 0.03981481481481481 0.03748488512696494 0.07777777777777777
0 0.475211608222491 0.05046296296296295 0.0350665054413543 0.09907407407407406
0 0.5096735187424426 0.04166666666666666 0.032648125755743655 0.08148148148148147
0 0.003627569528415962 0.11666666666666667 0.006045949214026603 0.14074074074074075
0 0.9782345828295043 0.0837962962962963 0.03869407496977026 0.125
0 0.6390568319226119 0.1597222222222222 0.02902055622732769 0.09351851851851851
0 0.8908706166868199 0.1439814814814815 0.029625151148730353 0.10277777777777777
0 0.3669891172914148 0.5134259259259258 0.03990326481257558 0.14907407407407408
0 0.18923821039903269 0.32962962962962966 0.04232164449818622 0.14074074074074075
0 0.14177750906892383 0.7851851851851851 0.057436517533252726 0.1574074074074074
0 0.11185006045949215 0.7319444444444444 0.056831922611850064 0.16018518518518518
0 0.15477629987908104 0.7393518518518518 0.05078597339782346 0.1675925925925926
0 0.7258162031438936 0.03194444444444444 0.029625151148730353 0.06203703703703703
0 0.8116686819830714 0.32037037037037036 0.041717049576783564 0.13518518518518519
0 0.8403869407496978 0.312037037037037 0.03385731559854897 0.12037037037037036
0 0.2551390568319226 0.625 0.047158403869407506 0.1685185185185185
0 0.22430471584038697 0.6064814814814814 0.04232164449818622 0.1685185185185185
0 0.3603385731559855 0.6101851851851853 0.0350665054413543 0.15185185185185185
0 0.2194679564691657 0.5365740740740741 0.04474002418379686 0.14907407407407408
0 0.2227932285368803 0.5222222222222221 0.03688029020556228 0.13518518518518519
0 0.18651753325272066 0.5143518518518518 0.041717049576783564 0.1398148148148148
0 0.19467956469165662 0.47731481481481475 0.041112454655380895 0.14351851851851852
0 0.14328899637243048 0.5013888888888889 0.04474002418379686 0.14907407407407408
0 0.3651753325272068 0.18518518518518517 0.032648125755743655 0.12962962962962962
0 0.38875453446191055 0.18518518518518517 0.026602176541717055 0.12777777777777777
0 0.3609431680773882 0.40185185185185185 0.032648125755743655 0.12407407407407406
0 0.281136638452237 0.4166666666666667 0.04474002418379686 0.14259259259259258
0 0.2714631197097945 0.42638888888888893 0.03748488512696494 0.1398148148148148
0 0.19709794437726724 0.9310185185185185 0.056831922611850064 0.13796296296296295
0 0.4594921402660218 0.625462962962963 0.03869407496977026 0.16018518518518518
0 0.4597944377267232 0.637962962962963 0.039298669891172915 0.1685185185185185
0 0.20133010882708588 0.6851851851851851 0.04474002418379686 0.16296296296296295
0 0.159310761789601 0.6648148148148147 0.041717049576783564 0.1685185185185185
0 0.19135429262394196 0.6546296296296297 0.04050785973397824 0.15925925925925927
0 0.3107617896009674 0.7384259259259258 0.04232164449818622 0.15462962962962962
0 0.4232164449818622 0.4337962962962963 0.047158403869407506 0.12685185185185185
0 0.8536880290205564 0.2759259259259259 0.03748488512696494 0.1259259259259259
0 0.8358524788391778 0.24444444444444444 0.039298669891172915 0.13518518518518519
0 0.8016928657799275 0.25416666666666665 0.0350665054413543 0.13796296296296295
0 0.3851269649334946 0.5745370370370371 0.03990326481257558 0.1398148148148148
0 0.16928657799274488 0.4324074074074074 0.04232164449818622 0.1537037037037037
0 0.20979443772672313 0.4217592592592592 0.03385731559854897 0.13796296296296295
0 0.031136638452237006 0.11805555555555555 0.032043530834341 0.12685185185185185
0 0.3455259975816204 0.6615740740740741 0.039298669891172915 0.16018518518518518
0 0.34794437726723104 0.700925925925926 0.041717049576783564 0.1685185185185185
0 0.18621523579201937 0.15046296296296294 0.03748488512696494 0.13796296296296295
0 0.6910519951632407 0.13287037037037036 0.030229746070133016 0.12685185185185185
0 0.8155985489721886 0.2712962962962963 0.0350665054413543 0.13518518518518519
0 0.18802902055622736 0.42685185185185187 0.03990326481257558 0.14074074074074075
0 0.4201934703748489 0.6976851851851851 0.04957678355501814 0.14907407407407408
0 0.6378476420798066 0.7416666666666666 0.04957678355501814 0.15555555555555553
0 0.16928657799274488 0.4041666666666667 0.03869407496977026 0.16018518518518518
0 0.44074969770253936 0.49907407407407406 0.0350665054413543 0.14074074074074075
0 0.4289600967351875 0.46898148148148144 0.034461910519951636 0.1324074074074074
0 0.37001209189842804 0.3597222222222222 0.03990326481257558 0.15462962962962962
0 0.3588270858524789 0.5745370370370371 0.03688029020556228 0.13425925925925924
0 0.33131801692865787 0.5027777777777778 0.03990326481257558 0.13518518518518519
0 0.3391777509068924 0.4717592592592592 0.03748488512696494 0.13796296296296295
0 0.24123337363966146 0.8462962962962962 0.05078597339782346 0.16296296296296295
0 0.7079806529625152 0.047222222222222214 0.026602176541717055 0.09259259259259259
0 0.7370012091898429 0.04907407407407407 0.030229746070133016 0.0962962962962963
0 0.01934703748488513 0.4129629629629629 0.03748488512696494 0.1574074074074074
0 0.742442563482467 0.03981481481481481 0.03143893591293833 0.07777777777777777
0 0.42261185006045954 0.5504629629629629 0.03990326481257558 0.14907407407407408
0 0.43198307134220076 0.525 0.032043530834341 0.14629629629629629
0 0.24002418379685614 0.5833333333333334 0.03748488512696494 0.14074074074074075
0 0.2877871825876663 0.5671296296296295 0.05078597339782346 0.16203703703703703
0 0.2896009673518743 0.6078703703703704 0.03990326481257558 0.1675925925925926
0 0.48730350665054417 0.43611111111111106 0.03990326481257558 0.15185185185185185
0 0.28839177750906897 0.3800925925925926 0.05078597339782346 0.14351851851851852
0 0.41172914147521167 0.35648148148148145 0.04232164449818622 0.13518518518518519
0 0.28808948004836765 0.350925925925926 0.041717049576783564 0.15185185185185185
0 0.40507859733978235 0.41712962962962963 0.03990326481257558 0.14351851851851852
0 0.5837363966142685 0.05555555555555555 0.032043530834341 0.10925925925925925
0 0.5522974607013302 0.04166666666666666 0.032043530834341 0.08148148148148147
0 0.4812575574365176 0.48842592592592593 0.0350665054413543 0.14351851851851852
0 0.47853688029020564 0.5300925925925926 0.03688029020556228 0.15092592592592594
0 0.27448609431680776 0.32361111111111107 0.03748488512696494 0.14351851851851852
0 0.6058041112454655 0.7893518518518519 0.055622732769044746 0.16944444444444443
0 0.5758766626360339 0.7925925925925925 0.04534461910519952 0.1796296296296296
0 0.2666263603385732 0.3481481481481481 0.032648125755743655 0.13148148148148148
0 0.7079806529625152 0.03472222222222222 0.027811366384522373 0.06759259259259259
