0 0.40507859733978235 0.43796296296296294 0.030229746070133016 0.07407407407407408
0 0.48428053204353094 0.03194444444444444 0.0350665054413543 0.06203703703703703
0 0.6786577992744861 0.03657407407407407 0.034461910519951636 0.07129629629629629
0 0.7503022974607014 0.07638888888888888 0.03385731559854897 0.13796296296296295
0 0.9712817412333736 0.15138888888888888 0.034461910519951636 0.1324074074074074
0 0.8585247883917775 0.15092592592592594 0.030229746070133016 0.10185185185185185
0 0.9588875453446192 0.08055555555555555 0.030229746070133016 0.13518518518518519
0 0.665659008464329 0.049999999999999996 0.032648125755743655 0.09814814814814814
0 0.6305925030229745 0.04953703703703703 0.0350665054413543 0.09722222222222222
0 0.7820435308343411 0.9648148148148148 0.048972188633615486 0.07222222222222222
0 0.346130592503023 0.05046296296296295 0.032043530834341 0.09907407407407406
0 0.20798065296251517 0.07314814814814814 0.02902055622732769 0.11851851851851851
0 0.1834945586457074 0.06296296296296296 0.029625151148730353 0.11666666666666667
0 0.15810157194679567 0.07129629629629629 0.034461910519951636 0.12222222222222222
0 0.43591293833131806 0.03981481481481481 0.0350665054413543 0.07777777777777777
0 0.3567110036275696 0.03518518518518518 0.027811366384522373 0.0685185185185185
0 0.3669891172914148 0.04074074074074074 0.02539298669891173 0.07962962962962963
0 0.5846432889963725 0.21249999999999997 0.027811366384522373 0.11203703703703702
0 0.5610640870616688 0.05601851851851851 0.03748488512696494 0.11018518518518518
0 0.5362756952841596 0.057870370370370364 0.03143893591293833 0.11388888888888889
0 0.46765417170495777 0.19398148148148148 0.032043530834341 0.12870370370370368
0 0.9310761789600969 0.062037037037037036 0.032648125755743655 0.11666666666666667
0 0.3576178960096736 0.23749999999999996 0.034461910519951636 0.11574074074074073
0 0.40810157194679564 0.24444444444444444 0.03143893591293833 0.137037037037037
0 0.6801692865779928 0.47638888888888886 0.03748488512696494 0.15092592592592594
0 0.7400241837968561 0.4402777777777777 0.02902055622732769 0.11018518518518518
0 0.6958887545344619 0.2259259259259259 0.0350665054413543 0.14259259259259258
0 0.6581015719467957 0.2472222222222222 0.032043530834341 0.12407407407407406
0 0.9316807738814995 0.6120370370370369 0.04232164449818622 0.14629629629629629
0 0.9866989117291417 0.26666666666666666 0.026602176541717055 0.14629629629629629
0 0.9564691656590086 0.2638888888888889 0.036275695284159616 0.13518518518518519
0 0.9791414752116083 0.18101851851851852 0.034461910519951636 0.1175925925925926
0 0.9824667472793229 0.3254629629629629 0.03385731559854897 0.13796296296296295
0 0.6747279322853689 0.12916666666666668 0.032648125755743655 0.1324074074074074
0 0.5701330108827087 0.4851851851851851 0.032648125755743655 0.12407407407407406
0 0.9776299879081016 0.0449074074074074 0.032648125755743655 0.08796296296296297
0 0.4223095525997582 0.05277777777777778 0.029625151148730353 0.07962962962962963
0 0.03657799274486095 0.986574074074074 0.028415961305925032 0.02685185185185185
0 0.06045949214026603 0.9722222222222221 0.03143893591293833 0.0574074074074074
0 0.1203143893591294 0.9861111111111109 0.024183796856106412 0.029629629629629627
0 0.2756952841596131 0.9592592592592591 0.04474002418379686 0.08333333333333333
0 0.4425634824667473 0.9458333333333333 0.05441354292623943 0.11018518518518518
0 0.9480048367593713 0.9481481481481481 0.047158403869407506 0.10555555555555556
0 0.9873035066505442 0.9189814814814814 0.024183796856106412 0.1175925925925926
0 0.9794437726723096 0.9717592592592592 0.03869407496977026 0.058333333333333334
0 0.8869407496977025 0.9643518518518518 0.05320435308343411 0.06759259259259259
0 0.9268440145102781 0.9740740740740741 0.03990326481257558 0.0537037037037037
0 0.4969770253929867 0.6703703703703704 0.03143893591293833 0.15555555555555553
0 0.51360338573156 0.6703703703703704 0.039298669891172915 0.17407407407407408
0 0.22732769044740025 0.7092592592592593 0.04594921402660218 0.17037037037037037
0 0.2016324062877872 0.6912037037037035 0.03688029020556228 0.17129629629629628
0 0.23548972188633618 0.6708333333333332 0.032043530834341 0.15462962962962962
0 0.33403869407496983 0.7287037037037037 0.0441354292623942 0.18148148148148147
0 0.380894800483676 0.7430555555555556 0.05199516324062878 0.17685185185185184
0 0.41777509068923824 0.7407407407407407 0.04474002418379686 0.1537037037037037
0 0.6206166868198307 0.824537037037037 0.039298669891172915 0.15462962962962962
0 0.6602176541717051 0.8287037037037037 0.04957678355501814 0.17407407407407408
0 0.7040507859733979 0.8777777777777778 0.053808948004836765 0.12407407407407406
0 0.8642684401451028 0.8282407407407406 0.06348246674727932 0.18796296296296294
0 0.9150544135429264 0.8657407407407407 0.06106408706166869 0.15925925925925927
0 0.009371221281741235 0.7138888888888888 0.01753325272067715 0.16296296296296295
0 0.02237001209189843 0.711111111111111 0.0350665054413543 0.14259259259259258
0 0.023276904474002418 0.674074074074074 0.04534461910519952 0.15185185185185185
0 0.12575574365175332 0.6972222222222222 0.04232164449818622 0.14814814814814817
0 0.25211608222490933 0.6513888888888888 0.03748488512696494 0.1398148148148148
0 0.3022974607013302 0.6666666666666666 0.04594921402660218 0.15925925925925927
0 0.3174123337363966 0.6416666666666667 0.03143893591293833 0.14814814814814817
0 0.3691051995163241 0.6805555555555555 0.0380894800483676 0.1537037037037037
0 0.3935912938331318 0.6666666666666666 0.03748488512696494 0.14814814814814817
0 0.7167472793228536 0.75 0.04292623941958888 0.16666666666666666
0 0.7651148730350665 0.6532407407407407 0.0441354292623942 0.1398148148148148
0 0.8403869407496978 0.6421296296296296 0.03990326481257558 0.13425925925925924
0 0.5749697702539299 0.5967592592592593 0.047158403869407506 0.16574074074074074
0 0.6148730350665055 0.5949074074074073 0.03748488512696494 0.1398148148148148
0 0.6454050785973399 0.6611111111111111 0.041717049576783564 0.1611111111111111
0 0.6732164449818622 0.6351851851851852 0.041717049576783564 0.17037037037037037
0 0.7841596130592504 0.5337962962962963 0.047158403869407506 0.14351851851851852
0 0.8337363966142685 0.5328703703703703 0.04594921402660218 0.15092592592592594
0 0.8978234582829505 0.736111111111111 0.04353083434099154 0.1685185185185185
0 0.9347037484885129 0.7282407407407407 0.04474002418379686 0.16574074074074074
0 0.8688029020556228 0.6569444444444446 0.047158403869407506 0.14537037037037034
0 0.9715840386940751 0.6083333333333333 0.036275695284159616 0.15925925925925927
0 0.9498186215235792 0.5625 0.03990326481257558 0.13796296296296295
0 0.8727327690447402 0.5689814814814814 0.04292623941958888 0.14351851851851852
0 0.9026602176541717 0.5680555555555554 0.03748488512696494 0.15092592592592594
0 0.902962515114873 0.5078703703703703 0.0380894800483676 0.14537037037037034
0 0.9410519951632407 0.5087962962962963 0.039298669891172915 0.14537037037037034
0 0.9673518742442565 0.5092592592592592 0.03748488512696494 0.137037037037037
0 0.9458887545344621 0.34027777777777773 0.041717049576783564 0.15277777777777776
0 0.41989117291414757 0.5592592592592592 0.046553808948004836 0.15185185185185185
0 0.4809552599758163 0.46249999999999997 0.046553808948004836 0.14907407407407408
0 0.5362756952841597 0.44722222222222213 0.03748488512696494 0.13518518518518519
0 0.5592503022974608 0.43425925925925923 0.03748488512696494 0.14629629629629629
0 0.6363361547763 0.4319444444444444 0.035671100362756954 0.14907407407407408
0 0.6931680773881501 0.41157407407407404 0.03688029020556228 0.13796296296296295
0 0.6967956469165659 0.45509259259259255 0.039298669891172915 0.15833333333333333
0 0.5912938331318017 0.4976851851851851 0.04232164449818622 0.1324074074074074
0 0.6139661426844015 0.5032407407407408 0.027206771463119714 0.12129629629629629
0 0.6030834340991537 0.5671296296296297 0.0441354292623942 0.14351851851851852
0 0.7327690447400242 0.4703703703703704 0.04353083434099154 0.1574074074074074
0 0.7911124546553809 0.45185185185185184 0.034461910519951636 0.14074074074074075
0 0.9304715840386941 0.4680555555555556 0.03748488512696494 0.1398148148148148
0 0.8431076178960097 0.28009259259259256 0.03688029020556228 0.13425925925925924
0 0.8821039903264813 0.25925925925925924 0.027811366384522373 0.13333333333333333
0 0.8500604594921404 0.2726851851851852 0.027811366384522373 0.12685185185185185
0 0.09673518742442565 0.6203703703703703 0.04232164449818622 0.1796296296296296
0 0.002720677146311971 0.5476851851851852 0.004232164449818622 0.14907407407407408
0 0.003325272067714632 0.611111111111111 0.005441354292623942 0.1648148148148148
0 0.04594921402660218 0.6041666666666666 0.04957678355501814 0.17129629629629628
0 0.3594316807738815 0.42129629629629634 0.035671100362756954 0.13518518518518519
0 0.2345828295042322 0.4685185185185185 0.03748488512696494 0.1574074074074074
0 0.2666263603385732 0.4662037037037037 0.03385731559854897 0.1398148148148148
0 0.319528415961306 0.4851851851851851 0.034461910519951636 0.14814814814814817
0 0.32769044740024184 0.5259259259259259 0.03385731559854897 0.14074074074074075
0 0.2877871825876663 0.5393518518518517 0.03990326481257558 0.16018518518518518
0 0.3098548972188634 0.4152777777777778 0.0380894800483676 0.13425925925925924
0 0.39419588875453443 0.34953703703703703 0.041112454655380895 0.14537037037037034
0 0.5048367593712213 0.399074074074074 0.03748488512696494 0.13518518518518519
0 0.7687424425634825 0.4314814814814814 0.034461910519951636 0.14074074074074075
0 0.07255139056831923 0.48749999999999993 0.0350665054413543 0.14537037037037034
0 0.0350665054413543 0.48148148148148145 0.04353083434099154 0.1574074074074074
0 0.04292623941958888 0.3638888888888889 0.0350665054413543 0.14629629629629629
0 0.07073760580411126 0.3851851851851852 0.0350665054413543 0.14074074074074075
0 0.10368802902055625 0.40185185185185185 0.0380894800483676 0.10370370370370369
0 0.003325272067714632 0.42731481481481476 0.005441354292623942 0.11574074074074073
0 0.1635429262394196 0.46851851851851845 0.041717049576783564 0.15555555555555553
0 0.1995163240628779 0.475462962962963 0.03869407496977026 0.13796296296296295
0 0.03476420798065297 0.2351851851851852 0.032043530834341 0.0962962962962963
0 0.061366384522370025 0.23194444444444443 0.039298669891172915 0.12685185185185185
0 0.012394195888754535 0.2013888888888889 0.023579201934703753 0.10462962962962963
0 0.04262394195888755 0.17546296296296296 0.032043530834341 0.12870370370370368
0 0.07769044740024185 0.2712962962962963 0.039298669891172915 0.15185185185185185
0 0.1493349455864571 0.4263888888888889 0.03869407496977026 0.14907407407407408
0 0.19528415961305928 0.3412037037037037 0.036275695284159616 0.14351851851851852
0 0.22007255139056833 0.35509259259259257 0.03990326481257558 0.15462962962962962
0 0.7539298669891173 0.336574074074074 0.03385731559854897 0.14537037037037034
0 0.7270253929866989 0.3537037037037037 0.0441354292623942 0.14074074074074075
0 0.7013301088270858 0.3412037037037037 0.03990326481257558 0.1472222222222222
0 0.658403869407497 0.3143518518518518 0.03869407496977026 0.14907407407407408
0 0.2551390568319227 0.1648148148148148 0.0350665054413543 0.13148148148148148
0 0.30290205562273287 0.2222222222222222 0.04474002418379686 0.14074074074074075
0 0.33948004836759377 0.2222222222222222 0.03688029020556228 0.14444444444444443
0 0.38452237001209194 0.24027777777777776 0.030229746070133016 0.12314814814814815
0 0.507255139056832 0.18796296296296294 0.04353083434099154 0.12962962962962962
0 0.18712212817412335 0.18657407407407406 0.03688029020556228 0.12685185185185185
0 0.7388149939540509 0.15046296296296294 0.032648125755743655 0.1324074074074074
0 0.6351269649334946 0.18055555555555552 0.03688029020556228 0.14074074074074075
0 0.662031438935913 0.20509259259259255 0.030229746070133016 0.13425925925925924
0 0.6369407496977026 0.2601851851851852 0.041717049576783564 0.14259259259259258
0 0.662031438935913 0.19629629629629627 0.027811366384522373 0.09074074074074073
0 0.6200120918984281 0.20740740740740737 0.034461910519951636 0.12407407407407406
0 0.758162031438936 0.2333333333333333 0.032648125755743655 0.12407407407407406
0 0.5459492140266022 0.12175925925925926 0.0350665054413543 0.11018518518518518
0 0.6021765417170497 0.12638888888888886 0.0350665054413543 0.1324074074074074
0 0.6886336154776301 0.06064814814814814 0.032648125755743655 0.11574074074074073
0 0.7336759371221282 0.1 0.034461910519951636 0.12962962962962962
0 0.9449818621523579 0.2935185185185185 0.04232164449818622 0.14074074074074075
0 0.9310761789600968 0.20555555555555557 0.03869407496977026 0.12962962962962962
0 0.817714631197098 0.12453703703703704 0.05622732769044741 0.1398148148148148
0 0.9177750906892382 0.27685185185185185 0.03990326481257558 0.14074074074074075
0 0.6865175332527208 0.11203703703703702 0.032043530834341 0.12962962962962962
0 0.12877871825876663 0.12314814814814815 0.04353083434099154 0.14259259259259258
0 0.38119709794437734 0.1537037037037037 0.04776299879081017 0.137037037037037
0 0.540205562273277 0.03888888888888888 0.032043530834341 0.07592592592592592
0 0.5275090689238211 0.04074074074074074 0.032043530834341 0.07962962962962963
0 0.08978234582829504 0.13379629629629627 0.030834340991535675 0.12314814814814815
0 0.09915356711003627 0.14583333333333334 0.03385731559854897 0.14351851851851852
0 0.3603385731559855 0.08148148148148147 0.03869407496977026 0.13148148148148148
0 0.1925634824667473 0.09675925925925925 0.04050785973397824 0.12685185185185185
0 0.9047762998790811 0.09814814814814814 0.032043530834341 0.12037037037037036
0 0.9591898428053205 0.11574074074074074 0.034461910519951636 0.12962962962962962
0 0.9897218863361549 0.1300925925925926 0.01934703748488513 0.13796296296296295
0 0.9295646916565902 0.11018518518518518 0.029625151148730353 0.12407407407407406
0 0.32648125755743657 0.07685185185185185 0.02539298669891173 0.12037037037037036
0 0.3285973397823459 0.0662037037037037 0.027206771463119714 0.11574074074074073
0 0.01995163240628779 0.8601851851851852 0.03869407496977026 0.19074074074074074
0 0.2889963724304716 0.07731481481481481 0.032648125755743655 0.12685185185185185
0 0.7623941958887545 0.10601851851851851 0.0350665054413543 0.1324074074074074
0 0.05259975816203145 0.1310185185185185 0.0350665054413543 0.1324074074074074
0 0.029927448609431685 0.14166666666666666 0.032043530834341 0.10370370370370369
0 0.1233373639661427 0.0962962962962963 0.03748488512696494 0.12962962962962962
0 0.475211608222491 0.04351851851851851 0.0350665054413543 0.08518518518518518
0 0.7001209189842805 0.05833333333333333 0.030229746070133016 0.1148148148148148
0 0.8715235792019348 0.27777777777777773 0.039298669891172915 0.14074074074074075
0 0.7974607013301088 0.20787037037037034 0.0350665054413543 0.1324074074074074
0 0.23579201934703753 0.44999999999999996 0.032648125755743655 0.14074074074074075
0 0.5937122128174124 0.6560185185185186 0.05078597339782346 0.14351851851851852
0 0.5519951632406288 0.6268518518518519 0.04353083434099154 0.1685185185185185
0 0.6154776299879081 0.6361111111111111 0.03748488512696494 0.1574074074074074
0 0.7732769044740025 0.7199074074074073 0.05441354292623943 0.14907407407407408
0 0.22128174123337366 0.42361111111111105 0.032648125755743655 0.14351851851851852
0 0.26844014510278114 0.4407407407407407 0.03748488512696494 0.14629629629629629
0 0.567714631197098 0.4078703703703704 0.032648125755743655 0.13796296296296295
0 0.5559250302297462 0.40277777777777773 0.041717049576783564 0.13518518518518519
0 0.5338573155985491 0.4282407407407407 0.030229746070133016 0.13796296296296295
0 0.3951027811366385 0.425 0.034461910519951636 0.13518518518518519
0 0.41293833131801694 0.32685185185185184 0.03143893591293833 0.12037037037037036
0 0.4389359129383314 0.3560185185185185 0.0350665054413543 0.13796296296296295
0 0.4764207980652963 0.34305555555555556 0.030229746070133016 0.0824074074074074
0 0.5133010882708585 0.3634259259259259 0.03143893591293833 0.12870370370370368
0 0.4455864570737606 0.5273148148148148 0.03869407496977026 0.14907407407407408
0 0.38875453446191055 0.5814814814814814 0.030229746070133016 0.14629629629629629
0 0.3824062877871826 0.5162037037037036 0.0380894800483676 0.12314814814814815
0 0.3757557436517534 0.4949074074074074 0.032043530834341 0.1324074074074074
0 0.21795646916565903 0.11157407407407406 0.029625151148730353 0.11203703703703702
0 0.3119709794437727 0.08240740740740742 0.030229746070133016 0.11296296296296296
0 0.22339782345828296 0.18240740740740738 0.029625151148730353 0.137037037037037
0 0.20586457073760583 0.059259259259259255 0.028415961305925032 0.11666666666666667
0 0.4673518742442564 0.39999999999999997 0.027811366384522373 0.09074074074074073
0 0.48307134220072556 0.4166666666666667 0.026602176541717055 0.11296296296296296
0 0.2690447400241838 0.923148148148148 0.048367593712212824 0.1537037037037037
0 0.22611850060459493 0.10925925925925925 0.03990326481257558 0.1574074074074074
0 0.7506045949214027 0.04861111111111111 0.029625151148730353 0.09537037037037037
0 0.7817412333736398 0.05092592592592592 0.02902055622732769 0.1
0 0.7844619105199517 0.04212962962962962 0.029625151148730353 0.0824074074074074
0 0.11275695284159616 0.2611111111111111 0.034461910519951636 0.13148148148148148
0 0.7593712212817413 0.04027777777777777 0.03385731559854897 0.0787037037037037
