0 0.4277509068923822 0.7189814814814814 0.041717049576783564 0.1675925925925926
0 0.4643288996372431 0.7226851851851851 0.04232164449818622 0.15462962962962962
0 0.47067714631197105 0.8907407407407406 0.048972188633615486 0.1796296296296296
0 0.4610036275695285 0.9819444444444443 0.03688029020556228 0.03796296296296296
0 0.49969770253929874 0.8828703703703702 0.041717049576783564 0.16203703703703703
0 0.5145102781136639 0.7240740740740741 0.05441354292623943 0.18148148148148147
0 0.46614268440145107 0.3097222222222222 0.04474002418379686 0.15277777777777776
0 0.5513905683192262 0.898611111111111 0.05320435308343411 0.17314814814814813
0 0.5616686819830714 0.8412037037037036 0.03990326481257558 0.15462962962962962
0 0.36457073760580416 0.8185185185185185 0.055622732769044746 0.17037037037037037
0 0.4727932285368804 0.3356481481481481 0.04232164449818622 0.16203703703703703
0 0.7103990326481259 0.8337962962962961 0.06166868198307135 0.1898148148148148
0 0.6079201934703748 0.8856481481481481 0.05501813784764208 0.1824074074074074
0 0.4516324062877872 0.8935185185185185 0.030229746070133016 0.12222222222222222
0 0.5308343409915357 0.8342592592592591 0.047158403869407506 0.14629629629629629
0 0.41384522370012095 0.8967592592592593 0.04292623941958888 0.14537037037037034
0 0.3403869407496977 0.7958333333333333 0.047158403869407506 0.16574074074074074
0 0.6662636033857317 0.5032407407407408 0.04594921402660218 0.14907407407407408
0 0.7146311970979445 0.5018518518518519 0.047158403869407506 0.15925925925925927
0 0.8264812575574366 0.7962962962962962 0.05078597339782346 0.1722222222222222
0 0.5940145102781137 0.4930555555555555 0.05139056831922612 0.17314814814814813
0 0.43651753325272075 0.548611111111111 0.03143893591293833 0.15648148148148147
0 0.8155985489721888 0.6995370370370371 0.05441354292623943 0.16944444444444443
0 0.854292623941959 0.6662037037037037 0.048367593712212824 0.1824074074074074
0 0.5202539298669892 0.5564814814814815 0.041717049576783564 0.15925925925925927
0 0.5408101571946796 0.5768518518518518 0.0441354292623942 0.14444444444444443
0 0.5816203143893591 0.2824074074074074 0.0350665054413543 0.1574074074074074
0 0.8923821039903266 0.9629629629629629 0.05320435308343411 0.07407407407407408
0 0.9434703748488514 0.9555555555555555 0.05139056831922612 0.09074074074074073
0 0.5601571946795647 0.300462962962963 0.04534461910519952 0.14907407407407408
0 0.5305320435308344 0.35879629629629634 0.0441354292623942 0.16018518518518518
0 0.5465538089480049 0.3486111111111111 0.03990326481257558 0.14351851851851852
0 0.4631197097944378 0.6032407407407407 0.03748488512696494 0.16018518518518518
0 0.49093107617896015 0.6101851851851852 0.041112454655380895 0.16296296296296295
0 0.49758162031438935 0.648611111111111 0.04594921402660218 0.17129629629629628
0 0.5302297460701331 0.673611111111111 0.036275695284159616 0.15092592592592594
0 0.5652962515114873 0.6768518518518519 0.047158403869407506 0.1537037037037037
0 0.7221886336154776 0.6888888888888888 0.039298669891172915 0.16666666666666666
0 0.5399032648125756 0.9398148148148148 0.04353083434099154 0.11851851851851851
0 0.5719467956469166 0.9666666666666666 0.06529625151148731 0.06481481481481481
0 0.46614268440145107 0.8337962962962961 0.04957678355501814 0.17314814814814813
0 0.8047158403869408 0.5041666666666667 0.03990326481257558 0.14537037037037034
0 0.8409915356711005 0.5120370370370371 0.041112454655380895 0.137037037037037
0 0.8089480048367595 0.475462962962963 0.05199516324062878 0.15462962962962962
0 0.8267835550181379 0.4583333333333333 0.032043530834341 0.12962962962962962
0 0.906590084643289 0.5560185185185185 0.0441354292623942 0.15648148148148147
0 0.9616082224909311 0.4074074074074074 0.0441354292623942 0.1648148148148148
0 0.9153567110036277 0.42453703703703705 0.05320435308343411 0.14907407407407408
0 0.8113663845223701 0.4717592592592592 0.032648125755743655 0.12314814814814815
0 0.7750906892382105 0.49999999999999994 0.0350665054413543 0.1074074074074074
0 0.8561064087061668 0.4814814814814815 0.0350665054413543 0.12222222222222222
0 0.8406892382103991 0.45462962962962966 0.032043530834341 0.13518518518518519
0 0.5507859733978235 0.9624999999999999 0.0350665054413543 0.07314814814814814
0 0.5580411124546555 0.9425925925925925 0.047158403869407506 0.11666666666666667
0 0.4081015719467957 0.7773148148148148 0.047158403869407506 0.17129629629629628
0 0.3307134220072551 0.7643518518518518 0.04594921402660218 0.17129629629629628
0 0.07799274486094318 0.8791666666666667 0.05199516324062878 0.19907407407407407
0 0.846130592503023 0.8972222222222223 0.06348246674727932 0.19444444444444445
0 0.8013905683192263 0.5851851851851851 0.04050785973397824 0.14074074074074075
0 0.8724304715840387 0.5435185185185186 0.03990326481257558 0.1537037037037037
0 0.7832527206771465 0.41481481481481475 0.057436517533252726 0.17037037037037037
0 0.9286577992744862 0.3347222222222222 0.03748488512696494 0.14537037037037034
0 0.9610036275695285 0.3194444444444444 0.0441354292623942 0.15925925925925927
0 0.9631197097944378 0.20092592592592592 0.04353083434099154 0.13518518518518519
0 0.920193470374849 0.37037037037037035 0.03748488512696494 0.15185185185185185
0 0.7463724304715841 0.23888888888888887 0.0441354292623942 0.14629629629629629
0 0.7766021765417171 0.25416666666666665 0.0441354292623942 0.14351851851851852
0 0.8887545344619107 0.33888888888888885 0.04594921402660218 0.14629629629629629
0 0.9253325272067715 0.2810185185185185 0.039298669891172915 0.1398148148148148
0 0.8996372430471585 0.29907407407407405 0.03748488512696494 0.14074074074074075
0 0.89540507859734 0.23425925925925925 0.041112454655380895 0.13148148148148148
0 0.9298669891172915 0.2384259259259259 0.04232164449818622 0.1324074074074074
0 0.9168681983071343 0.18333333333333332 0.039298669891172915 0.14074074074074075
0 0.9126360338573156 0.13425925925925924 0.039298669891172915 0.137037037037037
0 0.014812575574365175 0.29768518518518516 0.028415961305925032 0.15462962962962962
0 0.03355501813784764 0.3189814814814815 0.032043530834341 0.11574074074074073
0 0.035973397823458285 0.2657407407407407 0.03688029020556228 0.12407407407407406
0 0.06529625151148731 0.24490740740740738 0.04232164449818622 0.14907407407407408
0 0.07255139056831923 0.38009259259259254 0.04232164449818622 0.14537037037037034
0 0.11970979443772674 0.34444444444444444 0.04232164449818622 0.14629629629629629
0 0.04474002418379686 0.33287037037037037 0.03990326481257558 0.12129629629629629
0 0.008766626360338575 0.512962962962963 0.016324062877871828 0.18703703703703703
0 0.056831922611850064 0.3189814814814815 0.04474002418379686 0.15462962962962962
0 0.09280532043530837 0.3277777777777777 0.032043530834341 0.13518518518518519
0 0.09794437726723097 0.36111111111111105 0.02539298669891173 0.10185185185185185
0 0.5190447400241839 0.48148148148148145 0.05622732769044741 0.1685185185185185
0 0.7521160822249093 0.587037037037037 0.05804111245465538 0.1722222222222222
0 0.7684401451027812 0.5412037037037037 0.04594921402660218 0.15462962962962962
0 0.5547158403869409 0.47638888888888886 0.046553808948004836 0.16203703703703703
0 0.6420798065296253 0.44166666666666665 0.047158403869407506 0.17037037037037037
0 0.7351874244256349 0.38611111111111107 0.047158403869407506 0.137037037037037
0 0.575876662636034 0.39398148148148143 0.041717049576783564 0.14537037037037034
0 0.81590084643289 0.34305555555555556 0.039298669891172915 0.14907407407407408
0 0.7871825876662638 0.36435185185185187 0.041112454655380895 0.14907407407407408
0 0.7560459492140267 0.34953703703703703 0.039298669891172915 0.14537037037037034
0 0.7802297460701331 0.29768518518518516 0.034461910519951636 0.12314814814814815
0 0.6789600967351875 0.36898148148148147 0.04957678355501814 0.15092592592592594
0 0.7406287787182589 0.28888888888888886 0.047158403869407506 0.14259259259259258
0 0.6617291414752117 0.27546296296296297 0.039298669891172915 0.1398148148148148
0 0.6916565900846434 0.2935185185185185 0.03748488512696494 0.14074074074074075
0 0.5970374848851271 0.43611111111111106 0.0441354292623942 0.1574074074074074
0 0.562273276904474 0.4148148148148148 0.04232164449818622 0.14259259259259258
0 0.6221281741233374 0.35462962962962963 0.03990326481257558 0.15925925925925927
0 0.57043530834341 0.32916666666666666 0.039298669891172915 0.1324074074074074
0 0.5788996372430473 0.35231481481481475 0.03688029020556228 0.14351851851851852
0 0.5985489721886337 0.32685185185185184 0.03748488512696494 0.1574074074074074
0 0.641777509068924 0.3300925925925926 0.04534461910519952 0.16018518518518518
0 0.727932285368803 0.20324074074074075 0.04353083434099154 0.12685185185185185
0 0.24516324062877873 0.11574074074074073 0.039298669891172915 0.1722222222222222
0 0.21432889963724305 0.1273148148148148 0.034461910519951636 0.1324074074074074
0 0.720677146311971 0.15833333333333333 0.04232164449818622 0.14629629629629629
0 0.7524183796856108 0.15277777777777776 0.04292623941958888 0.12962962962962962
0 0.05501813784764208 0.2597222222222222 0.032648125755743655 0.07129629629629629
0 0.7412333736396616 0.5611111111111111 0.032648125755743655 0.11851851851851851
0 0.983373639661427 0.5092592592592592 0.03325272067714632 0.1259259259259259
0 0.9848851269649336 0.06944444444444443 0.030229746070133016 0.12407407407407406
0 0.9449818621523579 0.14537037037037034 0.03748488512696494 0.1259259259259259
0 0.9455864570737605 0.0662037037037037 0.03869407496977026 0.13055555555555556
0 0.8576178960096735 0.11666666666666667 0.034461910519951636 0.14074074074074075
0 0.9220072551390568 0.04583333333333332 0.0350665054413543 0.0898148148148148
0 0.9244256348246674 0.08472222222222221 0.03869407496977026 0.12685185185185185
0 0.8760580411124548 0.06388888888888888 0.032648125755743655 0.1259259259259259
0 0.8821039903264813 0.033796296296296297 0.036275695284159616 0.06574074074074074
0 0.8440145102781137 0.049999999999999996 0.03990326481257558 0.09814814814814814
0 0.6154776299879081 0.2717592592592593 0.03869407496977026 0.14537037037037034
0 0.6686819830713423 0.1273148148148148 0.041112454655380895 0.1324074074074074
0 0.6375453446191053 0.14351851851851852 0.03688029020556228 0.13518518518518519
0 0.6163845223700122 0.13148148148148145 0.029625151148730353 0.12407407407407406
0 0.5894800483675937 0.12037037037037036 0.036275695284159616 0.14259259259259258
0 0.567714631197098 0.11388888888888889 0.0350665054413543 0.14259259259259258
0 0.6166868198307135 0.04629629629629629 0.030229746070133016 0.09074074074074073
0 0.15205562273276904 0.11018518518518518 0.035671100362756954 0.13148148148148148
0 0.16868198307134222 0.12962962962962962 0.03990326481257558 0.13518518518518519
0 0.21916565900846433 0.06296296296296296 0.041717049576783564 0.12407407407407406
0 0.12394195888754535 0.05972222222222222 0.02902055622732769 0.1175925925925926
0 0.2735792019347038 0.03657407407407407 0.029625151148730353 0.07129629629629629
0 0.29201934703748494 0.04305555555555555 0.030229746070133016 0.08425925925925926
0 0.3328295042321645 0.06805555555555555 0.039298669891172915 0.125
0 0.3279927448609432 0.03888888888888888 0.03688029020556228 0.07592592592592592
0 0.5102781136638453 0.04166666666666666 0.03990326481257558 0.08148148148148147
0 0.3603385731559855 0.04444444444444444 0.03748488512696494 0.08703703703703704
0 0.5468561064087063 0.04212962962962962 0.03688029020556228 0.0824074074074074
0 0.5955259975816204 0.0412037037037037 0.03869407496977026 0.08055555555555555
0 0.6686819830713423 0.016203703703703703 0.032648125755743655 0.030555555555555555
0 0.810459492140266 0.06157407407407407 0.03688029020556228 0.12129629629629629
0 0.8189238210399034 0.025 0.034461910519951636 0.04814814814814815
0 0.14328899637243048 0.0537037037037037 0.03748488512696494 0.10555555555555556
0 0.6949818621523579 0.00787037037037037 0.028415961305925032 0.013888888888888888
0 0.35640870616686826 0.45370370370370366 0.035671100362756954 0.1574074074074074
0 0.34310761789600974 0.21527777777777776 0.029625151148730353 0.12685185185185185
0 0.13603385731559856 0.7069444444444444 0.04957678355501814 0.16018518518518518
0 0.3207376058041113 0.23564814814814816 0.039298669891172915 0.1398148148148148
0 0.1296856106408706 0.6717592592592593 0.05501813784764208 0.16203703703703703
0 0.8264812575574366 0.3074074074074074 0.03748488512696494 0.13148148148148148
0 0.8536880290205562 0.29907407407407405 0.03385731559854897 0.12407407407407406
0 0.2385126964933495 0.5611111111111111 0.0441354292623942 0.1685185185185185
0 0.21130592503022977 0.5402777777777777 0.034461910519951636 0.17685185185185184
0 0.34643288996372434 0.5416666666666666 0.032648125755743655 0.14074074074074075
0 0.20465538089480048 0.48703703703703705 0.03688029020556228 0.14814814814814817
0 0.2125151148730351 0.4703703703703704 0.032043530834341 0.1574074074074074
0 0.18016928657799275 0.45601851851851843 0.03143893591293833 0.12685185185185185
0 0.1738210399032648 0.4111111111111111 0.039298669891172915 0.14629629629629629
0 0.12877871825876663 0.437037037037037 0.03748488512696494 0.14814814814814817
0 0.3548972188633616 0.11620370370370368 0.030229746070133016 0.12870370370370368
0 0.37545344619105203 0.11620370370370368 0.032648125755743655 0.12870370370370368
0 0.35126964933494564 0.31805555555555554 0.027811366384522373 0.11574074074074073
0 0.2648125755743652 0.3449074074074074 0.04474002418379686 0.1398148148148148
0 0.2584643288996373 0.3638888888888889 0.034461910519951636 0.14629629629629629
0 0.17291414752116085 0.8685185185185185 0.04353083434099154 0.16296296296296295
0 0.439540507859734 0.5601851851851851 0.03143893591293833 0.14074074074074075
0 0.44498186215235797 0.5699074074074074 0.041112454655380895 0.16574074074074074
0 0.18923821039903266 0.6148148148148148 0.047158403869407506 0.17407407407407408
0 0.14328899637243048 0.6050925925925926 0.03385731559854897 0.16574074074074074
0 0.17351874244256352 0.5907407407407407 0.03748488512696494 0.16296296296296295
0 0.29353083434099153 0.6773148148148148 0.0441354292623942 0.15648148148148147
0 0.4126360338573157 0.3680555555555555 0.03688029020556228 0.12129629629629629
0 0.8428053204353084 0.21898148148148147 0.030229746070133016 0.1324074074074074
0 0.824062877871826 0.18564814814814812 0.03143893591293833 0.11574074074074073
0 0.7926239419588876 0.19583333333333333 0.03143893591293833 0.12685185185185185
0 0.43077388149939544 0.5226851851851851 0.041717049576783564 0.15462962962962962
0 0.1535671100362757 0.3597222222222222 0.03869407496977026 0.15092592592592594
0 0.18863361547763002 0.3657407407407407 0.0350665054413543 0.14629629629629629
0 0.010580411124546553 0.07129629629629629 0.01995163240628779 0.13518518518518519
0 0.3322249093107619 0.5967592592592592 0.034461910519951636 0.15462962962962962
0 0.3322249093107618 0.6333333333333333 0.04292623941958888 0.1685185185185185
0 0.16293833131801694 0.08518518518518518 0.034461910519951636 0.14074074074074075
0 0.6762394195888755 0.06574074074074074 0.039298669891172915 0.12962962962962962
0 0.8059250302297462 0.21203703703703702 0.04232164449818622 0.14074074074074075
0 0.18319226118500606 0.35601851851851846 0.0350665054413543 0.14351851851851852
0 0.4071946795646917 0.6416666666666667 0.05139056831922612 0.15185185185185185
0 0.6145707376058042 0.6754629629629628 0.046553808948004836 0.15648148148148147
0 0.15477629987908104 0.3342592592592592 0.03385731559854897 0.14629629629629629
0 0.42382103990326486 0.4287037037037037 0.0350665054413543 0.12407407407407406
0 0.4165659008464329 0.3907407407407407 0.03748488512696494 0.1074074074074074
0 0.3485489721886336 0.2916666666666667 0.039298669891172915 0.15185185185185185
0 0.3449214026602177 0.5097222222222222 0.039298669891172915 0.1324074074074074
0 0.3198307134220073 0.43287037037037035 0.04232164449818622 0.1324074074074074
0 0.3198307134220073 0.40509259259259256 0.03748488512696494 0.12870370370370368
0 0.23246674727932287 0.7782407407407407 0.039298669891172915 0.16574074074074074
0 0.6940749697702538 0.0125 0.0350665054413543 0.023148148148148147
0 0.7264207980652962 0.017129629629629627 0.029625151148730353 0.032407407407407406
0 0.7276299879081016 0.017129629629629627 0.027206771463119714 0.032407407407407406
0 0.40598548972188636 0.48101851851851846 0.034461910519951636 0.1472222222222222
0 0.4180773881499396 0.4513888888888889 0.029625151148730353 0.1324074074074074
0 0.22249093107617898 0.5175925925925926 0.03748488512696494 0.14629629629629629
0 0.2759975816203144 0.5083333333333333 0.05501813784764208 0.1574074074074074
0 0.27357920193470375 0.5462962962962963 0.039298669891172915 0.17407407407407408
0 0.5973397823458284 0.7898148148148147 0.05078597339782346 0.1648148148148148
0 0.23941958887545348 0.30925925925925923 0.0350665054413543 0.14074074074074075
0 0.7708585247883919 0.7662037037037036 0.04594921402660218 0.16203703703703703
0 0.28325272067714635 0.3 0.035671100362756954 0.14814814814814817
0 0.3935912938331318 0.35138888888888886 0.03990326481257558 0.13796296296296295
0 0.2103990326481258 0.26712962962962966 0.032648125755743655 0.12685185185185185
0 0.4652357920193471 0.4662037037037037 0.039298669891172915 0.14351851851851852
0 0.1596130592503023 0.28657407407407404 0.0350665054413543 0.13796296296296295
0 0.1723095525997582 0.3097222222222222 0.0350665054413543 0.12314814814814815
