0 0.5535066505441355 0.05277777777777777 0.039298669891172915 0.10370370370370369
0 0.2046553808948005 0.03703703703703703 0.0441354292623942 0.07222222222222222
0 0.16928657799274488 0.03657407407407407 0.04232164449818622 0.07129629629629629
0 0.35550181378476425 0.016666666666666666 0.03748488512696494 0.03148148148148148
0 0.3742442563482467 0.019444444444444445 0.036275695284159616 0.03703703703703704
0 0.7176541717049578 0.053240740740740734 0.03748488512696494 0.10462962962962963
0 0.6209189842805322 0.04166666666666666 0.03748488512696494 0.08148148148148147
0 0.6810761789600968 0.04259259259259259 0.03688029020556228 0.08333333333333333
0 0.7140266021765419 0.030555555555555555 0.036275695284159616 0.059259259259259255
0 0.6717049576783555 0.02638888888888889 0.03990326481257558 0.05092592592592592
0 0.6692865779927449 0.019444444444444445 0.03748488512696494 0.03703703703703704
0 0.7805320435308344 0.03194444444444444 0.0350665054413543 0.06203703703703703
0 0.9525392986698912 0.029629629629629627 0.039298669891172915 0.0574074074074074
0 0.9812575574365175 0.04212962962962962 0.0350665054413543 0.0824074074074074
0 0.9667472793228536 0.46064814814814814 0.04474002418379686 0.15462962962962962
0 0.04050785973397824 0.9759259259259259 0.03990326481257558 0.05
0 0.08041112454655382 0.9606481481481481 0.05199516324062878 0.07685185185185185
0 0.05199516324062879 0.586574074074074 0.04232164449818622 0.14537037037037034
0 0.06741233373639662 0.5643518518518518 0.03688029020556228 0.13796296296296295
0 0.13603385731559856 0.5671296296296297 0.04594921402660218 0.1398148148148148
0 0.15991535671100365 0.5337962962962963 0.048972188633615486 0.14907407407407408
0 0.13059250302297462 0.5097222222222222 0.03748488512696494 0.13425925925925924
0 0.012394195888754535 0.19675925925925922 0.023579201934703753 0.13796296296296295
0 0.02146311970979444 0.23055555555555557 0.027206771463119714 0.0962962962962963
0 0.04534461910519952 0.2273148148148148 0.05199516324062878 0.14537037037037034
0 0.08706166868198308 0.20092592592592592 0.036275695284159616 0.10185185185185185
0 0.09008464328899637 0.12916666666666668 0.041112454655380895 0.13425925925925924
0 0.11910519951632406 0.12962962962962962 0.032648125755743655 0.12777777777777777
0 0.15507859733978235 0.06018518518518518 0.034461910519951636 0.11851851851851851
0 0.18681983071342204 0.06481481481481481 0.03748488512696494 0.12777777777777777
0 0.11426844014510279 0.36203703703703705 0.05078597339782346 0.14629629629629629
0 0.10308343409915359 0.34953703703703703 0.039298669891172915 0.14537037037037034
0 0.6559854897218864 0.4092592592592592 0.04594921402660218 0.17592592592592593
0 0.41596130592503033 0.22268518518518515 0.0350665054413543 0.1324074074074074
0 0.3842200725513906 0.2097222222222222 0.034461910519951636 0.1324074074074074
0 0.4090084643288997 0.20694444444444443 0.034461910519951636 0.1324074074074074
0 0.37726723095526005 0.22592592592592592 0.03748488512696494 0.13518518518518519
0 0.2886940749697703 0.2185185185185185 0.039298669891172915 0.13518518518518519
0 0.2681378476420798 0.20833333333333334 0.03688029020556228 0.137037037037037
0 0.3403869407496977 0.1875 0.0350665054413543 0.12685185185185185
0 0.3588270858524789 0.1814814814814815 0.039298669891172915 0.12962962962962962
0 0.3941958887545345 0.10972222222222222 0.03748488512696494 0.12685185185185185
0 0.43923821039903277 0.26064814814814813 0.032043530834341 0.11574074074074073
0 0.4331922611850061 0.15185185185185185 0.034461910519951636 0.13333333333333333
0 0.4897218863361548 0.24537037037037035 0.03748488512696494 0.14814814814814817
0 0.49183796856106415 0.2652777777777777 0.0441354292623942 0.15648148148148147
0 0.43470374848851273 0.12453703703703703 0.0350665054413543 0.12314814814814815
0 0.5426239419588876 0.1685185185185185 0.03688029020556228 0.14259259259259258
0 0.44860943168077394 0.0898148148148148 0.0350665054413543 0.11851851851851851
0 0.47067714631197105 0.10092592592592592 0.032043530834341 0.12407407407407406
0 0.656590084643289 0.32407407407407407 0.04957678355501814 0.13148148148148148
0 0.6124546553808948 0.3032407407407407 0.048367593712212824 0.15648148148148147
0 0.6481257557436519 0.25555555555555554 0.04474002418379686 0.1574074074074074
0 0.6662636033857317 0.2125 0.04353083434099154 0.15092592592592594
0 0.6967956469165659 0.2384259259259259 0.0441354292623942 0.15092592592592594
0 0.5773881499395406 0.059259259259259255 0.03748488512696494 0.11666666666666667
0 0.6856106408706167 0.04675925925925926 0.032648125755743655 0.0861111111111111
0 0.6813784764207981 0.09027777777777776 0.030229746070133016 0.12129629629629629
0 0.8394800483675937 0.3537037037037037 0.039298669891172915 0.13888888888888887
0 0.792926239419589 0.23657407407407405 0.032043530834341 0.11388888888888889
0 0.9074969770253931 0.38611111111111107 0.03748488512696494 0.14074074074074075
0 0.9492140266021768 0.399537037037037 0.036275695284159616 0.13796296296296295
0 0.9286577992744862 0.36666666666666664 0.03143893591293833 0.11851851851851851
0 0.9032648125755744 0.3412037037037037 0.05441354292623943 0.14537037037037034
0 0.9543530834340992 0.3472222222222222 0.05139056831922612 0.16296296296296295
0 0.8878476420798066 0.32083333333333336 0.053808948004836765 0.13796296296296295
0 0.9809552599758163 0.3347222222222222 0.03688029020556228 0.13796296296296295
0 0.987908101571947 0.11296296296296296 0.02297460701330109 0.08518518518518518
0 0.9703748488512697 0.09027777777777776 0.03748488512696494 0.12129629629629629
0 0.9885126964933496 0.2824074074074074 0.02176541717049577 0.12962962962962962
0 0.9534461910519952 0.3106481481481482 0.03748488512696494 0.1324074074074074
0 0.9250302297460701 0.3055555555555555 0.03990326481257558 0.12962962962962962
0 0.9573760580411125 0.25787037037037036 0.039298669891172915 0.1324074074074074
0 0.9486094316807739 0.2717592592592592 0.03385731559854897 0.11388888888888889
0 0.9694679564691658 0.2421296296296296 0.032043530834341 0.12870370370370368
0 0.047762998790810154 0.10370370370370369 0.03990326481257558 0.11851851851851851
0 0.21281741233373644 0.14768518518518517 0.03748488512696494 0.13796296296296295
0 0.35368802902055624 0.26481481481481484 0.04353083434099154 0.14814814814814817
0 0.7648125755743652 0.13518518518518519 0.032648125755743655 0.12037037037037036
0 0.9470979443772672 0.18657407407407406 0.029625151148730353 0.11018518518518518
0 0.7714631197097945 0.2319444444444444 0.04232164449818622 0.15648148148148147
0 0.9247279322853689 0.20416666666666666 0.027206771463119714 0.0898148148148148
0 0.9099153567110037 0.20462962962962963 0.0350665054413543 0.10925925925925925
0 0.6481257557436518 0.045370370370370366 0.030229746070133016 0.08888888888888888
0 0.4150544135429263 0.44537037037037036 0.032043530834341 0.0962962962962963
0 0.8198307134220073 0.2638888888888889 0.04474002418379686 0.14629629629629629
0 0.74546553808948 0.23240740740740737 0.030229746070133016 0.10370370370370369
0 0.9347037484885128 0.22546296296296295 0.03990326481257558 0.14351851851851852
0 0.6868198307134221 0.42499999999999993 0.047158403869407506 0.14074074074074075
0 0.720677146311971 0.42407407407407405 0.03385731559854897 0.13333333333333333
0 0.7750906892382105 0.4550925925925926 0.04232164449818622 0.1398148148148148
0 0.8264812575574366 0.37731481481481477 0.05078597339782346 0.1824074074074074
0 0.7636033857315601 0.5337962962962962 0.04957678355501814 0.16203703703703703
0 0.36094316807738813 0.6726851851851852 0.04594921402660218 0.17129629629629628
0 0.8180169286577993 0.4888888888888889 0.03990326481257558 0.14074074074074075
0 0.7705562273276905 0.5055555555555555 0.048972188633615486 0.14074074074074075
0 0.8080411124546555 0.512962962962963 0.046553808948004836 0.1796296296296296
0 0.6375453446191053 0.6680555555555555 0.05139056831922612 0.15462962962962962
0 0.8875453446191053 0.4759259259259259 0.04232164449818622 0.14629629629629629
0 0.8975211608222492 0.43425925925925923 0.03688029020556228 0.14629629629629629
0 0.5680169286577993 0.9125 0.057436517533252726 0.16018518518518518
0 0.7194679564691658 0.5050925925925925 0.04474002418379686 0.14907407407407408
0 0.7424425634824667 0.350462962962963 0.03990326481257558 0.12129629629629629
0 0.7793228536880291 0.350462962962963 0.04232164449818622 0.1398148148148148
0 0.6103385731559855 0.7527777777777778 0.0441354292623942 0.1722222222222222
0 0.827690447400242 0.586111111111111 0.05078597339782346 0.17037037037037037
0 0.9519347037484885 0.4787037037037037 0.046553808948004836 0.17037037037037037
0 0.8010882708585249 0.6615740740740741 0.04353083434099154 0.15092592592592594
0 0.9220072551390568 0.6791666666666666 0.03990326481257558 0.15462962962962962
0 0.032043530834341 0.6356481481481481 0.03869407496977026 0.16018518518518518
0 0.3098548972188634 0.5212962962962963 0.041717049576783564 0.14814814814814817
0 0.2932285368802902 0.3412037037037037 0.04232164449818622 0.13796296296296295
0 0.2850665054413543 0.35833333333333334 0.034461910519951636 0.14074074074074075
0 0.6033857315598549 0.9041666666666667 0.04594921402660218 0.1675925925925926
0 0.9050785973397825 0.6097222222222222 0.04957678355501814 0.16203703703703703
0 0.7639056831922612 0.6578703703703703 0.048972188633615486 0.15648148148148147
0 0.6378476420798066 0.9638888888888888 0.0350665054413543 0.07407407407407408
0 0.9625151148730352 0.5560185185185185 0.04232164449818622 0.15462962962962962
0 0.792926239419589 0.7518518518518518 0.046553808948004836 0.1722222222222222
0 0.8811970979443773 0.6601851851851851 0.053808948004836765 0.17407407407407408
0 0.7908101571946796 0.5875 0.05925030229746071 0.17685185185185184
0 0.5492744860943168 0.48379629629629634 0.029625151148730353 0.12685185185185185
0 0.5816203143893591 0.8384259259259258 0.05199516324062878 0.16574074074074074
0 0.8666868198307135 0.46527777777777773 0.0441354292623942 0.14537037037037034
0 0.8772672309552602 0.6356481481481481 0.04232164449818622 0.08796296296296297
0 0.9682587666263603 0.4606481481481481 0.041717049576783564 0.14907407407407408
0 0.2769044740024184 0.9574074074074074 0.04474002418379686 0.08703703703703704
0 0.44316807738815 0.9412037037037037 0.05320435308343411 0.1175925925925926
0 0.49274486094316816 0.648611111111111 0.03990326481257558 0.1675925925925926
0 0.50906892382104 0.6587962962962962 0.04232164449818622 0.17314814814814813
0 0.2336759371221282 0.7148148148148148 0.05139056831922612 0.17407407407407408
0 0.20012091898428055 0.6847222222222221 0.04474002418379686 0.16574074074074074
0 0.23337363966142688 0.6726851851851852 0.04232164449818622 0.1675925925925926
0 0.5154171704957679 0.7833333333333332 0.04776299879081017 0.1796296296296296
0 0.46432889963724305 0.836111111111111 0.047158403869407506 0.16296296296296295
0 0.5798065296251512 0.5856481481481481 0.03990326481257558 0.16018518518518518
0 0.6112454655380896 0.5953703703703703 0.04474002418379686 0.15185185185185185
0 0.3518742442563482 0.7592592592592593 0.04594921402660218 0.1685185185185185
0 0.4679564691656591 0.4462962962962963 0.047158403869407506 0.13518518518518519
0 0.4737001209189844 0.548611111111111 0.032043530834341 0.1398148148148148
0 0.510882708585248 0.5254629629629629 0.07255139056831923 0.16574074074074074
0 0.5876662636033858 0.4907407407407407 0.03869407496977026 0.137037037037037
0 0.5538089480048368 0.5078703703703703 0.032648125755743655 0.11018518518518518
0 0.6067110036275696 0.5675925925925926 0.041717049576783564 0.15185185185185185
0 0.8993349455864572 0.2787037037037037 0.03688029020556228 0.12962962962962962
0 0.8984280532043533 0.25555555555555554 0.03748488512696494 0.13518518518518519
0 0.8642684401451028 0.26296296296296295 0.039298669891172915 0.13518518518518519
0 0.526602176541717 0.8300925925925926 0.041112454655380895 0.19537037037037036
0 0.37756952841596136 0.4263888888888889 0.041717049576783564 0.13796296296296295
0 0.23669891172914148 0.44861111111111107 0.03688029020556228 0.15462962962962962
0 0.26451027811366384 0.4592592592592592 0.039298669891172915 0.14629629629629629
0 0.650241837968561 0.8861111111111111 0.046553808948004836 0.15925925925925927
0 0.689540507859734 0.9009259259259258 0.053808948004836765 0.1648148148148148
0 0.4957678355501814 0.5921296296296297 0.04474002418379686 0.16018518518518518
0 0.3899637243047159 0.34074074074074073 0.04232164449818622 0.15185185185185185
0 0.5042321644498187 0.4004629629629629 0.032648125755743655 0.1324074074074074
0 0.07920193470374849 0.274074074074074 0.0350665054413543 0.13518518518518519
0 0.6783555018137848 0.7703703703703704 0.030229746070133016 0.12407407407407406
0 0.6608222490931077 0.7768518518518518 0.047158403869407506 0.1685185185185185
0 0.42049576783555026 0.8685185185185186 0.06711003627569528 0.17037037037037037
0 0.3588270858524789 0.9009259259259259 0.048972188633615486 0.15925925925925927
0 0.40417170495767846 0.7013888888888888 0.03688029020556228 0.16574074074074074
0 0.4207980652962515 0.7402777777777776 0.04957678355501814 0.16203703703703703
0 0.45133010882708585 0.7032407407407407 0.04534461910519952 0.15648148148148147
0 0.3851269649334946 0.7078703703703704 0.03748488512696494 0.1675925925925926
0 0.23941958887545348 0.1439814814814815 0.03748488512696494 0.13796296296296295
0 0.7418379685610641 0.13796296296296295 0.0350665054413543 0.12962962962962962
0 0.8464328899637245 0.6930555555555554 0.047158403869407506 0.15462962962962962
0 0.8452237001209191 0.7550925925925926 0.056831922611850064 0.1675925925925926
0 0.9416565900846434 0.6050925925925925 0.046553808948004836 0.1472222222222222
0 0.8657799274486095 0.4324074074074074 0.036275695284159616 0.13518518518518519
0 0.34431680773881507 0.10509259259259258 0.039298669891172915 0.1398148148148148
0 0.003325272067714632 0.923611111111111 0.005441354292623942 0.15277777777777776
0 0.8923821039903266 0.8078703703703702 0.064087061668682 0.16388888888888886
0 0.9546553808948006 0.7921296296296295 0.055622732769044746 0.16388888888888886
0 0.3228536880290206 0.09490740740740741 0.032648125755743655 0.11574074074074073
0 0.314993954050786 0.06805555555555555 0.032648125755743655 0.11574074074074073
0 0.02025392986698912 0.8708333333333333 0.039298669891172915 0.1824074074074074
0 0.2923216444981862 0.10046296296296295 0.032043530834341 0.1324074074074074
0 0.8887545344619107 0.7347222222222222 0.05078597339782346 0.16574074074074074
0 0.8500604594921404 0.4949074074074074 0.047158403869407506 0.15648148148148147
0 0.8694074969770255 0.2731481481481481 0.03748488512696494 0.13518518518518519
0 0.23911729141475213 0.43611111111111106 0.034461910519951636 0.13518518518518519
0 0.5749697702539299 0.6569444444444446 0.055622732769044746 0.14537037037037034
0 0.5507859733978234 0.6236111111111111 0.041112454655380895 0.17129629629629628
0 0.5967351874244257 0.6305555555555554 0.03748488512696494 0.1574074074074074
0 0.7122128174123339 0.6583333333333333 0.05199516324062878 0.14814814814814817
0 0.2113059250302298 0.4194444444444444 0.0441354292623942 0.14074074074074075
0 0.2787182587666264 0.4296296296296296 0.036275695284159616 0.14444444444444443
0 0.5305320435308344 0.5083333333333333 0.034461910519951636 0.13518518518518519
0 0.5145102781136639 0.5055555555555555 0.064087061668682 0.15925925925925927
0 0.506348246674728 0.4949074074074074 0.03688029020556228 0.14351851851851852
0 0.4159613059250302 0.38101851851851853 0.04474002418379686 0.13796296296296295
0 0.41565900846432896 0.33194444444444443 0.03688029020556228 0.1361111111111111
0 0.4280532043530835 0.35879629629629634 0.03990326481257558 0.14351851851851852
0 0.47883917775090695 0.37083333333333335 0.030229746070133016 0.14351851851851852
0 0.5193470374848852 0.374537037037037 0.032648125755743655 0.14907407407407408
0 0.44467956469165665 0.5166666666666667 0.041717049576783564 0.15185185185185185
0 0.3857315598548972 0.5671296296296297 0.036275695284159616 0.1398148148148148
0 0.3775695284159613 0.512962962962963 0.05501813784764208 0.13888888888888887
0 0.3778718258766627 0.49629629629629624 0.04474002418379686 0.1574074074074074
0 0.014510278113663845 0.923611111111111 0.027811366384522373 0.14351851851851852
0 0.3207376058041113 0.10972222222222221 0.034461910519951636 0.11574074074074073
0 0.30108827085852485 0.5101851851851851 0.04474002418379686 0.15185185185185185
0 0.4619105199516325 0.41712962962962963 0.03748488512696494 0.12129629629629629
0 0.48065296251511497 0.41527777777777775 0.030229746070133016 0.11574074074074073
0 0.2720677146311971 0.9212962962962963 0.04957678355501814 0.15925925925925927
0 0.7134220072551392 0.7717592592592591 0.04594921402660218 0.18796296296296294
0 0.7515114873035067 0.05092592592592592 0.032648125755743655 0.1
0 0.7769044740024185 0.05277777777777777 0.03748488512696494 0.10370370370370369
0 0.7886940749697703 0.04583333333333332 0.03325272067714632 0.0898148148148148
0 0.005743651753325273 0.1611111111111111 0.010278113663845224 0.12407407407407406
0 0.749093107617896 0.03981481481481481 0.02902055622732769 0.07777777777777777
