0 0.043228536880290214 0.12175925925925926 0.0441354292623942 0.13796296296296295
0 0.1324062877871826 0.1023148148148148 0.036275695284159616 0.11574074074074073
0 0.1553808948004837 0.10185185185185185 0.03990326481257558 0.13518518518518519
0 0.18802902055622736 0.07916666666666666 0.0350665054413543 0.12870370370370368
0 0.22642079806529625 0.08194444444444443 0.0380894800483676 0.12314814814814815
0 0.2666263603385732 0.06157407407407407 0.04232164449818622 0.11944444444444444
0 0.46221281741233383 0.14583333333333334 0.032043530834341 0.11203703703703702
0 0.4470979443772673 0.03611111111111111 0.034461910519951636 0.07037037037037037
0 0.20435308343409916 0.13796296296296298 0.0350665054413543 0.13518518518518519
0 0.44165659008464336 0.12407407407407407 0.03688029020556228 0.12222222222222222
0 0.38149939540507866 0.04583333333333332 0.03990326481257558 0.0898148148148148
0 0.3455259975816204 0.05138888888888889 0.034461910519951636 0.10092592592592592
0 0.353385731559855 0.12685185185185185 0.032043530834341 0.1259259259259259
0 0.379987908101572 0.10694444444444444 0.032043530834341 0.12129629629629629
0 0.5574365175332529 0.03194444444444444 0.0350665054413543 0.06203703703703703
0 0.5299274486094318 0.03333333333333333 0.027206771463119714 0.06481481481481481
0 0.9564691656590085 0.10462962962962963 0.0350665054413543 0.13333333333333333
0 0.9842805320435309 0.09953703703703702 0.02902055622732769 0.11018518518518518
0 0.9286577992744862 0.08935185185185185 0.036275695284159616 0.11203703703703702
0 0.8972188633615479 0.0685185185185185 0.03385731559854897 0.11296296296296296
0 0.6239419588875454 0.09722222222222222 0.026602176541717055 0.12407407407407406
0 0.6466142684401452 0.11388888888888889 0.035671100362756954 0.13518518518518519
0 0.6686819830713423 0.1259259259259259 0.02902055622732769 0.11851851851851851
0 0.9014510278113664 0.13055555555555556 0.03143893591293833 0.12962962962962962
0 0.8796856106408706 0.11898148148148148 0.030229746070133016 0.13425925925925924
0 0.8624546553808949 0.12685185185185185 0.032043530834341 0.13148148148148148
0 0.6490326481257559 0.08796296296296295 0.03325272067714632 0.12407407407407406
0 0.9637243047158405 0.14212962962962963 0.03748488512696494 0.14351851851851852
0 0.7300483675937123 0.02638888888888889 0.027206771463119714 0.05092592592592592
0 0.8978234582829506 0.10972222222222222 0.03143893591293833 0.11018518518518518
0 0.9851874244256349 0.1662037037037037 0.028415961305925032 0.12129629629629629
0 0.22853688029020558 0.04629629629629629 0.03748488512696494 0.09074074074074073
0 0.24848851269649336 0.04305555555555555 0.032648125755743655 0.08425925925925926
0 0.4244256348246675 0.02546296296296296 0.02176541717049577 0.04907407407407407
0 0.9446795646916567 0.05138888888888889 0.032043530834341 0.10092592592592592
0 0.7149334945586457 0.024537037037037034 0.02478839177750907 0.047222222222222214
0 0.7134220072551392 0.02685185185185185 0.026602176541717055 0.05185185185185184
0 0.3827085852478839 0.5699074074074074 0.03748488512696494 0.15648148148148147
0 0.07194679564691657 0.4574074074074074 0.0350665054413543 0.14259259259259258
0 0.06348246674727932 0.5143518518518518 0.036275695284159616 0.14537037037037034
0 0.03778718258766627 0.48749999999999993 0.03325272067714632 0.15648148148148147
0 0.10489721886336156 0.48796296296296293 0.0380894800483676 0.1574074074074074
0 0.7406287787182587 0.05555555555555555 0.030229746070133016 0.10925925925925925
0 0.8282950423216446 0.3777777777777777 0.03869407496977026 0.12962962962962962
0 0.8449214026602178 0.3546296296296296 0.034461910519951636 0.12407407407407406
0 0.2681378476420799 0.6828703703703702 0.0441354292623942 0.17129629629629628
0 0.2445586457073761 0.6643518518518517 0.04534461910519952 0.17314814814814813
0 0.37817412333736405 0.6606481481481481 0.034461910519951636 0.14537037037037034
0 0.22883917775090692 0.5921296296296297 0.034461910519951636 0.14907407407407408
0 0.23851269649334947 0.5657407407407408 0.029625151148730353 0.14074074074074075
0 0.19286577992744863 0.5671296296296297 0.04232164449818622 0.13425925925925924
0 0.20012091898428055 0.5337962962962963 0.04232164449818622 0.15648148148148147
0 0.1596130592503023 0.5467592592592593 0.04353083434099154 0.14907407407407408
0 0.379987908101572 0.2388888888888889 0.034461910519951636 0.12962962962962962
0 0.4020556227327691 0.24444444444444444 0.032648125755743655 0.12962962962962962
0 0.3730350665054414 0.4300925925925926 0.030229746070133016 0.11574074074074073
0 0.6535671100362758 0.3976851851851852 0.04474002418379686 0.12129629629629629
0 0.736094316807739 0.42453703703703705 0.04292623941958888 0.13796296296296295
0 0.24455864570737607 0.3814814814814815 0.035671100362756954 0.14259259259259258
0 0.24334945586457074 0.4217592592592592 0.03325272067714632 0.14537037037037034
0 0.9594921402660219 0.9407407407407408 0.04474002418379686 0.11666666666666667
0 0.25755743651753327 0.9550925925925925 0.04957678355501814 0.09166666666666666
0 0.46916565900846435 0.6787037037037037 0.036275695284159616 0.15925925925925927
0 0.4737001209189844 0.6870370370370369 0.041717049576783564 0.17037037037037037
0 0.20012091898428055 0.7407407407407407 0.04474002418379686 0.18518518518518517
0 0.16928657799274488 0.7291666666666666 0.03748488512696494 0.1675925925925926
0 0.20012091898428055 0.7083333333333333 0.041112454655380895 0.16296296296296295
0 0.30834340991535675 0.4546296296296296 0.03869407496977026 0.1574074074074074
0 0.3119709794437727 0.7814814814814814 0.05199516324062878 0.1648148148148148
0 0.4416565900846433 0.4791666666666667 0.05139056831922612 0.12685185185185185
0 0.9818621523579203 0.9574074074074074 0.03385731559854897 0.08518518518518518
0 0.9585852478839179 0.9675925925925924 0.03325272067714632 0.06481481481481481
0 0.20828295042321646 0.40833333333333327 0.03325272067714632 0.1574074074074074
0 0.8621523579201935 0.32361111111111107 0.03385731559854897 0.13796296296296295
0 0.8509673518742444 0.3023148148148148 0.03688029020556228 0.14907407407407408
0 0.8264812575574366 0.29861111111111105 0.0350665054413543 0.1324074074074074
0 0.3409915356711004 0.48287037037037034 0.03748488512696494 0.1324074074074074
0 0.1916565900846433 0.47777777777777775 0.04474002418379686 0.15185185185185185
0 0.2146311970979444 0.4814814814814815 0.03385731559854897 0.14259259259259258
0 0.2896009673518743 0.7157407407407407 0.03869407496977026 0.1685185185185185
0 0.5217654171704958 0.6435185185185186 0.03748488512696494 0.13518518518518519
0 0.0471584038694075 0.17175925925925922 0.032648125755743655 0.13796296296296295
0 0.3597339782345829 0.712037037037037 0.03990326481257558 0.1574074074074074
0 0.3630592503022975 0.7472222222222222 0.039298669891172915 0.1685185185185185
0 0.19135429262394202 0.20740740740740737 0.041717049576783564 0.14074074074074075
0 0.6995163240628779 0.18055555555555552 0.03990326481257558 0.13518518518518519
0 0.5858524788391778 0.624074074074074 0.04474002418379686 0.16296296296296295
0 0.6209189842805322 0.6444444444444444 0.04474002418379686 0.16296296296296295
0 0.6402660217654172 0.6259259259259259 0.02902055622732769 0.13148148148148148
0 0.8279927448609432 0.31851851851851853 0.039298669891172915 0.13518518518518519
0 0.20918984280532046 0.4703703703703704 0.0350665054413543 0.14259259259259258
0 0.43742442563482475 0.7476851851851851 0.046553808948004836 0.14907407407407408
0 0.6889359129383315 0.6967592592592593 0.05139056831922612 0.14351851851851852
0 0.16989117291414754 0.4513888888888889 0.036275695284159616 0.13796296296296295
0 0.4927448609431681 0.6226851851851851 0.03869407496977026 0.15462962962962962
0 0.4588875453446191 0.5439814814814814 0.041112454655380895 0.14351851851851852
0 0.44860943168077394 0.5083333333333333 0.04474002418379686 0.1074074074074074
0 0.3984280532043531 0.4125 0.041112454655380895 0.14537037037037034
0 0.5060459492140267 0.6 0.04232164449818622 0.1537037037037037
0 0.5471584038694076 0.6268518518518519 0.04232164449818622 0.15185185185185185
0 0.3796856106408707 0.6328703703703702 0.0350665054413543 0.15462962962962962
0 0.34643288996372434 0.5518518518518518 0.03748488512696494 0.13148148148148148
0 0.3527811366384523 0.5277777777777778 0.032043530834341 0.14074074074074075
0 0.5417170495767836 0.6083333333333333 0.030229746070133016 0.1259259259259259
0 0.5522974607013302 0.686574074074074 0.03688029020556228 0.12685185185185185
0 0.25 0.9162037037037037 0.046553808948004836 0.16018518518518518
0 0.7230955259975816 0.08009259259259259 0.03143893591293833 0.12870370370370368
0 0.7557436517533254 0.08101851851851852 0.02902055622732769 0.11018518518518518
0 0.40991535671100365 0.02685185185185185 0.03143893591293833 0.05185185185185184
0 0.7097944377267232 0.9773148148148147 0.03748488512696494 0.047222222222222214
0 0.9709794437726725 0.2569444444444444 0.032648125755743655 0.10462962962962963
0 0.7484885126964934 0.7944444444444444 0.04474002418379686 0.1648148148148148
0 0.7850665054413545 0.812037037037037 0.041717049576783564 0.15185185185185185
0 0.7623941958887547 0.075 0.02902055622732769 0.11296296296296296
0 0.4283555018137848 0.5981481481481481 0.0441354292623942 0.15
0 0.4628174123337365 0.5893518518518518 0.03688029020556228 0.13796296296296295
0 0.08887545344619106 0.6717592592592592 0.04474002418379686 0.15462962962962962
0 0.536577992744861 0.6995370370370371 0.0441354292623942 0.16574074074074074
0 0.5652962515114873 0.7083333333333333 0.047158403869407506 0.1648148148148148
0 0.04836759371221282 0.6574074074074073 0.03990326481257558 0.14074074074074075
0 0.11970979443772672 0.2717592592592593 0.03385731559854897 0.125
0 0.16172914147521164 0.28055555555555556 0.039298669891172915 0.14074074074074075
0 0.9570737605804112 0.21759259259259256 0.030229746070133016 0.1259259259259259
0 0.9316807738814994 0.2574074074074074 0.03990326481257558 0.12962962962962962
0 0.9389359129383315 0.22777777777777777 0.036275695284159616 0.12407407407407406
0 0.6626360338573157 0.6722222222222223 0.04232164449818622 0.17592592592592593
0 0.6257557436517535 0.6898148148148148 0.041112454655380895 0.15185185185185185
0 0.24334945586457077 0.6444444444444444 0.041717049576783564 0.1685185185185185
0 0.2974607013301088 0.611111111111111 0.04474002418379686 0.1648148148148148
0 0.30048367593712216 0.6611111111111111 0.03748488512696494 0.17592592592592593
0 0.33131801692865787 0.38425925925925924 0.0350665054413543 0.12962962962962962
0 0.3125755743651754 0.43333333333333335 0.04232164449818622 0.15185185185185185
0 0.34643288996372434 0.41898148148148145 0.03869407496977026 0.12685185185185185
0 0.29171704957678357 0.38842592592592595 0.0380894800483676 0.14351851851851852
0 0.7430471584038695 0.25 0.036275695284159616 0.13148148148148148
0 0.7530229746070134 0.24259259259259258 0.034461910519951636 0.14814814814814817
0 0.11608222490931078 0.7310185185185186 0.03748488512696494 0.16203703703703703
0 0.7457678355501813 0.9773148148148147 0.039298669891172915 0.045370370370370366
0 0.09008464328899637 0.711574074074074 0.04353083434099154 0.1787037037037037
0 0.9803506650544136 0.8712962962962962 0.0380894800483676 0.19074074074074074
0 0.501813784764208 0.41527777777777775 0.03990326481257558 0.15462962962962962
0 0.4727932285368804 0.4046296296296296 0.032648125755743655 0.14629629629629629
0 0.4640266021765418 0.3814814814814815 0.039298669891172915 0.14259259259259258
0 0.9223095525997581 0.7472222222222221 0.0441354292623942 0.17407407407407408
0 0.893591293833132 0.7763888888888888 0.04957678355501814 0.15648148148148147
0 0.9207980652962516 0.6351851851851851 0.05078597339782346 0.1574074074074074
0 0.8778718258766628 0.625 0.05199516324062878 0.1685185185185185
0 0.6475211608222493 0.7643518518518518 0.05441354292623943 0.17129629629629628
0 0.4794437726723096 0.2861111111111111 0.0350665054413543 0.12962962962962962
0 0.0030229746070133015 0.5398148148148147 0.004836759371221282 0.17037037037037037
0 0.13724304715840388 0.47916666666666663 0.03990326481257558 0.16574074074074074
0 0.012998790810157194 0.5986111111111111 0.02478839177750907 0.14351851851851852
0 0.8047158403869409 0.46805555555555556 0.04232164449818622 0.16574074074074074
0 0.8301088270858524 0.44768518518518513 0.04353083434099154 0.1472222222222222
0 0.26964933494558646 0.20231481481481478 0.032648125755743655 0.11574074074074073
0 0.2548367593712213 0.18564814814814815 0.02478839177750907 0.13796296296296295
0 0.1765417170495768 0.14768518518518517 0.032648125755743655 0.13425925925925924
0 0.6451027811366385 0.4314814814814814 0.04353083434099154 0.14074074074074075
0 0.026299879081015724 0.6819444444444444 0.048972188633615486 0.14907407407407408
0 0.008162031438935914 0.6592592592592593 0.015114873035066508 0.18518518518518517
0 0.6091293833131802 0.7597222222222222 0.0380894800483676 0.12870370370370368
0 0.7629987908101573 0.611111111111111 0.041112454655380895 0.12962962962962962
0 0.7267230955259977 0.6023148148148147 0.04232164449818622 0.16018518518518518
0 0.21221281741233378 0.17175925925925925 0.0350665054413543 0.12129629629629629
0 0.668379685610641 0.5837962962962963 0.041717049576783564 0.14351851851851852
0 0.7043530834340992 0.5712962962962963 0.03869407496977026 0.1685185185185185
0 0.11124546553808949 0.600925925925926 0.048367593712212824 0.15185185185185185
0 0.13603385731559856 0.6074074074074074 0.03990326481257558 0.15925925925925927
0 0.06711003627569528 0.6101851851851852 0.03990326481257558 0.14814814814814817
0 0.6907496977025395 0.6587962962962962 0.032043530834341 0.11574074074074073
0 0.6717049576783557 0.43055555555555547 0.036275695284159616 0.13518518518518519
0 0.6892382103990328 0.773611111111111 0.06529625151148731 0.16018518518518518
0 0.45677146311970984 0.9361111111111111 0.053808948004836765 0.1259259259259259
0 0.35550181378476425 0.9685185185185184 0.041112454655380895 0.06481481481481481
0 0.7850665054413543 0.7435185185185185 0.04292623941958888 0.17592592592592593
0 0.7602781136638453 0.7162037037037037 0.0441354292623942 0.15092592592592594
0 0.8316203143893591 0.7384259259259258 0.046553808948004836 0.1824074074074074
0 0.8391777509068924 0.562037037037037 0.03990326481257558 0.1537037037037037
0 0.22823458282950426 0.8314814814814814 0.053808948004836765 0.17592592592592593
0 0.3216444981862153 0.9393518518518518 0.048367593712212824 0.12314814814814815
0 0.7998790810157196 0.22083333333333333 0.03748488512696494 0.14166666666666666
0 0.8162031438935914 0.2046296296296296 0.036275695284159616 0.12407407407407406
0 0.915659008464329 0.33287037037037037 0.04776299879081017 0.14537037037037034
0 0.6381499395405079 0.3060185185185185 0.039298669891172915 0.14351851851851852
0 0.6553808948004837 0.2939814814814815 0.0350665054413543 0.13425925925925924
0 0.7962515114873036 0.3893518518518518 0.04594921402660218 0.1398148148148148
0 0.44649334945586466 0.20046296296296295 0.034461910519951636 0.125
0 0.4691656590084644 0.20694444444444443 0.0350665054413543 0.13055555555555556
0 0.6112454655380894 0.20833333333333334 0.03748488512696494 0.14259259259259258
0 0.6073155985489722 0.14351851851851852 0.034461910519951636 0.137037037037037
0 0.5752720677146312 0.11527777777777777 0.0441354292623942 0.12685185185185185
0 0.009975816203143894 0.45138888888888895 0.01874244256348247 0.1398148148148148
0 0.2578597339782346 0.25046296296296294 0.041717049576783564 0.1324074074074074
0 0.22430471584038697 0.25833333333333336 0.041112454655380895 0.11666666666666667
0 0.02297460701330109 0.27314814814814814 0.03385731559854897 0.14074074074074075
0 0.055320435308343414 0.2912037037037037 0.04292623941958888 0.15092592592592594
0 0.09220072551390569 0.28888888888888886 0.0380894800483676 0.14074074074074075
0 0.22400241837968562 0.20972222222222223 0.03688029020556228 0.12314814814814815
0 0.019649334945586457 0.3976851851851852 0.034461910519951636 0.14907407407407408
0 0.007255139056831924 0.2125 0.013301088270858527 0.14351851851851852
0 0.15689238210399037 0.19537037037037036 0.03688029020556228 0.14074074074074075
0 0.0761789600967352 0.19259259259259257 0.04353083434099154 0.14629629629629629
0 0.12968561064087064 0.17824074074074073 0.039298669891172915 0.13425925925925924
0 0.9863966142684404 0.3324074074074074 0.02599758162031439 0.14629629629629629
0 0.884522370012092 0.3537037037037037 0.04232164449818622 0.13518518518518519
0 0.9174727932285369 0.29861111111111105 0.034461910519951636 0.11574074074074073
0 0.9543530834340992 0.29768518518518516 0.034461910519951636 0.13796296296296295
0 0.8633615477629989 0.2527777777777778 0.03748488512696494 0.14074074074074075
0 0.8325272067714631 0.1472222222222222 0.030229746070133016 0.12962962962962962
0 0.909310761789601 0.2412037037037037 0.032648125755743655 0.1324074074074074
0 0.04776299879081017 0.41898148148148145 0.036275695284159616 0.1398148148148148
0 0.07587666263603386 0.39814814814814814 0.034461910519951636 0.14629629629629629
0 0.0761789600967352 0.37499999999999994 0.032648125755743655 0.14074074074074075
0 0.9712817412333737 0.3333333333333333 0.03688029020556228 0.12222222222222222
0 0.8996372430471585 0.18009259259259255 0.03143893591293833 0.12870370370370368
0 0.06650544135429264 0.4319444444444444 0.03385731559854897 0.12129629629629629
0 0.05592503022974608 0.23425925925925925 0.0441354292623942 0.14814814814814817
0 0.007557436517533254 0.16944444444444443 0.013905683192261186 0.13518518518518519
0 0.24032648125755746 0.11203703703703702 0.0380894800483676 0.13333333333333333
0 0.8887545344619106 0.23287037037037037 0.0350665054413543 0.13425925925925924
0 0.9126360338573157 0.18935185185185185 0.03688029020556228 0.12314814814814815
0 0.9322853688029021 0.2875 0.030229746070133016 0.12685185185185185
0 0.912031438935913 0.30879629629629624 0.039298669891172915 0.13796296296296295
0 0.0441354292623942 0.29027777777777775 0.032648125755743655 0.14907407407407408
0 0.9105199516324063 0.24259259259259258 0.030229746070133016 0.10370370370370369
0 0.6998186215235792 0.625 0.03688029020556228 0.15185185185185185
0 0.013301088270858526 0.9310185185185185 0.02539298669891173 0.1398148148148148
0 0.5571342200725514 0.2097222222222222 0.03325272067714632 0.12870370370370368
0 0.719770253929867 0.05046296296296295 0.028415961305925032 0.09907407407407406
0 0.026602176541717055 0.3726851851851852 0.032648125755743655 0.15462962962962962
