0 0.46584038694074975 0.23379629629629628 0.035671100362756954 0.13055555555555556
0 0.49395405078597343 0.22407407407407404 0.02902055622732769 0.11851851851851851
0 0.976118500604595 0.5962962962962963 0.03688029020556228 0.15185185185185185
0 0.578597339782346 0.6555555555555556 0.03748488512696494 0.15185185185185185
0 0.5317412333736398 0.6583333333333333 0.053808948004836765 0.1574074074074074
0 0.5344619105199517 0.2967592592592592 0.04232164449818622 0.1472222222222222
0 0.5562273276904475 0.3481481481481481 0.036275695284159616 0.13148148148148148
0 0.8494558645707377 0.6921296296296297 0.04232164449818622 0.16018518518518518
0 0.8125755743651756 0.6773148148148148 0.04474002418379686 0.16574074074074074
0 0.7720677146311972 0.6754629629629628 0.03990326481257558 0.1398148148148148
0 0.983373639661427 0.3300925925925926 0.03325272067714632 0.14166666666666666
0 0.8996372430471585 0.29212962962962963 0.03869407496977026 0.14166666666666666
0 0.5834340991535671 0.30787037037037035 0.03143893591293833 0.1175925925925926
0 0.9235187424425635 0.399074074074074 0.039298669891172915 0.16666666666666666
0 0.9727932285368803 0.3611111111111111 0.03869407496977026 0.14629629629629629
0 0.9413542926239421 0.3574074074074074 0.03748488512696494 0.14259259259259258
0 0.534764207980653 0.21203703703703702 0.034461910519951636 0.13518518518518519
0 0.48367593712212825 0.17083333333333334 0.030229746070133016 0.13796296296296295
0 0.5931076178960097 0.350925925925926 0.032648125755743655 0.13518518518518519
0 0.6166868198307135 0.3555555555555555 0.03385731559854897 0.14629629629629629
0 0.604292623941959 0.3717592592592593 0.03688029020556228 0.1398148148148148
0 0.663845223700121 0.30185185185185187 0.03748488512696494 0.137037037037037
0 0.7602781136638453 0.575925925925926 0.057436517533252726 0.15185185185185185
0 0.7654171704957681 0.44999999999999996 0.04474002418379686 0.1574074074074074
0 0.6970979443772672 0.46759259259259256 0.04594921402660218 0.1796296296296296
0 0.6393591293833133 0.3347222222222222 0.032043530834341 0.11574074074074073
0 0.6952841596130592 0.625925925925926 0.03385731559854897 0.13518518518518519
0 0.571342200725514 0.4018518518518518 0.04353083434099154 0.15185185185185185
0 0.6786577992744861 0.38657407407407407 0.04292623941958888 0.14537037037037034
0 0.5175332527206772 0.17916666666666667 0.04232164449818622 0.14907407407407408
0 0.6714026602176544 0.2537037037037037 0.04050785973397824 0.13518518518518519
0 0.718863361547763 0.3384259259259259 0.03869407496977026 0.14537037037037034
0 0.9256348246674728 0.6453703703703703 0.04353083434099154 0.16296296296296295
0 0.8932889963724306 0.6 0.032043530834341 0.13518518518518519
0 0.8645707376058042 0.600462962962963 0.04232164449818622 0.15092592592592594
0 0.7642079806529625 0.40462962962962956 0.0350665054413543 0.14074074074074075
0 0.7415356711003628 0.34398148148148144 0.032043530834341 0.11574074074074073
0 0.6411729141475212 0.3958333333333333 0.0380894800483676 0.14351851851851852
0 0.9480048367593712 0.3712962962962963 0.03869407496977026 0.12962962962962962
0 0.8966142684401452 0.42916666666666664 0.036275695284159616 0.14351851851851852
0 0.9050785973397825 0.3680555555555555 0.03748488512696494 0.1175925925925926
0 0.7475816203143894 0.4337962962962963 0.0380894800483676 0.1472222222222222
0 0.782950423216445 0.3611111111111111 0.0350665054413543 0.12962962962962962
0 0.8047158403869409 0.40046296296296297 0.041112454655380895 0.15092592592592594
0 0.659310761789601 0.32870370370370366 0.039298669891172915 0.13518518518518519
0 0.9029625151148731 0.5680555555555556 0.03688029020556228 0.1324074074074074
0 0.5205562273276905 0.2949074074074074 0.024183796856106412 0.09166666666666666
0 0.5659008464328901 0.24027777777777776 0.032648125755743655 0.12685185185185185
0 0.9464933494558646 0.4314814814814814 0.035671100362756954 0.1074074074074074
0 0.8536880290205564 0.7481481481481481 0.056831922611850064 0.17037037037037037
0 0.8923821039903266 0.7430555555555555 0.047158403869407506 0.15648148148148147
0 0.28355501813784767 0.20046296296296298 0.03748488512696494 0.10462962962962963
0 0.6027811366384523 0.3986111111111111 0.041112454655380895 0.15648148148148147
0 0.542926239419589 0.33564814814814814 0.030229746070133016 0.1175925925925926
0 0.6484280532043533 0.2824074074074074 0.032043530834341 0.12037037037037036
0 0.7654171704957679 0.37175925925925923 0.03385731559854897 0.10092592592592592
0 0.19740024183796856 0.974537037037037 0.03688029020556228 0.05277777777777778
0 0.046251511487303505 0.31157407407407406 0.0441354292623942 0.15462962962962962
0 0.005441354292623942 0.19814814814814816 0.009673518742442565 0.14444444444444443
0 0.024183796856106412 0.20740740740740737 0.0350665054413543 0.14074074074074075
0 0.041717049576783564 0.17314814814814816 0.041112454655380895 0.13518518518518519
0 0.03839177750906893 0.06435185185185184 0.041717049576783564 0.12685185185185185
0 0.0731559854897219 0.2546296296296296 0.03990326481257558 0.12962962962962962
0 0.10399032648125756 0.2518518518518518 0.04232164449818622 0.14259259259259258
0 0.08192261185006046 0.05462962962962962 0.034461910519951636 0.1074074074074074
0 0.09854897218863361 0.0625 0.03385731559854897 0.12129629629629629
0 0.014207980652962516 0.25925925925925924 0.027206771463119714 0.12962962962962962
0 0.046553808948004836 0.22175925925925924 0.036275695284159616 0.13425925925925924
0 0.18047158403869407 0.125 0.03325272067714632 0.12407407407407406
0 0.16203143893591296 0.08194444444444443 0.036275695284159616 0.12129629629629629
0 0.24607013301088276 0.03749999999999999 0.026602176541717055 0.07314814814814814
0 0.21191051995163243 0.12777777777777777 0.03325272067714632 0.12777777777777777
0 0.17291414752116085 0.3509259259259259 0.04957678355501814 0.14629629629629629
0 0.3143893591293833 0.04629629629629629 0.04232164449818622 0.09074074074074073
0 0.3663845223700121 0.06759259259259259 0.03748488512696494 0.1259259259259259
0 0.3440145102781137 0.05231481481481481 0.030229746070133016 0.10277777777777777
0 0.39842805320435315 0.125 0.032648125755743655 0.13518518518518519
0 0.39842805320435315 0.09351851851851851 0.0350665054413543 0.12037037037037036
0 0.4165659008464329 0.056944444444444436 0.032648125755743655 0.11203703703703702
0 0.4755139056831923 0.06898148148148148 0.034461910519951636 0.1361111111111111
0 0.5646916565900847 0.03564814814814814 0.030229746070133016 0.06944444444444443
0 0.5852478839177752 0.03564814814814814 0.032648125755743655 0.06944444444444443
0 0.47702539298669894 0.11342592592592592 0.032648125755743655 0.12685185185185185
0 0.6067110036275696 0.025 0.030834340991535675 0.04814814814814815
0 0.4984885126964934 0.1175925925925926 0.034461910519951636 0.13148148148148148
0 0.5096735187424426 0.14074074074074072 0.036275695284159616 0.1259259259259259
0 0.5519951632406288 0.15555555555555553 0.032648125755743655 0.13518518518518519
0 0.5637847642079807 0.12268518518518517 0.04050785973397824 0.12870370370370368
0 0.5973397823458284 0.12824074074074074 0.03143893591293833 0.12685185185185185
0 0.6333131801692866 0.0875 0.032043530834341 0.13055555555555556
0 0.652962515114873 0.11203703703703702 0.030229746070133016 0.1148148148148148
0 0.6735187424425635 0.11944444444444444 0.030229746070133016 0.11851851851851851
0 0.7031438935912939 0.08472222222222223 0.036275695284159616 0.1398148148148148
0 0.6753325272067715 0.22453703703703703 0.032648125755743655 0.11574074074074073
0 0.7128174123337365 0.28703703703703703 0.03143893591293833 0.1259259259259259
0 0.733373639661427 0.28055555555555556 0.032648125755743655 0.13518518518518519
0 0.7273276904474003 0.2175925925925926 0.04232164449818622 0.12037037037037036
0 0.7696493349455865 0.2634259259259259 0.032648125755743655 0.1398148148148148
0 0.8134824667472794 0.20833333333333331 0.032043530834341 0.12407407407407406
0 0.9900241837968563 0.05185185185185184 0.01874244256348247 0.10185185185185185
0 0.9561668681983073 0.05833333333333333 0.035671100362756954 0.1111111111111111
0 0.9280532043530835 0.041666666666666664 0.030229746070133016 0.07962962962962963
0 0.9325876662636035 0.06898148148148149 0.032043530834341 0.12129629629629629
0 0.8715235792019349 0.3087962962962963 0.030834340991535675 0.13055555555555556
0 0.9715840386940751 0.2967592592592593 0.03385731559854897 0.1398148148148148
0 0.9755139056831924 0.21249999999999997 0.03688029020556228 0.1324074074074074
0 0.950423216444982 0.23981481481481481 0.03748488512696494 0.13148148148148148
0 0.8600362756952843 0.14074074074074075 0.032043530834341 0.12962962962962962
0 0.8851269649334946 0.1486111111111111 0.036275695284159616 0.11944444444444444
0 0.9226118500604596 0.2513888888888889 0.032648125755743655 0.12314814814814815
0 0.9464933494558646 0.2 0.034461910519951636 0.12962962962962962
0 0.9576783555018139 0.1611111111111111 0.03143893591293833 0.12962962962962962
0 0.9322853688029021 0.1560185185185185 0.0350665054413543 0.12129629629629629
0 0.88180169286578 0.11064814814814813 0.032043530834341 0.12685185185185185
0 0.8963119709794439 0.11527777777777777 0.030834340991535675 0.12129629629629629
0 0.8920798065296253 0.4287037037037037 0.029625151148730353 0.0962962962962963
0 0.879081015719468 0.10972222222222221 0.030229746070133016 0.09907407407407406
0 0.8548972188633616 0.13287037037037036 0.030229746070133016 0.09351851851851851
0 0.9081015719467957 0.13240740740740742 0.032648125755743655 0.1074074074074074
0 0.9201934703748488 0.11018518518518518 0.030229746070133016 0.1074074074074074
0 0.7699516324062878 0.24537037037037035 0.034461910519951636 0.12407407407407406
0 0.742744860943168 0.2412037037037037 0.034461910519951636 0.11203703703703702
0 0.018137847642079808 0.057870370370370364 0.03143893591293833 0.11388888888888889
0 0.9059854897218864 0.25740740740740736 0.06469165659008465 0.1685185185185185
0 0.3657799274486095 0.5402777777777777 0.0350665054413543 0.14907407407407408
0 0.07496977025392988 0.47453703703703703 0.041112454655380895 0.15092592592592594
0 0.03990326481257558 0.5259259259259259 0.03869407496977026 0.14629629629629629
0 0.024183796856106412 0.4949074074074074 0.0350665054413543 0.16203703703703703
0 0.08796856106408707 0.5226851851851851 0.048972188633615486 0.15833333333333333
0 0.7291414752116082 0.04444444444444444 0.030229746070133016 0.08703703703703704
0 0.8228536880290206 0.3504629629629629 0.0350665054413543 0.12870370370370368
0 0.8355501813784765 0.3416666666666667 0.03143893591293833 0.1259259259259259
0 0.25151148730350664 0.6523148148148148 0.04474002418379686 0.16574074074074074
0 0.219770253929867 0.6407407407407407 0.0380894800483676 0.1611111111111111
0 0.3536880290205563 0.6333333333333333 0.03748488512696494 0.14074074074074075
0 0.21735187424425637 0.5634259259259259 0.034461910519951636 0.13425925925925924
0 0.22430471584038697 0.548148148148148 0.03385731559854897 0.14629629629629629
0 0.18440145102781139 0.5439814814814814 0.03869407496977026 0.14907407407407408
0 0.190447400241838 0.5125 0.04474002418379686 0.15462962962962962
0 0.14873035066505444 0.524537037037037 0.03748488512696494 0.14351851851851852
0 0.36275695284159615 0.2138888888888889 0.03143893591293833 0.12962962962962962
0 0.38391777509068925 0.21296296296296297 0.03143893591293833 0.1259259259259259
0 0.3467351874244257 0.44490740740740736 0.027206771463119714 0.11018518518518518
0 0.27025392986698915 0.43194444444444446 0.03869407496977026 0.13055555555555556
0 0.26844014510278114 0.45787037037037037 0.036275695284159616 0.14166666666666666
0 0.25695284159613063 0.9388888888888888 0.041112454655380895 0.12222222222222222
0 0.4591898428053205 0.6537037037037037 0.0380894800483676 0.15555555555555553
0 0.4588875453446191 0.6643518518518517 0.036275695284159616 0.17129629629629628
0 0.18712212817412335 0.7199074074074073 0.0441354292623942 0.17314814814814813
0 0.15386940749697703 0.6944444444444444 0.04050785973397824 0.17407407407407408
0 0.19105199516324067 0.6939814814814814 0.03990326481257558 0.17314814814814813
0 0.3068319226118501 0.7685185185185186 0.04050785973397824 0.1537037037037037
0 0.4256348246674729 0.45787037037037037 0.04957678355501814 0.12685185185185185
0 0.8458282950423217 0.29907407407407405 0.032648125755743655 0.12777777777777777
0 0.8295042321644499 0.2625 0.03869407496977026 0.12314814814814815
0 0.8022974607013302 0.2810185185185185 0.03385731559854897 0.1361111111111111
0 0.3228536880290206 0.5662037037037037 0.0350665054413543 0.14907407407407408
0 0.16082224909310763 0.45601851851851843 0.0350665054413543 0.15277777777777776
0 0.20405078597339785 0.45648148148148143 0.029625151148730353 0.15185185185185185
0 0.02902055622732769 0.1481481481481481 0.0350665054413543 0.13148148148148148
0 0.3437122128174124 0.6912037037037037 0.0380894800483676 0.15277777777777776
0 0.35096735187424427 0.7259259259259259 0.0441354292623942 0.1648148148148148
0 0.17442563482466747 0.17916666666666667 0.04292623941958888 0.13796296296296295
0 0.6910519951632407 0.16203703703703703 0.030229746070133016 0.13148148148148148
0 0.6438935912938332 0.8347222222222221 0.05199516324062878 0.1824074074074074
0 0.6983071342200726 0.8680555555555556 0.047158403869407506 0.16018518518518518
0 0.6977025392986699 0.8310185185185186 0.03748488512696494 0.14537037037037034
0 0.813180169286578 0.2921296296296296 0.03748488512696494 0.13796296296296295
0 0.19074969770253933 0.4439814814814814 0.03325272067714632 0.12870370370370368
0 0.4204957678355502 0.7282407407407407 0.048972188633615486 0.14537037037037034
0 0.6408706166868199 0.6671296296296295 0.05078597339782346 0.14537037037037034
0 0.16596130592503025 0.4351851851851851 0.03688029020556228 0.15555555555555553
0 0.44528415961305934 0.5083333333333333 0.032043530834341 0.12777777777777777
0 0.4262394195888755 0.4972222222222221 0.03385731559854897 0.13518518518518519
0 0.38814993954050786 0.38888888888888895 0.03869407496977026 0.14814814814814817
0 0.3539903264812576 0.6032407407407407 0.041717049576783564 0.1398148148148148
0 0.3346432889963725 0.5259259259259259 0.03688029020556228 0.12407407407407406
0 0.33524788391777516 0.5027777777777778 0.034461910519951636 0.14074074074074075
0 0.25151148730350664 0.8763888888888888 0.047158403869407506 0.17129629629629628
0 0.7049576783555018 0.05185185185185185 0.030229746070133016 0.1
0 0.7333736396614269 0.06712962962962962 0.02902055622732769 0.11944444444444444
0 0.3143893591293833 0.19212962962962962 0.0350665054413543 0.1361111111111111
0 0.7376058041112457 0.053240740740740734 0.03143893591293833 0.10462962962962963
0 0.4195888754534462 0.5796296296296296 0.03385731559854897 0.14814814814814817
0 0.4262394195888755 0.5458333333333333 0.036275695284159616 0.15092592592592594
0 0.23488512696493352 0.6125 0.03325272067714632 0.14537037037037034
0 0.28718258766626364 0.5856481481481481 0.047158403869407506 0.15648148148148147
0 0.28839177750906897 0.6379629629629628 0.036275695284159616 0.17037037037037037
0 0.3276904474002419 0.3685185185185185 0.0350665054413543 0.12962962962962962
0 0.3068319226118501 0.40277777777777773 0.04292623941958888 0.1537037037037037
0 0.3328295042321645 0.3837962962962963 0.03688029020556228 0.13055555555555556
0 0.29927448609431684 0.37083333333333335 0.03748488512696494 0.1472222222222222
0 0.9534461910519952 0.7912037037037037 0.056831922611850064 0.16574074074074074
0 0.4029625151148731 0.44861111111111107 0.0380894800483676 0.14351851851851852
0 0.9622128174123339 0.7148148148148148 0.046553808948004836 0.1574074074074074
0 0.7509068923821041 0.8592592592592593 0.04353083434099154 0.137037037037037
0 0.854292623941959 0.21712962962962962 0.02902055622732769 0.12870370370370368
0 0.7457678355501813 0.1675925925925926 0.034461910519951636 0.12962962962962962
0 0.7064691656590085 0.9347222222222221 0.06348246674727932 0.1324074074074074
0 0.4806529625151149 0.5388888888888889 0.03143893591293833 0.12962962962962962
0 0.48186215235792024 0.5574074074074074 0.03869407496977026 0.14629629629629629
0 0.8548972188633616 0.8805555555555554 0.047158403869407506 0.18333333333333332
0 0.8062273276904475 0.8546296296296295 0.06348246674727932 0.18148148148148147
0 0.058645707376058044 0.9560185185185185 0.056831922611850064 0.0898148148148148
0 0.005441354292623942 0.9699074074074073 0.009673518742442565 0.06203703703703703
0 0.6523579201934704 0.9287037037037036 0.06045949214026603 0.13888888888888887
0 0.6765417170495769 0.7287037037037037 0.04594921402660218 0.1611111111111111
0 0.8331318016928658 0.5972222222222221 0.03748488512696494 0.15
0 0.8053204353083435 0.9495370370370371 0.047158403869407506 0.10277777777777777
0 0.24244256348246676 0.3625 0.03869407496977026 0.1398148148148148
0 0.4785368802902056 0.4666666666666667 0.04292623941958888 0.16296296296296295
0 0.50906892382104 0.4300925925925926 0.0350665054413543 0.15462962962962962
0 0.2496977025392987 0.39166666666666666 0.03385731559854897 0.12222222222222222
0 0.9449818621523581 0.6050925925925926 0.04474002418379686 0.16574074074074074
0 0.7176541717049578 0.7263888888888889 0.04353083434099154 0.14537037037037034
0 0.854292623941959 0.9393518518518518 0.03869407496977026 0.12129629629629629
0 0.7660217654171705 0.9282407407407407 0.05804111245465538 0.14351851851851852
0 0.8282950423216445 0.973611111111111 0.030229746070133016 0.054629629629629625
0 0.7004232164449818 0.047222222222222214 0.029625151148730353 0.09259259259259259
