0 0.014207980652962516 0.30787037037037035 0.027206771463119714 0.14537037037037034
0 0.010882708585247883 0.1722222222222222 0.020556227327690448 0.14259259259259258
0 0.032043530834341 0.3106481481481482 0.03990326481257558 0.13425925925925924
0 0.08373639661426846 0.16898148148148145 0.03688029020556228 0.1324074074074074
0 0.13059250302297462 0.17685185185185184 0.0350665054413543 0.137037037037037
0 0.1526602176541717 0.1736111111111111 0.039298669891172915 0.1398148148148148
0 0.09401451027811368 0.13333333333333333 0.039298669891172915 0.13518518518518519
0 0.14993954050785976 0.12777777777777777 0.036275695284159616 0.13148148148148148
0 0.1133615477629988 0.08842592592592592 0.041717049576783564 0.12870370370370368
0 0.5308343409915357 0.4842592592592592 0.02902055622732769 0.12962962962962962
0 0.25241837968561065 0.15787037037037036 0.039298669891172915 0.125
0 0.5084643288996373 0.06157407407407407 0.032648125755743655 0.1175925925925926
0 0.5290205562273278 0.054629629629629625 0.030229746070133016 0.10555555555555556
0 0.5256952841596131 0.3847222222222222 0.04776299879081017 0.1361111111111111
0 0.49818621523579204 0.4712962962962963 0.03869407496977026 0.15185185185185185
0 0.5247883917775091 0.29537037037037034 0.0350665054413543 0.1259259259259259
0 0.48307134220072556 0.3060185185185185 0.04232164449818622 0.15092592592592594
0 0.6853083434099154 0.3722222222222222 0.03688029020556228 0.14074074074074075
0 0.7249093107617895 0.36527777777777776 0.03990326481257558 0.1324074074074074
0 0.5507859733978235 0.10324074074074074 0.03748488512696494 0.12314814814814815
0 0.5737605804111245 0.1439814814814815 0.03385731559854897 0.12870370370370368
0 0.6668681983071343 0.26435185185185184 0.0350665054413543 0.12314814814814815
0 0.6336154776299879 0.2634259259259259 0.03869407496977026 0.14166666666666666
0 0.602478839177751 0.2611111111111111 0.027206771463119714 0.11296296296296296
0 0.9740024183796856 0.04768518518518518 0.030229746070133016 0.09351851851851851
0 0.949516324062878 0.05231481481481481 0.032043530834341 0.10277777777777777
0 0.9310761789600968 0.05555555555555555 0.03385731559854897 0.10925925925925925
0 0.8902660217654172 0.05046296296296295 0.034461910519951636 0.09907407407407406
0 0.5767835550181379 0.10787037037037035 0.027811366384522373 0.10648148148148147
0 0.976118500604595 0.3189814814814814 0.030834340991535675 0.1398148148148148
0 0.9700725513905684 0.22638888888888886 0.039298669891172915 0.14907407407407408
0 0.9371221281741234 0.274074074074074 0.03748488512696494 0.13518518518518519
0 0.9449818621523579 0.18842592592592589 0.03385731559854897 0.14537037037037034
0 0.9135429262394197 0.26712962962962966 0.03748488512696494 0.14351851851851852
0 0.9059854897218864 0.18518518518518517 0.032043530834341 0.13518518518518519
0 0.5550181378476422 0.059259259259259255 0.0350665054413543 0.11666666666666667
0 0.5897823458282951 0.04305555555555555 0.030834340991535675 0.08425925925925926
0 0.8004836759371222 0.41898148148148145 0.032648125755743655 0.1324074074074074
0 0.8576178960096735 0.42453703703703705 0.03688029020556228 0.14351851851851852
0 0.8784764207980653 0.41527777777777775 0.032648125755743655 0.1324074074074074
0 0.6064087061668683 0.1375 0.02902055622732769 0.12129629629629629
0 0.6079201934703748 0.11990740740740741 0.032043530834341 0.12685185185185185
0 0.6166868198307135 0.15138888888888888 0.036275695284159616 0.12129629629629629
0 0.8603385731559855 0.13935185185185184 0.030229746070133016 0.12129629629629629
0 0.8555018137847644 0.23703703703703702 0.04594921402660218 0.15185185185185185
0 0.8657799274486094 0.21111111111111114 0.03990326481257558 0.14074074074074075
0 0.8349455864570737 0.16481481481481483 0.03990326481257558 0.14629629629629629
0 0.6302902055622733 0.10601851851851851 0.027206771463119714 0.11203703703703702
0 0.8331318016928657 0.23240740740740742 0.030229746070133016 0.1148148148148148
0 0.7799274486094318 0.20324074074074075 0.03748488512696494 0.12685185185185185
0 0.672914147521161 0.1486111111111111 0.03869407496977026 0.12685185185185185
0 0.6269649334945586 0.04444444444444444 0.04232164449818622 0.08703703703703704
0 0.6457073760580412 0.06898148148148148 0.03990326481257558 0.1324074074074074
0 0.6801692865779927 0.05972222222222222 0.0350665054413543 0.1175925925925926
0 0.7911124546553809 0.28888888888888886 0.03688029020556228 0.13518518518518519
0 0.7702539298669892 0.2722222222222222 0.027811366384522373 0.12962962962962962
0 0.7451632406287787 0.2689814814814815 0.034461910519951636 0.13796296296296295
0 0.7720677146311972 0.1662037037037037 0.032648125755743655 0.1324074074074074
0 0.6934703748488512 0.07870370370370369 0.030229746070133016 0.12037037037037036
0 0.8252720677146312 0.40787037037037027 0.03990326481257558 0.15648148148148147
0 0.6432889963724306 0.15462962962962962 0.03143893591293833 0.12407407407407406
0 0.911124546553809 0.22361111111111112 0.03990326481257558 0.14907407407407408
0 0.9359129383313182 0.24814814814814815 0.03748488512696494 0.12777777777777777
0 0.878174123337364 0.20277777777777778 0.034461910519951636 0.11296296296296296
0 0.8954050785973399 0.15 0.03748488512696494 0.12037037037037036
0 0.7306529625151149 0.1597222222222222 0.039298669891172915 0.12870370370370368
0 0.7620918984280534 0.1361111111111111 0.03325272067714632 0.13148148148148148
0 0.6599153567110038 0.11342592592592592 0.03688029020556228 0.13425925925925924
0 0.7989721886336155 0.26481481481481484 0.034461910519951636 0.13148148148148148
0 0.5532043530834342 0.1125 0.024183796856106412 0.08796296296296297
0 0.5861547762998791 0.08148148148148147 0.029625151148730353 0.1148148148148148
0 0.9876058041112457 0.2523148148148148 0.023579201934703753 0.10648148148148147
0 0.5117896009673519 0.32361111111111107 0.046553808948004836 0.14351851851851852
0 0.5438331318016929 0.32731481481481484 0.034461910519951636 0.13796296296296295
0 0.43107617896009676 0.027314814814814813 0.02539298669891173 0.05277777777777778
0 0.8053204353083435 0.20231481481481478 0.03748488512696494 0.13055555555555556
0 0.5737605804111247 0.14305555555555555 0.030229746070133016 0.10462962962962963
0 0.8334340991535671 0.14629629629629629 0.029625151148730353 0.12037037037037036
0 0.7179564691656591 0.16018518518518518 0.027206771463119714 0.09814814814814814
0 0.1726118500604595 0.023148148148148147 0.03688029020556228 0.04444444444444444
0 0.2028415961305925 0.023611111111111107 0.034461910519951636 0.045370370370370366
0 0.48609431680773885 0.04444444444444444 0.03990326481257558 0.08703703703703704
0 0.6441958887545346 0.03425925925925925 0.032043530834341 0.06666666666666667
0 0.6780532043530835 0.03657407407407407 0.029625151148730353 0.07129629629629629
0 0.7146311970979444 0.03472222222222222 0.02539298669891173 0.06759259259259259
0 0.8739419588875454 0.05046296296296295 0.028415961305925032 0.09907407407407406
0 0.9087061668681984 0.24444444444444444 0.027811366384522373 0.07962962962962963
0 0.8811970979443773 0.04305555555555555 0.046553808948004836 0.08425925925925926
0 0.3760580411124547 0.575925925925926 0.03748488512696494 0.14814814814814817
0 0.07103990326481259 0.47314814814814815 0.03688029020556228 0.14629629629629629
0 0.061366384522370025 0.5212962962962963 0.039298669891172915 0.14629629629629629
0 0.025392986698911737 0.5060185185185184 0.04232164449818622 0.14907407407407408
0 0.09159613059250304 0.4949074074074074 0.041717049576783564 0.15277777777777776
0 0.7424425634824667 0.05648148148148148 0.02539298669891173 0.10555555555555556
0 0.8403869407496978 0.3884259259259259 0.03990326481257558 0.12870370370370368
0 0.8567110036275696 0.3662037037037037 0.032648125755743655 0.12685185185185185
0 0.26118500604594924 0.6819444444444444 0.04474002418379686 0.16574074074074074
0 0.23125755743651755 0.6671296296296296 0.03688029020556228 0.16574074074074074
0 0.36668681983071344 0.6685185185185184 0.04534461910519952 0.14629629629629629
0 0.22823458282950426 0.5916666666666667 0.03325272067714632 0.13518518518518519
0 0.23488512696493352 0.5791666666666667 0.03325272067714632 0.15462962962962962
0 0.18923821039903269 0.575462962962963 0.04353083434099154 0.1472222222222222
0 0.1961910519951633 0.5375 0.0441354292623942 0.15462962962962962
0 0.14812575574365175 0.5587962962962963 0.04474002418379686 0.14351851851851852
0 0.37243047158403875 0.24444444444444444 0.032648125755743655 0.12962962962962962
0 0.3905683192261185 0.25740740740740736 0.041112454655380895 0.1111111111111111
0 0.3805925030229747 0.4467592592592593 0.027206771463119714 0.11018518518518518
0 0.5486698911729142 0.6046296296296295 0.046553808948004836 0.137037037037037
0 0.6088270858524789 0.6138888888888888 0.05199516324062878 0.16296296296296295
0 0.2439540507859734 0.412962962962963 0.03688029020556228 0.12962962962962962
0 0.2551390568319227 0.45509259259259255 0.03748488512696494 0.14907407407407408
0 0.2645102781136639 0.9476851851851851 0.041717049576783564 0.10648148148148147
0 0.45767835550181385 0.6916666666666667 0.03748488512696494 0.14259259259259258
0 0.46553808948004843 0.6930555555555554 0.03748488512696494 0.16574074074074074
0 0.19316807738814998 0.737037037037037 0.048972188633615486 0.17407407407407408
0 0.16747279322853692 0.7324074074074074 0.032648125755743655 0.1685185185185185
0 0.19830713422007257 0.7236111111111111 0.03869407496977026 0.16574074074074074
0 0.09431680773881501 0.6046296296296296 0.048367593712212824 0.17592592592592593
0 0.30259975816203144 0.7837962962962962 0.046553808948004836 0.15648148148148147
0 0.43288996372430477 0.4856481481481481 0.04957678355501814 0.12685185185185185
0 0.07859733978234583 0.6439814814814814 0.04353083434099154 0.16574074074074074
0 0.8594316807738815 0.33055555555555555 0.03325272067714632 0.12962962962962962
0 0.8425030229746071 0.2949074074074074 0.039298669891172915 0.12129629629629629
0 0.8201330108827087 0.3050925925925926 0.032043530834341 0.1324074074074074
0 0.3325272067714632 0.4981481481481482 0.0350665054413543 0.14629629629629629
0 0.16928657799274488 0.48611111111111105 0.0350665054413543 0.15185185185185185
0 0.2134220072551391 0.48749999999999993 0.02902055622732769 0.14537037037037034
0 0.0441354292623942 0.6236111111111111 0.041112454655380895 0.15648148148148147
0 0.6813784764207982 0.8634259259259258 0.036275695284159616 0.1472222222222222
0 0.04081015719467957 0.17453703703703702 0.032043530834341 0.12870370370370368
0 0.35489721886336156 0.7189814814814814 0.036275695284159616 0.15462962962962962
0 0.3594316807738816 0.7527777777777777 0.0441354292623942 0.17037037037037037
0 0.18681983071342204 0.2097222222222222 0.03748488512696494 0.14351851851851852
0 0.6989117291414751 0.19537037037037036 0.030229746070133016 0.13148148148148148
0 0.6082224909310762 0.6583333333333332 0.04232164449818622 0.16296296296296295
0 0.629987908101572 0.6953703703703702 0.047158403869407506 0.16296296296296295
0 0.649334945586457 0.6773148148148148 0.0350665054413543 0.1324074074074074
0 0.8228536880290206 0.3212962962962963 0.0350665054413543 0.137037037037037
0 0.19891172914147523 0.4689814814814815 0.032648125755743655 0.12129629629629629
0 0.4304715840386941 0.7574074074074073 0.04957678355501814 0.14629629629629629
0 0.6795646916565902 0.6861111111111111 0.047158403869407506 0.14074074074074075
0 0.17623941958887546 0.4564814814814815 0.03688029020556228 0.14259259259259258
0 0.06952841596130593 0.8375 0.047158403869407506 0.16574074074074074
0 0.45314389359129387 0.5546296296296297 0.032043530834341 0.13518518518518519
0 0.4337968561064088 0.5263888888888889 0.032043530834341 0.13796296296296295
0 0.3996372430471585 0.42777777777777776 0.03990326481257558 0.14814814814814817
0 0.6239419588875454 0.8569444444444444 0.05078597339782346 0.15462962962962962
0 0.7406287787182589 0.836574074074074 0.06166868198307135 0.16203703703703703
0 0.37122128174123337 0.6333333333333333 0.036275695284159616 0.14074074074074075
0 0.346130592503023 0.5578703703703703 0.035671100362756954 0.1175925925925926
0 0.34310761789600974 0.5328703703703703 0.03688029020556228 0.14351851851851852
0 0.6958887545344619 0.8513888888888889 0.03990326481257558 0.12314814814814815
0 0.7376058041112455 0.9050925925925924 0.03385731559854897 0.1398148148148148
0 0.26239419588875457 0.9083333333333333 0.047158403869407506 0.1685185185185185
0 0.7143288996372431 0.08240740740740742 0.034461910519951636 0.11296296296296296
0 0.7418379685610641 0.0962962962962963 0.02902055622732769 0.11296296296296296
0 0.43561064087061674 0.03518518518518518 0.034461910519951636 0.0685185185185185
0 0.8642684401451028 0.976388888888889 0.029625151148730353 0.045370370370370366
0 0.7521160822249093 0.07731481481481481 0.030229746070133016 0.11574074074074073
0 0.4250302297460702 0.611111111111111 0.04474002418379686 0.14814814814814817
0 0.44800483675937125 0.5824074074074074 0.036275695284159616 0.15185185185185185
0 0.11910519951632408 0.9305555555555555 0.048367593712212824 0.14074074074074075
0 0.6414752116082225 0.937962962962963 0.047158403869407506 0.1259259259259259
0 0.6720072551390568 0.9462962962962963 0.048972188633615486 0.10925925925925925
0 0.07889963724304716 0.9356481481481481 0.0441354292623942 0.13055555555555556
0 0.004232164449818622 0.5342592592592593 0.007255139056831923 0.1574074074074074
0 0.9897218863361549 0.3657407407407407 0.020556227327690448 0.11851851851851851
0 0.9830713422007256 0.4074074074074074 0.03385731559854897 0.14259259259259258
0 0.9646311970979444 0.3787037037037037 0.039298669891172915 0.14629629629629629
0 0.6100362756952842 0.9574074074074074 0.048367593712212824 0.08518518518518518
0 0.564993954050786 0.9560185185185185 0.0380894800483676 0.08796296296296297
0 0.2448609431680774 0.6453703703703703 0.03748488512696494 0.14629629629629629
0 0.29504232164449823 0.6138888888888889 0.041112454655380895 0.15185185185185185
0 0.29594921402660224 0.6606481481481482 0.03688029020556228 0.16944444444444443
0 0.3349455864570738 0.3930555555555555 0.03385731559854897 0.12685185185185185
0 0.31559854897218864 0.42777777777777776 0.04232164449818622 0.14814814814814817
0 0.3437122128174124 0.4157407407407407 0.03688029020556228 0.12962962962962962
0 0.3047158403869408 0.38657407407407407 0.03748488512696494 0.14537037037037034
0 0.9746070133010883 0.4666666666666667 0.03748488512696494 0.137037037037037
0 0.5912938331318017 0.5268518518518518 0.03748488512696494 0.15925925925925927
0 0.411124546553809 0.4782407407407407 0.03748488512696494 0.14351851851851852
0 0.5498790810157195 0.4949074074074074 0.041717049576783564 0.14537037037037034
0 0.5828295042321645 0.561574074074074 0.04232164449818622 0.13796296296296295
0 0.13724304715840388 0.7856481481481481 0.04232164449818622 0.17685185185185184
0 0.05078597339782346 0.4069444444444444 0.032648125755743655 0.13796296296296295
0 0.032345828295042324 0.3856481481481481 0.03688029020556228 0.14907407407407408
0 0.7128174123337365 0.6226851851851851 0.04957678355501814 0.16388888888888886
0 0.010882708585247883 0.3819444444444444 0.020556227327690448 0.13796296296296295
0 0.692261185006046 0.936574074074074 0.048367593712212824 0.12870370370370368
0 0.7382103990326483 0.9296296296296297 0.04594921402660218 0.14259259259259258
0 0.08403869407496979 0.8032407407407407 0.04474002418379686 0.16018518518518518
0 0.1142684401451028 0.8504629629629629 0.03748488512696494 0.16203703703703703
0 0.056831922611850064 0.875462962962963 0.04232164449818622 0.15092592592592594
0 0.7412333736396614 0.6203703703703703 0.03990326481257558 0.15555555555555553
0 0.7986698911729142 0.9398148148148148 0.05199516324062878 0.12222222222222222
0 0.8941958887545345 0.7916666666666665 0.03990326481257558 0.18148148148148147
0 0.854292623941959 0.9324074074074074 0.047158403869407506 0.137037037037037
0 0.8718258766626362 0.8555555555555555 0.04594921402660218 0.18888888888888886
0 0.905683192261185 0.7337962962962962 0.03990326481257558 0.16574074074074074
0 0.9951632406287788 0.28564814814814815 0.008464328899637243 0.14907407407407408
0 0.8409915356711005 0.19768518518518519 0.03143893591293833 0.12870370370370368
0 0.8310157194679566 0.5189814814814814 0.05139056831922612 0.15648148148148147
0 0.7230955259975816 0.6578703703703703 0.041112454655380895 0.16388888888888886
0 0.7639056831922614 0.6648148148148147 0.041717049576783564 0.1574074074074074
0 0.43802902055622744 0.39166666666666666 0.032043530834341 0.12962962962962962
0 0.4727932285368803 0.399537037037037 0.03385731559854897 0.13796296296296295
0 0.9350060459492141 0.6152777777777777 0.046553808948004836 0.15648148148148147
0 0.686819830713422 0.4078703703703704 0.03990326481257558 0.14351851851851852
0 0.6457073760580413 0.3898148148148148 0.05441354292623943 0.15185185185185185
0 0.12998790810157196 0.4930555555555555 0.05078597339782346 0.14537037037037034
0 0.11608222490931076 0.524074074074074 0.05078597339782346 0.13888888888888887
0 0.002720677146311971 0.47407407407407404 0.004232164449818622 0.14814814814814817
0 0.009068923821039904 0.6851851851851851 0.016928657799274487 0.1648148148148148
0 0.02267230955259976 0.7009259259259258 0.0441354292623942 0.1574074074074074
0 0.005441354292623942 0.42731481481481476 0.009673518742442565 0.14351851851851852
0 0.7796251511487304 0.5152777777777777 0.0441354292623942 0.14537037037037034
0 0.8833131801692866 0.5435185185185184 0.04353083434099154 0.12962962962962962
0 0.9186819830713424 0.5537037037037037 0.04050785973397824 0.1574074074074074
0 0.8400846432889965 0.45833333333333326 0.041717049576783564 0.14074074074074075
0 0.7291414752116082 0.26157407407407407 0.030229746070133016 0.12870370370370368
0 0.9446795646916567 0.5208333333333333 0.0441354292623942 0.15648148148148147
0 0.2016324062877872 0.34907407407407404 0.039298669891172915 0.12962962962962962
0 0.2626964933494559 0.3412037037037037 0.041717049576783564 0.14351851851851852
0 0.23216444981862155 0.3259259259259259 0.03385731559854897 0.137037037037037
0 0.9528415961305925 0.3296296296296296 0.0350665054413543 0.13148148148148148
0 0.252720677146312 0.3731481481481481 0.036275695284159616 0.11851851851851851
0 0.5465538089480049 0.3680555555555555 0.03385731559854897 0.14537037037037034
0 0.8724304715840389 0.45787037037037037 0.04232164449818622 0.1398148148148148
0 0.9377267230955261 0.3509259259259259 0.03990326481257558 0.14074074074074075
0 0.975211608222491 0.5222222222222223 0.032648125755743655 0.137037037037037
0 0.8675937122128176 0.5148148148148147 0.04957678355501814 0.14814814814814817
0 0.9081015719467956 0.5263888888888889 0.0350665054413543 0.1175925925925926
0 0.3842200725513906 0.9453703703703703 0.046553808948004836 0.1111111111111111
0 0.9044740024183797 0.6495370370370369 0.03990326481257558 0.15462962962962962
0 0.3536880290205563 0.973611111111111 0.030229746070133016 0.054629629629629625
0 0.17079806529625152 0.9430555555555554 0.05622732769044741 0.11574074074074073
0 0.24123337363966146 0.8620370370370369 0.06529625151148731 0.16296296296296295
0 0.28143893591293834 0.836574074074074 0.05622732769044741 0.15648148148148147
0 0.7161426844014511 0.05972222222222222 0.02478839177750907 0.10462962962962963
