0 0.5087666263603386 0.06805555555555555 0.039298669891172915 0.12870370370370368
0 0.18016928657799275 0.04583333333333332 0.04474002418379686 0.0898148148148148
0 0.14510278113663846 0.04768518518518518 0.04232164449818622 0.09351851851851851
0 0.17714631197097946 0.04074074074074074 0.03748488512696494 0.07962962962962963
0 0.5773881499395406 0.031018518518518515 0.02902055622732769 0.06018518518518518
0 0.5432285368802903 0.0287037037037037 0.034461910519951636 0.05555555555555555
0 0.35610640870616694 0.017592592592592594 0.03748488512696494 0.03333333333333333
0 0.37636033857315604 0.01898148148148148 0.03688029020556228 0.03611111111111111
0 0.7212817412333736 0.07453703703703704 0.03748488512696494 0.12685185185185185
0 0.6236396614268441 0.05648148148148147 0.03688029020556228 0.1111111111111111
0 0.6822853688029021 0.057870370370370364 0.03688029020556228 0.11388888888888889
0 0.629081015719468 0.033796296296296297 0.03688029020556228 0.06574074074074074
0 0.7182587666263603 0.03888888888888888 0.036275695284159616 0.07592592592592592
0 0.6813784764207981 0.03564814814814814 0.03990326481257558 0.06944444444444443
0 0.672914147521161 0.027314814814814813 0.03748488512696494 0.05277777777777778
0 0.7805320435308344 0.03287037037037037 0.0350665054413543 0.06388888888888888
0 0.9413542926239421 0.05509259259259259 0.03869407496977026 0.10833333333333334
0 0.9727932285368803 0.06805555555555555 0.03748488512696494 0.12314814814814815
0 0.9749093107617897 0.4930555555555555 0.0441354292623942 0.15462962962962962
0 0.1511487303506651 0.9712962962962963 0.03990326481257558 0.059259259259259255
0 0.20767835550181382 0.9629629629629629 0.05139056831922612 0.07407407407407408
0 0.03748488512696494 0.5939814814814814 0.047158403869407506 0.15462962962962962
0 0.11245465538089482 0.5888888888888888 0.047158403869407506 0.14629629629629629
0 0.11064087061668683 0.5541666666666667 0.03748488512696494 0.13796296296296295
0 0.1765417170495768 0.5587962962962962 0.04353083434099154 0.14537037037037034
0 0.19407496977025396 0.5166666666666667 0.04594921402660218 0.13888888888888887
0 0.159310761789601 0.5037037037037037 0.039298669891172915 0.13518518518518519
0 0.01874244256348247 0.26157407407407407 0.036275695284159616 0.1472222222222222
0 0.03899637243047159 0.23935185185185184 0.03688029020556228 0.10462962962962963
0 0.04897218863361547 0.16527777777777777 0.041112454655380895 0.13796296296296295
0 0.08887545344619106 0.16574074074074074 0.03748488512696494 0.13148148148148148
0 0.13270858524788393 0.07685185185185185 0.034461910519951636 0.13148148148148148
0 0.1568923821039903 0.08796296296296297 0.0441354292623942 0.14074074074074075
0 0.05834340991535671 0.4083333333333333 0.053808948004836765 0.14629629629629629
0 0.0441354292623942 0.3935185185185185 0.03990326481257558 0.14629629629629629
0 0.6704957678355503 0.45416666666666666 0.048367593712212824 0.17685185185185184
0 0.4322853688029021 0.21898148148148147 0.0350665054413543 0.1324074074074074
0 0.3999395405078598 0.2064814814814815 0.034461910519951636 0.13148148148148148
0 0.42351874244256354 0.2106481481481481 0.034461910519951636 0.1324074074074074
0 0.39873035066505447 0.22962962962962966 0.03688029020556228 0.14074074074074075
0 0.21704957678355505 0.2638888888888889 0.03990326481257558 0.13518518518518519
0 0.19407496977025396 0.24953703703703703 0.04232164449818622 0.13796296296296295
0 0.281136638452237 0.23194444444444443 0.03748488512696494 0.1324074074074074
0 0.30350665054413545 0.23240740740740737 0.04232164449818622 0.14629629629629629
0 0.3612454655380895 0.12777777777777777 0.039298669891172915 0.12407407407407406
0 0.36577992744860943 0.28564814814814815 0.03143893591293833 0.11574074074074073
0 0.3824062877871826 0.18379629629629632 0.039298669891172915 0.13425925925925924
0 0.4322853688029021 0.2717592592592592 0.03748488512696494 0.14907407407407408
0 0.4271463119709795 0.2833333333333333 0.046553808948004836 0.1574074074074074
0 0.40991535671100365 0.14675925925925926 0.03990326481257558 0.12314814814814815
0 0.5163240628778718 0.21296296296296297 0.036275695284159616 0.14074074074074075
0 0.41082224909310766 0.11435185185185184 0.034461910519951636 0.1175925925925926
0 0.4280532043530835 0.12037037037037036 0.032648125755743655 0.12407407407407406
0 0.6717049576783557 0.38518518518518513 0.05441354292623943 0.13518518518518519
0 0.6254534461910521 0.35787037037037034 0.05139056831922612 0.16388888888888886
0 0.6656590084643289 0.31805555555555554 0.04474002418379686 0.16574074074074074
0 0.6795646916565901 0.274074074074074 0.04474002418379686 0.16296296296296295
0 0.708585247883918 0.30648148148148147 0.04474002418379686 0.15925925925925927
0 0.5338573155985491 0.07962962962962963 0.03748488512696494 0.11851851851851851
0 0.691354292623942 0.07962962962962963 0.034461910519951636 0.10185185185185185
0 0.6862152357920194 0.1236111111111111 0.03385731559854897 0.12129629629629629
0 0.9026602176541717 0.4064814814814815 0.03748488512696494 0.14259259259259258
0 0.824062877871826 0.2722222222222222 0.032648125755743655 0.11851851851851851
0 0.969770253929867 0.42777777777777776 0.04232164449818622 0.137037037037037
0 0.9863966142684404 0.4009259259259259 0.02116082224909311 0.11296296296296296
0 0.8972188633615479 0.3712962962962963 0.055622732769044746 0.14629629629629629
0 0.9519347037484885 0.3759259259259259 0.053808948004836765 0.16296296296296295
0 0.8666868198307135 0.3458333333333333 0.053808948004836765 0.13796296296296295
0 0.9830713422007257 0.15462962962962962 0.027811366384522373 0.08703703703703704
0 0.9694679564691658 0.12407407407407406 0.03688029020556228 0.12037037037037036
0 0.9480048367593713 0.33379629629629626 0.03748488512696494 0.1324074074074074
0 0.9150544135429263 0.3384259259259259 0.039298669891172915 0.1324074074074074
0 0.9652357920193472 0.2912037037037037 0.039298669891172915 0.13796296296296295
0 0.9785368802902056 0.31666666666666665 0.034461910519951636 0.12407407407407406
0 0.9715840386940751 0.26759259259259255 0.03748488512696494 0.12962962962962962
0 0.03174123337363967 0.1439814814814815 0.039298669891172915 0.11944444444444444
0 0.2125151148730351 0.1439814814814815 0.03688029020556228 0.13796296296296295
0 0.2899032648125756 0.287962962962963 0.0441354292623942 0.14814814814814817
0 0.7648125755743652 0.13055555555555556 0.032648125755743655 0.12037037037037036
0 0.9528415961305926 0.22638888888888886 0.03143893591293833 0.11203703703703702
0 0.7965538089480049 0.262037037037037 0.046553808948004836 0.1574074074074074
0 0.9334945586457075 0.24027777777777776 0.026602176541717055 0.0898148148148148
0 0.9226118500604596 0.2398148148148148 0.03385731559854897 0.11851851851851851
0 0.652962515114873 0.06296296296296296 0.030229746070133016 0.1074074074074074
0 0.4123337363966143 0.4398148148148148 0.032648125755743655 0.0962962962962963
0 0.8337363966142685 0.3009259259259259 0.04474002418379686 0.14629629629629629
0 0.7678355501813785 0.26805555555555555 0.032648125755743655 0.10462962962962963
0 0.9467956469165659 0.25740740740740736 0.03990326481257558 0.14629629629629629
0 0.7046553808948005 0.47222222222222215 0.046553808948004836 0.15185185185185185
0 0.7376058041112455 0.4671296296296296 0.0350665054413543 0.13796296296296295
0 0.8192261185006047 0.49861111111111106 0.04353083434099154 0.1472222222222222
0 0.8452237001209191 0.4222222222222222 0.05441354292623943 0.18703703703703703
0 0.8128778718258767 0.5925925925925927 0.0441354292623942 0.1685185185185185
0 0.29655380894800487 0.7393518518518519 0.048972188633615486 0.1787037037037037
0 0.8536880290205562 0.548148148148148 0.04474002418379686 0.15185185185185185
0 0.7926239419588875 0.5453703703703704 0.048367593712212824 0.14074074074074075
0 0.828597339782346 0.5518518518518518 0.046553808948004836 0.1796296296296296
0 0.6036880290205562 0.7393518518518518 0.05139056831922612 0.15462962962962962
0 0.8978234582829505 0.5078703703703703 0.04232164449818622 0.14907407407407408
0 0.914752116082225 0.46249999999999997 0.03869407496977026 0.14907407407407408
0 0.5323458282950424 0.9583333333333333 0.05501813784764208 0.07962962962962963
0 0.7527206771463121 0.5666666666666667 0.04474002418379686 0.15185185185185185
0 0.7415356711003628 0.34861111111111115 0.039298669891172915 0.12129629629629629
0 0.7805320435308345 0.34768518518518515 0.04232164449818622 0.13796296296296295
0 0.6082224909310762 0.8560185185185184 0.04474002418379686 0.17314814814814813
0 0.8467351874244258 0.65 0.05139056831922612 0.17037037037037037
0 0.9643288996372432 0.5138888888888888 0.047158403869407506 0.17037037037037037
0 0.8143893591293834 0.7175925925925927 0.048367593712212824 0.1537037037037037
0 0.9419588875453447 0.7189814814814814 0.03990326481257558 0.15462962962962962
0 0.018137847642079808 0.6486111111111111 0.0350665054413543 0.16203703703703703
0 0.3228536880290206 0.525462962962963 0.04232164449818622 0.14351851851851852
0 0.2932285368802902 0.3402777777777778 0.04232164449818622 0.13796296296296295
0 0.2850665054413543 0.35277777777777775 0.034461910519951636 0.14074074074074075
0 0.5876662636033858 0.9490740740740741 0.05441354292623943 0.10185185185185185
0 0.9313784764207981 0.6532407407407407 0.05259975816203145 0.16203703703703703
0 0.7775090689238212 0.711574074074074 0.04594921402660218 0.16574074074074074
0 0.9782345828295043 0.5967592592592593 0.03869407496977026 0.15833333333333333
0 0.8053204353083435 0.8162037037037037 0.05199516324062878 0.17685185185185184
0 0.9032648125755744 0.7060185185185186 0.05925030229746071 0.1787037037037037
0 0.8004836759371222 0.6421296296296296 0.05925030229746071 0.17685185185185184
0 0.5483675937122129 0.48472222222222217 0.030229746070133016 0.12685185185185185
0 0.5477629987908101 0.9222222222222222 0.05441354292623943 0.14259259259259258
0 0.8766626360338573 0.4976851851851852 0.04474002418379686 0.14537037037037034
0 0.9044740024183797 0.6819444444444444 0.04232164449818622 0.08796296296296297
0 0.9730955259975818 0.4912037037037037 0.041717049576783564 0.14907407407407408
0 0.2756952841596131 0.9532407407407407 0.04474002418379686 0.09351851851851851
0 0.44316807738815 0.9388888888888888 0.05320435308343411 0.12222222222222222
0 0.4930471584038695 0.6518518518518518 0.039298669891172915 0.15925925925925927
0 0.509975816203144 0.6569444444444444 0.041717049576783564 0.17314814814814813
0 0.23246674727932287 0.7101851851851851 0.05139056831922612 0.17407407407407408
0 0.20012091898428055 0.6791666666666667 0.04474002418379686 0.1675925925925926
0 0.2300483675937122 0.6666666666666666 0.04292623941958888 0.1685185185185185
0 0.5148125755743652 0.7824074074074072 0.04534461910519952 0.1796296296296296
0 0.4588875453446192 0.836111111111111 0.047158403869407506 0.16296296296296295
0 0.5798065296251512 0.5745370370370371 0.03990326481257558 0.16018518518518518
0 0.6112454655380896 0.5935185185185184 0.04474002418379686 0.15185185185185185
0 0.3527811366384523 0.7569444444444444 0.046553808948004836 0.16574074074074074
0 0.4691656590084644 0.4462962962962963 0.047158403869407506 0.13518518518518519
0 0.4201934703748489 0.5763888888888888 0.0350665054413543 0.13796296296296295
0 0.4679564691656591 0.5685185185185184 0.03990326481257558 0.14814814814814817
0 0.5855501813784765 0.499537037037037 0.041717049576783564 0.13796296296296295
0 0.5532043530834342 0.5023148148148148 0.030229746070133016 0.11018518518518518
0 0.6082224909310762 0.5638888888888888 0.04232164449818622 0.15185185185185185
0 0.8996372430471585 0.275 0.03748488512696494 0.12962962962962962
0 0.8969165659008466 0.2518518518518518 0.03688029020556228 0.13518518518518519
0 0.8645707376058042 0.25555555555555554 0.03990326481257558 0.13518518518518519
0 0.526602176541717 0.8277777777777777 0.04232164449818622 0.19074074074074074
0 0.3651753325272068 0.4337962962962963 0.04232164449818622 0.13796296296296295
0 0.23276904474002422 0.4412037037037037 0.03748488512696494 0.15462962962962962
0 0.26451027811366384 0.45462962962962966 0.039298669891172915 0.14629629629629629
0 0.651148730350665 0.9462962962962962 0.048367593712212824 0.10555555555555556
0 0.6925634824667474 0.9523148148148147 0.053808948004836765 0.09537037037037037
0 0.503627569528416 0.5680555555555554 0.04474002418379686 0.16018518518518518
0 0.3890568319226119 0.34074074074074073 0.041717049576783564 0.15185185185185185
0 0.49879081015719473 0.39120370370370366 0.032648125755743655 0.1324074074074074
0 0.09159613059250304 0.24074074074074073 0.034461910519951636 0.13518518518518519
0 0.6717049576783555 0.8171296296296297 0.030229746070133016 0.13425925925925924
0 0.6559854897218864 0.824537037037037 0.047158403869407506 0.17129629629629628
0 0.5184401451027812 0.8773148148148148 0.05864570737605805 0.17129629629629628
0 0.46311970979443773 0.9124999999999999 0.041112454655380895 0.15648148148148147
0 0.40356711003627577 0.6921296296296295 0.03688029020556228 0.16574074074074074
0 0.40538089480048367 0.7421296296296297 0.04534461910519952 0.15277777777777776
0 0.4534461910519952 0.700925925925926 0.04232164449818622 0.1611111111111111
0 0.38542926239419595 0.7032407407407407 0.03688029020556228 0.1675925925925926
0 0.24123337363966146 0.1384259259259259 0.0350665054413543 0.13796296296296295
0 0.7418379685610641 0.1388888888888889 0.0350665054413543 0.12962962962962962
0 0.8691051995163241 0.7412037037037036 0.046553808948004836 0.15462962962962962
0 0.8564087061668683 0.8152777777777778 0.06106408706166869 0.1824074074074074
0 0.9694679564691658 0.6467592592592593 0.04292623941958888 0.15092592592592594
0 0.885429262394196 0.46481481481481474 0.03688029020556228 0.14074074074074075
0 0.3440145102781137 0.1037037037037037 0.03748488512696494 0.14074074074074075
0 0.9117291414752117 0.8717592592592591 0.06650544135429264 0.16574074074074074
0 0.9625151148730352 0.8583333333333333 0.05441354292623943 0.17037037037037037
0 0.32224909310761796 0.09305555555555554 0.032648125755743655 0.11574074074074073
0 0.31378476420798074 0.06712962962962962 0.032648125755743655 0.11574074074074073
0 0.02025392986698912 0.8671296296296295 0.039298669891172915 0.1824074074074074
0 0.2938331318016929 0.09861111111111111 0.032648125755743655 0.1324074074074074
0 0.9038694074969771 0.7884259259259259 0.05078597339782346 0.16574074074074074
0 0.8884522370012093 0.5402777777777777 0.046553808948004836 0.15648148148148147
0 0.8694074969770255 0.26666666666666666 0.03748488512696494 0.13518518518518519
0 0.23941958887545348 0.43055555555555547 0.03990326481257558 0.13518518518518519
0 0.572249093107618 0.6513888888888888 0.053808948004836765 0.14537037037037034
0 0.5507859733978234 0.6217592592592591 0.041112454655380895 0.17129629629629628
0 0.5982466747279324 0.6254629629629629 0.039298669891172915 0.15462962962962962
0 0.6998186215235792 0.6555555555555554 0.048972188633615486 0.14814814814814817
0 0.2116082224909311 0.4157407407407407 0.04353083434099154 0.14074074074074075
0 0.2708585247883918 0.42916666666666664 0.036275695284159616 0.14537037037037034
0 0.5241837968561064 0.5101851851851851 0.0350665054413543 0.13518518518518519
0 0.45223700120918986 0.549074074074074 0.04232164449818622 0.15925925925925927
0 0.5003022974607014 0.49305555555555547 0.03688029020556228 0.14351851851851852
0 0.4159613059250302 0.3782407407407407 0.04474002418379686 0.13796296296296295
0 0.41444981862152364 0.33287037037037037 0.03688029020556228 0.13796296296296295
0 0.41051995163240634 0.35879629629629634 0.03990326481257558 0.14351851851851852
0 0.4800483675937123 0.36157407407407405 0.030229746070133016 0.14351851851851852
0 0.5211608222490932 0.3726851851851852 0.032648125755743655 0.14907407407407408
0 0.44467956469165665 0.5166666666666667 0.041717049576783564 0.15185185185185185
0 0.3938935912938332 0.563425925925926 0.03688029020556228 0.14166666666666666
0 0.3787787182587667 0.5074074074074074 0.053808948004836765 0.14074074074074075
0 0.3778718258766627 0.4944444444444444 0.04474002418379686 0.1574074074074074
0 0.3192261185006046 0.10833333333333334 0.0350665054413543 0.11666666666666667
0 0.3047158403869408 0.5050925925925925 0.04474002418379686 0.15092592592592594
0 0.4616082224909312 0.4097222222222222 0.03688029020556228 0.12129629629629629
0 0.48548972188633627 0.4097222222222222 0.030229746070133016 0.11574074074074073
0 0.2717654171704958 0.9189814814814814 0.048972188633615486 0.16388888888888886
0 0.7152357920193472 0.8300925925925926 0.047158403869407506 0.19537037037037036
0 0.7527206771463121 0.04953703703703703 0.032648125755743655 0.09722222222222222
0 0.7769044740024185 0.05231481481481481 0.03748488512696494 0.10277777777777777
0 0.7911124546553809 0.04583333333333332 0.032043530834341 0.0898148148148148
0 0.005743651753325273 0.15925925925925927 0.010278113663845224 0.12407407407407406
0 0.7506045949214027 0.04027777777777777 0.029625151148730353 0.0787037037037037
