0 0.1423821039903265 0.9722222222222221 0.057436517533252726 0.05555555555555555
0 0.48307134220072556 0.9449074074074074 0.04232164449818622 0.11203703703703702
0 0.5060459492140267 0.9148148148148147 0.05320435308343411 0.16296296296296295
0 0.23639661426844014 0.887962962962963 0.06045949214026603 0.1685185185185185
0 0.2560459492140267 0.8546296296296295 0.046553808948004836 0.1574074074074074
0 0.186819830713422 0.8717592592592592 0.04594921402660218 0.16203703703703703
0 0.46614268440145107 0.7111111111111109 0.0350665054413543 0.137037037037037
0 0.07950423216444982 0.5722222222222222 0.046553808948004836 0.16296296296296295
0 0.004534461910519952 0.4143518518518518 0.007859733978234583 0.1472222222222222
0 0.33010882708585254 0.2935185185185185 0.03748488512696494 0.1259259259259259
0 0.019649334945586457 0.2509259259259259 0.0380894800483676 0.14074074074074075
0 0.026904474002418383 0.33981481481481474 0.03688029020556228 0.13518518518518519
0 0.007255139056831924 0.3379629629629629 0.013301088270858527 0.14074074074074075
0 0.002720677146311971 0.23379629629629628 0.004232164449818622 0.12870370370370368
0 0.0380894800483676 0.14953703703703702 0.0350665054413543 0.1398148148148148
0 0.005441354292623942 0.1175925925925926 0.009673518742442565 0.12777777777777777
0 0.18258766626360343 0.10648148148148147 0.030229746070133016 0.12407407407407406
0 0.13029020556227328 0.15 0.034461910519951636 0.13518518518518519
0 0.17382103990326486 0.16712962962962966 0.04292623941958888 0.13425925925925924
0 0.1925634824667473 0.1875 0.034461910519951636 0.1398148148148148
0 0.26209189842805325 0.19722222222222222 0.041717049576783564 0.15185185185185185
0 0.14600967351874244 0.40138888888888885 0.039298669891172915 0.14537037037037034
0 0.11366384522370013 0.399074074074074 0.047158403869407506 0.137037037037037
0 0.41717049576783555 0.10648148148148148 0.03990326481257558 0.14074074074074075
0 0.29141475211608225 0.24166666666666667 0.0350665054413543 0.12962962962962962
0 0.2877871825876663 0.26944444444444443 0.03990326481257558 0.14259259259259258
0 0.3545949214026603 0.2259259259259259 0.039298669891172915 0.14074074074074075
0 0.3337363966142685 0.21990740740740738 0.03748488512696494 0.12685185185185185
0 0.4673518742442564 0.10601851851851851 0.03990326481257558 0.14537037037037034
0 0.49183796856106415 0.09953703703703702 0.03325272067714632 0.12685185185185185
0 0.596130592503023 0.3597222222222222 0.041112454655380895 0.14537037037037034
0 0.6366384522370013 0.3462962962962963 0.041112454655380895 0.13333333333333333
0 0.5024183796856106 0.19722222222222222 0.032648125755743655 0.14074074074074075
0 0.536577992744861 0.2287037037037037 0.032043530834341 0.12962962962962962
0 0.5323458282950424 0.19675925925925924 0.03688029020556228 0.13055555555555556
0 0.5350665054413544 0.16018518518518518 0.032648125755743655 0.12962962962962962
0 0.6402660217654172 0.11666666666666667 0.03748488512696494 0.13148148148148148
0 0.653869407496977 0.12407407407407407 0.029625151148730353 0.12962962962962962
0 0.6771463119709794 0.12685185185185185 0.0350665054413543 0.12407407407407406
0 0.6898428053204354 0.14814814814814817 0.036275695284159616 0.14074074074074075
0 0.5671100362756953 0.21666666666666667 0.03869407496977026 0.13148148148148148
0 0.790205562273277 0.7699074074074074 0.05078597339782346 0.1824074074074074
0 0.7043530834340992 0.5055555555555555 0.03869407496977026 0.16296296296296295
0 0.7820435308343411 0.47129629629629627 0.03688029020556228 0.14074074074074075
0 0.7454655380894801 0.42777777777777776 0.03748488512696494 0.13333333333333333
0 0.8606408706166869 0.375462962962963 0.035671100362756954 0.13425925925925924
0 0.8255743651753326 0.36527777777777776 0.039298669891172915 0.14351851851851852
0 0.6886336154776301 0.4050925925925926 0.04232164449818622 0.1472222222222222
0 0.8089480048367593 0.3097222222222222 0.03869407496977026 0.14351851851851852
0 0.7696493349455865 0.2824074074074074 0.041112454655380895 0.11666666666666667
0 0.8152962515114874 0.27685185185185185 0.04534461910519952 0.14259259259259258
0 0.7058645707376059 0.28425925925925927 0.039298669891172915 0.13518518518518519
0 0.6765417170495768 0.2916666666666667 0.03990326481257558 0.14074074074074075
0 0.8957073760580412 0.20277777777777778 0.039298669891172915 0.13518518518518519
0 0.7735792019347039 0.04583333333333332 0.032043530834341 0.0898148148148148
0 0.725211608222491 0.25740740740740736 0.03325272067714632 0.12777777777777777
0 0.7463724304715841 0.2287037037037037 0.035671100362756954 0.13333333333333333
0 0.9244256348246677 0.15138888888888888 0.032648125755743655 0.12314814814814815
0 0.9637243047158405 0.1722222222222222 0.03990326481257558 0.13148148148148148
0 0.9201934703748488 0.12685185185185185 0.030229746070133016 0.08518518518518518
0 0.9634220072551392 0.14166666666666666 0.029625151148730353 0.1074074074074074
0 0.9340991535671102 0.32916666666666666 0.041112454655380895 0.1398148148148148
0 0.8739419588875454 0.43981481481481477 0.046553808948004836 0.1574074074074074
0 0.9510278113663846 0.2981481481481481 0.03990326481257558 0.13518518518518519
0 0.980652962515115 0.4041666666666666 0.03748488512696494 0.15648148148148147
0 0.9099153567110037 0.4694444444444444 0.04353083434099154 0.14074074074074075
0 0.9486094316807739 0.49907407407407406 0.036275695284159616 0.14259259259259258
0 0.7382103990326482 0.013425925925925926 0.030229746070133016 0.025
0 0.9250302297460702 0.045370370370370366 0.02902055622732769 0.08888888888888888
0 0.9691656590084643 0.05185185185185184 0.020556227327690448 0.10185185185185185
0 0.9939540507859734 0.12638888888888888 0.010882708585247884 0.1175925925925926
0 0.9897218863361549 0.17638888888888887 0.01934703748488513 0.1324074074074074
0 0.6526602176541717 0.03148148148148148 0.032043530834341 0.06111111111111111
0 0.6726118500604594 0.043981481481481476 0.039298669891172915 0.0861111111111111
0 0.6145707376058042 0.06712962962962962 0.034461910519951636 0.12129629629629629
0 0.6366384522370012 0.07592592592592592 0.030229746070133016 0.11296296296296296
0 0.9304715840386942 0.08703703703703702 0.036275695284159616 0.12407407407407406
0 0.5078597339782346 0.022685185185185187 0.01934703748488513 0.04351851851851852
0 0.6227327690447402 0.03148148148148148 0.032648125755743655 0.06111111111111111
0 0.596130592503023 0.03287037037037037 0.027811366384522373 0.06388888888888888
0 0.5326481257557437 0.03796296296296296 0.032648125755743655 0.07407407407407408
0 0.5525997581620314 0.047222222222222214 0.02902055622732769 0.09259259259259259
0 0.5737605804111247 0.06018518518518518 0.02297460701330109 0.08148148148148147
0 0.6916565900846434 0.10925925925925925 0.03143893591293833 0.12962962962962962
0 0.13784764207980654 0.10370370370370369 0.02902055622732769 0.10925925925925925
0 0.14359129383313182 0.08518518518518518 0.032043530834341 0.11296296296296296
0 0.28234582829504234 0.04768518518518518 0.03748488512696494 0.09351851851851851
0 0.318621523579202 0.0412037037037037 0.0350665054413543 0.08055555555555555
0 0.17926239419588874 0.07083333333333333 0.032043530834341 0.12685185185185185
0 0.09613059250302297 0.04259259259259259 0.02902055622732769 0.08333333333333333
0 0.13784764207980654 0.049999999999999996 0.02902055622732769 0.09814814814814814
0 0.20133010882708588 0.032407407407407406 0.027811366384522373 0.06296296296296296
0 0.15689238210399037 0.05277777777777778 0.029625151148730353 0.09259259259259259
0 0.17019347037484886 0.047222222222222214 0.034461910519951636 0.09259259259259259
0 0.1807738814993954 0.16944444444444443 0.030229746070133016 0.09814814814814814
0 0.17170495767835553 0.16203703703703703 0.024183796856106412 0.08148148148148147
0 0.1916565900846433 0.6231481481481482 0.032648125755743655 0.14444444444444443
0 0.23548972188633618 0.5976851851851851 0.03688029020556228 0.14907407407407408
0 0.16626360338573157 0.5912037037037037 0.04232164449818622 0.14351851851851852
0 0.20495767835550183 0.5930555555555554 0.03990326481257558 0.15462962962962962
0 0.20253929866989118 0.5384259259259259 0.041112454655380895 0.15092592592592594
0 0.16384522370012092 0.5310185185185184 0.03748488512696494 0.1361111111111111
0 0.6801692865779928 0.9768518518518517 0.03869407496977026 0.04814814814814815
0 0.6191051995163241 0.42453703703703705 0.03869407496977026 0.14907407407407408
0 0.4044740024183798 0.23564814814814813 0.032648125755743655 0.12685185185185185
0 0.42412333736396624 0.23657407407407405 0.027206771463119714 0.12685185185185185
0 0.5985489721886337 0.4347222222222222 0.032648125755743655 0.15092592592592594
0 0.053808948004836765 0.6680555555555556 0.03869407496977026 0.15092592592592594
0 0.22309552599758165 0.8032407407407407 0.03869407496977026 0.125
0 0.27388149939540507 0.7495370370370369 0.04353083434099154 0.16388888888888886
0 0.24214026602176547 0.8074074074074074 0.041717049576783564 0.15185185185185185
0 0.18923821039903269 0.7930555555555555 0.03990326481257558 0.1787037037037037
0 0.09220072551390569 0.6634259259259259 0.046553808948004836 0.14907407407407408
0 0.29564691656590086 0.7004629629629628 0.04232164449818622 0.17129629629629628
0 0.11124546553808949 0.5768518518518518 0.041112454655380895 0.15555555555555553
0 0.7575574365175334 0.5189814814814814 0.03869407496977026 0.1324074074074074
0 0.6321039903264812 0.9384259259259259 0.048972188633615486 0.125
0 0.9564691656590085 0.8749999999999999 0.06529625151148731 0.14814814814814817
0 0.975211608222491 0.773611111111111 0.048367593712212824 0.15277777777777776
0 0.9141475211608223 0.8555555555555555 0.05804111245465538 0.16666666666666666
0 0.8636638452237002 0.701388888888889 0.032043530834341 0.11018518518518518
0 0.8379685610640871 0.649537037037037 0.04594921402660218 0.14907407407407408
0 0.981559854897219 0.8541666666666665 0.032043530834341 0.18055555555555552
0 0.12756952841596134 0.2675925925925926 0.03869407496977026 0.14814814814814817
0 0.10701330108827088 0.8296296296296296 0.056831922611850064 0.17592592592592593
0 0.7926239419588875 0.33194444444444443 0.03990326481257558 0.12870370370370368
0 0.9779322853688031 0.5106481481481481 0.032043530834341 0.12685185185185185
0 0.7370012091898429 0.4824074074074074 0.0350665054413543 0.1259259259259259
0 0.39933494558645716 0.4574074074074074 0.029625151148730353 0.09444444444444443
0 0.9818621523579203 0.7087962962962963 0.0350665054413543 0.1675925925925926
0 0.8518742442563484 0.925 0.04353083434099154 0.15185185185185185
0 0.735187424425635 0.375462962962963 0.041112454655380895 0.12685185185185185
0 0.7756952841596131 0.375462962962963 0.03990326481257558 0.13796296296296295
0 0.6124546553808948 0.7203703703703702 0.03869407496977026 0.14629629629629629
0 0.29504232164449823 0.37129629629629624 0.04474002418379686 0.137037037037037
0 0.2633010882708585 0.37361111111111106 0.039298669891172915 0.12870370370370368
0 0.5631801692865781 0.49351851851851847 0.032043530834341 0.12407407407407406
0 0.8210399032648127 0.9259259259259258 0.04353083434099154 0.14629629629629629
0 0.2642079806529625 0.9685185185185184 0.04353083434099154 0.06481481481481481
0 0.43651753325272075 0.9527777777777777 0.055622732769044746 0.09444444444444443
0 0.49909310761789605 0.6671296296296296 0.032043530834341 0.14351851851851852
0 0.49818621523579204 0.6800925925925925 0.03748488512696494 0.16574074074074074
0 0.22702539298669894 0.7328703703703704 0.046553808948004836 0.16574074074074074
0 0.19407496977025396 0.7078703703703704 0.04232164449818622 0.16574074074074074
0 0.22581620314389358 0.6898148148148148 0.039298669891172915 0.1574074074074074
0 0.5093712212817413 0.8074074074074072 0.048972188633615486 0.1796296296296296
0 0.4543530834340992 0.8648148148148148 0.046553808948004836 0.16296296296296295
0 0.5773881499395406 0.6148148148148148 0.04232164449818622 0.1537037037037037
0 0.6045949214026604 0.6310185185185184 0.047158403869407506 0.14907407407407408
0 0.3467351874244257 0.7912037037037037 0.048972188633615486 0.16018518518518518
0 0.4673518742442564 0.4749999999999999 0.05320435308343411 0.14074074074074075
0 0.5698307134220073 0.5231481481481481 0.03688029020556228 0.137037037037037
0 0.5441354292623942 0.5148148148148147 0.027811366384522373 0.1074074074074074
0 0.5922007255139058 0.5875 0.041717049576783564 0.14907407407407408
0 0.8923821039903266 0.30185185185185187 0.03990326481257558 0.1259259259259259
0 0.8845223700120919 0.28564814814814815 0.0350665054413543 0.13796296296296295
0 0.852478839177751 0.2828703703703704 0.0350665054413543 0.1324074074074074
0 0.51360338573156 0.8574074074074074 0.048972188633615486 0.18703703703703703
0 0.36336154776299884 0.46435185185185185 0.0350665054413543 0.12870370370370368
0 0.22339782345828296 0.475 0.034461910519951636 0.15185185185185185
0 0.25060459492140263 0.4819444444444444 0.03688029020556228 0.14537037037037034
0 0.30804111245465543 0.6037037037037037 0.039298669891172915 0.1648148148148148
0 0.38391777509068925 0.3814814814814814 0.03990326481257558 0.15185185185185185
0 0.503627569528416 0.43101851851851847 0.03143893591293833 0.14351851851851852
0 0.08041112454655383 0.14166666666666666 0.032648125755743655 0.13333333333333333
0 0.3957073760580412 0.724074074074074 0.032043530834341 0.14629629629629629
0 0.40266021765417176 0.7666666666666667 0.04594921402660218 0.15185185185185185
0 0.4334945586457074 0.7337962962962962 0.03869407496977026 0.16574074074074074
0 0.3796856106408707 0.7314814814814814 0.04232164449818622 0.17037037037037037
0 0.22914147521160827 0.17175925925925925 0.036275695284159616 0.13425925925925924
0 0.7261185006045949 0.16388888888888886 0.047158403869407506 0.13518518518518519
0 0.3234582829504233 0.1685185185185185 0.05199516324062878 0.137037037037037
0 0.2457678355501814 0.033796296296296297 0.034461910519951636 0.06574074074074074
0 0.24304715840386942 0.05092592592592592 0.02902055622732769 0.1
0 0.010278113663845224 0.9050925925925924 0.01934703748488513 0.18796296296296294
0 0.2756952841596131 0.1537037037037037 0.04232164449818622 0.12962962962962962
0 0.8600362756952842 0.2935185185185185 0.039298669891172915 0.12962962962962962
0 0.23821039903264815 0.45370370370370366 0.0350665054413543 0.12962962962962962
0 0.5655985489721888 0.6773148148148148 0.0441354292623942 0.15462962962962962
0 0.3724304715840387 0.6189814814814815 0.04474002418379686 0.1675925925925926
0 0.5048367593712213 0.6351851851851852 0.03869407496977026 0.1537037037037037
0 0.6831922611850061 0.6925925925925926 0.04353083434099154 0.15185185185185185
0 0.20193470374848854 0.44490740740740736 0.032648125755743655 0.14351851851851852
0 0.25453446191052 0.4546296296296296 0.04232164449818622 0.14074074074074075
0 0.49909310761789605 0.5319444444444444 0.03688029020556228 0.13796296296296295
0 0.47490931076178966 0.5092592592592593 0.046553808948004836 0.13518518518518519
0 0.4274486094316808 0.3967592592592593 0.0350665054413543 0.14351851851851852
0 0.38482466747279326 0.3662037037037037 0.039298669891172915 0.14537037037037034
0 0.3243651753325273 0.5453703703703704 0.039298669891172915 0.14259259259259258
0 0.47914147521160827 0.40046296296296297 0.034461910519951636 0.1398148148148148
0 0.510882708585248 0.4018518518518518 0.03748488512696494 0.14444444444444443
0 0.44770253929867 0.5439814814814814 0.039298669891172915 0.15277777777777776
0 0.3972188633615478 0.5944444444444444 0.0350665054413543 0.14444444444444443
0 0.3733373639661427 0.5416666666666666 0.0441354292623942 0.13518518518518519
0 0.37545344619105203 0.5083333333333333 0.03869407496977026 0.13148148148148148
0 0.25816203143893596 0.1796296296296296 0.027811366384522373 0.11851851851851851
0 0.5671100362756953 0.7138888888888888 0.04594921402660218 0.15555555555555553
0 0.45525997581620314 0.4324074074074074 0.02902055622732769 0.09814814814814814
0 0.47914147521160827 0.4444444444444444 0.029625151148730353 0.11851851851851851
0 0.2690447400241838 0.9319444444444442 0.048367593712212824 0.13796296296296295
0 0.7478839177750907 0.06342592592592593 0.0350665054413543 0.11944444444444444
0 0.6091293833131802 0.24861111111111114 0.048972188633615486 0.14907407407407408
0 0.7802297460701332 0.06944444444444443 0.027206771463119714 0.10925925925925925
0 0.7448609431680774 0.04675925925925926 0.030229746070133016 0.09166666666666666
