0 0.4806529625151149 0.31111111111111106 0.03990326481257558 0.14074074074074075
0 0.5021160822249094 0.2875 0.034461910519951636 0.12685185185185185
0 0.6227327690447402 0.825462962962963 0.04957678355501814 0.15092592592592594
0 0.5634824667472794 0.8314814814814814 0.05320435308343411 0.1722222222222222
0 0.5471584038694076 0.41018518518518515 0.05199516324062878 0.14629629629629629
0 0.5767835550181379 0.4699074074074074 0.04232164449818622 0.14907407407407408
0 0.95223700120919 0.9337962962962962 0.04594921402660218 0.12870370370370368
0 0.9099153567110038 0.925 0.05078597339782346 0.15185185185185185
0 0.8633615477629989 0.9287037037037037 0.04232164449818622 0.13333333333333333
0 0.9029625151148731 0.46574074074074073 0.04534461910519952 0.1648148148148148
0 0.6197097944377268 0.44305555555555554 0.032648125755743655 0.12870370370370368
0 0.9594921402660219 0.5333333333333333 0.047158403869407506 0.1574074074074074
0 0.5450423216444983 0.2939814814814815 0.04050785973397824 0.15277777777777776
0 0.4582829504232165 0.20694444444444443 0.04232164449818622 0.15462962962962962
0 0.6185006045949214 0.48796296296296293 0.03990326481257558 0.1648148148148148
0 0.6523579201934704 0.4675925925925926 0.0350665054413543 0.13888888888888887
0 0.6221281741233374 0.512962962962963 0.04232164449818622 0.15185185185185185
0 0.6738210399032648 0.3875 0.041717049576783564 0.14351851851851852
0 0.824062877871826 0.874537037037037 0.05804111245465538 0.19907407407407407
0 0.7055622732769046 0.5638888888888888 0.04594921402660218 0.1685185185185185
0 0.6599153567110037 0.5694444444444444 0.04776299879081017 0.17777777777777776
0 0.6816807738814995 0.4675925925925926 0.03688029020556228 0.15185185185185185
0 0.7871825876662636 0.899537037037037 0.04353083434099154 0.15833333333333333
0 0.5423216444981862 0.49861111111111106 0.04353083434099154 0.15277777777777776
0 0.7224909310761789 0.5208333333333333 0.04474002418379686 0.15648148148148147
0 0.4951632406287787 0.22407407407407404 0.04353083434099154 0.1537037037037037
0 0.6992140266021766 0.3555555555555555 0.046553808948004836 0.16296296296296295
0 0.7781136638452238 0.5273148148148148 0.05078597339782346 0.16574074074074074
0 0.9703748488512697 0.8388888888888888 0.05078597339782346 0.18148148148148147
0 0.8065296251511489 0.5898148148148148 0.04594921402660218 0.1537037037037037
0 0.8038089480048369 0.5407407407407407 0.041717049576783564 0.14444444444444443
0 0.68409915356711 0.5180555555555555 0.039298669891172915 0.14907407407407408
0 0.9740024183796857 0.5013888888888889 0.04474002418379686 0.15462962962962962
0 0.9501209189842805 0.5958333333333333 0.0441354292623942 0.14351851851851852
0 0.9404474002418381 0.5027777777777778 0.041717049576783564 0.14629629629629629
0 0.6756348246674728 0.55 0.04292623941958888 0.15185185185185185
0 0.8533857315598551 0.5050925925925925 0.046553808948004836 0.14907407407407408
0 0.8446191051995164 0.5981481481481481 0.048367593712212824 0.1648148148148148
0 0.7028415961305926 0.4412037037037037 0.041717049576783564 0.14537037037037034
0 0.5217654171704958 0.4222222222222222 0.030229746070133016 0.1111111111111111
0 0.5955259975816204 0.35277777777777775 0.03869407496977026 0.14074074074074075
0 0.9827690447400244 0.5773148148148147 0.032043530834341 0.10277777777777777
0 0.1354292623941959 0.2916666666666667 0.03869407496977026 0.10370370370370369
0 0.5798065296251512 0.5097222222222222 0.04232164449818622 0.17129629629629628
0 0.5504836759371222 0.45555555555555555 0.032043530834341 0.12407407407407406
0 0.6444981862152358 0.3439814814814815 0.0350665054413543 0.13425925925925924
0 0.8246674727932286 0.5037037037037037 0.03748488512696494 0.11296296296296296
0 0.21825876662636037 0.775462962962963 0.05320435308343411 0.17685185185185184
0 0.18863361547763 0.7393518518518518 0.04957678355501814 0.16018518518518518
0 0.02902055622732769 0.42546296296296293 0.041112454655380895 0.14537037037037034
0 0.05804111245465538 0.42083333333333334 0.041112454655380895 0.15833333333333333
0 0.030532043530834344 0.16574074074074074 0.039298669891172915 0.12962962962962962
0 0.22128174123337366 0.23518518518518514 0.04232164449818622 0.12407407407407406
0 0.2886940749697703 0.1837962962962963 0.0441354292623942 0.12314814814814815
0 0.04292623941958888 0.2347222222222222 0.03990326481257558 0.12870370370370368
0 0.07073760580411124 0.1796296296296296 0.03748488512696494 0.12962962962962962
0 0.16414752116082226 0.11898148148148148 0.048972188633615486 0.1324074074074074
0 0.08071342200725515 0.2236111111111111 0.04050785973397824 0.1324074074074074
0 0.13875453446191055 0.09768518518518518 0.03325272067714632 0.12870370370370368
0 0.013301088270858526 0.5453703703703704 0.02539298669891173 0.16296296296296295
0 0.24244256348246676 0.12268518518518517 0.04232164449818622 0.14537037037037034
0 0.2376058041112455 0.1787037037037037 0.04232164449818622 0.13518518518518519
0 0.2956469165659009 0.1462962962962963 0.03748488512696494 0.13518518518518519
0 0.4474002418379686 0.24583333333333332 0.0350665054413543 0.13796296296296295
0 0.439540507859734 0.07268518518518517 0.03990326481257558 0.13055555555555556
0 0.40266021765417176 0.1564814814814815 0.03748488512696494 0.12962962962962962
0 0.5516928657799275 0.18055555555555552 0.034461910519951636 0.12962962962962962
0 0.5737605804111245 0.1625 0.04232164449818622 0.14351851851851852
0 0.5571342200725515 0.1310185185185185 0.03688029020556228 0.12685185185185185
0 0.5807134220072553 0.10972222222222222 0.034461910519951636 0.12685185185185185
0 0.4670495767835551 0.1611111111111111 0.032043530834341 0.12407407407407406
0 0.6245465538089481 0.09722222222222224 0.03990326481257558 0.14814814814814817
0 0.6532648125755744 0.10648148148148147 0.035671100362756954 0.137037037037037
0 0.6396614268440146 0.04444444444444444 0.032648125755743655 0.08703703703703704
0 0.49274486094316816 0.18055555555555552 0.03990326481257558 0.13518518518518519
0 0.5096735187424426 0.2046296296296296 0.03990326481257558 0.16296296296296295
0 0.5459492140266021 0.20092592592592592 0.036275695284159616 0.12962962962962962
0 0.5586457073760581 0.2222222222222222 0.03990326481257558 0.137037037037037
0 0.5840386940749698 0.24259259259259255 0.03869407496977026 0.14074074074074075
0 0.654776299879081 0.2111111111111111 0.04353083434099154 0.13518518518518519
0 0.6777509068923822 0.22592592592592592 0.036275695284159616 0.12037037037037036
0 0.7110036275695285 0.2347222222222222 0.03869407496977026 0.1324074074074074
0 0.8400846432889965 0.22916666666666663 0.03688029020556228 0.1472222222222222
0 0.7055622732769046 0.2856481481481481 0.04232164449818622 0.14351851851851852
0 0.7496977025392988 0.44259259259259254 0.041112454655380895 0.14444444444444443
0 0.7738814993954051 0.42731481481481476 0.03990326481257558 0.16203703703703703
0 0.7454655380894801 0.3282407407407407 0.03748488512696494 0.14351851851851852
0 0.8174123337363967 0.39120370370370366 0.03990326481257558 0.1472222222222222
0 0.7847642079806532 0.35138888888888886 0.04474002418379686 0.16574074074074074
0 0.9912333736396616 0.175 0.01753325272067715 0.137037037037037
0 0.9661426844014512 0.1564814814814815 0.041112454655380895 0.14259259259259258
0 0.9443772672309555 0.11851851851851851 0.04474002418379686 0.13148148148148148
0 0.9340991535671102 0.1560185185185185 0.03143893591293833 0.11018518518518518
0 0.9746070133010883 0.18935185185185185 0.03748488512696494 0.1324074074074074
0 0.8851269649334946 0.49027777777777776 0.0350665054413543 0.14351851851851852
0 0.9721886336154777 0.3976851851851852 0.03869407496977026 0.14907407407407408
0 0.8700120918984281 0.21574074074074073 0.0350665054413543 0.12962962962962962
0 0.9038694074969771 0.21990740740740738 0.03748488512696494 0.11574074074074073
0 0.9401451027811368 0.4050925925925926 0.04594921402660218 0.12685185185185185
0 0.9776299879081016 0.3458333333333333 0.04353083434099154 0.14351851851851852
0 0.9519347037484885 0.32037037037037036 0.039298669891172915 0.14074074074074075
0 0.9207980652962517 0.3273148148148148 0.04957678355501814 0.16203703703703703
0 0.8772672309552599 0.19166666666666668 0.03990326481257558 0.14629629629629629
0 0.8869407496977025 0.17777777777777776 0.030229746070133016 0.11296296296296296
0 0.9235187424425635 0.5703703703703703 0.029625151148730353 0.09074074074074073
0 0.905683192261185 0.07314814814814814 0.0350665054413543 0.1148148148148148
0 0.3872430471584039 0.06018518518518518 0.041717049576783564 0.11851851851851851
0 0.36759371221281745 0.0662037037037037 0.032648125755743655 0.11018518518518518
0 0.8500604594921404 0.18009259259259258 0.030229746070133016 0.11388888888888889
0 0.8467351874244257 0.2125 0.029625151148730353 0.10092592592592592
0 0.9120314389359131 0.20509259259259258 0.032043530834341 0.12129629629629629
0 0.9081015719467957 0.18194444444444444 0.03143893591293833 0.12129629629629629
0 0.816807738814994 0.38379629629629625 0.04232164449818622 0.14907407407407408
0 0.7756952841596132 0.3856481481481481 0.036275695284159616 0.14537037037037034
0 0.9171704957678357 0.387037037037037 0.07376058041112456 0.19444444444444445
0 0.3258766626360338 0.06296296296296296 0.041112454655380895 0.12407407407407406
0 0.536577992744861 0.07222222222222222 0.046553808948004836 0.137037037037037
0 0.6197097944377268 0.06990740740740739 0.0350665054413543 0.11203703703703702
0 0.8863361547762999 0.059259259259259255 0.0350665054413543 0.1111111111111111
0 0.9304715840386941 0.04907407407407407 0.0350665054413543 0.0962962962962963
0 0.9613059250302298 0.06018518518518518 0.04232164449818622 0.11851851851851851
0 0.1695888754534462 0.04074074074074074 0.03688029020556228 0.07962962962962963
0 0.28295042321644504 0.0449074074074074 0.04232164449818622 0.08796296296296297
0 0.24909310761789602 0.04027777777777777 0.0350665054413543 0.0787037037037037
0 0.20193470374848854 0.04166666666666666 0.0350665054413543 0.08148148148148147
0 0.4008464328899638 0.04212962962962962 0.04474002418379686 0.0824074074074074
0 0.5734582829504233 0.06064814814814814 0.03688029020556228 0.11944444444444444
0 0.5952237001209191 0.06296296296296296 0.034461910519951636 0.1148148148148148
0 0.620918984280532 0.03472222222222222 0.0350665054413543 0.06759259259259259
0 0.10006045949214028 0.029166666666666667 0.03688029020556228 0.05648148148148148
0 0.10701330108827088 0.05046296296296295 0.03990326481257558 0.09907407407407406
0 0.07799274486094318 0.05046296296296295 0.0350665054413543 0.09907407407407406
0 0.056831922611850064 0.04953703703703703 0.0350665054413543 0.09722222222222222
0 0.04957678355501814 0.029629629629629627 0.0350665054413543 0.0574074074074074
0 0.5807134220072553 0.03657407407407407 0.029625151148730353 0.06203703703703703
0 0.9108222490931077 0.05092592592592592 0.029625151148730353 0.09814814814814814
0 0.3669891172914148 0.523611111111111 0.03990326481257558 0.14907407407407408
0 0.11668681983071344 0.4162037037037037 0.04232164449818622 0.14907407407407408
0 0.06680773881499397 0.6759259259259259 0.041717049576783564 0.1537037037037037
0 0.042019347037484896 0.610648148148148 0.046553808948004836 0.17685185185185184
0 0.10761789600967353 0.6634259259259259 0.048367593712212824 0.16574074074074074
0 0.7230955259975816 0.03703703703703703 0.030229746070133016 0.07222222222222222
0 0.813180169286578 0.3263888888888889 0.04232164449818622 0.13425925925925924
0 0.8349455864570737 0.32407407407407407 0.03385731559854897 0.12407407407407406
0 0.256348246674728 0.6351851851851852 0.047158403869407506 0.1685185185185185
0 0.22823458282950423 0.6129629629629629 0.039298669891172915 0.1685185185185185
0 0.3536880290205563 0.6185185185185185 0.0350665054413543 0.14814814814814817
0 0.22793228536880292 0.549537037037037 0.04232164449818622 0.14907407407407408
0 0.22551390568319227 0.5203703703703704 0.03748488512696494 0.13518518518518519
0 0.18772672309552604 0.5226851851851851 0.041717049576783564 0.1398148148148148
0 0.19377267230955264 0.487962962962963 0.0441354292623942 0.14259259259259258
0 0.15477629987908104 0.5143518518518518 0.03990326481257558 0.14351851851851852
0 0.36577992744860943 0.19814814814814813 0.03385731559854897 0.13148148148148148
0 0.3866384522370013 0.19444444444444445 0.027206771463119714 0.12407407407407406
0 0.3688029020556228 0.42499999999999993 0.027811366384522373 0.1148148148148148
0 0.280229746070133 0.42083333333333334 0.0441354292623942 0.14351851851851852
0 0.2690447400241838 0.43657407407407406 0.03748488512696494 0.1398148148148148
0 0.19316807738814998 0.9356481481481481 0.05259975816203145 0.12870370370370368
0 0.4619105199516324 0.6319444444444444 0.03869407496977026 0.16018518518518518
0 0.4588875453446192 0.6481481481481481 0.03990326481257558 0.1685185185185185
0 0.20193470374848854 0.6949074074074074 0.04474002418379686 0.16574074074074074
0 0.15659008464328902 0.6759259259259259 0.041112454655380895 0.1685185185185185
0 0.19135429262394196 0.6666666666666666 0.04050785973397824 0.15925925925925927
0 0.3110640870616687 0.7467592592592591 0.041717049576783564 0.15462962962962962
0 0.42533252720677156 0.44212962962962965 0.046553808948004836 0.12685185185185185
0 0.8558041112454655 0.2842592592592592 0.03325272067714632 0.1259259259259259
0 0.835247883917775 0.25092592592592594 0.039298669891172915 0.13518518518518519
0 0.8022974607013301 0.26435185185185184 0.0350665054413543 0.13796296296296295
0 0.32496977025392987 0.5527777777777777 0.039298669891172915 0.14629629629629629
0 0.1695888754534462 0.44305555555555554 0.039298669891172915 0.15462962962962962
0 0.2064691656590085 0.4337962962962963 0.034461910519951636 0.13796296296296295
0 0.032648125755743655 0.12824074074074074 0.032648125755743655 0.12685185185185185
0 0.34189842805320436 0.673611111111111 0.04534461910519952 0.15648148148148147
0 0.3512696493349456 0.7064814814814814 0.04232164449818622 0.17037037037037037
0 0.18984280532043535 0.15879629629629627 0.03748488512696494 0.13796296296296295
0 0.6928657799274487 0.13935185185185184 0.030229746070133016 0.12685185185185185
0 0.6862152357920195 0.9287037037037037 0.05441354292623943 0.14259259259259258
0 0.749093107617896 0.9560185185185185 0.04594921402660218 0.0898148148148148
0 0.7478839177750907 0.9310185185185185 0.03990326481257558 0.13425925925925924
0 0.813180169286578 0.27129629629629626 0.03385731559854897 0.13148148148148148
0 0.19226118500604597 0.4333333333333333 0.03990326481257558 0.14074074074074075
0 0.4201934703748489 0.7069444444444444 0.05320435308343411 0.14907407407407408
0 0.6321039903264813 0.7375 0.04050785973397824 0.15092592592592594
0 0.16777509068923824 0.41527777777777775 0.039298669891172915 0.16018518518518518
0 0.4410519951632407 0.5083333333333333 0.034461910519951636 0.14074074074074075
0 0.43561064087061674 0.48009259259259257 0.034461910519951636 0.1324074074074074
0 0.3724304715840387 0.36666666666666664 0.03748488512696494 0.14814814814814817
0 0.35701330108827095 0.5851851851851851 0.03688029020556228 0.13518518518518519
0 0.33675937122128174 0.5120370370370371 0.03990326481257558 0.13518518518518519
0 0.3391777509068924 0.4819444444444444 0.03748488512696494 0.13796296296296295
0 0.25453446191052 0.8634259259259259 0.047158403869407506 0.16203703703703703
0 0.70677146311971 0.05185185185185184 0.026602176541717055 0.10185185185185185
0 0.7357920193470375 0.05277777777777777 0.02902055622732769 0.10370370370370369
0 0.17170495767835553 0.28055555555555556 0.048367593712212824 0.14629629629629629
0 0.7418379685610641 0.04305555555555555 0.03143893591293833 0.08425925925925926
0 0.41898428053204356 0.5583333333333333 0.03748488512696494 0.14814814814814817
0 0.43621523579201943 0.5254629629629629 0.03688029020556228 0.14537037037037034
0 0.24032648125755746 0.5907407407407407 0.03688029020556228 0.14074074074074075
0 0.28808948004836765 0.5703703703703703 0.04292623941958888 0.16296296296296295
0 0.2896009673518743 0.6194444444444444 0.03990326481257558 0.1685185185185185
0 0.32648125755743657 0.34074074074074073 0.05320435308343411 0.13148148148148148
0 0.3095525997581621 0.3777777777777778 0.04474002418379686 0.14259259259259258
0 0.34159613059250304 0.37129629629629624 0.03990326481257558 0.13148148148148148
0 0.30834340991535675 0.3462962962962963 0.04232164449818622 0.15185185185185185
0 0.40598548972188636 0.4319444444444444 0.039298669891172915 0.14351851851851852
0 0.7100967351874244 0.11898148148148148 0.034461910519951636 0.1324074074074074
0 0.6798669891172915 0.08472222222222221 0.032043530834341 0.12314814814814815
0 0.48548972188633616 0.5212962962962963 0.03385731559854897 0.14074074074074075
0 0.4824667472793229 0.5398148148148147 0.03748488512696494 0.15185185185185185
0 0.6275695284159613 0.9444444444444444 0.048367593712212824 0.1111111111111111
0 0.9298669891172915 0.8268518518518518 0.04594921402660218 0.1648148148148148
0 0.256348246674728 0.34675925925925927 0.03748488512696494 0.14351851851851852
0 0.5432285368802903 0.5967592592592592 0.048972188633615486 0.15462962962962962
0 0.5290205562273277 0.5787037037037037 0.04232164449818622 0.16296296296296295
0 0.25695284159613063 0.374537037037037 0.032648125755743655 0.12685185185185185
0 0.650241837968561 0.9254629629629628 0.05139056831922612 0.14907407407407408
0 0.7073760580411126 0.039351851851851846 0.026602176541717055 0.07685185185185185
