0 0.3972188633615478 0.8129629629629629 0.03990326481257558 0.17407407407407408
0 0.3863361547762999 0.8564814814814814 0.04232164449818622 0.15555555555555553
0 0.6801692865779928 0.8717592592592592 0.047158403869407506 0.17685185185185184
0 0.38512696493349463 0.5773148148148147 0.04594921402660218 0.14351851851851852
0 0.34794437726723104 0.5879629629629629 0.041717049576783564 0.14629629629629629
0 0.05169286577992746 0.7023148148148147 0.048972188633615486 0.16018518518518518
0 0.07738814993954052 0.887962962962963 0.05804111245465538 0.18333333333333332
0 0.11940749697702539 0.9023148148148148 0.05139056831922612 0.1935185185185185
0 0.7212817412333737 0.5254629629629629 0.041112454655380895 0.17129629629629628
0 0.6828899637243048 0.5467592592592592 0.048972188633615486 0.1675925925925926
0 0.7007255139056832 0.5902777777777778 0.04353083434099154 0.16574074074074074
0 0.8482466747279325 0.8148148148148148 0.041112454655380895 0.1574074074074074
0 0.825876662636034 0.8564814814814814 0.05925030229746071 0.15925925925925927
0 0.3615477629987908 0.28148148148148144 0.03748488512696494 0.13518518518518519
0 0.30925030229746076 0.3074074074074074 0.03325272067714632 0.12962962962962962
0 0.40598548972188636 0.28657407407407404 0.039298669891172915 0.13796296296296295
0 0.40145102781136643 0.30231481481481476 0.05441354292623943 0.14351851851851852
0 0.25755743651753327 0.8800925925925926 0.04232164449818622 0.17685185185185184
0 0.251813784764208 0.7861111111111111 0.050181378476420804 0.17407407407407408
0 0.26874244256348245 0.8041666666666666 0.046553808948004836 0.15648148148148147
0 0.30078597339782354 0.9050925925925924 0.0441354292623942 0.19166666666666668
0 0.3198307134220073 0.3231481481481481 0.047158403869407506 0.137037037037037
0 0.6366384522370012 0.9518518518518518 0.048367593712212824 0.09814814814814814
0 0.6741233373639663 0.9407407407407408 0.04594921402660218 0.11851851851851851
0 0.6333131801692866 0.9342592592592591 0.03688029020556228 0.13333333333333333
0 0.9785368802902057 0.8699074074074072 0.041717049576783564 0.17129629629629628
0 0.9395405078597341 0.8180555555555554 0.06045949214026603 0.15462962962962962
0 0.9906287787182587 0.8189814814814814 0.016324062877871828 0.1472222222222222
0 0.756348246674728 0.05462962962962962 0.030229746070133016 0.1074074074074074
0 0.818621523579202 0.6060185185185184 0.03748488512696494 0.16018518518518518
0 0.8760580411124548 0.6273148148148148 0.05078597339782346 0.16203703703703703
0 0.8373639661426845 0.5523148148148148 0.02902055622732769 0.10462962962962963
0 0.8694074969770255 0.5662037037037037 0.03869407496977026 0.12685185185185185
0 0.13301088270858527 0.19537037037037036 0.0350665054413543 0.12962962962962962
0 0.05501813784764208 0.3194444444444444 0.048367593712212824 0.16296296296296295
0 0.15900846432889965 0.22037037037037036 0.036275695284159616 0.12962962962962962
0 0.7333736396614269 0.1439814814814815 0.0350665054413543 0.12870370370370368
0 0.7557436517533254 0.14166666666666666 0.030229746070133016 0.12037037037037036
0 0.3279927448609432 0.19398148148148145 0.032043530834341 0.12314814814814815
0 0.2648125755743652 0.2587962962962963 0.032648125755743655 0.1398148148148148
0 0.38361547762998793 0.2097222222222222 0.032043530834341 0.1324074074074074
0 0.535671100362757 0.20787037037037034 0.036275695284159616 0.14351851851851852
0 0.40266021765417176 0.18333333333333332 0.032648125755743655 0.12962962962962962
0 0.4930471584038695 0.23333333333333334 0.041717049576783564 0.13518518518518519
0 0.5918984280532044 0.17916666666666667 0.036275695284159616 0.12870370370370368
0 0.6227327690447402 0.16944444444444443 0.04232164449818622 0.13148148148148148
0 0.6753325272067715 0.17175925925925925 0.04353083434099154 0.12685185185185185
0 0.7285368802902056 0.1273148148148148 0.03385731559854897 0.11203703703703702
0 0.7599758162031439 0.17129629629629628 0.0350665054413543 0.12962962962962962
0 0.7723700120918985 0.300462962962963 0.0441354292623942 0.1324074074074074
0 0.9301692865779928 0.3712962962962963 0.034461910519951636 0.11296296296296296
0 0.9591898428053205 0.36712962962962964 0.034461910519951636 0.13425925925925924
0 0.9510278113663846 0.27731481481481474 0.032648125755743655 0.12870370370370368
0 0.9298669891172915 0.31712962962962965 0.03385731559854897 0.1324074074074074
0 0.9634220072551392 0.32916666666666666 0.039298669891172915 0.14351851851851852
0 0.9395405078597342 0.40509259259259256 0.04474002418379686 0.15462962962962962
0 0.9056831922611851 0.40833333333333327 0.04232164449818622 0.1574074074074074
0 0.7920193470374849 0.4074074074074074 0.030229746070133016 0.09814814814814814
0 0.8125755743651754 0.38564814814814813 0.036275695284159616 0.13425925925925924
0 0.8307134220072551 0.3972222222222222 0.030229746070133016 0.1074074074074074
0 0.9866989117291416 0.30925925925925923 0.02539298669891173 0.14074074074074075
0 0.8987303506650544 0.4782407407407407 0.053808948004836765 0.13796296296296295
0 0.9461910519951634 0.4722222222222222 0.04232164449818622 0.15925925925925927
0 0.9628174123337365 0.46574074074074073 0.04050785973397824 0.14629629629629629
0 0.9821644498186217 0.4467592592592593 0.030834340991535675 0.1472222222222222
0 0.9885126964933496 0.48611111111111105 0.020556227327690448 0.1259259259259259
0 0.9217049576783555 0.5430555555555555 0.0441354292623942 0.15462962962962962
0 0.9238210399032648 0.6180555555555555 0.047158403869407506 0.15648148148148147
0 0.6194074969770255 0.387037037037037 0.041717049576783564 0.137037037037037
0 0.6499395405078597 0.40092592592592596 0.03990326481257558 0.15185185185185185
0 0.8004836759371222 0.350462962962963 0.030229746070133016 0.12685185185185185
0 0.7796251511487304 0.3462962962962963 0.03688029020556228 0.12962962962962962
0 0.6714026602176543 0.4597222222222222 0.041717049576783564 0.15648148148148147
0 0.6384522370012092 0.4574074074074074 0.03990326481257558 0.1537037037037037
0 0.6862152357920195 0.41898148148148145 0.032648125755743655 0.11574074074074073
0 0.6974002418379686 0.4259259259259259 0.032043530834341 0.11296296296296296
0 0.7221886336154776 0.4157407407407407 0.0441354292623942 0.14259259259259258
0 0.8579201934703748 0.37870370370370365 0.03748488512696494 0.13148148148148148
0 0.8685006045949215 0.3638888888888889 0.03688029020556228 0.12407407407407406
0 0.7877871825876664 0.673148148148148 0.05199516324062878 0.1685185185185185
0 0.11789600967351876 0.3907407407407407 0.041112454655380895 0.14814814814814817
0 0.1662636033857316 0.38240740740740736 0.048367593712212824 0.137037037037037
0 0.13270858524788393 0.4685185185185185 0.041717049576783564 0.1574074074074074
0 0.10066505441354294 0.4736111111111111 0.0441354292623942 0.14907407407407408
0 0.0063482466747279325 0.5824074074074074 0.011487303506650545 0.17037037037037037
0 0.04594921402660218 0.624074074074074 0.04957678355501814 0.17407407407407408
0 0.07950423216444982 0.6375 0.03688029020556228 0.10833333333333334
0 0.32103990326481263 0.7217592592592592 0.047158403869407506 0.16574074074074074
0 0.07527206771463121 0.18796296296296294 0.03688029020556228 0.12407407407407406
0 0.07557436517533254 0.2175925925925926 0.03869407496977026 0.1148148148148148
0 0.10731559854897219 0.7087962962962961 0.05139056831922612 0.17314814814814813
0 0.30169286577992743 0.662962962962963 0.04232164449818622 0.1685185185185185
0 0.3403869407496977 0.6296296296296297 0.04474002418379686 0.1685185185185185
0 0.3621523579201935 0.6643518518518519 0.03748488512696494 0.14351851851851852
0 0.7442563482466747 0.8009259259259258 0.06166868198307135 0.14814814814814817
0 0.7451632406287787 0.7657407407407407 0.06348246674727932 0.15925925925925927
0 0.7678355501813785 0.7472222222222221 0.04474002418379686 0.14074074074074075
0 0.34885126964933505 0.8398148148148148 0.027811366384522373 0.1074074074074074
0 0.41717049576783555 0.3606481481481481 0.04232164449818622 0.11944444444444444
0 0.34340991535671106 0.8467592592592592 0.048367593712212824 0.17314814814814813
0 0.7962515114873036 0.2828703703703704 0.0350665054413543 0.1398148148148148
0 0.3518742442563483 0.20324074074074072 0.03748488512696494 0.1324074074074074
0 0.2406287787182588 0.26157407407407407 0.036275695284159616 0.12685185185185185
0 0.43772672309552607 0.31666666666666665 0.047158403869407506 0.1574074074074074
0 0.23669891172914148 0.6 0.041717049576783564 0.1537037037037037
0 0.24244256348246676 0.5712962962962962 0.03748488512696494 0.14629629629629629
0 0.0190447400241838 0.9314814814814815 0.03688029020556228 0.137037037037037
0 0.19800483675937122 0.5962962962962962 0.0441354292623942 0.14629629629629629
0 0.21251511487303512 0.5444444444444444 0.041717049576783564 0.15185185185185185
0 0.17805320435308344 0.5578703703703703 0.046553808948004836 0.15462962962962962
0 0.45767835550181385 0.5916666666666667 0.03990326481257558 0.15185185185185185
0 0.39117291414752126 0.24398148148148147 0.030229746070133016 0.12870370370370368
0 0.4132406287787183 0.2509259259259259 0.032043530834341 0.1259259259259259
0 0.4978839177750907 0.5805555555555555 0.03688029020556228 0.1537037037037037
0 0.7218863361547763 0.962962962962963 0.048367593712212824 0.07592592592592592
0 0.9238210399032648 0.9259259259259258 0.048367593712212824 0.14629629629629629
0 0.6759371221281741 0.9699074074074073 0.03869407496977026 0.06018518518518518
0 0.4214026602176542 0.44166666666666665 0.02902055622732769 0.10555555555555556
0 0.7194679564691658 0.3842592592592593 0.04232164449818622 0.11851851851851851
0 0.764510278113664 0.3884259259259259 0.041717049576783564 0.13796296296296295
0 0.27811366384522374 0.38564814814814813 0.04474002418379686 0.13796296296296295
0 0.2557436517533253 0.3981481481481481 0.0350665054413543 0.14074074074074075
0 0.5486698911729143 0.5097222222222222 0.032043530834341 0.12685185185185185
0 0.250906892382104 0.9763888888888889 0.03990326481257558 0.04907407407407407
0 0.4718863361547764 0.9800925925925925 0.039298669891172915 0.041666666666666664
0 0.4897218863361548 0.673148148148148 0.0350665054413543 0.15185185185185185
0 0.4885126964933495 0.6833333333333333 0.041112454655380895 0.1685185185185185
0 0.20707376058041116 0.7407407407407407 0.05139056831922612 0.17592592592592593
0 0.18288996372430472 0.7180555555555554 0.041717049576783564 0.17129629629629628
0 0.2103990326481258 0.7 0.04474002418379686 0.1574074074074074
0 0.508162031438936 0.8393518518518518 0.05139056831922612 0.1824074074074074
0 0.41444981862152364 0.8939814814814814 0.048972188633615486 0.15648148148148147
0 0.5353688029020557 0.5925925925925927 0.0441354292623942 0.1574074074074074
0 0.48639661426844016 0.9361111111111111 0.05501813784764208 0.12777777777777777
0 0.32648125755743657 0.7837962962962962 0.048367593712212824 0.17314814814814813
0 0.4591898428053205 0.4912037037037037 0.05622732769044741 0.14907407407407408
0 0.5513905683192262 0.5231481481481481 0.03748488512696494 0.13148148148148148
0 0.5205562273276905 0.5291666666666666 0.02902055622732769 0.10648148148148147
0 0.5480652962515116 0.6217592592592591 0.041717049576783564 0.14907407407407408
0 0.879987908101572 0.3212962962962963 0.032043530834341 0.13518518518518519
0 0.8727327690447402 0.2912037037037037 0.032043530834341 0.12685185185185185
0 0.8473397823458284 0.29398148148148145 0.032043530834341 0.12314814814814815
0 0.4712817412333737 0.8939814814814814 0.05864570737605805 0.19537037037037036
0 0.3585247883917776 0.487962962962963 0.03748488512696494 0.13518518518518519
0 0.20435308343409916 0.4851851851851851 0.04353083434099154 0.15185185185185185
0 0.24153567110036278 0.48703703703703705 0.034461910519951636 0.1574074074074074
0 0.33675937122128174 0.4046296296296296 0.03990326481257558 0.15185185185185185
0 0.2968561064087062 0.5300925925925926 0.03990326481257558 0.17129629629629628
0 0.4809552599758163 0.4351851851851852 0.027206771463119714 0.12037037037037036
0 0.062273276904474005 0.16527777777777777 0.0350665054413543 0.12685185185185185
0 0.3706166868198308 0.7171296296296297 0.03748488512696494 0.15092592592592594
0 0.3860338573155986 0.7726851851851853 0.04534461910519952 0.16203703703703703
0 0.41293833131801694 0.749537037037037 0.041112454655380895 0.16944444444444443
0 0.3597339782345828 0.7402777777777777 0.03869407496977026 0.175
0 0.21281741233373644 0.20046296296296298 0.0350665054413543 0.13425925925925924
0 0.718863361547763 0.17824074074074073 0.03385731559854897 0.1324074074074074
0 0.8476420798065297 0.31481481481481477 0.03748488512696494 0.137037037037037
0 0.24546553808948007 0.46574074074074073 0.06045949214026603 0.137037037037037
0 0.46674727932285376 0.7476851851851851 0.04474002418379686 0.15462962962962962
0 0.6771463119709795 0.712037037037037 0.05078597339782346 0.1574074074074074
0 0.1995163240628779 0.45185185185185184 0.03748488512696494 0.14074074074074075
0 0.2678355501813785 0.45694444444444443 0.056831922611850064 0.13796296296296295
0 0.4700725513905684 0.5467592592592592 0.039298669891172915 0.13796296296296295
0 0.45798065296251517 0.5185185185185185 0.048972188633615486 0.13518518518518519
0 0.41293833131801694 0.4074074074074074 0.041112454655380895 0.14074074074074075
0 0.2599758162031439 0.6527777777777778 0.03869407496977026 0.1574074074074074
0 0.1562877871825877 0.8597222222222222 0.05501813784764208 0.16388888888888886
0 0.4673518742442564 0.42268518518518516 0.032648125755743655 0.14907407407407408
0 0.501813784764208 0.4037037037037037 0.03748488512696494 0.14074074074074075
0 0.48730350665054417 0.638425925925926 0.04232164449818622 0.16018518518518518
0 0.3893591293833132 0.638888888888889 0.036275695284159616 0.15185185185185185
0 0.36759371221281745 0.5513888888888888 0.04232164449818622 0.13796296296296295
0 0.3600362756952842 0.5175925925925926 0.03688029020556228 0.13518518518518519
0 0.44316807738815 0.4513888888888889 0.032648125755743655 0.11574074074074073
0 0.4939540507859735 0.4666666666666667 0.032648125755743655 0.11851851851851851
0 0.25634824667472794 0.9333333333333333 0.05078597339782346 0.13518518518518519
0 0.7376058041112455 0.07638888888888888 0.0350665054413543 0.1175925925925926
0 0.2666263603385732 0.687037037037037 0.04594921402660218 0.1648148148148148
0 0.7693470374848852 0.0861111111111111 0.02478839177750907 0.11296296296296296
0 0.3437122128174124 0.95 0.039298669891172915 0.10185185185185185
0 0.29171704957678357 0.9592592592592591 0.041717049576783564 0.08148148148148147
0 0.5834340991535671 0.9217592592592593 0.03869407496977026 0.12870370370370368
0 0.5489721886336155 0.9037037037037037 0.04594921402660218 0.17592592592592593
0 0.989721886336155 0.11018518518518518 0.018137847642079808 0.1148148148148148
0 0.7539298669891175 0.14953703703703702 0.026602176541717055 0.0898148148148148
0 0.942261185006046 0.059259259259259255 0.03688029020556228 0.11666666666666667
0 0.9703748488512697 0.0685185185185185 0.02902055622732769 0.11851851851851851
0 0.9848851269649336 0.13472222222222222 0.027811366384522373 0.13055555555555556
0 0.9204957678355503 0.10370370370370369 0.034461910519951636 0.12962962962962962
0 0.9546553808948006 0.15462962962962964 0.041112454655380895 0.14074074074074075
0 0.977025392986699 0.16388888888888886 0.03748488512696494 0.12962962962962962
0 0.9117291414752117 0.17546296296296296 0.0350665054413543 0.1324074074074074
0 0.9207980652962516 0.18194444444444444 0.03869407496977026 0.13055555555555556
0 0.9005441354292626 0.14675925925925926 0.03688029020556228 0.1324074074074074
0 0.8957073760580412 0.20138888888888887 0.039298669891172915 0.1324074074074074
0 0.8760580411124548 0.4342592592592593 0.048367593712212824 0.13518518518518519
0 0.5922007255139058 0.04074074074074074 0.028415961305925032 0.07962962962962963
0 0.5801088270858525 0.04027777777777777 0.02478839177750907 0.07129629629629629
0 0.5556227327690448 0.03703703703703703 0.0350665054413543 0.07222222222222222
0 0.7702539298669892 0.07037037037037037 0.027811366384522373 0.11296296296296296
0 0.6877267230955261 0.05462962962962962 0.03688029020556228 0.1074074074074074
0 0.6768440145102782 0.10694444444444444 0.03688029020556228 0.11574074074074073
0 0.6780532043530835 0.13564814814814816 0.034461910519951636 0.12870370370370368
0 0.7001209189842805 0.08055555555555555 0.0350665054413543 0.13148148148148148
0 0.578597339782346 0.04907407407407407 0.032648125755743655 0.0962962962962963
0 0.6039903264812575 0.058796296296296284 0.0350665054413543 0.11574074074074073
0 0.568621523579202 0.21203703703703702 0.0441354292623942 0.13518518518518519
0 0.7357920193470375 0.17175925925925922 0.0350665054413543 0.12870370370370368
0 0.24334945586457074 0.0287037037037037 0.032043530834341 0.05555555555555555
0 0.21100362756952845 0.027314814814814813 0.0350665054413543 0.05277777777777778
0 0.09310761789600969 0.0412037037037037 0.03748488512696494 0.08055555555555555
0 0.12303506650544137 0.03981481481481481 0.03325272067714632 0.07777777777777777
0 0.15900846432889965 0.038425925925925926 0.032648125755743655 0.075
0 0.6027811366384523 0.0875 0.0350665054413543 0.1175925925925926
0 0.38391777509068925 0.049999999999999996 0.03143893591293833 0.09814814814814814
0 0.405683192261185 0.05509259259259259 0.03385731559854897 0.10833333333333334
0 0.43742442563482475 0.047222222222222214 0.032043530834341 0.09259259259259259
0 0.4062877871825877 0.0449074074074074 0.032648125755743655 0.08796296296296297
0 0.24093107617896012 0.08333333333333333 0.034461910519951636 0.12037037037037036
0 0.20223700120918983 0.09305555555555554 0.035671100362756954 0.1175925925925926
0 0.6009673518742443 0.07222222222222222 0.032648125755743655 0.12222222222222222
0 0.6363361547762999 0.09027777777777776 0.03325272067714632 0.11574074074074073
0 0.6188029020556228 0.11944444444444444 0.03688029020556228 0.14074074074074075
0 0.5743651753325273 0.13333333333333333 0.0350665054413543 0.13518518518518519
0 0.3957073760580412 0.16666666666666666 0.032043530834341 0.12037037037037036
0 0.3805925030229747 0.11851851851851851 0.03688029020556228 0.13148148148148148
0 0.2626964933494559 0.10046296296296296 0.03688029020556228 0.12129629629629629
0 0.20314389359129384 0.06805555555555555 0.036275695284159616 0.11203703703703702
0 0.2551390568319227 0.06111111111111111 0.03385731559854897 0.1148148148148148
0 0.9685610640870617 0.1324074074074074 0.0350665054413543 0.12777777777777777
0 0.6021765417170497 0.04027777777777777 0.032648125755743655 0.0787037037037037
0 0.7321644498186216 0.05601851851851851 0.030229746070133016 0.11018518518518518
