0 0.014510278113663845 0.17083333333333334 0.027811366384522373 0.13796296296296295
0 0.09310761789600969 0.14768518518518517 0.03748488512696494 0.11574074074074073
0 0.11668681983071344 0.1439814814814815 0.03990326481257558 0.13425925925925924
0 0.15054413542926243 0.12546296296296294 0.03748488512696494 0.1324074074074074
0 0.19286577992744863 0.12407407407407406 0.04232164449818622 0.12407407407407406
0 0.23428053204353086 0.09351851851851851 0.041717049576783564 0.12962962962962962
0 0.15779927448609432 0.025925925925925925 0.0350665054413543 0.05
0 0.47490931076178966 0.19120370370370368 0.032043530834341 0.11203703703703702
0 0.42412333736396624 0.04861111111111111 0.034461910519951636 0.09537037037037037
0 0.23004836759371225 0.18796296296296294 0.03688029020556228 0.13518518518518519
0 0.45374848851269656 0.175 0.03688029020556228 0.1259259259259259
0 0.43923821039903277 0.08009259259259259 0.032043530834341 0.11574074074074073
0 0.4020556227327691 0.07962962962962962 0.0350665054413543 0.12037037037037036
0 0.3914752116082226 0.15138888888888888 0.032043530834341 0.12685185185185185
0 0.4295646916565901 0.1449074074074074 0.032043530834341 0.12129629629629629
0 0.598851269649335 0.05787037037037037 0.027206771463119714 0.10462962962962963
0 0.5707376058041113 0.05648148148148147 0.0350665054413543 0.1111111111111111
0 0.5432285368802903 0.06157407407407407 0.027206771463119714 0.10092592592592592
0 0.9516324062877872 0.13796296296296298 0.0350665054413543 0.12777777777777777
0 0.9758162031438936 0.1273148148148148 0.030229746070133016 0.11018518518518518
0 0.9870012091898429 0.033796296296296297 0.023579201934703753 0.06574074074074074
0 0.9244256348246677 0.1259259259259259 0.032648125755743655 0.11296296296296296
0 0.9023579201934704 0.11388888888888889 0.034461910519951636 0.12962962962962962
0 0.639056831922612 0.14351851851851852 0.032648125755743655 0.12407407407407406
0 0.654776299879081 0.17083333333333334 0.03990326481257558 0.14537037037037034
0 0.6777509068923822 0.18055555555555552 0.02902055622732769 0.12407407407407406
0 0.9694679564691656 0.11203703703703702 0.039298669891172915 0.14629629629629629
0 0.9253325272067715 0.07268518518518517 0.032043530834341 0.11203703703703702
0 0.8712212817412335 0.14907407407407408 0.032648125755743655 0.12962962962962962
0 0.8509673518742443 0.1486111111111111 0.029625151148730353 0.13425925925925924
0 0.8361547762998791 0.1472222222222222 0.032648125755743655 0.13888888888888887
0 0.6623337363966144 0.13935185185185184 0.03688029020556228 0.13055555555555556
0 0.652962515114873 0.02824074074074074 0.032648125755743655 0.054629629629629625
0 0.9519347037484887 0.06388888888888888 0.03688029020556228 0.11851851851851851
0 0.9806529625151149 0.0912037037037037 0.03385731559854897 0.1175925925925926
0 0.9613059250302298 0.17638888888888887 0.03748488512696494 0.14351851851851852
0 0.7007255139056832 0.04444444444444444 0.030229746070133016 0.08703703703703704
0 0.878174123337364 0.1398148148148148 0.032043530834341 0.11851851851851851
0 0.28234582829504234 0.0837962962962963 0.03869407496977026 0.1324074074074074
0 0.30834340991535675 0.07314814814814814 0.03385731559854897 0.11851851851851851
0 0.42321644498186217 0.024074074074074074 0.02176541717049577 0.046296296296296294
0 0.9286577992744862 0.08518518518518518 0.032648125755743655 0.11296296296296296
0 0.5689238210399034 0.02222222222222222 0.02539298669891173 0.04259259259259259
0 0.6892382103990328 0.041666666666666664 0.026602176541717055 0.07222222222222222
0 0.6919588875453447 0.03981481481481481 0.027206771463119714 0.07777777777777777
0 0.38029020556227333 0.5717592592592592 0.036275695284159616 0.15462962962962962
0 0.06559854897218864 0.4712962962962963 0.034461910519951636 0.14259259259259258
0 0.06106408706166869 0.5208333333333333 0.036275695284159616 0.14537037037037034
0 0.03536880290205563 0.4939814814814814 0.035671100362756954 0.15648148148148147
0 0.10368802902055625 0.49027777777777776 0.03688029020556228 0.15648148148148147
0 0.7433494558645707 0.058333333333333334 0.029625151148730353 0.11296296296296296
0 0.8267835550181379 0.37916666666666665 0.0380894800483676 0.13055555555555556
0 0.8428053204353084 0.36018518518518516 0.0350665054413543 0.12037037037037036
0 0.26934703748488514 0.6902777777777778 0.0441354292623942 0.17129629629629628
0 0.24002418379685614 0.6666666666666666 0.048367593712212824 0.1685185185185185
0 0.3751511487303507 0.6671296296296295 0.034461910519951636 0.14537037037037034
0 0.2294437726723096 0.5958333333333333 0.034461910519951636 0.14907407407407408
0 0.23669891172914148 0.5680555555555554 0.029625151148730353 0.1398148148148148
0 0.19226118500604597 0.5680555555555554 0.04232164449818622 0.13425925925925924
0 0.19921402660217655 0.5337962962962963 0.0441354292623942 0.15648148148148147
0 0.15417170495767837 0.5504629629629629 0.04353083434099154 0.14907407407407408
0 0.3778718258766627 0.24444444444444444 0.03385731559854897 0.12962962962962962
0 0.3990326481257558 0.24814814814814815 0.032648125755743655 0.12962962962962962
0 0.37273276904474006 0.4319444444444444 0.029625151148730353 0.11574074074074073
0 0.6245465538089482 0.42268518518518516 0.04474002418379686 0.12129629629629629
0 0.7209794437726723 0.4550925925925926 0.0441354292623942 0.1398148148148148
0 0.24244256348246676 0.3888888888888889 0.03990326481257558 0.14259259259259258
0 0.2379081015719468 0.42083333333333334 0.034461910519951636 0.14537037037037034
0 0.9776299879081016 0.9703703703703703 0.04353083434099154 0.059259259259259255
0 0.26239419588875457 0.9509259259259258 0.04957678355501814 0.1
0 0.46614268440145107 0.6787037037037037 0.036275695284159616 0.15925925925925927
0 0.4712817412333737 0.6930555555555554 0.04292623941958888 0.17129629629629628
0 0.20102781136638456 0.7518518518518518 0.0441354292623942 0.17592592592592593
0 0.16777509068923824 0.7333333333333333 0.03688029020556228 0.16666666666666666
0 0.1977025392986699 0.7148148148148148 0.041112454655380895 0.16296296296296295
0 0.284764207980653 0.48148148148148145 0.03869407496977026 0.1574074074074074
0 0.3095525997581621 0.787037037037037 0.05199516324062878 0.1648148148148148
0 0.4407496977025393 0.48657407407407405 0.05199516324062878 0.12685185185185185
0 0.1795646916565901 0.4319444444444444 0.0350665054413543 0.15648148148148147
0 0.8597339782345829 0.32731481481481484 0.03385731559854897 0.13796296296296295
0 0.8485489721886338 0.3013888888888889 0.03688029020556228 0.14907407407407408
0 0.8264812575574366 0.3050925925925926 0.0350665054413543 0.1324074074074074
0 0.3400846432889964 0.487962962962963 0.03688029020556228 0.13518518518518519
0 0.19377267230955264 0.4810185185185185 0.04534461910519952 0.15092592592592594
0 0.21221281741233378 0.48611111111111105 0.0350665054413543 0.14259259259259258
0 0.2539298669891173 0.7282407407407407 0.04474002418379686 0.1675925925925926
0 0.5157194679564692 0.6509259259259259 0.03748488512696494 0.13518518518518519
0 0.04443772672309553 0.17777777777777776 0.032043530834341 0.137037037037037
0 0.35731559854897227 0.7148148148148148 0.03990326481257558 0.1574074074074074
0 0.36064087061668687 0.7518518518518518 0.039298669891172915 0.1685185185185185
0 0.1874244256348247 0.21018518518518517 0.03869407496977026 0.14074074074074075
0 0.7010278113663845 0.18796296296296294 0.034461910519951636 0.137037037037037
0 0.5861547762998791 0.6296296296296295 0.0441354292623942 0.16296296296296295
0 0.6209189842805322 0.6518518518518518 0.04474002418379686 0.16296296296296295
0 0.6390568319226119 0.6319444444444444 0.02902055622732769 0.13425925925925924
0 0.8270858524788393 0.3222222222222222 0.03869407496977026 0.13518518518518519
0 0.1998186215235792 0.475 0.03688029020556228 0.14259259259259258
0 0.43137847642079813 0.7550925925925925 0.046553808948004836 0.14907407407407408
0 0.6771463119709795 0.6921296296296297 0.05199516324062878 0.14351851851851852
0 0.16807738814993958 0.4574074074074074 0.03748488512696494 0.14444444444444443
0 0.4637243047158404 0.6421296296296295 0.03869407496977026 0.15648148148148147
0 0.4588875453446191 0.55 0.041112454655380895 0.13888888888888887
0 0.4483071342200726 0.5148148148148147 0.0441354292623942 0.1074074074074074
0 0.3993349455864571 0.4217592592592593 0.035671100362756954 0.14351851851851852
0 0.4969770253929867 0.6175925925925926 0.04232164449818622 0.1537037037037037
0 0.5447400241837969 0.6319444444444444 0.041112454655380895 0.15648148148148147
0 0.37484885126964934 0.6375 0.036275695284159616 0.15092592592592594
0 0.3455259975816204 0.5555555555555555 0.03688029020556228 0.13148148148148148
0 0.34854897218863373 0.5333333333333333 0.032043530834341 0.14074074074074075
0 0.528415961305925 0.6277777777777778 0.032648125755743655 0.1259259259259259
0 0.5556227327690448 0.6949074074074074 0.03748488512696494 0.12685185185185185
0 0.2608827085852479 0.9125 0.046553808948004836 0.16018518518518518
0 0.7212817412333737 0.08425925925925926 0.03143893591293833 0.12962962962962962
0 0.75453446191052 0.08888888888888888 0.030229746070133016 0.11296296296296296
0 0.40810157194679564 0.02824074074074074 0.03143893591293833 0.054629629629629625
0 0.9803506650544137 0.2884259259259259 0.03688029020556228 0.10648148148148147
0 0.75 0.8212962962962962 0.0441354292623942 0.1648148148148148
0 0.7896009673518742 0.837962962962963 0.04232164449818622 0.15185185185185185
0 0.7623941958887547 0.08055555555555555 0.02902055622732769 0.11296296296296296
0 0.4277509068923822 0.6018518518518519 0.0441354292623942 0.15
0 0.4625151148730351 0.5935185185185186 0.03748488512696494 0.137037037037037
0 0.08313180169286578 0.7217592592592592 0.0441354292623942 0.15462962962962962
0 0.5353688029020557 0.7097222222222221 0.0441354292623942 0.16574074074074074
0 0.5643893591293834 0.7203703703703703 0.046553808948004836 0.1648148148148148
0 0.040810157194679564 0.7101851851851851 0.04050785973397824 0.15185185185185185
0 0.07406287787182587 0.3143518518518518 0.035671100362756954 0.12870370370370368
0 0.1194074969770254 0.3101851851851852 0.041717049576783564 0.14074074074074075
0 0.9622128174123339 0.2550925925925926 0.032043530834341 0.12685185185185185
0 0.9474002418379686 0.2930555555555555 0.03869407496977026 0.13796296296296295
0 0.9425634824667475 0.25601851851851853 0.036275695284159616 0.12314814814814815
0 0.6423821039903266 0.7231481481481481 0.0441354292623942 0.1722222222222222
0 0.6082224909310762 0.7296296296296296 0.041112454655380895 0.15925925925925927
0 0.24516324062877873 0.649074074074074 0.041717049576783564 0.1685185185185185
0 0.2938331318016929 0.610648148148148 0.048367593712212824 0.16574074074074074
0 0.2938331318016929 0.6712962962962962 0.036275695284159616 0.1648148148148148
0 0.33585247883917785 0.3893518518518518 0.039298669891172915 0.12314814814814815
0 0.3125755743651754 0.4314814814814814 0.04232164449818622 0.14814814814814817
0 0.3458282950423217 0.4138888888888888 0.03990326481257558 0.13518518518518519
0 0.30139056831922617 0.39259259259259255 0.032043530834341 0.14259259259259258
0 0.7989721886336156 0.2564814814814815 0.032043530834341 0.13148148148148148
0 0.8189238210399034 0.25555555555555554 0.0380894800483676 0.14814814814814817
0 0.1142684401451028 0.7763888888888888 0.03748488512696494 0.16203703703703703
0 0.08978234582829504 0.7574074074074074 0.046553808948004836 0.18148148148148147
0 0.4688633615477631 0.44490740740740736 0.039298669891172915 0.14907407407407408
0 0.439540507859734 0.4402777777777777 0.036275695284159616 0.14537037037037034
0 0.4410519951632407 0.42268518518518516 0.039298669891172915 0.13796296296296295
0 0.9150544135429263 0.8064814814814815 0.0441354292623942 0.17592592592592593
0 0.8857315598548973 0.8277777777777777 0.05320435308343411 0.15555555555555553
0 0.9431680773881501 0.688425925925926 0.05078597339782346 0.16018518518518518
0 0.8996372430471585 0.6796296296296295 0.05320435308343411 0.1648148148148148
0 0.6142684401451028 0.8087962962962962 0.05441354292623943 0.17129629629629628
0 0.5093712212817413 0.3259259259259259 0.034461910519951636 0.13148148148148148
0 0.11426844014510279 0.5564814814814815 0.047158403869407506 0.18148148148148147
0 0.009371221281741235 0.6569444444444444 0.01753325272067715 0.14351851851851852
0 0.8394800483675938 0.5259259259259259 0.041717049576783564 0.1648148148148148
0 0.8663845223700122 0.5189814814814814 0.04353083434099154 0.15833333333333333
0 0.2605804111245466 0.22175925925925924 0.032648125755743655 0.11574074074074073
0 0.23035066505441357 0.21157407407407405 0.041112454655380895 0.13796296296296295
0 0.15084643288996372 0.16990740740740737 0.03688029020556228 0.13425925925925924
0 0.6463119709794438 0.43796296296296294 0.04353083434099154 0.14074074074074075
0 0.012394195888754535 0.7282407407407407 0.023579201934703753 0.14907407407407408
0 0.5761789600967352 0.8087962962962962 0.03869407496977026 0.12870370370370368
0 0.7769044740024185 0.6699074074074074 0.041112454655380895 0.12870370370370368
0 0.7403264812575576 0.6652777777777777 0.041717049576783564 0.16018518518518518
0 0.17110036275695287 0.19398148148148148 0.0350665054413543 0.12129629629629629
0 0.6958887545344621 0.6300925925925926 0.04474002418379686 0.14351851851851852
0 0.7258162031438936 0.6212962962962963 0.03688029020556228 0.1685185185185185
0 0.10187424425634825 0.6458333333333334 0.05139056831922612 0.15092592592592594
0 0.12726723095526 0.6546296296296297 0.04050785973397824 0.15925925925925927
0 0.0592503022974607 0.6550925925925924 0.03748488512696494 0.14907407407407408
0 0.6964933494558646 0.7296296296296295 0.03748488512696494 0.1148148148148148
0 0.6704957678355503 0.43657407407407406 0.036275695284159616 0.13425925925925924
0 0.7518137847642081 0.7851851851851851 0.05501813784764208 0.1722222222222222
0 0.5471584038694075 0.9393518518518518 0.04353083434099154 0.12314814814814815
0 0.8004836759371222 0.7458333333333332 0.047158403869407506 0.17314814814814813
0 0.7950423216444983 0.7143518518518518 0.047158403869407506 0.15462962962962962
0 0.8473397823458284 0.7731481481481481 0.04534461910519952 0.18148148148148147
0 0.8627569528415963 0.611574074074074 0.03748488512696494 0.16574074074074074
0 0.3116686819830714 0.898611111111111 0.05139056831922612 0.17129629629629628
0 0.7980652962515116 0.2287037037037037 0.03869407496977026 0.14629629629629629
0 0.8228536880290206 0.21759259259259256 0.03385731559854897 0.12407407407407406
0 0.9029625151148731 0.3694444444444444 0.04534461910519952 0.14814814814814817
0 0.6695888754534463 0.3648148148148148 0.039298669891172915 0.14629629629629629
0 0.6871221281741234 0.33796296296296297 0.035671100362756954 0.13518518518518519
0 0.8821039903264813 0.48009259259259257 0.04957678355501814 0.15462962962962962
0 0.441354292623942 0.24398148148148147 0.0350665054413543 0.12870370370370368
0 0.46674727932285376 0.26064814814814813 0.0350665054413543 0.13425925925925924
0 0.6454050785973399 0.2574074074074074 0.03688029020556228 0.14814814814814817
0 0.6076178960096735 0.18703703703703703 0.0350665054413543 0.137037037037037
0 0.5831318016928658 0.1597222222222222 0.04292623941958888 0.1324074074074074
0 0.006650544135429264 0.49861111111111106 0.012091898428053206 0.1398148148148148
0 0.2363966142684402 0.29583333333333334 0.04232164449818622 0.14351851851851852
0 0.2046553808948005 0.3050925925925926 0.041717049576783564 0.12129629629629629
0 0.005441354292623942 0.3324074074074074 0.009673518742442565 0.14074074074074075
0 0.01844014510278114 0.34629629629629627 0.035671100362756954 0.1574074074074074
0 0.04836759371221282 0.3393518518518518 0.03385731559854897 0.1398148148148148
0 0.1916565900846433 0.2509259259259259 0.03990326481257558 0.12407407407407406
0 0.018137847642079808 0.44583333333333325 0.0350665054413543 0.14907407407407408
0 0.14661426844014513 0.2287037037037037 0.03688029020556228 0.14074074074074075
0 0.05350665054413544 0.23703703703703702 0.0441354292623942 0.14629629629629629
0 0.10278113663845224 0.2162037037037037 0.04232164449818622 0.14166666666666666
0 0.8685006045949215 0.38009259259259254 0.04050785973397824 0.1361111111111111
0 0.9310761789600968 0.33935185185185185 0.03385731559854897 0.11574074074074073
0 0.9573760580411126 0.3333333333333333 0.035671100362756954 0.13518518518518519
0 0.887243047158404 0.30185185185185187 0.03688029020556228 0.14074074074074075
0 0.8062273276904475 0.1564814814814815 0.029625151148730353 0.12962962962962962
0 0.916565900846433 0.2939814814814815 0.03748488512696494 0.15092592592592594
0 0.057436517533252726 0.40046296296296297 0.0350665054413543 0.1398148148148148
0 0.09885126964933495 0.3888888888888889 0.034461910519951636 0.14629629629629629
0 0.09189842805320436 0.3722222222222222 0.032648125755743655 0.14074074074074075
0 0.9818621523579203 0.38425925925925924 0.0350665054413543 0.12777777777777777
0 0.9074969770253931 0.20231481481481478 0.03143893591293833 0.12870370370370368
0 0.0822249093107618 0.42361111111111105 0.03385731559854897 0.12129629629629629
0 0.01874244256348247 0.274074074074074 0.036275695284159616 0.14814814814814817
0 0.251813784764208 0.16296296296296295 0.034461910519951636 0.12962962962962962
0 0.8923821039903266 0.2796296296296296 0.0350665054413543 0.13518518518518519
0 0.9159613059250303 0.2189814814814815 0.03748488512696494 0.12314814814814815
0 0.9504232164449818 0.3314814814814815 0.030229746070133016 0.1259259259259259
0 0.9129383313180169 0.34768518518518515 0.03990326481257558 0.13796296296296295
0 0.009975816203143894 0.34212962962962956 0.01874244256348247 0.14907407407407408
0 0.9168681983071343 0.287962962962963 0.029625151148730353 0.1074074074074074
0 0.7158403869407498 0.6888888888888889 0.04232164449818622 0.15185185185185185
0 0.10489721886336155 0.9333333333333333 0.048972188633615486 0.13518518518518519
0 0.5937122128174124 0.2638888888888889 0.0350665054413543 0.13518518518518519
0 0.039298669891172915 0.9569444444444443 0.041112454655380895 0.08796296296296297
0 0.008766626360338575 0.8203703703703702 0.016324062877871828 0.16296296296296295
0 0.7185610640870617 0.05416666666666666 0.029625151148730353 0.10648148148148147
0 0.009371221281741235 0.42453703703703705 0.01753325272067715 0.15462962962962962
