0 0.5583434099153567 0.8976851851851851 0.04050785973397824 0.17129629629629628
0 0.5592503022974608 0.936574074074074 0.041112454655380895 0.12870370370370368
0 0.3890568319226119 0.5625 0.03688029020556228 0.13425925925925924
0 0.15175332527206772 0.7189814814814814 0.04353083434099154 0.16574074074074074
0 0.7998790810157196 0.9226851851851853 0.048367593712212824 0.14537037037037034
0 0.790205562273277 0.9402777777777777 0.05078597339782346 0.12129629629629629
0 0.7648125755743652 0.9578703703703704 0.05078597339782346 0.08425925925925926
0 0.3331318016928658 0.35462962962962963 0.047158403869407506 0.13888888888888887
0 0.22914147521160827 0.3592592592592592 0.032648125755743655 0.14074074074074075
0 0.27357920193470375 0.48564814814814816 0.041717049576783564 0.15462962962962962
0 0.34945586457073763 0.37685185185185177 0.03748488512696494 0.14814814814814817
0 0.2237001209189843 0.37962962962962965 0.04232164449818622 0.14629629629629629
0 0.6324062877871827 0.9638888888888888 0.05199516324062878 0.07407407407407408
0 0.6735187424425635 0.9541666666666667 0.04232164449818622 0.09351851851851851
0 0.6194074969770255 0.9495370370370371 0.041717049576783564 0.10277777777777777
0 0.7469770253929867 0.05972222222222222 0.029625151148730353 0.09907407407407406
0 0.04987908101571947 0.5523148148148148 0.0380894800483676 0.1675925925925926
0 0.46493349455864574 0.8138888888888888 0.047158403869407506 0.18703703703703703
0 0.013603385731559855 0.46388888888888885 0.02599758162031439 0.1574074074074074
0 0.7094921402660219 0.586111111111111 0.041717049576783564 0.14814814814814817
0 0.7605804111245467 0.5666666666666667 0.05199516324062878 0.16296296296296295
0 0.7962515114873036 0.48611111111111105 0.047158403869407506 0.14259259259259258
0 0.8455259975816204 0.5939814814814814 0.0441354292623942 0.14907407407407408
0 0.810459492140266 0.6078703703703704 0.0441354292623942 0.15648148148148147
0 0.8041112454655382 0.7319444444444444 0.04594921402660218 0.1472222222222222
0 0.5834340991535671 0.9458333333333333 0.04594921402660218 0.11018518518518518
0 0.5671100362756953 0.9699074074074073 0.03869407496977026 0.06203703703703703
0 0.9873035066505442 0.8208333333333332 0.024183796856106412 0.1472222222222222
0 0.2475816203143894 0.9138888888888889 0.05139056831922612 0.17407407407407408
0 0.24607013301088274 0.9009259259259259 0.03869407496977026 0.18518518518518517
0 0.8902660217654172 0.9337962962962962 0.0441354292623942 0.12870370370370368
0 0.9434703748488514 0.9495370370370371 0.03325272067714632 0.10277777777777777
0 0.9715840386940751 0.9416666666666667 0.047158403869407506 0.11666666666666667
0 0.8415961305925032 0.38287037037037036 0.036275695284159616 0.13425925925925924
0 0.8648730350665055 0.3773148148148148 0.0380894800483676 0.12129629629629629
0 0.0722490931076179 0.9578703703703704 0.05259975816203145 0.0861111111111111
0 0.12696493349455865 0.9467592592592592 0.04594921402660218 0.10833333333333334
0 0.29443772672309554 0.6703703703703704 0.048367593712212824 0.15925925925925927
0 0.3512696493349456 0.6356481481481481 0.04353083434099154 0.16388888888888886
0 0.37696493349455873 0.6574074074074073 0.03688029020556228 0.13148148148148148
0 0.5586457073760581 0.9486111111111111 0.03748488512696494 0.10277777777777777
0 0.5129987908101573 0.9361111111111111 0.05622732769044741 0.1259259259259259
0 0.8397823458282951 0.7333333333333333 0.055622732769044746 0.1611111111111111
0 0.015114873035066504 0.5287037037037037 0.02902055622732769 0.15925925925925927
0 0.23428053204353086 0.6050925925925926 0.039298669891172915 0.15277777777777776
0 0.2376058041112455 0.5842592592592593 0.03385731559854897 0.14814814814814817
0 0.18591293833131803 0.5967592592592593 0.041717049576783564 0.1398148148148148
0 0.2028415961305925 0.5550925925925926 0.041717049576783564 0.14351851851851852
0 0.16384522370012092 0.5800925925925925 0.03990326481257558 0.15092592592592594
0 0.17865779927448613 0.6842592592592592 0.0441354292623942 0.15185185185185185
0 0.3824062877871826 0.25 0.03325272067714632 0.13148148148148148
0 0.4068923821039903 0.2597222222222222 0.02902055622732769 0.1324074074074074
0 0.18137847642079807 0.6499999999999999 0.032648125755743655 0.12962962962962962
0 0.7128174123337364 0.9662037037037037 0.04474002418379686 0.06944444444444443
0 0.6747279322853689 0.9796296296296296 0.03748488512696494 0.04259259259259259
0 0.4214026602176542 0.48981481481481476 0.02902055622732769 0.1148148148148148
0 0.7140266021765418 0.40231481481481474 0.03748488512696494 0.12870370370370368
0 0.7533252720677147 0.41481481481481475 0.03869407496977026 0.13888888888888887
0 0.26723095525997587 0.399074074074074 0.03748488512696494 0.14259259259259258
0 0.24909310761789602 0.41203703703703703 0.0350665054413543 0.14259259259259258
0 0.9280532043530835 0.7078703703703704 0.04353083434099154 0.1361111111111111
0 0.3098548972188634 0.9763888888888889 0.0380894800483676 0.04907407407407407
0 0.4588875453446191 0.9851851851851852 0.03869407496977026 0.03148148148148148
0 0.4737001209189844 0.6856481481481481 0.039298669891172915 0.14907407407407408
0 0.47974607013301096 0.700462962962963 0.039298669891172915 0.1675925925925926
0 0.21432889963724305 0.7537037037037037 0.053808948004836765 0.17407407407407408
0 0.17533252720677148 0.7300925925925926 0.04232164449818622 0.17685185185185184
0 0.20405078597339782 0.7194444444444444 0.0441354292623942 0.1648148148148148
0 0.5462515114873036 0.548148148148148 0.039298669891172915 0.1574074074074074
0 0.3183192261185006 0.7907407407407406 0.046553808948004836 0.16296296296296295
0 0.4492140266021765 0.4921296296296296 0.05925030229746071 0.12870370370370368
0 0.9201934703748488 0.7402777777777777 0.04474002418379686 0.1472222222222222
0 0.8884522370012092 0.7439814814814815 0.034461910519951636 0.12685185185185185
0 0.5707376058041113 0.5245370370370369 0.03990326481257558 0.15277777777777776
0 0.8715235792019348 0.34027777777777773 0.032043530834341 0.1472222222222222
0 0.8606408706166869 0.3134259259259259 0.03688029020556228 0.13796296296296295
0 0.8364570737605804 0.3125 0.034461910519951636 0.1361111111111111
0 0.34885126964933494 0.49907407407407406 0.03748488512696494 0.13148148148148148
0 0.20525997581620317 0.48287037037037034 0.048972188633615486 0.13425925925925924
0 0.22914147521160827 0.4837962962962962 0.032648125755743655 0.1324074074074074
0 0.2995767835550182 0.5087962962962963 0.035671100362756954 0.15648148148148147
0 0.47339782345828296 0.45462962962962966 0.027811366384522373 0.13518518518518519
0 0.05259975816203144 0.175462962962963 0.036275695284159616 0.125
0 0.3618500604594922 0.725462962962963 0.0441354292623942 0.16018518518518518
0 0.09280532043530837 0.7777777777777778 0.05259975816203145 0.15555555555555553
0 0.379081015719468 0.7555555555555556 0.04353083434099154 0.1685185185185185
0 0.2064691656590085 0.7814814814814814 0.06831922611850061 0.17592592592592593
0 0.20193470374848854 0.20416666666666666 0.036275695284159616 0.13796296296296295
0 0.7103990326481258 0.1949074074074074 0.0350665054413543 0.13796296296296295
0 0.2596735187424426 0.9777777777777776 0.035671100362756954 0.046296296296296294
0 0.2445586457073761 0.8263888888888888 0.06348246674727932 0.15648148148148147
0 0.3576178960096736 0.8416666666666666 0.06106408706166869 0.1648148148148148
0 0.32073760580411126 0.8388888888888888 0.05501813784764208 0.13888888888888887
0 0.8376662636033858 0.3222222222222222 0.03325272067714632 0.13148148148148148
0 0.21614268440145104 0.48333333333333334 0.029625151148730353 0.13518518518518519
0 0.44981862152357927 0.7574074074074074 0.04594921402660218 0.15185185185185185
0 0.6747279322853688 0.736111111111111 0.04353083434099154 0.15185185185185185
0 0.19226118500604597 0.4634259259259259 0.036275695284159616 0.1324074074074074
0 0.38542926239419595 0.46296296296296297 0.034461910519951636 0.10925925925925925
0 0.4652357920193471 0.5625 0.03688029020556228 0.1398148148148148
0 0.44981862152357927 0.5180555555555555 0.03869407496977026 0.10462962962962963
0 0.4062877871825877 0.42685185185185187 0.047158403869407506 0.15925925925925927
0 0.4625151148730351 0.4287037037037037 0.032648125755743655 0.14074074074074075
0 0.4894195888754535 0.4175925925925926 0.03325272067714632 0.14814814814814817
0 0.27962515114873043 0.7606481481481481 0.0441354292623942 0.16944444444444443
0 0.39842805320435315 0.6481481481481481 0.030229746070133016 0.14629629629629629
0 0.3585247883917776 0.5731481481481481 0.03748488512696494 0.14814814814814817
0 0.35519951632406294 0.55 0.03688029020556228 0.14629629629629629
0 0.43651753325272075 0.44629629629629625 0.027811366384522373 0.12407407407407406
0 0.5199516324062878 0.5986111111111112 0.036275695284159616 0.12870370370370368
0 0.2666263603385732 0.9351851851851851 0.047158403869407506 0.13148148148148148
0 0.733373639661427 0.08657407407407408 0.03748488512696494 0.1175925925925926
0 0.7629987908101573 0.09444444444444443 0.026602176541717055 0.10925925925925925
0 0.4975816203143894 0.2912037037037037 0.0350665054413543 0.10092592592592592
0 0.47823458282950426 0.274537037037037 0.0350665054413543 0.13425925925925924
0 0.7826481257557437 0.3 0.05259975816203145 0.14074074074074075
0 0.832224909310762 0.21342592592592594 0.041717049576783564 0.12314814814814815
0 0.8080411124546555 0.31712962962962965 0.027206771463119714 0.11018518518518518
0 0.9767230955259977 0.5564814814814815 0.04534461910519952 0.14814814814814817
0 0.9401451027811368 0.8518518518518517 0.05925030229746071 0.15925925925925927
0 0.6372430471584039 0.8055555555555555 0.04353083434099154 0.1722222222222222
0 0.6868198307134221 0.1935185185185185 0.032648125755743655 0.1259259259259259
0 0.6012696493349456 0.1685185185185185 0.034461910519951636 0.1259259259259259
0 0.6203143893591295 0.18564814814814815 0.032648125755743655 0.13796296296296295
0 0.667472793228537 0.17916666666666667 0.036275695284159616 0.12685185185185185
0 0.6145707376058042 0.2287037037037037 0.03688029020556228 0.14259259259259258
0 0.5532043530834342 0.2319444444444444 0.03990326481257558 0.13796296296296295
0 0.850665054413543 0.15555555555555553 0.0350665054413543 0.1259259259259259
0 0.6451027811366385 0.2689814814814815 0.04474002418379686 0.13796296296296295
0 0.6221281741233374 0.29537037037037034 0.0350665054413543 0.12962962962962962
0 0.7696493349455865 0.375462962962963 0.03869407496977026 0.13425925925925924
0 0.6562877871825876 0.38333333333333336 0.0441354292623942 0.15185185185185185
0 0.6160822249093109 0.4199074074074074 0.04474002418379686 0.14907407407407408
0 0.758162031438936 0.4069444444444444 0.027811366384522373 0.09351851851851851
0 0.6596130592503023 0.42916666666666664 0.03990326481257558 0.13425925925925924
0 0.5456469165659009 0.30833333333333335 0.034461910519951636 0.12962962962962962
0 0.5214631197097945 0.31990740740740736 0.034461910519951636 0.11944444444444444
0 0.540205562273277 0.18425925925925926 0.03688029020556228 0.13518518518518519
0 0.5169286577992745 0.19212962962962962 0.027811366384522373 0.12129629629629629
0 0.7611850060459493 0.07777777777777777 0.027811366384522373 0.10370370370370369
0 0.7034461910519951 0.4162037037037037 0.048972188633615486 0.14907407407407408
0 0.6206166868198307 0.48518518518518516 0.039298669891172915 0.14629629629629629
0 0.6481257557436518 0.4935185185185185 0.03869407496977026 0.1537037037037037
0 0.6650544135429264 0.4791666666666667 0.041112454655380895 0.15092592592592594
0 0.3827085852478839 0.20324074074074072 0.036275695284159616 0.11574074074074073
0 0.30350665054413545 0.2796296296296296 0.03748488512696494 0.13518518518518519
0 0.45737605804111253 0.20509259259259255 0.03688029020556228 0.13425925925925924
0 0.4483071342200726 0.16944444444444443 0.035671100362756954 0.1259259259259259
0 0.3597339782345829 0.1907407407407407 0.0350665054413543 0.11851851851851851
0 0.07920193470374849 0.27685185185185185 0.04474002418379686 0.14814814814814817
0 0.13603385731559858 0.30648148148148147 0.036275695284159616 0.14259259259259258
0 0.16565900846432893 0.3175925925925926 0.03385731559854897 0.13333333333333333
0 0.5157194679564693 0.8023148148148148 0.048367593712212824 0.175
0 0.7672309552599759 0.6152777777777777 0.04353083434099154 0.15277777777777776
0 0.7611850060459494 0.46296296296296297 0.05078597339782346 0.14259259259259258
0 0.7230955259975816 0.4875 0.047158403869407506 0.14166666666666666
0 0.01844014510278114 0.2236111111111111 0.035671100362756954 0.12870370370370368
0 0.0882708585247884 0.2 0.04594921402660218 0.14074074074074075
0 0.11910519951632408 0.16342592592592592 0.03748488512696494 0.12685185185185185
0 0.14993954050785976 0.19120370370370368 0.02902055622732769 0.12129629629629629
0 0.24969770253929868 0.15555555555555553 0.0350665054413543 0.12407407407407406
0 0.28415961305925036 0.14074074074074075 0.0350665054413543 0.11296296296296296
0 0.13724304715840388 0.12407407407407407 0.03869407496977026 0.14259259259259258
0 0.058645707376058044 0.09722222222222222 0.036275695284159616 0.13148148148148148
0 0.1324062877871826 0.27824074074074073 0.03869407496977026 0.15092592592592594
0 0.630894800483676 0.13518518518518519 0.030834340991535675 0.12407407407407406
0 0.6562877871825877 0.1259259259259259 0.029625151148730353 0.13518518518518519
0 0.6581015719467957 0.10092592592592592 0.023579201934703753 0.1259259259259259
0 0.1844014510278114 0.43611111111111106 0.036275695284159616 0.14814814814814817
0 0.11577992744860945 0.3949074074074074 0.03688029020556228 0.14907407407407408
0 0.08706166868198308 0.38287037037037036 0.03990326481257558 0.14907407407407408
0 0.6039903264812575 0.3625 0.03748488512696494 0.13425925925925924
0 0.5737605804111247 0.37916666666666665 0.04353083434099154 0.12685185185185185
0 0.16051995163240632 0.41527777777777775 0.04050785973397824 0.15648148148148147
0 0.20798065296251517 0.4217592592592592 0.03990326481257558 0.14907407407407408
0 0.30925030229746076 0.5958333333333333 0.041717049576783564 0.16574074074074074
0 0.2747883917775091 0.6287037037037035 0.041717049576783564 0.16296296296296295
0 0.7871825876662638 0.35601851851851846 0.04594921402660218 0.16018518518518518
0 0.9812575574365177 0.2833333333333333 0.036275695284159616 0.14814814814814817
0 0.023276904474002418 0.8643518518518518 0.04534461910519952 0.14907407407407408
0 0.02297460701330109 0.8111111111111111 0.04474002418379686 0.1611111111111111
0 0.9833736396614269 0.22824074074074074 0.029625151148730353 0.12129629629629629
0 0.9501209189842806 0.20138888888888887 0.032043530834341 0.14351851851851852
0 0.986094316807739 0.08842592592592592 0.026602176541717055 0.12870370370370368
0 0.9588875453446192 0.08009259259259259 0.030229746070133016 0.12129629629629629
0 0.8881499395405079 0.19074074074074074 0.03990326481257558 0.12962962962962962
0 0.016928657799274487 0.14305555555555555 0.032648125755743655 0.13425925925925924
0 0.07708585247883919 0.18240740740740738 0.03688029020556228 0.1259259259259259
0 0.05622732769044741 0.13240740740740742 0.03748488512696494 0.14074074074074075
0 0.32043530834340994 0.19444444444444445 0.03143893591293833 0.1259259259259259
0 0.5976420798065297 0.2916666666666667 0.039298669891172915 0.137037037037037
0 0.1626360338573156 0.14259259259259258 0.032648125755743655 0.14074074074074075
0 0.5683192261185007 0.23194444444444443 0.0350665054413543 0.12870370370370368
0 0.6360338573155986 0.22314814814814812 0.03869407496977026 0.13518518518518519
0 0.30350665054413545 0.17314814814814816 0.0350665054413543 0.137037037037037
0 0.6003627569528417 0.2046296296296296 0.03748488512696494 0.13148148148148148
0 0.36880290205562277 0.14537037037037034 0.032648125755743655 0.14444444444444443
0 0.6457073760580412 0.15416666666666667 0.03990326481257558 0.1398148148148148
0 0.6420798065296253 0.08796296296296297 0.03748488512696494 0.14259259259259258
0 0.604292623941959 0.07731481481481482 0.03688029020556228 0.1175925925925926
0 0.5646916565900847 0.045370370370370366 0.03748488512696494 0.08888888888888888
0 0.5326481257557437 0.04259259259259259 0.03990326481257558 0.08333333333333333
0 0.4507255139056832 0.1125 0.039298669891172915 0.13796296296296295
0 0.44770253929867 0.03888888888888888 0.029625151148730353 0.07592592592592592
0 0.1224304715840387 0.13240740740740742 0.032043530834341 0.13518518518518519
0 0.15598548972188636 0.04212962962962962 0.030229746070133016 0.0824074074074074
0 0.2877871825876663 0.049999999999999996 0.03385731559854897 0.09814814814814814
0 0.20072551390568322 0.04074074074074074 0.032648125755743655 0.07962962962962963
0 0.20586457073760583 0.05277777777777777 0.034461910519951636 0.10370370370370369
0 0.22793228536880294 0.0537037037037037 0.0350665054413543 0.10370370370370369
0 0.3902660217654172 0.10185185185185185 0.035671100362756954 0.12407407407407406
0 0.18863361547763002 0.09259259259259259 0.030229746070133016 0.12407407407407406
0 0.23307134220072553 0.09861111111111111 0.035671100362756954 0.13055555555555556
0 0.2648125755743652 0.08472222222222221 0.0350665054413543 0.1175925925925926
0 0.4839782345828296 0.14629629629629629 0.034461910519951636 0.12777777777777777
0 0.4685610640870617 0.12824074074074074 0.036275695284159616 0.1324074074074074
0 0.415659008464329 0.1087962962962963 0.032043530834341 0.09537037037037037
0 0.3757557436517534 0.08472222222222221 0.02478839177750907 0.11018518518518518
0 0.36850060459492145 0.09074074074074075 0.034461910519951636 0.12962962962962962
0 0.2877871825876663 0.12083333333333333 0.032648125755743655 0.11574074074074073
0 0.3409915356711004 0.10046296296296296 0.030229746070133016 0.1175925925925926
0 0.3252720677146313 0.07083333333333333 0.027811366384522373 0.11203703703703702
0 0.4694679564691657 0.05462962962962962 0.03688029020556228 0.1074074074074074
0 0.3706166868198307 0.13148148148148148 0.03385731559854897 0.12962962962962962
0 0.3446191051995164 0.11712962962962963 0.032648125755743655 0.12129629629629629
0 0.0852478839177751 0.10555555555555556 0.0350665054413543 0.12962962962962962
0 0.3041112454655381 0.09305555555555554 0.032648125755743655 0.12314814814814815
0 0.12817412333736397 0.016666666666666666 0.02902055622732769 0.03148148148148148
0 0.1726118500604595 0.03749999999999999 0.034461910519951636 0.07314814814814814
0 0.16263603385731565 0.15462962962962962 0.027811366384522373 0.1074074074074074
0 0.17472793228536881 0.03796296296296296 0.032648125755743655 0.07407407407407408
0 0.7237001209189844 0.06527777777777778 0.027811366384522373 0.11018518518518518
0 0.18772672309552602 0.15 0.03688029020556228 0.14259259259259258
0 0.5782950423216445 0.02685185185185185 0.03325272067714632 0.05185185185185184
