0 0.5671100362756953 0.9652777777777776 0.04594921402660218 0.07129629629629629
0 0.620918984280532 0.9384259259259259 0.048367593712212824 0.12314814814814815
0 0.574062877871826 0.9481481481481481 0.03325272067714632 0.10555555555555556
0 0.8062273276904475 0.8259259259259258 0.04776299879081017 0.14074074074074075
0 0.016324062877871828 0.9606481481481481 0.03143893591293833 0.08055555555555555
0 0.10006045949214028 0.6893518518518519 0.039298669891172915 0.16203703703703703
0 0.05290205562273278 0.736111111111111 0.046553808948004836 0.16296296296296295
0 0.6330108827085852 0.48611111111111105 0.04474002418379686 0.14814814814814817
0 0.27902055622732774 0.5300925925925926 0.04776299879081017 0.14166666666666666
0 0.24123337363966146 0.5148148148148148 0.03869407496977026 0.14629629629629629
0 0.12908101571946798 0.31851851851851853 0.03688029020556228 0.137037037037037
0 0.011487303506650545 0.3462962962962963 0.02176541717049577 0.15185185185185185
0 0.057436517533252726 0.36666666666666664 0.04594921402660218 0.137037037037037
0 0.12091898428053206 0.40555555555555556 0.04474002418379686 0.1537037037037037
0 0.16717049576783558 0.4180555555555555 0.041717049576783564 0.17129629629629628
0 0.5725513905683193 0.25277777777777777 0.032648125755743655 0.13518518518518519
0 0.09250302297460701 0.46064814814814814 0.04594921402660218 0.15092592592592594
0 0.01934703748488513 0.4782407407407407 0.03748488512696494 0.14537037037037034
0 0.5701330108827086 0.29907407407407405 0.041112454655380895 0.1537037037037037
0 0.6000604594921404 0.30833333333333335 0.032043530834341 0.14259259259259258
0 0.6898428053204355 0.6208333333333333 0.04474002418379686 0.16018518518518518
0 0.7357920193470376 0.6175925925925925 0.047158403869407506 0.14629629629629629
0 0.37091898428053205 0.26944444444444443 0.03688029020556228 0.12407407407407406
0 0.3461305925030231 0.28888888888888886 0.027206771463119714 0.11296296296296296
0 0.46765417170495777 0.25833333333333336 0.02478839177750907 0.13518518518518519
0 0.4600967351874245 0.2759259259259259 0.030229746070133016 0.137037037037037
0 0.5275090689238211 0.46481481481481474 0.032043530834341 0.13518518518518519
0 0.5631801692865781 0.3930555555555555 0.029625151148730353 0.12685185185185185
0 0.5798065296251512 0.4231481481481481 0.030229746070133016 0.13518518518518519
0 0.5120918984280532 0.5203703703703704 0.036275695284159616 0.1574074074074074
0 0.3778718258766627 0.3023148148148148 0.02902055622732769 0.1324074074074074
0 0.6895405078597341 0.736574074074074 0.04776299879081017 0.17685185185185184
0 0.7648125755743651 0.726388888888889 0.03990326481257558 0.15277777777777776
0 0.7781136638452237 0.6828703703703703 0.04474002418379686 0.14351851851851852
0 0.969770253929867 0.6967592592592592 0.04232164449818622 0.15462962962962962
0 0.923821039903265 0.6768518518518518 0.05078597339782346 0.1574074074074074
0 0.6233373639661428 0.7842592592592593 0.04957678355501814 0.1611111111111111
0 0.8914752116082226 0.5402777777777777 0.04050785973397824 0.14351851851851852
0 0.8470374848851271 0.5041666666666667 0.047158403869407506 0.13796296296296295
0 0.9147521160822251 0.4930555555555555 0.041112454655380895 0.15092592592592594
0 0.8518742442563484 0.599537037037037 0.04474002418379686 0.14907407407407408
0 0.8944981862152359 0.6069444444444444 0.0441354292623942 0.16018518518518518
0 0.7663240628778719 0.04861111111111111 0.030834340991535675 0.09537037037037037
0 0.8110640870616689 0.6050925925925926 0.041717049576783564 0.15277777777777776
0 0.7796251511487304 0.5453703703703704 0.04292623941958888 0.1648148148148148
0 0.9090084643288997 0.3259259259259259 0.032043530834341 0.137037037037037
0 0.9201934703748488 0.34305555555555556 0.0350665054413543 0.14166666666666666
0 0.9081015719467956 0.29907407407407405 0.030229746070133016 0.08518518518518518
0 0.9316807738814994 0.3 0.030229746070133016 0.0962962962962963
0 0.9897218863361549 0.611574074074074 0.01934703748488513 0.14537037037037034
0 0.6451027811366387 0.8861111111111111 0.04957678355501814 0.18148148148148147
0 0.8573155985489722 0.8412037037037037 0.05199516324062878 0.1935185185185185
0 0.8382708585247884 0.6819444444444444 0.07073760580411126 0.1472222222222222
0 0.8446191051995164 0.737037037037037 0.04594921402660218 0.1574074074074074
0 0.314087061668682 0.038425925925925926 0.029625151148730353 0.075
0 0.1925634824667473 0.06944444444444445 0.035671100362756954 0.13333333333333333
0 0.39510278113663844 0.059259259259259255 0.04292623941958888 0.1148148148148148
0 0.32103990326481263 0.01851851851851852 0.03748488512696494 0.03518518518518519
0 0.33675937122128174 0.012037037037037037 0.032648125755743655 0.02222222222222222
0 0.4637243047158404 0.031018518518518515 0.02539298669891173 0.06018518518518518
0 0.5296251511487304 0.0736111111111111 0.03385731559854897 0.12314814814814815
0 0.5129987908101573 0.047222222222222214 0.030834340991535675 0.09259259259259259
0 0.5559250302297462 0.03703703703703703 0.02237001209189843 0.07222222222222222
0 0.5731559854897219 0.04861111111111111 0.03990326481257558 0.09537037037037037
0 0.5967351874244257 0.02222222222222222 0.02539298669891173 0.04259259259259259
0 0.6305925030229746 0.020833333333333332 0.026602176541717055 0.03981481481481482
0 0.6686819830713423 0.03518518518518518 0.030229746070133016 0.0685185185185185
0 0.7061668681983072 0.08333333333333333 0.0350665054413543 0.12407407407407406
0 0.7230955259975816 0.09444444444444443 0.027811366384522373 0.09814814814814814
0 0.7442563482466747 0.08425925925925926 0.02902055622732769 0.11296296296296296
0 0.9582829504232165 0.03148148148148148 0.02902055622732769 0.06111111111111111
0 0.9359129383313181 0.05555555555555555 0.02902055622732769 0.1074074074074074
0 0.9703748488512697 0.057870370370370364 0.032648125755743655 0.11388888888888889
0 0.9616082224909313 0.11574074074074073 0.032043530834341 0.12037037037037036
0 0.9365175332527208 0.10972222222222222 0.03143893591293833 0.1175925925925926
0 0.8796856106408706 0.1412037037037037 0.02539298669891173 0.08425925925925926
0 0.8981257557436519 0.137037037037037 0.04050785973397824 0.1148148148148148
0 0.918379685610641 0.15231481481481482 0.032648125755743655 0.11203703703703702
0 0.9356106408706168 0.14259259259259258 0.027206771463119714 0.09814814814814814
0 0.9888149939540509 0.05046296296296296 0.02116082224909311 0.09537037037037037
0 0.9177750906892383 0.18148148148148147 0.047158403869407506 0.1148148148148148
0 0.9268440145102782 0.2125 0.03143893591293833 0.12314814814814815
0 0.9607013301088272 0.2 0.03385731559854897 0.1259259259259259
0 0.981559854897219 0.17453703703703702 0.032043530834341 0.11574074074074073
0 0.986094316807739 0.22083333333333333 0.026602176541717055 0.12129629629629629
0 0.9655380894800485 0.28009259259259256 0.032648125755743655 0.12129629629629629
0 0.9857920193470376 0.2930555555555555 0.027206771463119714 0.1398148148148148
0 0.9561668681983072 0.3050925925925926 0.03688029020556228 0.1361111111111111
0 0.950423216444982 0.34953703703703703 0.03869407496977026 0.125
0 0.6033857315598549 0.08703703703703702 0.0350665054413543 0.12407407407407406
0 0.6342200725513906 0.0898148148148148 0.0350665054413543 0.12407407407407406
0 0.5837363966142685 0.12777777777777777 0.029625151148730353 0.10370370370370369
0 0.5665054413542927 0.1310185185185185 0.030229746070133016 0.12129629629629629
0 0.6103385731559855 0.1537037037037037 0.034461910519951636 0.13148148148148148
0 0.5595525997581622 0.15879629629629627 0.034461910519951636 0.1324074074074074
0 0.6429866989117292 0.1824074074074074 0.032043530834341 0.1148148148148148
0 0.6668681983071344 0.19490740740740742 0.026602176541717055 0.10462962962962963
0 0.6907496977025395 0.1861111111111111 0.035671100362756954 0.12962962962962962
0 0.7267230955259977 0.24999999999999997 0.03748488512696494 0.12407407407407406
0 0.758162031438936 0.2486111111111111 0.02902055622732769 0.12314814814814815
0 0.810459492140266 0.3050925925925926 0.0441354292623942 0.13425925925925924
0 0.34945586457073763 0.14444444444444443 0.032648125755743655 0.12407407407407406
0 0.4008464328899638 0.14953703703703702 0.0350665054413543 0.12129629629629629
0 0.4561668681983072 0.17824074074074073 0.029625151148730353 0.13425925925925924
0 0.3963119709794438 0.18703703703703703 0.032043530834341 0.13518518518518519
0 0.280229746070133 0.2125 0.032043530834341 0.13796296296296295
0 0.3125755743651754 0.22453703703703703 0.030229746070133016 0.13425925925925924
0 0.3304111245465538 0.25787037037037036 0.02237001209189843 0.09722222222222222
0 0.5873639661426845 0.3712962962962963 0.03688029020556228 0.12962962962962962
0 0.16868198307134222 0.15787037037037036 0.0350665054413543 0.12314814814814815
0 0.08706166868198308 0.17592592592592593 0.032648125755743655 0.11296296296296296
0 0.06771463119709796 0.22453703703703703 0.030229746070133016 0.13425925925925924
0 0.09371221281741235 0.2462962962962963 0.0350665054413543 0.13518518518518519
0 0.16293833131801694 0.30046296296296293 0.039298669891172915 0.13796296296296295
0 0.02025392986698912 0.2236111111111111 0.039298669891172915 0.12685185185185185
0 0.02267230955259976 0.6712962962962962 0.0441354292623942 0.1648148148148148
0 0.027811366384522373 0.6263888888888889 0.03990326481257558 0.15092592592592594
0 0.03657799274486095 0.5921296296296296 0.04292623941958888 0.12870370370370368
0 0.04897218863361547 0.9421296296296297 0.03990326481257558 0.1175925925925926
0 0.061064087061668694 0.9120370370370369 0.047158403869407506 0.1648148148148148
0 0.10399032648125756 0.8981481481481481 0.04594921402660218 0.15185185185185185
0 0.6819830713422008 0.05509259259259259 0.03143893591293833 0.10833333333333334
0 0.03627569528415962 0.3763888888888889 0.030229746070133016 0.10648148148148147
0 0.032648125755743655 0.29953703703703705 0.027811366384522373 0.08796296296296297
0 0.7134220072551392 0.06203703703703703 0.03990326481257558 0.12222222222222222
0 0.48609431680773885 0.03703703703703703 0.030229746070133016 0.07222222222222222
0 0.5030229746070133 0.07129629629629629 0.03869407496977026 0.11666666666666667
0 0.6605199516324064 0.05231481481481481 0.030834340991535675 0.10277777777777777
0 0.2397218863361548 0.5888888888888889 0.0380894800483676 0.1574074074074074
0 0.24365175332527209 0.5680555555555554 0.0350665054413543 0.1398148148148148
0 0.15417170495767837 0.586574074074074 0.04353083434099154 0.14351851851851852
0 0.20012091898428055 0.5893518518518518 0.03748488512696494 0.13425925925925924
0 0.2134220072551391 0.5402777777777777 0.04594921402660218 0.15092592592592594
0 0.16505441354292624 0.5532407407407407 0.04232164449818622 0.13796296296296295
0 0.6224304715840387 0.5462962962962963 0.034461910519951636 0.14814814814814817
0 0.3963119709794438 0.2398148148148148 0.032043530834341 0.12407407407407406
0 0.42049576783555026 0.24398148148148147 0.027206771463119714 0.12685185185185185
0 0.6200120918984282 0.5222222222222223 0.03688029020556228 0.14629629629629629
0 0.17140266021765418 0.9824074074074074 0.027206771463119714 0.03703703703703704
0 0.05259975816203145 0.962962962962963 0.04957678355501814 0.07592592592592592
0 0.7366989117291416 0.763425925925926 0.039298669891172915 0.1361111111111111
0 0.8675937122128174 0.5703703703703703 0.04474002418379686 0.14074074074074075
0 0.727932285368803 0.7379629629629628 0.03990326481257558 0.137037037037037
0 0.40689238210399037 0.44166666666666665 0.027811366384522373 0.0962962962962963
0 0.725211608222491 0.38240740740740736 0.041717049576783564 0.11851851851851851
0 0.7714631197097945 0.3782407407407407 0.041112454655380895 0.1361111111111111
0 0.9316807738814995 0.9435185185185184 0.041112454655380895 0.1148148148148148
0 0.282043530834341 0.37361111111111106 0.04050785973397824 0.13796296296296295
0 0.2626964933494559 0.38657407407407407 0.034461910519951636 0.13055555555555556
0 0.5574365175332527 0.5023148148148148 0.03143893591293833 0.12314814814814815
0 0.25 0.9722222222222221 0.0441354292623942 0.0574074074074074
0 0.4540507859733979 0.9722222222222221 0.04474002418379686 0.0574074074074074
0 0.4960701330108827 0.674537037037037 0.03325272067714632 0.15092592592592594
0 0.4942563482466748 0.6796296296296297 0.039298669891172915 0.16666666666666666
0 0.21009673518742442 0.7439814814814815 0.046553808948004836 0.16574074074074074
0 0.18984280532043535 0.712962962962963 0.04474002418379686 0.16666666666666666
0 0.22007255139056833 0.6962962962962962 0.0350665054413543 0.1574074074074074
0 0.5266021765417171 0.8157407407407408 0.05078597339782346 0.18518518518518517
0 0.448609431680774 0.8703703703703703 0.04594921402660218 0.1611111111111111
0 0.537484885126965 0.5884259259259258 0.03748488512696494 0.15462962962962962
0 0.5858524788391778 0.725 0.04957678355501814 0.15925925925925927
0 0.33766626360338575 0.7870370370370369 0.0441354292623942 0.16296296296296295
0 0.4625151148730351 0.48287037037037034 0.05320435308343411 0.1398148148148148
0 0.5580411124546555 0.5208333333333334 0.041112454655380895 0.13796296296296295
0 0.5371825876662636 0.5046296296296297 0.02599758162031439 0.09259259259259259
0 0.562273276904474 0.6189814814814815 0.047158403869407506 0.15648148148148147
0 0.8839177750906894 0.31157407407407406 0.03143893591293833 0.12870370370370368
0 0.8742442563482468 0.28981481481481475 0.0350665054413543 0.137037037037037
0 0.8452237001209191 0.28935185185185186 0.0350665054413543 0.12870370370370368
0 0.5000000000000001 0.8657407407407407 0.047158403869407506 0.18703703703703703
0 0.3648730350665055 0.4847222222222222 0.03688029020556228 0.13425925925925924
0 0.21886336154776304 0.47638888888888886 0.0350665054413543 0.15092592592592594
0 0.24516324062877873 0.4833333333333333 0.032043530834341 0.14074074074074075
0 0.2983675937122129 0.45509259259259255 0.039298669891172915 0.16203703703703703
0 0.3630592503022975 0.42129629629629634 0.034461910519951636 0.14629629629629629
0 0.4969770253929867 0.42407407407407405 0.032648125755743655 0.11296296296296296
0 0.08343409915356712 0.1412037037037037 0.03990326481257558 0.14351851851851852
0 0.37817412333736405 0.7152777777777778 0.034461910519951636 0.15462962962962962
0 0.3993349455864571 0.7675925925925925 0.05139056831922612 0.1574074074074074
0 0.4159613059250302 0.7379629629629628 0.04232164449818622 0.17037037037037037
0 0.37031438935912947 0.7374999999999999 0.034461910519951636 0.17129629629629628
0 0.20677146311970984 0.17407407407407405 0.0350665054413543 0.13518518518518519
0 0.7206771463119712 0.16666666666666666 0.04957678355501814 0.14074074074074075
0 0.1765417170495768 0.2652777777777778 0.03990326481257558 0.14351851851851852
0 0.1203143893591294 0.1796296296296296 0.026602176541717055 0.11296296296296296
0 0.13603385731559856 0.18333333333333332 0.03385731559854897 0.11851851851851851
0 0.007255139056831924 0.9046296296296296 0.013301088270858527 0.17407407407407408
0 0.0030229746070133015 0.21342592592592594 0.004836759371221282 0.12314814814814815
0 0.13603385731559856 0.2712962962962963 0.03385731559854897 0.1574074074074074
0 0.8521765417170497 0.30185185185185187 0.035671100362756954 0.13333333333333333
0 0.23216444981862155 0.45787037037037037 0.03385731559854897 0.12870370370370368
0 0.5507859733978235 0.6935185185185184 0.04474002418379686 0.14629629629629629
0 0.2107013301088271 0.8087962962962963 0.0441354292623942 0.1675925925925926
0 0.26541717049576785 0.7731481481481481 0.04594921402660218 0.1611111111111111
0 0.6777509068923822 0.7050925925925926 0.04594921402660218 0.16018518518518518
0 0.19860943168077388 0.4476851851851852 0.03325272067714632 0.14166666666666666
0 0.2587666263603386 0.4601851851851852 0.04232164449818622 0.14074074074074075
0 0.47702539298669894 0.5430555555555556 0.032648125755743655 0.1324074074074074
0 0.46977025392986704 0.5143518518518518 0.047158403869407506 0.13055555555555556
0 0.42049576783555026 0.3986111111111111 0.039298669891172915 0.1472222222222222
0 0.36729141475211613 0.3837962962962963 0.032043530834341 0.14351851851851852
0 0.3143893591293833 0.6097222222222223 0.047158403869407506 0.14351851851851852
0 0.46977025392986704 0.4125 0.032648125755743655 0.1398148148148148
0 0.49969770253929874 0.39305555555555555 0.032043530834341 0.14537037037037034
0 0.5054413542926239 0.6324074074074074 0.03869407496977026 0.1648148148148148
0 0.3984280532043531 0.6296296296296295 0.036275695284159616 0.14814814814814817
0 0.36880290205562277 0.5458333333333333 0.04474002418379686 0.12870370370370368
0 0.37001209189842804 0.512962962962963 0.036275695284159616 0.13333333333333333
0 0.11910519951632408 0.2564814814814815 0.027811366384522373 0.11851851851851851
0 0.900241837968561 0.950462962962963 0.047158403869407506 0.10092592592592592
0 0.44951632406287795 0.44351851851851853 0.03325272067714632 0.10555555555555556
0 0.5024183796856106 0.45787037037037037 0.03143893591293833 0.1175925925925926
0 0.2666263603385732 0.9291666666666667 0.048367593712212824 0.14166666666666666
0 0.7442563482466747 0.06620370370370371 0.0350665054413543 0.12129629629629629
0 0.3500604594921403 0.4041666666666666 0.04353083434099154 0.14907407407407408
0 0.7762998790810158 0.07685185185185185 0.027811366384522373 0.10925925925925925
0 0.7412333736396614 0.04907407407407407 0.030229746070133016 0.0962962962962963
