0 0.07920193470374849 0.07916666666666665 0.03990326481257558 0.13796296296296295
0 0.16596130592503025 0.05972222222222222 0.032043530834341 0.11018518518518518
0 0.18923821039903269 0.06388888888888888 0.03748488512696494 0.1259259259259259
0 0.2194679564691657 0.05231481481481481 0.032648125755743655 0.10277777777777777
0 0.25392986698911735 0.05462962962962962 0.03748488512696494 0.1074074074074074
0 0.3059250302297461 0.04907407407407407 0.03990326481257558 0.0962962962962963
0 0.46432889963724305 0.09675925925925925 0.03143893591293833 0.10833333333333334
0 0.46977025392986704 0.02638888888888889 0.032648125755743655 0.05092592592592592
0 0.18198307134220074 0.08842592592592592 0.0350665054413543 0.13425925925925924
0 0.44014510278113667 0.07268518518518517 0.036275695284159616 0.12129629629629629
0 0.2899032648125756 0.03888888888888888 0.039298669891172915 0.07592592592592592
0 0.2983675937122129 0.09166666666666666 0.032043530834341 0.11851851851851851
0 0.3210399032648126 0.07268518518518517 0.03385731559854897 0.11944444444444444
0 0.9588875453446192 0.0685185185185185 0.0350665054413543 0.1259259259259259
0 0.8960096735187426 0.05046296296296296 0.032648125755743655 0.09537037037037037
0 0.6154776299879081 0.05092592592592592 0.02902055622732769 0.1
0 0.6405683192261186 0.07453703703703703 0.039298669891172915 0.12870370370370368
0 0.6698911729141476 0.07824074074074075 0.030229746070133016 0.1175925925925926
0 0.9247279322853689 0.09953703703703702 0.032043530834341 0.12870370370370368
0 0.9081015719467956 0.08842592592592592 0.030229746070133016 0.13425925925925924
0 0.8863361547763 0.10324074074074074 0.03143893591293833 0.12685185185185185
0 0.6472188633615479 0.0611111111111111 0.030834340991535675 0.12037037037037036
0 0.9767230955259977 0.10324074074074074 0.03688029020556228 0.1398148148148148
0 0.918379685610641 0.07638888888888888 0.032648125755743655 0.11018518518518518
0 0.9800483675937123 0.17731481481481481 0.032648125755743655 0.12129629629629629
0 0.1626360338573156 0.030092592592592594 0.0350665054413543 0.058333333333333334
0 0.18258766626360343 0.02222222222222222 0.032648125755743655 0.04259259259259259
0 0.4214026602176542 0.02546296296296296 0.02176541717049577 0.04907407407407407
0 0.9401451027811367 0.03703703703703703 0.032648125755743655 0.07222222222222222
0 0.3827085852478839 0.5652777777777778 0.03748488512696494 0.16574074074074074
0 0.10278113663845226 0.4347222222222221 0.0350665054413543 0.14351851851851852
0 0.06590084643288997 0.5078703703703703 0.036275695284159616 0.14537037037037034
0 0.04081015719467957 0.48101851851851846 0.032043530834341 0.15648148148148147
0 0.1051995163240629 0.4856481481481481 0.03869407496977026 0.15648148148148147
0 0.74546553808948 0.05277777777777777 0.030229746070133016 0.10370370370370369
0 0.8406892382103991 0.38611111111111107 0.034461910519951636 0.12962962962962962
0 0.8548972188633616 0.3537037037037037 0.0350665054413543 0.12407407407407406
0 0.26844014510278114 0.6791666666666666 0.04353083434099154 0.17129629629629628
0 0.24909310761789602 0.6601851851851851 0.03869407496977026 0.18148148148148147
0 0.37756952841596136 0.6518518518518518 0.034461910519951636 0.14629629629629629
0 0.22823458282950426 0.5884259259259259 0.034461910519951636 0.14907407407407408
0 0.24093107617896012 0.562962962962963 0.029625151148730353 0.14074074074074075
0 0.1934703748488513 0.5652777777777778 0.04232164449818622 0.13425925925925924
0 0.2016324062877872 0.5282407407407407 0.041717049576783564 0.15648148148148147
0 0.1614268440145103 0.548148148148148 0.04353083434099154 0.15925925925925927
0 0.38210399032648135 0.23425925925925925 0.0350665054413543 0.12962962962962962
0 0.40326481257557445 0.24166666666666667 0.032648125755743655 0.12962962962962962
0 0.3748488512696494 0.42361111111111105 0.030229746070133016 0.11574074074074073
0 0.6831922611850061 0.38101851851851853 0.04474002418379686 0.12129629629629629
0 0.7430471584038695 0.40555555555555556 0.041112454655380895 0.137037037037037
0 0.24516324062877873 0.37731481481481477 0.034461910519951636 0.14351851851851852
0 0.2406287787182588 0.41157407407407404 0.0350665054413543 0.14537037037037034
0 0.9640266021765419 0.9046296296296296 0.041717049576783564 0.13888888888888887
0 0.2687424425634825 0.9625 0.048972188633615486 0.07685185185185185
0 0.4730955259975817 0.6787037037037037 0.03688029020556228 0.15925925925925927
0 0.4746070133010883 0.6842592592592592 0.041112454655380895 0.17037037037037037
0 0.20133010882708588 0.7268518518518517 0.04474002418379686 0.18518518518518517
0 0.1686819830713422 0.7240740740740741 0.04594921402660218 0.1685185185185185
0 0.2016324062877872 0.7027777777777777 0.041717049576783564 0.16296296296296295
0 0.34189842805320436 0.44120370370370365 0.035671100362756954 0.15648148148148147
0 0.31469165659008463 0.7773148148148148 0.050181378476420804 0.16574074074074074
0 0.44286577992744863 0.4736111111111111 0.05139056831922612 0.12685185185185185
0 0.9800483675937123 0.9310185185185185 0.03869407496977026 0.1361111111111111
0 0.9513301088270859 0.9361111111111111 0.04292623941958888 0.11666666666666667
0 0.2194679564691657 0.3675925925925926 0.0350665054413543 0.1574074074074074
0 0.8657799274486095 0.31990740740740736 0.03385731559854897 0.13796296296296295
0 0.8530834340991538 0.29537037037037034 0.036275695284159616 0.14259259259259258
0 0.8270858524788393 0.29212962962962963 0.0350665054413543 0.1324074074074074
0 0.3406892382103991 0.48009259259259257 0.03688029020556228 0.1324074074074074
0 0.190447400241838 0.4731481481481481 0.04474002418379686 0.15185185185185185
0 0.22007255139056833 0.475 0.0350665054413543 0.14259259259259258
0 0.3258766626360338 0.6962962962962963 0.03869407496977026 0.1685185185185185
0 0.5172309552599759 0.6444444444444444 0.03688029020556228 0.13518518518518519
0 0.048367593712212824 0.1671296296296296 0.032648125755743655 0.13796296296296295
0 0.3639661426844015 0.7101851851851851 0.03990326481257558 0.1574074074074074
0 0.3654776299879081 0.7412037037037037 0.04050785973397824 0.1675925925925926
0 0.19135429262394196 0.19814814814814816 0.04050785973397824 0.14074074074074075
0 0.6983071342200725 0.1736111111111111 0.04474002418379686 0.1324074074074074
0 0.5849455864570738 0.6157407407407407 0.0441354292623942 0.16296296296296295
0 0.6239419588875456 0.6351851851851851 0.04474002418379686 0.16296296296296295
0 0.6414752116082225 0.6194444444444444 0.02902055622732769 0.12962962962962962
0 0.8279927448609432 0.31111111111111106 0.039298669891172915 0.13518518518518519
0 0.20616686819830718 0.4685185185185185 0.0350665054413543 0.14259259259259258
0 0.43742442563482475 0.7439814814814815 0.046553808948004836 0.14907407407407408
0 0.6970979443772672 0.7 0.047158403869407506 0.1537037037037037
0 0.17472793228536881 0.4462962962962963 0.0350665054413543 0.13518518518518519
0 0.5006045949214027 0.6074074074074074 0.03869407496977026 0.15555555555555553
0 0.4594921402660218 0.5412037037037037 0.041112454655380895 0.14537037037037034
0 0.44921402660217663 0.5055555555555555 0.04474002418379686 0.1074074074074074
0 0.3957073760580411 0.41435185185185186 0.041717049576783564 0.1324074074074074
0 0.5066505441354293 0.5888888888888888 0.04232164449818622 0.1537037037037037
0 0.5480652962515116 0.6268518518518519 0.041717049576783564 0.15185185185185185
0 0.3796856106408707 0.6291666666666665 0.0350665054413543 0.15462962962962962
0 0.34733978234582835 0.549074074074074 0.03688029020556228 0.13148148148148148
0 0.3527811366384523 0.5259259259259259 0.032043530834341 0.14074074074074075
0 0.542019347037485 0.5958333333333333 0.029625151148730353 0.12685185185185185
0 0.5522974607013302 0.6837962962962963 0.03688029020556228 0.12685185185185185
0 0.24939540507859737 0.9180555555555555 0.046553808948004836 0.16018518518518518
0 0.7249093107617897 0.075 0.03143893591293833 0.1259259259259259
0 0.7575574365175334 0.07962962962962963 0.02902055622732769 0.1111111111111111
0 0.4117291414752116 0.025925925925925925 0.03143893591293833 0.05
0 0.7076783555018139 0.9768518518518517 0.04534461910519952 0.04814814814814815
0 0.9622128174123339 0.2296296296296296 0.03688029020556228 0.10370370370370369
0 0.737001209189843 0.7550925925925925 0.04474002418379686 0.15648148148148147
0 0.7829504232164451 0.7935185185185184 0.04232164449818622 0.15185185185185185
0 0.7654171704957679 0.06759259259259259 0.02902055622732769 0.11296296296296296
0 0.42926239419588874 0.5939814814814814 0.04353083434099154 0.15092592592592594
0 0.4625151148730351 0.5921296296296296 0.03143893591293833 0.14537037037037034
0 0.10096735187424427 0.6310185185185184 0.04474002418379686 0.15462962962962962
0 0.14147521160822252 0.9768518518518517 0.03748488512696494 0.046296296296296294
0 0.537484885126965 0.6967592592592592 0.04474002418379686 0.16574074074074074
0 0.5655985489721888 0.6986111111111111 0.046553808948004836 0.16574074074074074
0 0.061668681983071356 0.6143518518518518 0.03748488512696494 0.1472222222222222
0 0.17019347037484886 0.24351851851851852 0.034461910519951636 0.1259259259259259
0 0.2016324062877872 0.2486111111111111 0.041717049576783564 0.1324074074074074
0 0.9570737605804112 0.18333333333333332 0.030229746070133016 0.1259259259259259
0 0.9322853688029021 0.23148148148148148 0.03990326481257558 0.12962962962962962
0 0.9377267230955262 0.19629629629629627 0.036275695284159616 0.12407407407407406
0 0.7061668681983072 0.625462962962963 0.04957678355501814 0.17685185185185184
0 0.663845223700121 0.6402777777777777 0.03869407496977026 0.14351851851851852
0 0.6608222490931076 0.9662037037037037 0.05320435308343411 0.06944444444444443
0 0.24274486094316808 0.6393518518518518 0.041717049576783564 0.16574074074074074
0 0.283857315598549 0.6064814814814814 0.04050785973397824 0.1648148148148148
0 0.30048367593712216 0.6532407407407407 0.03748488512696494 0.17685185185185184
0 0.3192261185006046 0.38240740740740736 0.0350665054413543 0.12407407407407406
0 0.283857315598549 0.4347222222222221 0.0380894800483676 0.14351851851851852
0 0.3240628778718259 0.41018518518518515 0.041112454655380895 0.12407407407407406
0 0.284764207980653 0.3875 0.04232164449818622 0.14351851851851852
0 0.6795646916565902 0.25 0.04232164449818622 0.13148148148148148
0 0.6865175332527207 0.23749999999999996 0.034461910519951636 0.1472222222222222
0 0.12787182587666265 0.6875 0.03688029020556228 0.16203703703703703
0 0.7460701330108828 0.9712962962962963 0.03869407496977026 0.059259259259259255
0 0.10338573155985491 0.6597222222222221 0.04474002418379686 0.17314814814814813
0 0.9685610640870617 0.7874999999999999 0.06166868198307135 0.18796296296296294
0 0.5202539298669892 0.3625 0.039298669891172915 0.14907407407407408
0 0.49062877871825883 0.3685185185185185 0.03325272067714632 0.14259259259259258
0 0.47611850060459493 0.350462962962963 0.035671100362756954 0.14351851851851852
0 0.921100362756953 0.6898148148148148 0.0441354292623942 0.16666666666666666
0 0.882708585247884 0.7157407407407407 0.04957678355501814 0.1574074074074074
0 0.8975211608222492 0.5800925925925925 0.05139056831922612 0.15092592592592594
0 0.8548972188633616 0.5717592592592592 0.05078597339782346 0.1675925925925926
0 0.6605199516324063 0.7069444444444444 0.053808948004836765 0.16944444444444443
0 0.4619105199516325 0.24444444444444444 0.0350665054413543 0.12962962962962962
0 0.003627569528415962 0.4703703703703704 0.006045949214026603 0.17037037037037037
0 0.15205562273276904 0.4106481481481481 0.039298669891172915 0.16203703703703703
0 0.014207980652962516 0.5430555555555555 0.027206771463119714 0.14351851851851852
0 0.7853688029020558 0.399537037037037 0.04474002418379686 0.15462962962962962
0 0.8101571946795647 0.3851851851851852 0.03869407496977026 0.14259259259259258
0 0.24455864570737607 0.20046296296296295 0.028415961305925032 0.11574074074074073
0 0.2633010882708585 0.1722222222222222 0.028415961305925032 0.137037037037037
0 0.20949214026602178 0.1259259259259259 0.032043530834341 0.13518518518518519
0 0.6438935912938332 0.4222222222222222 0.04353083434099154 0.14074074074074075
0 0.028718258766626367 0.6263888888888888 0.04776299879081017 0.14907407407407408
0 0.013301088270858526 0.6083333333333333 0.02539298669891173 0.17407407407407408
0 0.632708585247884 0.7032407407407407 0.032043530834341 0.12870370370370368
0 0.7388149939540509 0.5462962962962963 0.03748488512696494 0.11851851851851851
0 0.7052599758162033 0.5467592592592593 0.041717049576783564 0.16018518518518518
0 0.24032648125755746 0.14814814814814817 0.03325272067714632 0.12037037037037036
0 0.6405683192261186 0.5412037037037037 0.041717049576783564 0.14351851851851852
0 0.6692865779927449 0.5291666666666667 0.03990326481257558 0.1675925925925926
0 0.11880290205562274 0.5425925925925926 0.046553808948004836 0.15185185185185185
0 0.13603385731559856 0.5675925925925925 0.03990326481257558 0.15925925925925927
0 0.07799274486094318 0.5773148148148147 0.03748488512696494 0.14907407407407408
0 0.6499395405078597 0.5967592592592592 0.03143893591293833 0.11574074074074073
0 0.6704957678355503 0.42129629629629634 0.036275695284159616 0.13518518518518519
0 0.6045949214026604 0.7888888888888889 0.06892382103990327 0.16666666666666666
0 0.37152357920193474 0.9662037037037037 0.053808948004836765 0.06574074074074074
0 0.3307134220072551 0.9287037037037037 0.04353083434099154 0.14444444444444443
0 0.7681378476420798 0.75 0.0441354292623942 0.17592592592592593
0 0.723397823458283 0.7222222222222221 0.041717049576783564 0.1537037037037037
0 0.7938331318016929 0.7027777777777777 0.04594921402660218 0.1722222222222222
0 0.18440145102781139 0.9421296296296297 0.048367593712212824 0.1175925925925926
0 0.8041112454655381 0.5925925925925924 0.048367593712212824 0.14259259259259258
0 0.14359129383313182 0.7722222222222221 0.05864570737605805 0.17592592592592593
0 0.284764207980653 0.9074074074074073 0.041112454655380895 0.17592592592592593
0 0.7944377267230956 0.2569444444444444 0.03748488512696494 0.14351851851851852
0 0.8155985489721886 0.21944444444444444 0.04232164449818622 0.12407407407407406
0 0.9189842805320436 0.3097222222222222 0.047158403869407506 0.14351851851851852
0 0.6021765417170497 0.2546296296296296 0.03990326481257558 0.13888888888888887
0 0.6200120918984281 0.2513888888888889 0.034461910519951636 0.13425925925925924
0 0.7258162031438937 0.3106481481481481 0.04534461910519952 0.14351851851851852
0 0.45042321644498184 0.15555555555555553 0.03385731559854897 0.11851851851851851
0 0.4758162031438936 0.16064814814814815 0.03385731559854897 0.12870370370370368
0 0.5804111245465539 0.15879629629629627 0.03748488512696494 0.13796296296296295
0 0.6036880290205562 0.09768518518518518 0.034461910519951636 0.13055555555555556
0 0.5707376058041113 0.07268518518518517 0.04474002418379686 0.12685185185185185
0 0.009371221281741235 0.40833333333333327 0.01753325272067715 0.14074074074074075
0 0.27811366384522374 0.2157407407407407 0.041112454655380895 0.12222222222222222
0 0.2448609431680774 0.22453703703703703 0.041112454655380895 0.12129629629629629
0 0.05139056831922612 0.2287037037037037 0.0350665054413543 0.14074074074074075
0 0.10278113663845224 0.24398148148148147 0.03990326481257558 0.14351851851851852
0 0.128174123337364 0.25 0.0350665054413543 0.14074074074074075
0 0.22581620314389358 0.17175925925925925 0.039298669891172915 0.12314814814814815
0 0.011789600967351875 0.24074074074074073 0.02237001209189843 0.1537037037037037
0 0.06257557436517534 0.3462962962962963 0.041717049576783564 0.13888888888888887
0 0.017835550181378477 0.16157407407407404 0.034461910519951636 0.14351851851851852
0 0.16505441354292624 0.1574074074074074 0.0350665054413543 0.14074074074074075
0 0.09915356711003628 0.15185185185185185 0.03990326481257558 0.14629629629629629
0 0.15175332527206772 0.14027777777777778 0.036275695284159616 0.13425925925925924
0 0.9848851269649336 0.29537037037037034 0.027811366384522373 0.14629629629629629
0 0.891777509068924 0.32546296296296295 0.04353083434099154 0.13425925925925924
0 0.8908706166868199 0.25416666666666665 0.034461910519951636 0.11574074074074073
0 0.9316807738814994 0.25879629629629625 0.0350665054413543 0.13796296296296295
0 0.8558041112454657 0.20925925925925923 0.03688029020556228 0.14074074074074075
0 0.8621523579201935 0.13055555555555556 0.030229746070133016 0.12962962962962962
0 0.9087061668681984 0.19814814814814813 0.03143893591293833 0.12407407407407406
0 0.024183796856106412 0.43101851851851847 0.03748488512696494 0.1398148148148148
0 0.05350665054413544 0.4083333333333333 0.034461910519951636 0.14629629629629629
0 0.046251511487303505 0.3879629629629629 0.032043530834341 0.14074074074074075
0 0.9670495767835552 0.2935185185185185 0.03688029020556228 0.12407407407407406
0 0.906590084643289 0.15324074074074073 0.032043530834341 0.12129629629629629
0 0.04685610640870617 0.4476851851851852 0.034461910519951636 0.12129629629629629
0 0.002116082224909311 0.17638888888888887 0.0030229746070133015 0.12129629629629629
0 0.09401451027811368 0.19074074074074074 0.03688029020556228 0.14814814814814817
0 0.025090689238210402 0.11944444444444444 0.034461910519951636 0.13518518518518519
0 0.003325272067714632 0.15231481481481482 0.005441354292623942 0.13425925925925924
0 0.2103990326481258 0.07962962962962963 0.02902055622732769 0.13148148148148148
0 0.884522370012092 0.19166666666666668 0.03385731559854897 0.12962962962962962
0 0.9114268440145104 0.16388888888888886 0.03688029020556228 0.12407407407407406
0 0.9081015719467956 0.23935185185185184 0.030229746070133016 0.12685185185185185
0 0.9117291414752117 0.2819444444444444 0.03990326481257558 0.13796296296296295
0 0.08222490931076179 0.2375 0.03143893591293833 0.1398148148148148
0 0.909310761789601 0.20416666666666664 0.030229746070133016 0.09907407407407406
0 0.6617291414752117 0.5666666666666667 0.03688029020556228 0.15185185185185185
0 0.5305320435308344 0.14814814814814817 0.032043530834341 0.12777777777777777
0 0.722490931076179 0.04768518518518518 0.027811366384522373 0.09351851851851851
0 0.05985489721886337 0.324537037037037 0.03143893591293833 0.14351851851851852
