0 0.10943168077388152 0.04074074074074074 0.032648125755743655 0.07962962962962963
0 0.21281741233373644 0.03703703703703703 0.032648125755743655 0.07222222222222222
0 0.6526602176541719 0.025925925925925925 0.030834340991535675 0.05
0 0.6729141475211607 0.02546296296296296 0.030229746070133016 0.04907407407407407
0 0.9356106408706168 0.03564814814814814 0.032043530834341 0.06944444444444443
0 0.9038694074969771 0.03657407407407407 0.026602176541717055 0.07129629629629629
0 0.9171704957678357 0.05416666666666666 0.03143893591293833 0.10648148148148147
0 0.6460096735187426 0.013888888888888888 0.032043530834341 0.02592592592592592
0 0.9876058041112455 0.0412037037037037 0.02478839177750907 0.08055555555555555
0 0.42200725513905685 0.022685185185185187 0.02176541717049577 0.04351851851851852
0 0.8830108827085853 0.9513888888888888 0.050181378476420804 0.09907407407407406
0 0.38845223700120923 0.5587962962962963 0.03688029020556228 0.16574074074074074
0 0.1795646916565901 0.3699074074074074 0.0350665054413543 0.14351851851851852
0 0.07557436517533254 0.4921296296296296 0.036275695284159616 0.14537037037037034
0 0.05955259975816204 0.4574074074074074 0.034461910519951636 0.1574074074074074
0 0.10338573155985492 0.4754629629629629 0.03990326481257558 0.15648148148148147
0 0.7430471584038694 0.05046296296296295 0.02902055622732769 0.09907407407407406
0 0.8512696493349456 0.38101851851851853 0.0350665054413543 0.1324074074074074
0 0.8694074969770255 0.3421296296296296 0.03385731559854897 0.12129629629629629
0 0.2729746070133011 0.6708333333333332 0.0441354292623942 0.17129629629629628
0 0.2726723095525998 0.649074074074074 0.03869407496977026 0.18148148148148147
0 0.38029020556227333 0.6407407407407407 0.0350665054413543 0.14629629629629629
0 0.8458282950423217 0.9675925925925924 0.03748488512696494 0.06481481481481481
0 0.23004836759371225 0.5847222222222223 0.034461910519951636 0.14907407407407408
0 0.2448609431680774 0.5537037037037037 0.02902055622732769 0.14074074074074075
0 0.19588875453446195 0.5597222222222221 0.04232164449818622 0.13425925925925924
0 0.20586457073760583 0.5171296296296296 0.041717049576783564 0.15648148148148147
0 0.1626360338573156 0.5416666666666666 0.04353083434099154 0.15925925925925927
0 0.38482466747279326 0.22777777777777777 0.034461910519951636 0.12962962962962962
0 0.4053808948004838 0.23148148148148148 0.032043530834341 0.12962962962962962
0 0.3648730350665055 0.41666666666666663 0.02478839177750907 0.1148148148148148
0 0.7149334945586459 0.37870370370370365 0.041717049576783564 0.1148148148148148
0 0.7506045949214027 0.39120370370370366 0.041717049576783564 0.13796296296296295
0 0.2478839177750907 0.36712962962962964 0.03748488512696494 0.14351851851851852
0 0.24123337363966146 0.37962962962962965 0.0350665054413543 0.14629629629629629
0 0.9594921402660218 0.7967592592592593 0.03990326481257558 0.14537037037037034
0 0.3246674727932286 0.9634259259259258 0.04594921402660218 0.075
0 0.47793228536880294 0.6703703703703704 0.03688029020556228 0.15925925925925927
0 0.4746070133010883 0.6759259259259259 0.03748488512696494 0.16666666666666666
0 0.21281741233373644 0.7324074074074074 0.04957678355501814 0.18148148148148147
0 0.17533252720677148 0.7106481481481481 0.04232164449818622 0.1675925925925926
0 0.2028415961305925 0.6944444444444444 0.041717049576783564 0.16296296296296295
0 0.41717049576783566 0.43611111111111106 0.0350665054413543 0.15555555555555553
0 0.31680773881499397 0.7731481481481481 0.047158403869407506 0.17037037037037037
0 0.45102781136638465 0.4685185185185185 0.05078597339782346 0.12962962962962962
0 0.9721886336154777 0.8518518518518517 0.04957678355501814 0.1648148148148148
0 0.93863361547763 0.8550925925925926 0.039298669891172915 0.12870370370370368
0 0.3440145102781137 0.3347222222222222 0.036275695284159616 0.14537037037037034
0 0.8730350665054415 0.3134259259259259 0.03385731559854897 0.13796296296296295
0 0.8555018137847644 0.2842592592592592 0.036275695284159616 0.137037037037037
0 0.8313180169286579 0.2875 0.0350665054413543 0.1324074074074074
0 0.34431680773881507 0.47129629629629627 0.039298669891172915 0.13148148148148148
0 0.1934703748488513 0.4689814814814815 0.04232164449818622 0.15092592592592594
0 0.22883917775090692 0.4671296296296296 0.032043530834341 0.14351851851851852
0 0.3476420798065296 0.6712962962962963 0.03990326481257558 0.1685185185185185
0 0.5205562273276905 0.6314814814814814 0.03143893591293833 0.14259259259259258
0 0.05139056831922612 0.1532407407407407 0.03143893591293833 0.13425925925925924
0 0.36759371221281745 0.7023148148148147 0.03869407496977026 0.16018518518518518
0 0.37484885126964934 0.7324074074074073 0.04232164449818622 0.16296296296296295
0 0.19830713422007257 0.19212962962962965 0.041112454655380895 0.1398148148148148
0 0.7049576783555019 0.16435185185185183 0.04474002418379686 0.1324074074074074
0 0.5897823458282951 0.6148148148148148 0.0441354292623942 0.16296296296296295
0 0.6287787182587669 0.6296296296296295 0.04474002418379686 0.16296296296296295
0 0.6438935912938332 0.6074074074074074 0.02902055622732769 0.1259259259259259
0 0.8310157194679566 0.29768518518518516 0.0380894800483676 0.13425925925925924
0 0.21130592503022977 0.4574074074074074 0.034461910519951636 0.14259259259259258
0 0.440447400241838 0.736111111111111 0.04292623941958888 0.14814814814814817
0 0.6834945586457074 0.712037037037037 0.05139056831922612 0.15
0 0.18621523579201937 0.4342592592592593 0.030229746070133016 0.13518518518518519
0 0.5111850060459493 0.5277777777777778 0.041717049576783564 0.16296296296296295
0 0.4625151148730351 0.5365740740740741 0.04232164449818622 0.14537037037037034
0 0.44921402660217663 0.4981481481481481 0.04474002418379686 0.1074074074074074
0 0.406590084643289 0.3949074074074074 0.04050785973397824 0.14351851851851852
0 0.5169286577992745 0.5722222222222222 0.03748488512696494 0.1537037037037037
0 0.5471584038694076 0.6060185185185184 0.04232164449818622 0.15092592592592594
0 0.38361547762998793 0.6171296296296295 0.03688029020556228 0.15462962962962962
0 0.3521765417170496 0.5407407407407407 0.0380894800483676 0.13148148148148148
0 0.3536880290205563 0.5166666666666666 0.032648125755743655 0.14074074074074075
0 0.5438331318016929 0.5939814814814814 0.029625151148730353 0.12685185185185185
0 0.5525997581620316 0.6712962962962963 0.03748488512696494 0.12777777777777777
0 0.2593712212817413 0.9162037037037035 0.047158403869407506 0.16388888888888886
0 0.7273276904474003 0.06574074074074074 0.03143893591293833 0.12407407407407406
0 0.7642079806529625 0.06990740740740739 0.030229746070133016 0.11203703703703702
0 0.41293833131801694 0.020833333333333332 0.03143893591293833 0.03981481481481482
0 0.6735187424425637 0.861111111111111 0.05441354292623943 0.1574074074074074
0 0.6039903264812577 0.9226851851851852 0.04594921402660218 0.15648148148148147
0 0.6426844014510279 0.9282407407407407 0.04594921402660218 0.14537037037037034
0 0.9809552599758163 0.6782407407407407 0.03688029020556228 0.15648148148148147
0 0.7255139056831923 0.9328703703703702 0.04353083434099154 0.13055555555555556
0 0.9682587666263606 0.1796296296296296 0.032043530834341 0.09814814814814814
0 0.9824667472793229 0.9435185185185184 0.0350665054413543 0.1111111111111111
0 0.4975816203143894 0.9467592592592592 0.048367593712212824 0.10833333333333334
0 0.4416565900846433 0.9587962962962961 0.0441354292623942 0.0824074074074074
0 0.7240024183796857 0.6902777777777778 0.04534461910519952 0.15648148148148147
0 0.749093107617896 0.7347222222222222 0.04353083434099154 0.15092592592592594
0 0.7642079806529625 0.0574074074074074 0.02902055622732769 0.11296296296296296
0 0.43077388149939544 0.586574074074074 0.041717049576783564 0.15092592592592594
0 0.4664449818621524 0.5833333333333334 0.03325272067714632 0.14814814814814817
0 0.008162031438935914 0.6939814814814814 0.015114873035066508 0.17685185185185184
0 0.11698911729141477 0.5643518518518518 0.0441354292623942 0.15462962962962962
0 0.15054413542926243 0.8888888888888888 0.047158403869407506 0.17407407407407408
0 0.5386940749697703 0.6893518518518518 0.04474002418379686 0.16574074074074074
0 0.5707376058041113 0.6949074074074074 0.047158403869407506 0.16018518518518518
0 0.1073155985489722 0.5435185185185184 0.03688029020556228 0.14629629629629629
0 0.2227932285368803 0.21018518518518517 0.034461910519951636 0.11851851851851851
0 0.2551390568319227 0.2074074074074074 0.04474002418379686 0.13518518518518519
0 0.9727932285368803 0.14768518518518517 0.030229746070133016 0.12685185185185185
0 0.9365175332527207 0.17592592592592593 0.03990326481257558 0.12962962962962962
0 0.9688633615477632 0.15555555555555553 0.03688029020556228 0.12407407407407406
0 0.8092503022974606 0.9828703703703704 0.034461910519951636 0.03611111111111111
0 0.7515114873035067 0.524074074074074 0.04353083434099154 0.16296296296296295
0 0.717049576783555 0.5143518518518518 0.03385731559854897 0.14351851851851852
0 0.7327690447400244 0.8560185185185184 0.05925030229746071 0.17314814814814813
0 0.24637243047158405 0.6263888888888889 0.034461910519951636 0.15277777777777776
0 0.2766021765417171 0.5944444444444444 0.05139056831922612 0.1648148148148148
0 0.30108827085852485 0.6365740740740741 0.036275695284159616 0.16574074074074074
0 0.284764207980653 0.4157407407407407 0.03869407496977026 0.12962962962962962
0 0.16928657799274488 0.41527777777777775 0.0350665054413543 0.14907407407407408
0 0.2176541717049577 0.40833333333333327 0.04232164449818622 0.13148148148148148
0 0.27055622732769047 0.3930555555555555 0.041717049576783564 0.14351851851851852
0 0.528415961305925 0.24259259259259255 0.036275695284159616 0.1259259259259259
0 0.5417170495767836 0.23194444444444443 0.03385731559854897 0.1324074074074074
0 0.13391777509068925 0.5949074074074073 0.039298669891172915 0.15092592592592594
0 0.759975816203144 0.9439814814814814 0.05078597339782346 0.11388888888888889
0 0.9782345828295044 0.8939814814814814 0.04232164449818622 0.1675925925925926
0 0.10217654171704958 0.5740740740740741 0.04474002418379686 0.1685185185185185
0 0.9135429262394197 0.8939814814814814 0.05078597339782346 0.1824074074074074
0 0.9334945586457074 0.6606481481481481 0.06650544135429264 0.17129629629629628
0 0.5586457073760581 0.28935185185185186 0.03748488512696494 0.14907407407407408
0 0.5187424425634825 0.27777777777777773 0.036275695284159616 0.13888888888888887
0 0.4960701330108827 0.28148148148148144 0.0380894800483676 0.13888888888888887
0 0.8963119709794439 0.5814814814814814 0.046553808948004836 0.1722222222222222
0 0.8388754534461911 0.5949074074074073 0.05139056831922612 0.15277777777777776
0 0.818621523579202 0.4662037037037037 0.04594921402660218 0.14166666666666666
0 0.782950423216445 0.46435185185185185 0.04474002418379686 0.15462962962962962
0 0.6946795646916567 0.5810185185185185 0.048367593712212824 0.15648148148148147
0 0.46584038694074975 0.16157407407407404 0.032043530834341 0.12685185185185185
0 0.023276904474002418 0.375 0.04534461910519952 0.14814814814814817
0 0.22793228536880292 0.2944444444444444 0.036275695284159616 0.14444444444444443
0 0.0030229746070133015 0.45601851851851843 0.004836759371221282 0.14351851851851852
0 0.7161426844014511 0.2912037037037037 0.03688029020556228 0.1472222222222222
0 0.7406287787182587 0.27546296296296297 0.03990326481257558 0.13055555555555556
0 0.24546553808948007 0.199537037037037 0.027811366384522373 0.11574074074074073
0 0.24365175332527209 0.1759259259259259 0.03143893591293833 0.137037037037037
0 0.25332527206771466 0.11342592592592592 0.032648125755743655 0.13796296296296295
0 0.5931076178960097 0.36203703703703705 0.04474002418379686 0.14074074074074075
0 0.04474002418379686 0.5287037037037037 0.04232164449818622 0.15555555555555553
0 0.020556227327690448 0.5046296296296295 0.03990326481257558 0.1611111111111111
0 0.665659008464329 0.5884259259259259 0.032648125755743655 0.12314814814814815
0 0.6662636033857317 0.4481481481481481 0.03748488512696494 0.11851851851851851
0 0.6254534461910521 0.4569444444444445 0.041717049576783564 0.15092592592592594
0 0.284764207980653 0.12037037037037036 0.027811366384522373 0.12037037037037036
0 0.5755743651753326 0.4611111111111111 0.04232164449818622 0.13518518518518519
0 0.6036880290205564 0.4282407407407407 0.0380894800483676 0.14351851851851852
0 0.14389359129383314 0.4532407407407407 0.04232164449818622 0.15092592592592594
0 0.16172914147521164 0.4791666666666667 0.034461910519951636 0.15462962962962962
0 0.13573155985489724 0.5087962962962963 0.03688029020556228 0.14907407407407408
0 0.5414147521160823 0.4782407407407407 0.032043530834341 0.11203703703703702
0 0.6148730350665055 0.3444444444444444 0.03385731559854897 0.12037037037037036
0 0.4262394195888755 0.8305555555555555 0.0701330108827086 0.17037037037037037
0 0.14993954050785976 0.9634259259259258 0.041112454655380895 0.075
0 0.03143893591293834 0.9712962962962963 0.036275695284159616 0.059259259259259255
0 0.008766626360338575 0.9712962962962963 0.016324062877871828 0.059259259259259255
0 0.21644498186215239 0.8208333333333333 0.04232164449818622 0.16203703703703703
0 0.6076178960096735 0.7888888888888889 0.06892382103990327 0.17592592592592593
0 0.5296251511487304 0.7874999999999999 0.06287787182587666 0.15648148148148147
0 0.7841596130592504 0.7407407407407406 0.048367593712212824 0.16296296296296295
0 0.09764207980652964 0.8268518518518518 0.0441354292623942 0.16296296296296295
0 0.7781136638452237 0.7013888888888888 0.04353083434099154 0.14907407407407408
0 0.1714026602176542 0.8027777777777777 0.04534461910519952 0.15555555555555553
0 0.8267835550181379 0.37592592592592594 0.039298669891172915 0.14814814814814817
0 0.8025997581620316 0.30787037037037035 0.04292623941958888 0.12314814814814815
0 0.9153567110036277 0.24027777777777773 0.047158403869407506 0.13796296296296295
0 0.564087061668682 0.1796296296296296 0.0350665054413543 0.137037037037037
0 0.5967351874244257 0.18055555555555552 0.0350665054413543 0.13148148148148148
0 0.6175937122128176 0.15694444444444447 0.03688029020556228 0.1398148148148148
0 0.44981862152357927 0.08194444444444443 0.0350665054413543 0.11203703703703702
0 0.4984885126964934 0.07731481481481482 0.032043530834341 0.1175925925925926
0 0.5435308343409916 0.0574074074074074 0.0350665054413543 0.11296296296296296
0 0.6185006045949214 0.04212962962962962 0.0350665054413543 0.0824074074074074
0 0.5798065296251512 0.03611111111111111 0.03385731559854897 0.07037037037037037
0 0.08585247883917776 0.3064814814814814 0.036275695284159616 0.13148148148148148
0 0.3228536880290206 0.15138888888888888 0.04232164449818622 0.12129629629629629
0 0.30018137847642085 0.1560185185185185 0.041717049576783564 0.1175925925925926
0 0.12726723095526 0.15416666666666667 0.029625151148730353 0.1324074074074074
0 0.1614268440145103 0.1564814814814815 0.03869407496977026 0.137037037037037
0 0.18379685610640875 0.1574074074074074 0.032648125755743655 0.14074074074074075
0 0.23579201934703753 0.09120370370370369 0.03748488512696494 0.11574074074074073
0 0.056831922611850064 0.3009259259259259 0.0350665054413543 0.14074074074074075
0 0.16444981862152358 0.2611111111111111 0.03385731559854897 0.13333333333333333
0 0.011789600967351875 0.325 0.02237001209189843 0.1537037037037037
0 0.037484885126964934 0.29583333333333334 0.03385731559854897 0.1324074074074074
0 0.010882708585247883 0.2513888888888889 0.020556227327690448 0.14351851851851852
0 0.08403869407496979 0.0685185185185185 0.036275695284159616 0.12407407407407406
0 0.20314389359129384 0.08564814814814814 0.03385731559854897 0.12314814814814815
0 0.005441354292623942 0.17962962962962964 0.009673518742442565 0.15925925925925927
0 0.02085852478839178 0.17824074074074073 0.04050785973397824 0.13796296296296295
0 0.009371221281741235 0.13148148148148148 0.01753325272067715 0.13148148148148148
0 0.017230955259975818 0.09907407407407406 0.03325272067714632 0.12037037037037036
0 0.1363361547762999 0.0837962962962963 0.034461910519951636 0.14351851851851852
0 0.18228536880290205 0.06203703703703703 0.034461910519951636 0.12037037037037036
0 0.9800483675937124 0.2347222222222222 0.03143893591293833 0.13796296296296295
0 0.8748488512696495 0.2472222222222222 0.041112454655380895 0.13518518518518519
0 0.8715235792019348 0.1671296296296296 0.034461910519951636 0.11574074074074073
0 0.9071946795646917 0.17685185185185184 0.029625151148730353 0.13148148148148148
0 0.8672914147521162 0.12314814814814815 0.035671100362756954 0.13518518518518519
0 0.906590084643289 0.07129629629629629 0.03688029020556228 0.12962962962962962
0 0.9301692865779928 0.13333333333333333 0.032043530834341 0.12407407407407406
0 0.012998790810157194 0.449537037037037 0.02478839177750907 0.14907407407407408
0 0.02962515114873035 0.4319444444444444 0.03869407496977026 0.14537037037037034
0 0.017230955259975818 0.413425925925926 0.03325272067714632 0.1398148148148148
0 0.9582829504232165 0.23055555555555554 0.0350665054413543 0.12037037037037036
0 0.9359129383313182 0.10416666666666667 0.03143893591293833 0.12129629629629629
0 0.02116082224909311 0.4699074074074074 0.0350665054413543 0.12685185185185185
0 0.04534461910519952 0.0574074074074074 0.02902055622732769 0.1111111111111111
0 0.17291414752116085 0.11574074074074073 0.03748488512696494 0.137037037037037
0 0.07678355501813786 0.06249999999999999 0.030229746070133016 0.12314814814814815
0 0.042019347037484896 0.04305555555555555 0.035671100362756954 0.08425925925925926
0 0.1414752116082225 0.03749999999999999 0.03385731559854897 0.07314814814814814
0 0.8954050785973399 0.11944444444444444 0.0350665054413543 0.12962962962962962
0 0.9289600967351875 0.11712962962962961 0.032043530834341 0.12314814814814815
0 0.8999395405078597 0.15231481481481482 0.029625151148730353 0.12685185185185185
0 0.9159613059250303 0.21157407407407405 0.03990326481257558 0.13796296296296295
0 0.002418379685610641 0.10277777777777777 0.0036275695284159614 0.13518518518518519
0 0.15054413542926243 0.15648148148148147 0.02902055622732769 0.13148148148148148
0 0.9356106408706167 0.13888888888888887 0.029625151148730353 0.09814814814814814
0 0.5728536880290206 0.45787037037037037 0.039298669891172915 0.13796296296296295
0 0.5057436517533254 0.04907407407407407 0.03325272067714632 0.0962962962962963
0 0.7258162031438937 0.04351851851851851 0.027206771463119714 0.08518518518518518
0 0.04474002418379686 0.36018518518518516 0.041112454655380895 0.15925925925925927
0 0.1523579201934704 0.24166666666666667 0.03143893591293833 0.13518518518518519
