0 0.4546553808948005 0.6893518518518519 0.03869407496977026 0.16203703703703703
0 0.48609431680773885 0.6814814814814815 0.03869407496977026 0.14814814814814817
0 0.4848851269649335 0.8546296296296295 0.04957678355501814 0.1796296296296296
0 0.4764207980652963 0.936111111111111 0.06045949214026603 0.12962962962962962
0 0.51360338573156 0.8208333333333333 0.0441354292623942 0.14351851851851852
0 0.5399032648125757 0.6837962962962963 0.05441354292623943 0.1824074074074074
0 0.4697702539298671 0.32546296296296295 0.048367593712212824 0.15092592592592594
0 0.564087061668682 0.8504629629629629 0.05078597339782346 0.17314814814814813
0 0.5764812575574366 0.8055555555555555 0.034461910519951636 0.15
0 0.5556227327690448 0.9768518518518517 0.03990326481257558 0.046296296296296294
0 0.42321644498186217 0.7842592592592593 0.05199516324062878 0.1685185185185185
0 0.26541717049576785 0.9814814814814814 0.03748488512696494 0.03888888888888888
0 0.6686819830713423 0.975462962962963 0.047158403869407506 0.05092592592592592
0 0.4758162031438936 0.3560185185185185 0.04232164449818622 0.16203703703703703
0 0.7031438935912939 0.7847222222222221 0.06045949214026603 0.18796296296296294
0 0.24002418379685614 0.9662037037037037 0.041112454655380895 0.06944444444444443
0 0.6112454655380896 0.8300925925925925 0.055622732769044746 0.18055555555555552
0 0.46765417170495777 0.8513888888888889 0.029625151148730353 0.12129629629629629
0 0.5489721886336155 0.7856481481481481 0.04594921402660218 0.15648148148148147
0 0.4389359129383314 0.8865740740740741 0.03990326481257558 0.1472222222222222
0 0.3893591293833132 0.763425925925926 0.04594921402660218 0.16018518518518518
0 0.6559854897218864 0.4592592592592593 0.047158403869407506 0.15185185185185185
0 0.7007255139056833 0.45370370370370366 0.047158403869407506 0.1537037037037037
0 0.058645707376058044 0.9379629629629629 0.06045949214026603 0.12222222222222222
0 0.7944377267230956 0.7287037037037037 0.04594921402660218 0.1685185185185185
0 0.6055018137847642 0.44953703703703696 0.048972188633615486 0.17314814814814813
0 0.48760580411124554 0.5351851851851851 0.039298669891172915 0.1574074074074074
0 0.7729746070133011 0.6282407407407408 0.048972188633615486 0.16018518518518518
0 0.8128778718258767 0.6143518518518518 0.048972188633615486 0.1824074074074074
0 0.534764207980653 0.5226851851851851 0.041717049576783564 0.16018518518518518
0 0.558645707376058 0.5430555555555555 0.04353083434099154 0.13796296296296295
0 0.5680169286577994 0.26666666666666666 0.034461910519951636 0.1574074074074074
0 0.8494558645707377 0.9009259259259258 0.06045949214026603 0.2
0 0.9011487303506652 0.8870370370370371 0.05139056831922612 0.20185185185185184
0 0.5399032648125756 0.2884259259259259 0.041112454655380895 0.14907407407407408
0 0.5157194679564692 0.3648148148148148 0.03869407496977026 0.15925925925925927
0 0.5423216444981862 0.35 0.03869407496977026 0.14259259259259258
0 0.48428053204353083 0.5800925925925926 0.041112454655380895 0.16203703703703703
0 0.5114873035066506 0.5726851851851851 0.04232164449818622 0.14907407407407408
0 0.5253929866989118 0.6078703703703704 0.04594921402660218 0.17129629629629628
0 0.5556227327690448 0.6356481481481481 0.036275695284159616 0.14907407407407408
0 0.5912938331318017 0.6310185185185184 0.047158403869407506 0.15462962962962962
0 0.6874244256348248 0.6574074074074073 0.047158403869407506 0.1648148148148148
0 0.5550181378476422 0.9041666666666666 0.048367593712212824 0.15462962962962962
0 0.600665054413543 0.925 0.09008464328899637 0.14444444444444443
0 0.50453446191052 0.774537037037037 0.046553808948004836 0.17314814814814813
0 0.7886940749697703 0.4912037037037037 0.039298669891172915 0.14537037037037034
0 0.817714631197098 0.48657407407407405 0.039298669891172915 0.1324074074074074
0 0.7886940749697703 0.45648148148148143 0.050181378476420804 0.1537037037037037
0 0.816807738814994 0.4388888888888889 0.03385731559854897 0.12962962962962962
0 0.9099153567110037 0.49629629629629624 0.04353083434099154 0.14629629629629629
0 0.9032648125755744 0.3731481481481482 0.047158403869407506 0.1537037037037037
0 0.8730350665054414 0.39166666666666666 0.03990326481257558 0.14814814814814817
0 0.7974607013301089 0.44120370370370365 0.032648125755743655 0.12314814814814815
0 0.7539298669891173 0.47777777777777775 0.0350665054413543 0.1074074074074074
0 0.8358524788391778 0.46851851851851845 0.034461910519951636 0.13148148148148148
0 0.8409915356711004 0.437037037037037 0.032648125755743655 0.13333333333333333
0 0.5628778718258767 0.924074074074074 0.04474002418379686 0.1537037037037037
0 0.5837363966142685 0.9078703703703702 0.039298669891172915 0.16203703703703703
0 0.31741233373639666 0.7439814814814815 0.06166868198307135 0.15092592592592594
0 0.24969770253929868 0.7509259259259259 0.05320435308343411 0.14814814814814817
0 0.07406287787182589 0.7662037037037037 0.048972188633615486 0.1861111111111111
0 0.8313180169286579 0.7967592592592592 0.06045949214026603 0.19907407407407407
0 0.7741837968561065 0.5310185185185186 0.03688029020556228 0.13425925925925924
0 0.8751511487303506 0.48981481481481476 0.039298669891172915 0.1537037037037037
0 0.9845828295042323 0.45 0.028415961305925032 0.14814814814814817
0 0.819528415961306 0.3675925925925926 0.05501813784764208 0.17037037037037037
0 0.9162636033857317 0.31296296296296294 0.0380894800483676 0.14444444444444443
0 0.9486094316807739 0.29537037037037034 0.041112454655380895 0.1537037037037037
0 0.9679564691656591 0.175462962962963 0.03990326481257558 0.13425925925925924
0 0.8905683192261187 0.32407407407407407 0.036275695284159616 0.15185185185185185
0 0.7418379685610641 0.21018518518518517 0.04353083434099154 0.14629629629629629
0 0.7663240628778718 0.2222222222222222 0.039298669891172915 0.14259259259259258
0 0.8772672309552602 0.2796296296296296 0.041112454655380895 0.13518518518518519
0 0.9286577992744861 0.24675925925925923 0.03990326481257558 0.13796296296296295
0 0.9032648125755743 0.2537037037037037 0.0350665054413543 0.13518518518518519
0 0.879081015719468 0.20092592592592592 0.03990326481257558 0.13148148148148148
0 0.9123337363966144 0.2097222222222222 0.04232164449818622 0.1324074074074074
0 0.9292623941958887 0.16342592592592592 0.03990326481257558 0.1398148148148148
0 0.9141475211608223 0.10555555555555556 0.03869407496977026 0.137037037037037
0 0.0220677146311971 0.32916666666666666 0.04292623941958888 0.14537037037037034
0 0.047762998790810154 0.25462962962962965 0.03748488512696494 0.14444444444444443
0 0.08010882708585249 0.27824074074074073 0.030834340991535675 0.11574074074074073
0 0.07013301088270858 0.2287037037037037 0.036275695284159616 0.12407407407407406
0 0.09733978234582831 0.20787037037037034 0.04232164449818622 0.14907407407407408
0 0.09492140266021766 0.3462962962962963 0.04232164449818622 0.15
0 0.14359129383313182 0.3101851851851852 0.039298669891172915 0.14629629629629629
0 0.06166868198307135 0.2879629629629629 0.032648125755743655 0.11296296296296296
0 0.03869407496977026 0.4231481481481481 0.047158403869407506 0.1722222222222222
0 0.08585247883917776 0.27685185185185185 0.04232164449818622 0.1537037037037037
0 0.11729141475211609 0.2930555555555555 0.03143893591293833 0.12685185185185185
0 0.11850060459492141 0.32870370370370366 0.02539298669891173 0.10185185185185185
0 0.5244860943168077 0.45231481481481484 0.05501813784764208 0.1675925925925926
0 0.7394195888754537 0.5356481481481481 0.05441354292623943 0.1675925925925926
0 0.7418379685610641 0.49861111111111106 0.04594921402660218 0.15462962962962962
0 0.560459492140266 0.43657407407407406 0.047158403869407506 0.15277777777777776
0 0.651148730350665 0.4009259259259259 0.04353083434099154 0.15925925925925927
0 0.7170495767835552 0.3574074074074074 0.04232164449818622 0.13148148148148148
0 0.6215235792019348 0.36527777777777776 0.04232164449818622 0.14537037037037034
0 0.7950423216444982 0.3138888888888889 0.03990326481257558 0.14074074074074075
0 0.7672309552599759 0.3337962962962963 0.03869407496977026 0.14907407407407408
0 0.733373639661427 0.324537037037037 0.04474002418379686 0.14537037037037034
0 0.7503022974607014 0.2569444444444444 0.032648125755743655 0.11018518518518518
0 0.668379685610641 0.32314814814814813 0.048972188633615486 0.14074074074074075
0 0.7149334945586457 0.2537037037037037 0.0441354292623942 0.14259259259259258
0 0.6599153567110038 0.24444444444444446 0.03688029020556228 0.14074074074074075
0 0.6795646916565902 0.2685185185185185 0.03748488512696494 0.14074074074074075
0 0.6012696493349456 0.3972222222222222 0.0441354292623942 0.1574074074074074
0 0.5665054413542927 0.3814814814814815 0.04232164449818622 0.14259259259259258
0 0.6163845223700121 0.3314814814814815 0.039298669891172915 0.15925925925925927
0 0.5707376058041113 0.3032407407407407 0.03990326481257558 0.1324074074074074
0 0.5689238210399034 0.3282407407407407 0.032648125755743655 0.13796296296296295
0 0.5991535671100363 0.3060185185185185 0.032648125755743655 0.15648148148148147
0 0.6224304715840389 0.2861111111111111 0.04050785973397824 0.15925925925925927
0 0.6717049576783555 0.17453703703703702 0.03748488512696494 0.12129629629629629
0 0.26874244256348245 0.10416666666666667 0.039298669891172915 0.14166666666666666
0 0.23941958887545348 0.10509259259259258 0.0350665054413543 0.1324074074074074
0 0.7224909310761789 0.1273148148148148 0.03990326481257558 0.14351851851851852
0 0.7530229746070134 0.1199074074074074 0.041717049576783564 0.12870370370370368
0 0.0852478839177751 0.2189814814814815 0.032648125755743655 0.07129629629629629
0 0.7158403869407498 0.5046296296296297 0.0350665054413543 0.10925925925925925
0 0.9531438935912939 0.45555555555555555 0.039298669891172915 0.1259259259259259
0 0.977025392986699 0.05509259259259259 0.03385731559854897 0.10833333333333334
0 0.9407496977025395 0.12037037037037036 0.03748488512696494 0.1259259259259259
0 0.8654776299879081 0.08703703703703704 0.034461910519951636 0.14074074074074075
0 0.9235187424425635 0.06249999999999999 0.03688029020556228 0.12314814814814815
0 0.8860338573155986 0.05648148148148147 0.03325272067714632 0.1111111111111111
0 0.5912938331318017 0.21805555555555553 0.03385731559854897 0.13425925925925924
0 0.6493349455864572 0.11388888888888889 0.03869407496977026 0.13148148148148148
0 0.6188029020556228 0.12546296296296294 0.03688029020556228 0.1324074074074074
0 0.5873639661426845 0.12546296296296294 0.041717049576783564 0.12314814814814815
0 0.5994558645707377 0.07592592592592592 0.04776299879081017 0.14259259259259258
0 0.5710399032648127 0.08148148148148147 0.034461910519951636 0.14259259259259258
0 0.19316807738814995 0.08564814814814814 0.032043530834341 0.12685185185185185
0 0.20798065296251517 0.10925925925925925 0.03990326481257558 0.14074074074074075
0 0.2548367593712213 0.043981481481481476 0.04050785973397824 0.0861111111111111
0 0.12152357920193471 0.04444444444444444 0.03143893591293833 0.08703703703703704
0 0.3521765417170496 0.053240740740740734 0.041717049576783564 0.10462962962962963
0 0.3600362756952842 0.02824074074074074 0.03688029020556228 0.054629629629629625
0 0.5145102781136639 0.029629629629629627 0.03990326481257558 0.0574074074074074
0 0.3899637243047159 0.03796296296296296 0.03748488512696494 0.07407407407407408
0 0.5459492140266021 0.030555555555555555 0.036275695284159616 0.059259259259259255
0 0.8319226118500607 0.0537037037037037 0.036275695284159616 0.10555555555555556
0 0.15719467956469166 0.04305555555555555 0.036275695284159616 0.08425925925925926
0 0.6946795646916567 0.012962962962962963 0.027811366384522373 0.024074074074074074
0 0.35550181378476425 0.46759259259259256 0.0350665054413543 0.1574074074074074
0 0.3246674727932286 0.24027777777777773 0.0350665054413543 0.13796296296296295
0 0.13603385731559856 0.7212962962962962 0.04353083434099154 0.16296296296296295
0 0.2584643288996373 0.24351851851851852 0.041717049576783564 0.14259259259259258
0 0.1284764207980653 0.6879629629629629 0.05622732769044741 0.16296296296296295
0 0.822249093107618 0.3074074074074074 0.03869407496977026 0.13148148148148148
0 0.8422007255139058 0.29953703703703705 0.02902055622732769 0.12314814814814815
0 0.24093107617896015 0.575 0.0441354292623942 0.1685185185185185
0 0.20798065296251517 0.5587962962962963 0.03385731559854897 0.17685185185185184
0 0.3482466747279323 0.5574074074074074 0.032648125755743655 0.14074074074074075
0 0.2058645707376058 0.4912037037037037 0.03688029020556228 0.14907407407407408
0 0.21432889963724305 0.4759259259259259 0.032043530834341 0.1574074074074074
0 0.1807738814993954 0.4699074074074074 0.03143893591293833 0.12685185185185185
0 0.17503022974607013 0.425 0.039298669891172915 0.14629629629629629
0 0.12787182587666265 0.45462962962962966 0.03688029020556228 0.14814814814814817
0 0.35640870616686826 0.13425925925925924 0.029625151148730353 0.12962962962962962
0 0.37605804111245467 0.13333333333333333 0.02902055622732769 0.12962962962962962
0 0.34431680773881507 0.3375 0.029625151148730353 0.11574074074074073
0 0.26541717049576785 0.35231481481481475 0.04474002418379686 0.1398148148148148
0 0.256348246674728 0.37962962962962965 0.0350665054413543 0.14629629629629629
0 0.1765417170495768 0.8847222222222223 0.04353083434099154 0.16018518518518518
0 0.44316807738815 0.5740740740740741 0.032648125755743655 0.14074074074074075
0 0.4461910519951633 0.5893518518518518 0.04232164449818622 0.16574074074074074
0 0.18923821039903266 0.6333333333333333 0.047158403869407506 0.17407407407407408
0 0.14449818621523583 0.625462962962963 0.03385731559854897 0.16574074074074074
0 0.1765417170495768 0.6064814814814814 0.03748488512696494 0.16296296296296295
0 0.29474002418379686 0.6907407407407408 0.041717049576783564 0.1537037037037037
0 0.412031438935913 0.38101851851851853 0.03688029020556228 0.12129629629629629
0 0.8440145102781138 0.23009259259259257 0.03143893591293833 0.13055555555555556
0 0.8237605804111247 0.1958333333333333 0.032043530834341 0.11574074074074073
0 0.7944377267230956 0.20509259259259258 0.03143893591293833 0.12685185185185185
0 0.45284159613059255 0.5263888888888889 0.04232164449818622 0.15462962962962962
0 0.15417170495767837 0.3763888888888889 0.03990326481257558 0.15092592592592594
0 0.18893591293833134 0.38240740740740736 0.034461910519951636 0.14629629629629629
0 0.01753325272067715 0.06574074074074074 0.032648125755743655 0.12962962962962962
0 0.33131801692865787 0.610648148148148 0.0350665054413543 0.15462962962962962
0 0.33524788391777516 0.6449074074074074 0.039298669891172915 0.1675925925925926
0 0.1653567110036276 0.10092592592592592 0.034461910519951636 0.13888888888888887
0 0.6801692865779927 0.07777777777777777 0.03990326481257558 0.12777777777777777
0 0.8107617896009673 0.22962962962962966 0.04232164449818622 0.14074074074074075
0 0.18319226118500606 0.36527777777777776 0.0350665054413543 0.14351851851851852
0 0.40961305925030234 0.6509259259259259 0.05139056831922612 0.15185185185185185
0 0.6215235792019348 0.6962962962962962 0.05078597339782346 0.1574074074074074
0 0.15447400241837972 0.34768518518518515 0.032043530834341 0.14537037037037034
0 0.4250302297460702 0.4416666666666666 0.0350665054413543 0.12407407407407406
0 0.4141475211608223 0.40648148148148144 0.03748488512696494 0.1074074074074074
0 0.35036275695284164 0.3074074074074074 0.039298669891172915 0.15185185185185185
0 0.346130592503023 0.5217592592592593 0.0380894800483676 0.1324074074074074
0 0.318621523579202 0.4504629629629629 0.04232164449818622 0.1324074074074074
0 0.32164449818621527 0.4180555555555555 0.036275695284159616 0.12870370370370368
0 0.23276904474002422 0.7972222222222222 0.03990326481257558 0.1648148148148148
0 0.6967956469165659 0.020833333333333332 0.03325272067714632 0.03981481481481482
0 0.7303506650544136 0.023148148148148147 0.02539298669891173 0.04444444444444444
0 0.7282345828295044 0.01851851851851852 0.027206771463119714 0.03518518518518519
0 0.41051995163240634 0.5004629629629629 0.0350665054413543 0.14907407407407408
0 0.41928657799274494 0.46527777777777773 0.029625151148730353 0.1324074074074074
0 0.22309552599758165 0.5351851851851851 0.03748488512696494 0.14629629629629629
0 0.2772067714631197 0.5157407407407407 0.05139056831922612 0.1574074074074074
0 0.2747883917775091 0.55 0.039298669891172915 0.1722222222222222
0 0.5592503022974608 0.7407407407407407 0.047158403869407506 0.15925925925925927
0 0.2406287787182588 0.3259259259259259 0.0350665054413543 0.14074074074074075
0 0.7433494558645708 0.6856481481481481 0.041717049576783564 0.15833333333333333
0 0.280229746070133 0.31481481481481477 0.0380894800483676 0.14814814814814817
0 0.3951027811366385 0.3680555555555555 0.039298669891172915 0.13796296296296295
0 0.2376058041112455 0.2791666666666667 0.032648125755743655 0.12685185185185185
0 0.4679564691656591 0.47685185185185186 0.03748488512696494 0.14259259259259258
0 0.19286577992744863 0.2935185185185185 0.0350665054413543 0.137037037037037
0 0.22581620314389358 0.3074074074074074 0.034461910519951636 0.11851851851851851
0 0.6898428053204354 0.010648148148148148 0.030229746070133016 0.01944444444444444
