0 0.14453125000000003 0.59375 0.42031250000000003 1.0
0 0.3125 0.478125 0.23750000000000002 0.9104166666666667
0 0.846875 0.46875 0.043750000000000004 0.16666666666666666
0 0.86640625 0.465625 0.0390625 0.11875
0 0.48125 0.46145833333333336 0.043750000000000004 0.18958333333333333
0 0.79609375 0.47708333333333336 0.0546875 0.20416666666666666
0 0.4765625 0.4625 0.043750000000000004 0.18333333333333332
0 0.008593750000000004 0.428125 0.11093750000000001 0.51875
0 0.63671875 0.5260416666666666 0.3296875 1.0
0 0.8882812500000001 0.46875 0.029687500000000002 0.09583333333333334
