0 0.32421875 0.5947916666666667 0.2859375 0.9479166666666666
0 0.70859375 0.496875 0.06718750000000001 0.24791666666666667
0 0.6117187500000001 0.49375 0.051562500000000004 0.21666666666666667
0 0.45390625000000007 0.51875 0.1046875 0.3458333333333333
0 0.6828125 0.5020833333333333 0.11875000000000001 0.3541666666666667
0 0.5499999999999999 0.503125 0.1 0.40625
0 0.34453125 0.453125 0.1046875 0.38958333333333334
0 0.64296875 0.54375 0.1203125 0.30416666666666664
0 0.08046875 0.4895833333333333 0.1046875 0.37083333333333335
0 0.4640625 0.490625 0.037500000000000006 0.12708333333333333
0 0.8929687500000001 0.575 0.2671875 0.9
