0 0.66953125 0.5114583333333333 0.1546875 0.58125
0 0.92734375 0.4739583333333333 0.2859375 1.0
0 0.153125 0.509375 0.14062500000000003 0.55625
0 0.07968750000000001 0.4739583333333333 0.09062500000000001 0.40208333333333335
0 0.28203125 0.4822916666666667 0.07968750000000001 0.36041666666666666
0 0.36796875 0.5125 0.06406250000000001 0.29583333333333334
0 0.41328125000000004 0.4791666666666667 0.0484375 0.24166666666666667
0 0.48046875 0.4635416666666667 0.060937500000000006 0.21458333333333332
0 0.6257812500000001 0.4791666666666667 0.0578125 0.23333333333333334
0 0.28203125 0.478125 0.0765625 0.34375
0 0.54140625 0.49270833333333336 0.11406250000000001 0.4395833333333333
