0 0.2171875 0.5895833333333333 0.309375 0.9625
0 0.7500000000000001 0.48854166666666665 0.08125 0.28958333333333336
0 0.47968750000000004 0.5375 0.24375000000000002 0.9916666666666667
0 0.8875000000000001 0.46770833333333334 0.296875 1.0
0 0.6257812500000001 0.49166666666666664 0.06718750000000001 0.26666666666666666
0 0.21328125000000003 0.509375 0.1609375 0.4979166666666667
0 0.6953125000000001 0.521875 0.14375000000000002 0.3645833333333333
0 0.39453125000000006 0.5197916666666667 0.0734375 0.2520833333333333
0 0.03671875 0.47708333333333336 0.1234375 0.4666666666666667
0 0.58515625 0.5052083333333334 0.07968750000000001 0.28541666666666665
