0 0.20078125000000002 0.5291666666666667 0.1484375 0.55
0 0.2203125 0.47291666666666665 0.12812500000000002 0.49583333333333335
0 0.50546875 0.478125 0.0390625 0.15208333333333332
0 0.5453125000000001 0.47708333333333336 0.037500000000000006 0.1625
0 0.5734375 0.4666666666666667 0.034375 0.175
0 0.32343750000000004 0.4708333333333333 0.040625 0.15416666666666667
0 0.0921875 0.46979166666666666 0.043750000000000004 0.14375
0 0.5906250000000001 0.48125 0.040625 0.14583333333333334
0 0.0171875 0.471875 0.115625 0.36875
0 0.67421875 0.46770833333333334 0.0203125 0.07291666666666667
0 0.41875 0.5135416666666667 0.16562500000000002 0.48541666666666666
