0 0.22890625000000003 0.5572916666666666 0.22968750000000002 0.8520833333333333
0 0.278125 0.48125 0.15937500000000002 0.675
0 0.63125 0.47291666666666665 0.040625 0.175
0 0.68515625 0.47604166666666664 0.035937500000000004 0.17291666666666666
0 0.7109375 0.453125 0.043750000000000004 0.19375
0 0.42968750000000006 0.465625 0.040625 0.16458333333333333
0 0.7304687500000001 0.47708333333333336 0.0421875 0.17916666666666667
0 0.03125 0.453125 0.125 0.4395833333333333
0 0.81015625 0.471875 0.026562500000000003 0.08541666666666667
0 0.5476562500000001 0.5614583333333333 0.2671875 0.8229166666666666
