0 1.0 0.5927083333333333 0.4109375 1.0
0 0.48515625 0.49895833333333334 0.0859375 0.33125
0 0.40234375000000006 0.48854166666666665 0.07968750000000001 0.33125
0 0.1609375 0.49166666666666664 0.19375 0.6583333333333333
0 0.29765625 0.49895833333333334 0.0421875 0.11458333333333333
0 0.74453125 0.49375 0.0484375 0.1875
0 0.7195312500000001 0.49583333333333335 0.045312500000000006 0.17083333333333334
0 0.84921875 0.509375 0.09843750000000001 0.34375
0 0.0 0.4947916666666667 0.15156250000000002 0.6145833333333334
0 0.65546875 0.4979166666666667 0.0171875 0.075
0 0.6671875 0.4979166666666667 0.015625 0.07083333333333333
