0 0.1859375 0.6 0.403125 1.0
0 0.33515625000000004 0.4708333333333333 0.2265625 0.8666666666666667
0 0.8625 0.46458333333333335 0.037500000000000006 0.12916666666666668
0 0.48828125 0.46145833333333336 0.045312500000000006 0.18958333333333333
0 0.5335937500000001 0.45625 0.0421875 0.1875
0 0.8031250000000001 0.46979166666666666 0.053125000000000006 0.20208333333333334
0 0.47578125 0.46145833333333336 0.035937500000000004 0.18125
0 0.008593750000000004 0.428125 0.11093750000000001 0.51875
0 0.69453125 0.5666666666666667 0.4390625 1.0
0 0.9335937500000001 0.4625 0.026562500000000003 0.07083333333333333
