0 0.60703125 0.503125 0.1546875 0.5895833333333333
0 0.5726562500000001 0.46770833333333334 0.0578125 0.24375
0 0.09062500000000001 0.4479166666666667 0.037500000000000006 0.19166666666666668
0 0.46796875000000004 0.4510416666666667 0.0859375 0.28958333333333336
0 0.1125 0.4354166666666667 0.07187500000000001 0.24166666666666667
0 0.13046875000000002 0.459375 0.0765625 0.28958333333333336
0 0.26953125 0.453125 0.0890625 0.32708333333333334
0 0.51484375 0.440625 0.0421875 0.12291666666666666
0 0.84296875 0.4822916666666667 0.27343750000000006 0.8979166666666667
0 0.8992187500000001 0.48333333333333334 0.26406250000000003 0.8458333333333333
0 0.1484375 0.446875 0.043750000000000004 0.19791666666666666
0 0.16562500000000002 0.4510416666666667 0.05 0.20208333333333334
0 0.99140625 0.5010416666666667 0.47968750000000004 1.0
0 0.4078125 0.49166666666666664 0.17500000000000002 0.6
0 0.29609375000000004 0.43645833333333334 0.0328125 0.09791666666666667
