0 0.6062500000000001 0.5 0.14062500000000003 0.5541666666666667
0 0.628125 0.534375 0.290625 0.8520833333333333
0 0.75703125 0.521875 0.1796875 0.8645833333333334
0 0.16796875 0.5291666666666667 0.2109375 0.7833333333333333
0 0.3203125 0.48854166666666665 0.059375000000000004 0.18958333333333333
0 0.1640625 0.465625 0.059375000000000004 0.25625
0 0.25703125000000004 0.47708333333333336 0.07031250000000001 0.19166666666666668
0 0.384375 0.49270833333333336 0.037500000000000006 0.15625
0 0.35078125 0.4739583333333333 0.029687500000000002 0.13541666666666666
0 1.0 0.5041666666666667 0.47187500000000004 1.0
0 0.43046875000000007 0.49166666666666664 0.1203125 0.5
