0 0.13437500000000002 0.5635416666666667 0.31562500000000004 1.0
0 0.50546875 0.46875 0.0859375 0.30416666666666664
0 0.415625 0.5010416666666667 0.13125 0.47708333333333336
0 0.6046875 0.4041666666666667 0.153125 0.5166666666666667
0 0.6484375 0.47708333333333336 0.19687500000000002 0.6
0 0.4265625 0.46875 0.06875 0.2708333333333333
0 0.34296875000000004 0.48541666666666666 0.0734375 0.3
0 0.32421875 0.5166666666666667 0.1171875 0.425
0 0.946875 0.45208333333333334 0.19062500000000002 0.6541666666666667
0 0.7234375000000001 0.45625 0.403125 1.0
