0 0.6359375 0.49583333333333335 0.14062500000000003 0.5541666666666667
0 0.56640625 0.4708333333333333 0.060937500000000006 0.24166666666666667
0 0.0625 0.4625 0.053125000000000006 0.2
0 0.153125 0.45625 0.06875 0.24583333333333332
0 0.043750000000000004 0.4791666666666667 0.07500000000000001 0.29583333333333334
0 0.21484375 0.47708333333333336 0.13281250000000003 0.4708333333333333
0 0.52890625 0.45729166666666665 0.035937500000000004 0.13125
0 0.6890625 0.5135416666666667 0.27187500000000003 0.9479166666666666
0 0.8453125000000001 0.5135416666666667 0.240625 0.8604166666666667
0 0.35390625000000003 0.48125 0.1046875 0.4708333333333333
0 0.1171875 0.4635416666666667 0.0625 0.21458333333333332
0 0.2 0.4635416666666667 0.06875 0.21458333333333332
0 1.0 0.5020833333333333 0.48125 1.0
0 0.4390625 0.503125 0.15000000000000002 0.5479166666666667
