0 0.15156250000000002 0.6 0.39687500000000003 1.0
0 0.33828125 0.47291666666666665 0.2265625 0.8666666666666667
0 0.8484375000000001 0.46458333333333335 0.034375 0.125
0 0.48828125 0.46145833333333336 0.045312500000000006 0.18958333333333333
0 0.8773437500000001 0.4635416666666667 0.0390625 0.10208333333333333
0 0.80234375 0.471875 0.0546875 0.20208333333333334
0 0.47500000000000003 0.46041666666666664 0.037500000000000006 0.18333333333333332
0 0.008593750000000004 0.428125 0.11093750000000001 0.51875
0 0.69921875 0.5552083333333333 0.4609375 1.0
0 0.9226562500000001 0.4625 0.026562500000000003 0.0875
