0 0.15078125000000003 0.5989583333333334 0.40156250000000004 1.0
0 0.33828125 0.475 0.2265625 0.8666666666666667
0 0.8421875000000001 0.4739583333333333 0.037500000000000006 0.13541666666666666
0 0.48828125 0.46145833333333336 0.045312500000000006 0.18958333333333333
0 0.87265625 0.46458333333333335 0.0328125 0.10416666666666667
0 0.8015625000000001 0.47291666666666665 0.053125000000000006 0.20416666666666666
0 0.47265625 0.46041666666666664 0.0390625 0.18333333333333332
0 0.008593750000000004 0.428125 0.11093750000000001 0.51875
0 0.696875 0.5489583333333333 0.465625 1.0
0 0.9187500000000001 0.4625 0.028125 0.09166666666666666
