0 0.3515625 0.5583333333333333 0.321875 1.0
0 0.5781250000000001 0.46458333333333335 0.10312500000000001 0.38333333333333336
0 0.24531250000000002 0.4666666666666667 0.09062500000000001 0.3125
0 0.6515625 0.465625 0.05625 0.21041666666666667
0 0.6875 0.484375 0.059375000000000004 0.2604166666666667
0 0.13671875 0.46770833333333334 0.07031250000000001 0.17708333333333334
0 0.7679687500000001 0.4875 0.0859375 0.37083333333333335
0 0.1484375 0.48020833333333335 0.08750000000000001 0.20208333333333334
0 0.81640625 0.46458333333333335 0.0546875 0.3333333333333333
0 0.26640625 0.465625 0.11093750000000001 0.3020833333333333
0 0.5960937500000001 0.4375 0.08281250000000001 0.19583333333333333
0 0.9070312500000001 0.5625 0.2015625 0.7708333333333334
0 1.0 0.5208333333333334 0.41250000000000003 1.0
0 0.07890625 0.465625 0.029687500000000002 0.08958333333333333
