0 0.44453125000000004 0.4708333333333333 0.0890625 0.375
0 0.5765625000000001 0.5166666666666667 0.19062500000000002 0.6083333333333333
0 0.0578125 0.484375 0.078125 0.35208333333333336
0 0.62421875 0.471875 0.0921875 0.46458333333333335
0 0.11171875 0.475 0.08281250000000001 0.4083333333333333
0 0.12812500000000002 0.5708333333333333 0.10312500000000001 0.4708333333333333
0 0.20312500000000003 0.4875 0.10312500000000001 0.4583333333333333
0 0.1578125 0.4739583333333333 0.065625 0.38125
0 0.8765625000000001 0.4822916666666667 0.47500000000000003 1.0
0 0.30781250000000004 0.5510416666666667 0.275 0.90625
