0 0.2578125 0.440625 0.06875 0.25625
0 0.1703125 0.44479166666666664 0.07187500000000001 0.2604166666666667
0 0.33515625 0.4479166666666667 0.045312500000000006 0.15416666666666667
0 0.31796875 0.4479166666666667 0.035937500000000004 0.12916666666666668
0 0.23281250000000003 0.5375 0.45625000000000004 1.0
0 0.909375 0.509375 0.23750000000000002 0.6979166666666666
0 0.9742187500000001 0.47291666666666665 0.1859375 0.6625
0 0.60078125 0.46875 0.1015625 0.38333333333333336
0 0.0 0.5791666666666667 0.3484375 1.0
0 0.5007812500000001 0.46979166666666666 0.19843750000000002 0.6854166666666667
