0 0.45937500000000003 0.5510416666666667 0.33437500000000003 0.95625
0 0.7656250000000001 0.44166666666666665 0.065625 0.24583333333333332
0 0.61640625 0.478125 0.1234375 0.39375
0 0.8828125000000001 0.45625 0.178125 0.4
0 0.7125 0.465625 0.13437500000000002 0.5020833333333333
0 0.26328125 0.4322916666666667 0.15156250000000002 0.5229166666666667
0 0.8734375000000001 0.5010416666666667 0.15000000000000002 0.3854166666666667
0 0.178125 0.43645833333333334 0.115625 0.3729166666666667
0 0.89375 0.4625 0.10312500000000001 0.31666666666666665
0 0.015625 0.434375 0.065625 0.3229166666666667
0 0.9078125 0.45416666666666666 0.09062500000000001 0.2875
0 0.81171875 0.46145833333333336 0.035937500000000004 0.11041666666666666
