0 0.6484375 0.5 0.171875 0.6208333333333333
0 0.5804687500000001 0.46145833333333336 0.060937500000000006 0.25625
0 0.15625 0.44479166666666664 0.043750000000000004 0.16875
0 0.49375 0.44479166666666664 0.09062500000000001 0.29791666666666666
0 0.11796875000000001 0.43645833333333334 0.060937500000000006 0.21458333333333332
0 0.26171875000000006 0.46145833333333336 0.08281250000000001 0.2604166666666667
0 0.33671875 0.44895833333333335 0.07031250000000001 0.2604166666666667
0 0.20703125 0.4395833333333333 0.045312500000000006 0.16666666666666666
0 0.16953125000000002 0.44479166666666664 0.0546875 0.19791666666666666
0 0.9593750000000001 0.4979166666666667 0.484375 1.0
0 0.42421875000000003 0.490625 0.17343750000000002 0.63125
0 0.30546875 0.4427083333333333 0.0328125 0.09791666666666667
