0 0.16562500000000002 0.6041666666666666 0.39687500000000003 1.0
0 0.3296875 0.46979166666666666 0.23750000000000002 0.8645833333333334
0 0.88671875 0.459375 0.035937500000000004 0.11041666666666666
0 0.48984375 0.4635416666666667 0.035937500000000004 0.18541666666666667
0 0.5351562500000001 0.4583333333333333 0.0421875 0.1875
0 0.80390625 0.46979166666666666 0.0546875 0.20208333333333334
0 0.4703125 0.46041666666666664 0.037500000000000006 0.17916666666666667
0 0.007031250000000004 0.42604166666666665 0.11093750000000001 0.51875
0 0.6140625000000001 0.45208333333333334 0.10625000000000001 0.17916666666666667
0 0.6953125 0.5885416666666666 0.415625 1.0
0 0.85859375 0.4625 0.026562500000000003 0.0875
