0 0.19296875000000002 0.5385416666666667 0.1859375 0.69375
0 0.22578125000000002 0.4791666666666667 0.14218750000000002 0.5791666666666667
0 0.5570312500000001 0.46979166666666666 0.0421875 0.16041666666666668
0 0.60078125 0.47291666666666665 0.035937500000000004 0.1625
0 0.6179687500000001 0.45208333333333334 0.0421875 0.175
0 0.36484375 0.465625 0.0421875 0.15625
0 0.646875 0.4739583333333333 0.040625 0.16041666666666668
0 0.009375000000000001 0.46979166666666666 0.12187500000000001 0.41041666666666665
0 0.7203125000000001 0.46770833333333334 0.021875000000000002 0.07708333333333334
0 0.45390625 0.5395833333333333 0.1859375 0.6375
