0 0.16640625 0.603125 0.4078125 1.0
0 0.33828125 0.46979166666666666 0.2265625 0.8645833333333334
0 0.8718750000000001 0.46145833333333336 0.037500000000000006 0.12291666666666666
0 0.48828125 0.46145833333333336 0.045312500000000006 0.18958333333333333
0 0.5335937500000001 0.4552083333333333 0.0421875 0.18541666666666667
0 0.80390625 0.46979166666666666 0.0546875 0.20208333333333334
0 0.47421875 0.46041666666666664 0.035937500000000004 0.18333333333333332
0 0.008593750000000004 0.428125 0.11093750000000001 0.51875
0 0.703125 0.5739583333333333 0.45 1.0
0 0.8523437500000001 0.46041666666666664 0.026562500000000003 0.0875
