0 0.5140625000000001 0.5635416666666667 0.30312500000000003 1.0
0 0.68515625 0.44583333333333336 0.06718750000000001 0.225
0 0.7210937500000001 0.4875 0.13281250000000003 0.4583333333333333
0 0.9500000000000001 0.45 0.153125 0.475
0 0.7914062500000001 0.45625 0.15156250000000002 0.5666666666666667
0 0.016406250000000015 0.42604166666666665 0.18906250000000002 0.78125
0 0.11015625000000001 0.43125 0.1015625 0.3875
0 0.78828125 0.4427083333333333 0.09531250000000001 0.38958333333333334
0 0.022656250000000003 0.425 0.11406250000000001 0.36666666666666664
0 0.3671875 0.45729166666666665 0.03125 0.10208333333333333
0 0.24375000000000002 0.44166666666666665 0.046875 0.09583333333333334
