0 0.65 0.49375 0.14062500000000003 0.5541666666666667
0 0.74375 0.5208333333333334 0.375 0.8625
0 0.87109375 0.5145833333333333 0.20468750000000002 0.8958333333333334
0 0.32578125 0.49583333333333335 0.07968750000000001 0.2791666666666667
0 0.1765625 0.475 0.07187500000000001 0.3
0 0.11796875000000001 0.4666666666666667 0.07031250000000001 0.2916666666666667
0 0.3984375 0.47708333333333336 0.053125000000000006 0.2
0 0.13515625 0.46770833333333334 0.0734375 0.33541666666666664
0 0.4296875 0.49375 0.037500000000000006 0.17083333333333334
0 0.35546875000000006 0.47291666666666665 0.0421875 0.2
0 0.49453125000000003 0.5072916666666667 0.1171875 0.4479166666666667
