0 0.14609375 0.5947916666666667 0.4140625 1.0
0 0.33125000000000004 0.4791666666666667 0.23750000000000002 0.9083333333333333
0 0.8421875000000001 0.465625 0.037500000000000006 0.14791666666666667
0 0.8671875000000001 0.46458333333333335 0.037500000000000006 0.11666666666666667
0 0.48671875000000003 0.46145833333333336 0.045312500000000006 0.18958333333333333
0 0.7984375000000001 0.475 0.053125000000000006 0.20416666666666666
0 0.46953125 0.46041666666666664 0.0390625 0.18333333333333332
0 0.008593750000000004 0.428125 0.11093750000000001 0.51875
0 0.640625 0.5229166666666667 0.31875000000000003 1.0
0 0.8960937500000001 0.4666666666666667 0.029687500000000002 0.09166666666666666
