0 0.165625 0.6010416666666667 0.421875 1.0
0 0.33828125 0.47708333333333336 0.2265625 0.8666666666666667
0 0.8484375000000001 0.46458333333333335 0.037500000000000006 0.12916666666666668
0 0.48828125 0.46145833333333336 0.045312500000000006 0.18958333333333333
0 0.5335937500000001 0.45729166666666665 0.0421875 0.18958333333333333
0 0.8835937500000001 0.4583333333333333 0.035937500000000004 0.10416666666666667
0 0.8031250000000001 0.4708333333333333 0.053125000000000006 0.20416666666666666
0 0.47734375 0.46145833333333336 0.035937500000000004 0.18125
0 0.008593750000000004 0.428125 0.11093750000000001 0.51875
0 0.69140625 0.5604166666666667 0.4390625 1.0
0 0.92734375 0.4635416666666667 0.026562500000000003 0.08541666666666667
