0 0.18125000000000002 0.5760416666666667 0.36875 1.0
0 0.4859375 0.47604166666666664 0.11875000000000001 0.45208333333333334
0 0.8406250000000001 0.4822916666666667 0.053125000000000006 0.21458333333333332
0 0.9164062500000001 0.4791666666666667 0.0421875 0.14166666666666666
0 0.8015625000000001 0.4822916666666667 0.059375000000000004 0.23958333333333334
0 0.44609375 0.4479166666666667 0.0484375 0.19583333333333333
0 0.7718750000000001 0.46875 0.0625 0.2833333333333333
0 0.025 0.4791666666666667 0.11875000000000001 0.5041666666666667
0 0.4625 0.43020833333333336 0.09375 0.24791666666666667
0 0.659375 0.5770833333333333 0.22187500000000002 0.8708333333333333
