0 0.3125 0.5677083333333334 0.28437500000000004 0.9270833333333334
0 0.76484375 0.48541666666666666 0.06406250000000001 0.25416666666666665
0 0.14687500000000003 0.53125 0.36562500000000003 1.0
0 0.6531250000000001 0.490625 0.053125000000000006 0.23541666666666666
0 0.7765625 0.51875 0.1125 0.35833333333333334
0 0.43203125000000003 0.5114583333333333 0.07968750000000001 0.27708333333333335
0 0.6468750000000001 0.49375 0.096875 0.3125
0 0.5257812500000001 0.4947916666666667 0.1078125 0.35208333333333336
0 0.4375 0.47708333333333336 0.09375 0.3333333333333333
0 0.5828125000000001 0.5260416666666666 0.078125 0.26875
0 0.07734375 0.48020833333333335 0.1015625 0.35625
0 0.8828125 0.5197916666666667 0.1875 0.54375
0 0.69765625 0.49166666666666664 0.035937500000000004 0.125
