0 0.14375000000000002 0.5208333333333334 0.13125 0.4666666666666667
0 0.15703125 0.48125 0.1234375 0.43333333333333335
0 0.409375 0.48854166666666665 0.037500000000000006 0.13541666666666666
0 0.45156250000000003 0.484375 0.037500000000000006 0.14375
0 0.47578125000000004 0.46770833333333334 0.0328125 0.14791666666666667
0 0.24296875 0.48333333333333334 0.0390625 0.15416666666666667
0 0.4875 0.48854166666666665 0.037500000000000006 0.13958333333333334
0 0.6890625 0.46875 0.05625 0.1125
0 0.5796875000000001 0.48125 0.018750000000000003 0.06666666666666667
0 0.32109375 0.5125 0.1546875 0.425
0 0.5070312499999999 0.4791666666666667 0.035937500000000004 0.1
