0 0.16328125 0.6041666666666666 0.3984375 1.0
0 0.33671875 0.46770833333333334 0.2265625 0.8645833333333334
0 0.8812500000000001 0.4583333333333333 0.037500000000000006 0.11666666666666667
0 0.48828125 0.46145833333333336 0.045312500000000006 0.18958333333333333
0 0.534375 0.45416666666666666 0.040625 0.18333333333333332
0 0.80390625 0.46979166666666666 0.0546875 0.20208333333333334
0 0.471875 0.46041666666666664 0.037500000000000006 0.18333333333333332
0 0.008593750000000004 0.428125 0.11093750000000001 0.51875
0 0.703125 0.58125 0.44062500000000004 1.0
0 0.8554687500000001 0.46041666666666664 0.026562500000000003 0.0875
