0 0.2625 0.534375 0.36562500000000003 1.0
0 0.53828125 0.459375 0.1171875 0.41041666666666665
0 0.37343750000000003 0.45729166666666665 0.078125 0.27708333333333335
0 0.8554687500000001 0.46979166666666666 0.1078125 0.39375
0 0.6335937500000001 0.4552083333333333 0.051562500000000004 0.18125
0 0.6671875 0.47604166666666664 0.053125000000000006 0.23125
0 0.0625 0.4427083333333333 0.084375 0.19791666666666666
0 0.5351562500000001 0.428125 0.0890625 0.21041666666666667
0 0.78046875 0.5614583333333333 0.22031250000000002 0.7854166666666667
0 1.0 0.50625 0.3875 1.0
