0 0.26406250000000003 0.465625 0.37812500000000004 1.0
0 0.52109375 0.3458333333333333 0.0859375 0.32916666666666666
0 0.56640625 0.37916666666666665 0.09843750000000001 0.37083333333333335
0 0.22968750000000002 0.403125 0.23125 0.7645833333333333
0 0.7078125000000001 0.31145833333333334 0.13125 0.46875
0 0.7195312500000001 0.39791666666666664 0.1203125 0.44583333333333336
0 0.44062500000000004 0.365625 0.08125 0.29375
0 0.49453125000000003 0.35833333333333334 0.0734375 0.2625
0 0.44765625 0.3416666666666667 0.06718750000000001 0.24583333333333332
0 0.6296875000000001 0.32395833333333335 0.07500000000000001 0.16458333333333333
0 0.9796875 0.446875 0.19375 0.71875
0 0.8296875 0.44166666666666665 0.403125 1.0
