0 0.5002604166666667 0.49861111111111106 0.050520833333333334 0.10092592592592592
0 0.5041666666666667 0.587037037037037 0.06354166666666666 0.3796296296296296
0 0.5575520833333333 0.500462962962963 0.0203125 0.09722222222222222
0 0.57578125 0.5004629629629629 0.019270833333333334 0.10462962962962963
0 0.3755208333333333 0.4949074074074074 0.02291666666666667 0.08425925925925926
0 0.36614583333333334 0.5050925925925925 0.025 0.09907407407407406
0 0.39140625 0.4944444444444444 0.0234375 0.10185185185185185
0 0.5927083333333334 0.4625 0.01979166666666667 0.09166666666666666
0 0.5231770833333333 0.4560185185185185 0.018229166666666668 0.08796296296296297
0 0.5817708333333333 0.45509259259259255 0.01979166666666667 0.10092592592592592
0 0.5138020833333333 0.46296296296296297 0.018229166666666668 0.10555555555555556
0 0.44427083333333334 0.6462962962962963 0.12083333333333333 0.5425925925925926
0 0.5981770833333334 0.5666666666666667 0.0546875 0.31111111111111106
0 0.4182291666666667 0.5981481481481481 0.06666666666666667 0.36666666666666664
0 0.4484375 0.4726851851851851 0.027083333333333334 0.06944444444444443
0 0.42890625 0.4685185185185185 0.028645833333333332 0.05555555555555555
0 0.23541666666666666 0.48148148148148145 0.02291666666666667 0.1
0 0.27656250000000004 0.4699074074074074 0.017708333333333333 0.10092592592592592
0 0.25807291666666665 0.4717592592592592 0.016145833333333335 0.09537037037037037
0 0.22578125000000002 0.4824074074074074 0.0234375 0.09259259259259259
0 0.20416666666666666 0.462037037037037 0.021875000000000002 0.0962962962962963
0 0.2520833333333333 0.46342592592592596 0.015625 0.07685185185185185
0 0.3296875 0.5004629629629629 0.027083333333333334 0.16203703703703703
0 0.6171875 0.538888888888889 0.06145833333333334 0.2814814814814815
0 0.64453125 0.462037037037037 0.0234375 0.09259259259259259
0 0.5567708333333333 0.46805555555555556 0.025 0.11203703703703702
0 0.38776041666666666 0.4513888888888889 0.009895833333333335 0.06203703703703703
0 0.3958333333333333 0.45 0.010416666666666666 0.06666666666666667
0 0.31328125 0.44861111111111107 0.009895833333333335 0.05648148148148148
0 0.34921875 0.462037037037037 0.013020833333333334 0.06666666666666667
0 0.36484374999999997 0.4592592592592592 0.009895833333333335 0.06296296296296296
0 0.37578125 0.46805555555555556 0.008854166666666666 0.05277777777777778
0 0.2674479166666667 0.4666666666666667 0.010937500000000001 0.07592592592592592
0 0.31484375000000003 0.4546296296296296 0.011979166666666666 0.0574074074074074
0 0.3010416666666667 0.45648148148148143 0.010416666666666666 0.0574074074074074
0 0.29192708333333334 0.4513888888888888 0.011979166666666666 0.06018518518518518
0 0.32109375 0.4532407407407407 0.011979166666666666 0.05277777777777778
0 0.3088541666666667 0.4509259259259259 0.011458333333333334 0.059259259259259255
0 0.27786458333333336 0.4532407407407407 0.015104166666666667 0.058333333333333334
0 0.5184895833333334 0.449537037037037 0.010937500000000001 0.04907407407407407
0 0.5270833333333333 0.44768518518518513 0.009375 0.05648148148148148
0 0.5190104166666667 0.4578703703703703 0.017187499999999998 0.0898148148148148
0 0.31093750000000003 0.41620370370370363 0.010416666666666666 0.03981481481481482
0 0.31614583333333335 0.412962962962963 0.009375 0.03888888888888888
0 0.28281249999999997 0.44629629629629625 0.011458333333333334 0.05
