0 0.5002604166666667 0.49861111111111106 0.050520833333333334 0.10092592592592592
0 0.625 0.6134259259259258 0.090625 0.46759259259259256
0 0.5583333333333333 0.4972222222222221 0.020833333333333332 0.09814814814814814
0 0.5755208333333334 0.49953703703703695 0.021875000000000002 0.10277777777777777
0 0.3739583333333333 0.49675925925925923 0.02291666666666667 0.09166666666666666
0 0.36328125000000006 0.5046296296296295 0.0265625 0.09814814814814814
0 0.39296875 0.49537037037037035 0.029687500000000002 0.10370370370370369
0 0.50234375 0.44999999999999996 0.0140625 0.07037037037037037
0 0.5835937499999999 0.4560185185185185 0.0203125 0.10092592592592592
0 0.5239583333333334 0.46435185185185185 0.01875 0.10092592592592592
0 0.6078125000000001 0.6574074074074073 0.09895833333333333 0.5648148148148148
0 0.5114583333333333 0.6347222222222222 0.07604166666666667 0.48981481481481476
0 0.4484375 0.4726851851851851 0.027083333333333334 0.06944444444444443
0 0.42890625 0.4685185185185185 0.028645833333333332 0.05555555555555555
0 0.20911458333333335 0.48101851851851846 0.0234375 0.10277777777777777
0 0.2609375 0.4717592592592592 0.016666666666666666 0.10277777777777777
0 0.23072916666666665 0.4722222222222222 0.015625 0.1
0 0.22526041666666666 0.4810185185185185 0.0234375 0.09537037037037037
0 0.20416666666666666 0.462037037037037 0.021875000000000002 0.0962962962962963
0 0.22161458333333334 0.46527777777777773 0.016145833333333335 0.07685185185185185
0 0.21119791666666665 0.5601851851851852 0.06614583333333333 0.37407407407407406
0 0.08203125 0.5629629629629629 0.08697916666666668 0.31111111111111106
0 0.49921875 0.5097222222222222 0.0390625 0.20092592592592592
0 0.5783854166666667 0.5050925925925925 0.049479166666666664 0.20092592592592592
0 0.7976562500000001 0.45648148148148143 0.018229166666666668 0.10185185185185185
0 0.6544270833333334 0.4611111111111111 0.0234375 0.0962962962962963
0 0.4822916666666667 0.44999999999999996 0.011458333333333334 0.06481481481481481
0 0.45885416666666673 0.4481481481481481 0.013541666666666667 0.07037037037037037
0 0.3361979166666667 0.45555555555555555 0.013020833333333334 0.06111111111111111
0 0.3666666666666667 0.44999999999999996 0.011458333333333334 0.06111111111111111
0 0.3497395833333333 0.4611111111111111 0.013020833333333334 0.06666666666666667
0 0.3653645833333333 0.46018518518518514 0.009895833333333335 0.06481481481481481
0 0.37578125 0.4694444444444444 0.008854166666666666 0.0537037037037037
0 0.27578125000000003 0.45370370370370366 0.011979166666666666 0.059259259259259255
0 0.26953125 0.4634259259259259 0.0140625 0.075
0 0.28046875 0.449537037037037 0.008854166666666666 0.047222222222222214
0 0.30833333333333335 0.45185185185185184 0.010416666666666666 0.0537037037037037
0 0.2973958333333333 0.45185185185185184 0.009375 0.0537037037037037
0 0.29765625 0.44861111111111107 0.009895833333333335 0.054629629629629625
0 0.31640625000000006 0.44722222222222213 0.010937500000000001 0.04814814814814815
0 0.3088541666666667 0.44675925925925924 0.010416666666666666 0.05277777777777778
0 0.2885416666666667 0.4504629629629629 0.010416666666666666 0.054629629629629625
0 0.5187499999999999 0.44907407407407407 0.011458333333333334 0.05
0 0.5291666666666667 0.44768518518518513 0.009375 0.05648148148148148
0 0.5346354166666667 0.45509259259259255 0.015104166666666667 0.07129629629629629
0 0.5932291666666666 0.461574074074074 0.01979166666666667 0.09166666666666666
