0 0.5002604166666667 0.49861111111111106 0.050520833333333334 0.10092592592592592
0 0.8330729166666667 0.6435185185185185 0.1046875 0.5388888888888889
0 0.5895833333333333 0.4722222222222222 0.01875 0.14444444444444443
0 0.5828125000000001 0.48287037037037034 0.027083333333333334 0.12685185185185185
0 0.04583333333333334 0.5523148148148148 0.04583333333333334 0.14351851851851852
0 0.041666666666666664 0.5685185185185184 0.06979166666666667 0.2462962962962963
0 0.5039062500000001 0.44999999999999996 0.016145833333333335 0.07407407407407408
0 0.5359375000000001 0.4629629629629629 0.01979166666666667 0.1
0 0.51171875 0.4592592592592592 0.018229166666666668 0.09074074074074073
0 0.89453125 0.7041666666666667 0.1609375 0.7064814814814814
0 0.7601562500000001 0.6879629629629629 0.13072916666666667 0.6
0 0.4484375 0.4726851851851851 0.027083333333333334 0.06944444444444443
0 0.42890625 0.4685185185185185 0.028645833333333332 0.05555555555555555
0 0.21197916666666666 0.4810185185185185 0.026041666666666668 0.10462962962962963
0 0.22994791666666667 0.4722222222222222 0.017187499999999998 0.1
0 0.22786458333333334 0.4731481481481481 0.015104166666666667 0.1
0 0.22734375 0.4800925925925926 0.022395833333333334 0.09351851851851851
0 0.20416666666666666 0.462037037037037 0.021875000000000002 0.0962962962962963
0 0.22838541666666667 0.4625 0.017187499999999998 0.07685185185185185
0 0.48125 0.5162037037037037 0.04791666666666666 0.27685185185185185
0 0.5723958333333333 0.5162037037037036 0.051041666666666666 0.22314814814814812
0 0.5151041666666667 0.5412037037037037 0.06979166666666667 0.2601851851851852
0 0.41328125 0.524074074074074 0.051562500000000004 0.2462962962962963
0 0.36796875 0.47222222222222215 0.0203125 0.11851851851851851
0 0.62265625 0.4541666666666666 0.017187499999999998 0.0787037037037037
0 0.5971354166666667 0.4634259259259259 0.019270833333333334 0.0861111111111111
0 0.5841145833333333 0.4583333333333333 0.018229166666666668 0.09259259259259259
0 0.3440104166666667 0.46296296296296297 0.016145833333333335 0.08518518518518518
0 0.38359375 0.4583333333333333 0.015104166666666667 0.08333333333333333
0 0.35442708333333334 0.4611111111111111 0.013020833333333334 0.06666666666666667
0 0.36640625 0.4606481481481481 0.009895833333333335 0.06574074074074074
0 0.37473958333333335 0.4694444444444444 0.011979166666666666 0.05185185185185184
0 0.30625 0.4606481481481481 0.016666666666666666 0.07314814814814814
0 0.2890625 0.462037037037037 0.013541666666666667 0.0685185185185185
0 0.24453125 0.4597222222222222 0.013020833333333334 0.06759259259259259
0 0.28515625 0.45648148148148143 0.009895833333333335 0.06111111111111111
0 0.30781250000000004 0.4375 0.009375 0.04351851851851852
0 0.31171875 0.4439814814814814 0.009895833333333335 0.045370370370370366
0 0.2955729166666667 0.42777777777777776 0.0067708333333333336 0.029629629629629627
0 0.30234375 0.4259259259259259 0.0067708333333333336 0.029629629629629627
0 0.5190104166666667 0.44907407407407407 0.011979166666666666 0.05
0 0.5317708333333334 0.44861111111111107 0.009375 0.05648148148148148
