0 0.5002604166666667 0.49861111111111106 0.050520833333333334 0.10092592592592592
0 0.3841145833333333 0.5546296296296295 0.051562500000000004 0.3
0 0.5578125 0.4981481481481481 0.01979166666666667 0.10185185185185185
0 0.57578125 0.5004629629629629 0.018229166666666668 0.10462962962962963
0 0.378125 0.4930555555555555 0.02291666666666667 0.08425925925925926
0 0.3666666666666667 0.5046296296296295 0.026041666666666668 0.09814814814814814
0 0.40130208333333334 0.4842592592592592 0.022395833333333334 0.09074074074074073
0 0.6463541666666666 0.45879629629629626 0.01979166666666667 0.09166666666666666
0 0.5322916666666667 0.45787037037037037 0.01875 0.09166666666666666
0 0.5789062500000001 0.45555555555555555 0.0203125 0.1
0 0.5059895833333333 0.4564814814814815 0.021354166666666667 0.10555555555555556
0 0.3356770833333333 0.5902777777777778 0.07239583333333334 0.3768518518518518
0 0.4403645833333333 0.5365740740740741 0.04635416666666667 0.24166666666666667
0 0.32890625 0.5699074074074074 0.0578125 0.312037037037037
0 0.4484375 0.4726851851851851 0.027083333333333334 0.06944444444444443
0 0.42890625 0.4685185185185185 0.028645833333333332 0.05555555555555555
0 0.26484375000000004 0.4810185185185185 0.018229166666666668 0.09722222222222222
0 0.2682291666666667 0.4703703703703704 0.017708333333333333 0.0962962962962963
0 0.23046875 0.4805555555555555 0.03177083333333333 0.09444444444444443
0 0.2046875 0.4611111111111111 0.021875000000000002 0.0962962962962963
0 0.24348958333333334 0.461574074074074 0.018229166666666668 0.07685185185185185
0 0.3203125 0.48472222222222217 0.02291666666666667 0.12685185185185185
0 0.4526041666666667 0.5106481481481481 0.03854166666666667 0.2157407407407407
0 0.5859375 0.45879629629629626 0.016666666666666666 0.0787037037037037
0 0.4231770833333333 0.4722222222222222 0.0234375 0.11666666666666667
0 0.30546875 0.44861111111111107 0.010937500000000001 0.05648148148148148
0 0.35130208333333335 0.4611111111111111 0.013020833333333334 0.06666666666666667
0 0.3684895833333333 0.45879629629629626 0.013020833333333334 0.06203703703703703
0 0.37578125 0.46805555555555556 0.008854166666666666 0.05277777777777778
0 0.3197916666666667 0.4587962962962963 0.013541666666666667 0.06388888888888888
0 0.29791666666666666 0.45462962962962966 0.0125 0.0685185185185185
0 0.3190104166666667 0.4546296296296296 0.011979166666666666 0.06481481481481481
0 0.28281249999999997 0.45416666666666666 0.015625 0.06388888888888888
0 0.5182291666666666 0.449537037037037 0.010416666666666666 0.04907407407407407
0 0.5270833333333333 0.44768518518518513 0.009375 0.05648148148148148
0 0.3098958333333333 0.4106481481481481 0.010416666666666666 0.03981481481481482
0 0.3151041666666667 0.41111111111111115 0.009375 0.03888888888888888
0 0.5153645833333333 0.4513888888888889 0.011979166666666666 0.06574074074074074
0 0.5028645833333334 0.45972222222222214 0.010937500000000001 0.03981481481481482
0 0.4221354166666667 0.4569444444444445 0.016145833333333335 0.08055555555555555
0 0.2911458333333333 0.44583333333333336 0.011458333333333334 0.05092592592592592
