0 0.5002604166666667 0.49861111111111106 0.050520833333333334 0.10092592592592592
0 0.61953125 0.6129629629629629 0.08802083333333333 0.4629629629629629
0 0.5763020833333333 0.4847222222222222 0.022395833333333334 0.125
0 0.5755208333333334 0.49953703703703695 0.02291666666666667 0.10277777777777777
0 0.3463541666666667 0.4949074074074074 0.025 0.08425925925925926
0 0.2794270833333333 0.5162037037037036 0.034895833333333334 0.10277777777777777
0 0.3744791666666667 0.4930555555555555 0.03125 0.1175925925925926
0 0.49270833333333336 0.44907407407407407 0.013541666666666667 0.06481481481481481
0 0.5807291666666666 0.45509259259259255 0.01979166666666667 0.10277777777777777
0 0.52734375 0.45879629629629626 0.018229166666666668 0.09537037037037037
0 0.6059895833333334 0.6537037037037037 0.09947916666666667 0.5611111111111111
0 0.5484375 0.6296296296296295 0.06770833333333333 0.47777777777777775
0 0.4484375 0.4726851851851851 0.027083333333333334 0.06944444444444443
0 0.42890625 0.4685185185185185 0.028645833333333332 0.05555555555555555
0 0.2109375 0.4824074074074074 0.027083333333333334 0.10370370370370369
0 0.24609375 0.47222222222222215 0.019270833333333334 0.10185185185185185
0 0.22708333333333336 0.4731481481481481 0.015625 0.1
0 0.22578125000000002 0.4810185185185185 0.022395833333333334 0.09537037037037037
0 0.20416666666666666 0.462037037037037 0.021875000000000002 0.0962962962962963
0 0.22395833333333334 0.4643518518518518 0.016666666666666666 0.07685185185185185
0 0.3802083333333333 0.5305555555555556 0.07291666666666667 0.3074074074074074
0 0.31145833333333334 0.5351851851851851 0.059375000000000004 0.2648148148148148
0 0.26848958333333334 0.5606481481481481 0.08177083333333333 0.30277777777777776
0 0.17421875 0.5555555555555556 0.0546875 0.3148148148148148
0 0.6221354166666666 0.5324074074074073 0.051562500000000004 0.25740740740740736
0 0.4700520833333333 0.4842592592592592 0.03072916666666667 0.1611111111111111
0 0.6513020833333334 0.4574074074074074 0.018229166666666668 0.08888888888888888
0 0.5158854166666667 0.45555555555555555 0.0140625 0.07222222222222222
0 0.5049479166666667 0.45185185185185184 0.013020833333333334 0.07222222222222222
0 0.33125000000000004 0.45879629629629626 0.014583333333333334 0.07129629629629629
0 0.38046875 0.4513888888888889 0.013020833333333334 0.06574074074074074
0 0.35078125 0.4611111111111111 0.013020833333333334 0.06666666666666667
0 0.3658854166666667 0.46018518518518514 0.009895833333333335 0.06481481481481481
0 0.3791666666666667 0.4694444444444444 0.009375 0.0537037037037037
0 0.2877604166666667 0.4541666666666666 0.013020833333333334 0.06574074074074074
0 0.27656250000000004 0.4560185185185185 0.0125 0.06203703703703703
0 0.2596354166666667 0.462037037037037 0.013020833333333334 0.07592592592592592
0 0.28098958333333335 0.45 0.009895833333333335 0.05
0 0.309375 0.4486111111111111 0.009375 0.047222222222222214
0 0.30078125 0.449537037037037 0.008854166666666666 0.05092592592592592
0 0.3145833333333333 0.44583333333333325 0.009375 0.04907407407407407
0 0.31093750000000003 0.4444444444444444 0.010416666666666666 0.04814814814814815
0 0.28958333333333336 0.4481481481481481 0.009375 0.05185185185185184
0 0.5187499999999999 0.44907407407407407 0.011458333333333334 0.05
0 0.5302083333333334 0.44768518518518513 0.009375 0.05648148148148148
0 0.5361979166666667 0.4532407407407407 0.013020833333333334 0.06759259259259259
0 0.5867187500000001 0.462037037037037 0.018229166666666668 0.09259259259259259
