0 0.5002604166666667 0.49861111111111106 0.050520833333333334 0.10092592592592592
0 0.6794270833333335 0.6263888888888888 0.0921875 0.49166666666666664
0 0.5882812500000001 0.4759259259259259 0.0234375 0.14259259259259258
0 0.5755208333333334 0.49953703703703695 0.02291666666666667 0.10277777777777777
0 0.26067708333333334 0.5175925925925926 0.033854166666666664 0.10370370370370369
0 0.14453125 0.5375 0.0484375 0.11574074074074073
0 0.30703125000000003 0.5106481481481481 0.0421875 0.14907407407407408
0 0.48723958333333334 0.44490740740740736 0.013020833333333334 0.058333333333333334
0 0.33645833333333336 0.8018518518518518 0.2 0.8981481481481481
0 0.5635416666666667 0.45648148148148143 0.01979166666666667 0.10185185185185185
0 0.52734375 0.45879629629629626 0.018229166666666668 0.09166666666666666
0 0.6747395833333334 0.6833333333333333 0.14322916666666666 0.6203703703703703
0 0.596875 0.638425925925926 0.09479166666666668 0.4935185185185185
0 0.4484375 0.4726851851851851 0.027083333333333334 0.06944444444444443
0 0.42890625 0.4685185185185185 0.028645833333333332 0.05555555555555555
0 0.21015625 0.4814814814814815 0.0265625 0.10555555555555556
0 0.23203125 0.4731481481481481 0.018229166666666668 0.10185185185185185
0 0.22708333333333336 0.4731481481481481 0.015625 0.1
0 0.22682291666666668 0.4805555555555555 0.022395833333333334 0.09444444444444443
0 0.20416666666666666 0.462037037037037 0.021875000000000002 0.0962962962962963
0 0.22578125000000002 0.46342592592592596 0.017187499999999998 0.07685185185185185
0 0.4486979166666667 0.5171296296296296 0.04635416666666667 0.28055555555555556
0 0.4356770833333333 0.5231481481481481 0.051562500000000004 0.24444444444444444
0 0.3705729166666667 0.5458333333333333 0.0609375 0.27314814814814814
0 0.30442708333333335 0.5356481481481481 0.06302083333333333 0.2657407407407407
0 0.7486979166666666 0.5523148148148148 0.06510416666666667 0.32314814814814813
0 0.4239583333333333 0.475462962962963 0.028125 0.13425925925925924
0 0.6364583333333333 0.45694444444444443 0.017708333333333333 0.0824074074074074
0 0.5408854166666667 0.45694444444444443 0.016145833333333335 0.075
0 0.5302083333333334 0.4523148148148148 0.013541666666666667 0.07685185185185185
0 0.3322916666666667 0.4611111111111111 0.016666666666666666 0.07592592592592592
0 0.38515625 0.45462962962962966 0.0140625 0.07222222222222222
0 0.35130208333333335 0.4611111111111111 0.013020833333333334 0.06666666666666667
0 0.3658854166666667 0.46018518518518514 0.009895833333333335 0.06481481481481481
0 0.3802083333333333 0.4699074074074074 0.010416666666666666 0.05277777777777778
0 0.296875 0.45462962962962966 0.014583333333333334 0.0685185185185185
0 0.27968750000000003 0.45787037037037037 0.0125 0.06388888888888888
0 0.25234375000000003 0.462037037037037 0.0140625 0.07037037037037037
0 0.28177083333333336 0.45231481481481484 0.009375 0.054629629629629625
0 0.31093750000000003 0.44861111111111107 0.009375 0.045370370370370366
0 0.3127604166666667 0.44305555555555554 0.008854166666666666 0.045370370370370366
0 0.31171875 0.4439814814814814 0.009895833333333335 0.045370370370370366
0 0.5190104166666667 0.44907407407407407 0.011979166666666666 0.05
0 0.53125 0.44768518518518513 0.009375 0.05648148148148148
0 0.5385416666666667 0.45370370370370366 0.013541666666666667 0.07222222222222222
0 0.5867187500000001 0.462037037037037 0.018229166666666668 0.09259259259259259
