0 0.5002604166666667 0.49861111111111106 0.050520833333333334 0.10092592592592592
0 0.9716145833333334 0.6504629629629629 0.10364583333333333 0.5638888888888888
0 0.5906250000000001 0.4694444444444444 0.01875 0.14444444444444443
0 0.5700520833333333 0.47129629629629627 0.021354166666666667 0.1148148148148148
0 0.5213541666666667 0.45601851851851843 0.01875 0.0898148148148148
0 0.5304687499999999 0.4629629629629629 0.0203125 0.0962962962962963
0 0.48541666666666666 0.46018518518518514 0.017708333333333333 0.09074074074074073
0 0.9192708333333334 0.7 0.12812500000000002 0.6518518518518518
0 0.4484375 0.4726851851851851 0.027083333333333334 0.06944444444444443
0 0.42890625 0.4685185185185185 0.028645833333333332 0.05555555555555555
0 0.21119791666666665 0.4810185185185185 0.02447916666666667 0.10462962962962963
0 0.22968750000000002 0.47268518518518515 0.015625 0.09722222222222222
0 0.22838541666666667 0.4731481481481481 0.015104166666666667 0.1
0 0.22786458333333337 0.4800925925925926 0.022395833333333334 0.09351851851851851
0 0.20416666666666666 0.462037037037037 0.021875000000000002 0.0962962962962963
0 0.23046875 0.461574074074074 0.018229166666666668 0.07685185185185185
0 0.5604166666666667 0.5143518518518518 0.06874999999999999 0.2657407407407407
0 0.6192708333333333 0.5134259259259258 0.04583333333333334 0.225
0 0.6231770833333333 0.5375 0.051562500000000004 0.2546296296296296
0 0.51171875 0.512962962962963 0.03802083333333334 0.22592592592592592
0 0.3419270833333333 0.4703703703703704 0.018229166666666668 0.1
0 0.6494791666666666 0.4606481481481481 0.02291666666666667 0.10277777777777777
0 0.63671875 0.4583333333333333 0.022395833333333334 0.10185185185185185
0 0.3541666666666667 0.46574074074074073 0.020833333333333332 0.09259259259259259
0 0.384375 0.461574074074074 0.01979166666666667 0.09351851851851851
0 0.35442708333333334 0.4611111111111111 0.013020833333333334 0.06666666666666667
0 0.36640625 0.4606481481481481 0.009895833333333335 0.06574074074074074
0 0.3747395833333333 0.4699074074074074 0.009895833333333335 0.05277777777777778
0 0.3125 0.4611111111111111 0.017708333333333333 0.07592592592592592
0 0.29401041666666666 0.4625 0.0140625 0.075
0 0.23880208333333333 0.4611111111111111 0.010937500000000001 0.06666666666666667
0 0.28020833333333334 0.44861111111111107 0.011458333333333334 0.05277777777777778
0 0.2893229166666667 0.46018518518518514 0.011979166666666666 0.0685185185185185
0 0.3098958333333333 0.4310185185185185 0.009375 0.041666666666666664
0 0.31093750000000003 0.4407407407407407 0.009375 0.04259259259259259
0 0.2979166666666667 0.42407407407407405 0.00625 0.027777777777777776
0 0.3028645833333333 0.42037037037037034 0.0067708333333333336 0.029629629629629627
0 0.5192708333333333 0.44907407407407407 0.0125 0.05
0 0.5317708333333334 0.44861111111111107 0.009375 0.05648148148148148
0 0.4075520833333333 0.4439814814814814 0.0140625 0.05277777777777778
0 0.5531250000000001 0.4592592592592592 0.015625 0.08333333333333333
