0 0.5002604166666667 0.49861111111111106 0.050520833333333334 0.10092592592592592
0 0.41640625000000003 0.562037037037037 0.0578125 0.31851851851851853
0 0.5575520833333333 0.4981481481481481 0.0203125 0.10185185185185185
0 0.5760416666666667 0.5004629629629629 0.01875 0.10462962962962963
0 0.3776041666666667 0.49398148148148147 0.02291666666666667 0.08425925925925926
0 0.3666666666666667 0.5046296296296295 0.026041666666666668 0.09814814814814814
0 0.3979166666666667 0.4875 0.02291666666666667 0.09351851851851851
0 0.6270833333333333 0.4606481481481481 0.01979166666666667 0.09166666666666666
0 0.5302083333333334 0.45787037037037037 0.01875 0.09166666666666666
0 0.5783854166666667 0.45509259259259255 0.0203125 0.10092592592592592
0 0.5106770833333334 0.4587962962962963 0.018229166666666668 0.10462962962962963
0 0.3229166666666667 0.6078703703703704 0.08750000000000001 0.43425925925925923
0 0.46484375000000006 0.5453703703703704 0.04739583333333334 0.2648148148148148
0 0.3572916666666667 0.5768518518518518 0.0625 0.3259259259259259
0 0.4484375 0.4726851851851851 0.027083333333333334 0.06944444444444443
0 0.42890625 0.4685185185185185 0.028645833333333332 0.05555555555555555
0 0.25364583333333335 0.4810185185185185 0.016666666666666666 0.10092592592592592
0 0.27109374999999997 0.47037037037037027 0.018229166666666668 0.09814814814814814
0 0.26145833333333335 0.4717592592592592 0.015625 0.09537037037037037
0 0.22369791666666666 0.48148148148148145 0.03177083333333333 0.09444444444444443
0 0.20442708333333334 0.4611111111111111 0.021354166666666667 0.0962962962962963
0 0.25286458333333334 0.4625 0.016145833333333335 0.07685185185185185
0 0.3130208333333333 0.48981481481481476 0.02291666666666667 0.13333333333333333
0 0.49895833333333334 0.524074074074074 0.041666666666666664 0.23333333333333334
0 0.6 0.461574074074074 0.016666666666666666 0.0824074074074074
0 0.46901041666666665 0.4666666666666667 0.0203125 0.11666666666666667
0 0.3078125 0.44953703703703696 0.010416666666666666 0.05648148148148148
0 0.35078125 0.462037037037037 0.013020833333333334 0.06666666666666667
0 0.3674479166666667 0.4583333333333333 0.013020833333333334 0.06296296296296296
0 0.37578125 0.46805555555555556 0.008854166666666666 0.05277777777777778
0 0.31822916666666673 0.45694444444444443 0.013541666666666667 0.06203703703703703
0 0.30442708333333335 0.45879629629629626 0.010937500000000001 0.06203703703703703
0 0.29453124999999997 0.45416666666666666 0.013020833333333334 0.06759259259259259
0 0.3161458333333333 0.45370370370370366 0.011458333333333334 0.06296296296296296
0 0.27786458333333336 0.45370370370370366 0.015104166666666667 0.06296296296296296
0 0.5182291666666666 0.449537037037037 0.010416666666666666 0.04907407407407407
0 0.5270833333333333 0.44768518518518513 0.009375 0.05648148148148148
0 0.4942708333333333 0.45231481481481484 0.015625 0.08796296296296297
0 0.3098958333333333 0.4106481481481481 0.010416666666666666 0.03981481481481482
0 0.31562500000000004 0.41111111111111115 0.009375 0.03888888888888888
0 0.5049479166666667 0.4527777777777777 0.011979166666666666 0.06666666666666667
0 0.28854166666666664 0.44537037037037036 0.011458333333333334 0.05
