0 0.5002604166666667 0.49861111111111106 0.050520833333333334 0.10092592592592592
0 0.7973958333333334 0.562037037037037 0.08125 0.37037037037037035
0 0.3283854166666667 0.5347222222222221 0.0453125 0.2472222222222222
0 0.8500000000000001 0.5606481481481481 0.08958333333333333 0.3342592592592592
0 0.5588541666666667 0.4981481481481481 0.01875 0.10185185185185185
0 0.5760416666666667 0.5009259259259259 0.016666666666666666 0.10555555555555556
0 0.3888020833333333 0.4851851851851851 0.0203125 0.0685185185185185
0 0.3671875 0.5041666666666667 0.027083333333333334 0.09722222222222222
0 0.3893229166666667 0.4578703703703703 0.0140625 0.06944444444444443
0 0.6627604166666666 0.4601851851851852 0.017187499999999998 0.09259259259259259
0 0.5385416666666667 0.45648148148148143 0.020833333333333332 0.1074074074074074
0 0.5828125000000001 0.4574074074074074 0.01979166666666667 0.1
0 0.496875 0.45555555555555555 0.021875000000000002 0.10555555555555556
0 0.26406250000000003 0.5439814814814814 0.06458333333333334 0.2638888888888889
0 0.3510416666666667 0.512962962962963 0.03333333333333333 0.17592592592592593
0 0.7424479166666667 0.4629629629629629 0.03072916666666667 0.11666666666666667
0 0.8049479166666667 0.4625 0.0265625 0.11388888888888889
0 0.27421875 0.5412037037037037 0.04635416666666667 0.23055555555555554
0 0.4484375 0.4726851851851851 0.027083333333333334 0.06944444444444443
0 0.42890625 0.4685185185185185 0.028645833333333332 0.05555555555555555
0 0.29401041666666666 0.4726851851851851 0.018229166666666668 0.0861111111111111
0 0.20598958333333334 0.4611111111111111 0.021354166666666667 0.0962962962962963
0 0.228125 0.46388888888888885 0.020833333333333332 0.07777777777777777
0 0.31171875 0.4833333333333333 0.018229166666666668 0.12407407407407406
0 0.521875 0.45694444444444443 0.016666666666666666 0.07129629629629629
0 0.34218750000000003 0.4805555555555555 0.01979166666666667 0.12037037037037036
0 0.37083333333333335 0.45879629629629626 0.014583333333333334 0.06203703703703703
0 0.37578125 0.46805555555555556 0.009895833333333335 0.05277777777777778
0 0.5270833333333333 0.44768518518518513 0.009375 0.05648148148148148
0 0.30625 0.4171296296296296 0.010416666666666666 0.03981481481481482
0 0.3145833333333333 0.4148148148148148 0.009375 0.03888888888888888
0 0.5442708333333334 0.44814814814814813 0.0125 0.06296296296296296
0 0.3625 0.45694444444444443 0.017708333333333333 0.0787037037037037
