0 0.5002604166666667 0.49861111111111106 0.050520833333333334 0.10092592592592592
0 0.4697916666666667 0.576851851851852 0.08125 0.35
0 0.5572916666666666 0.49861111111111106 0.01979166666666667 0.10092592592592592
0 0.57578125 0.5004629629629629 0.019270833333333334 0.10462962962962963
0 0.37604166666666666 0.49398148148148147 0.02291666666666667 0.08425925925925926
0 0.36640625 0.5046296296296295 0.025520833333333333 0.09814814814814814
0 0.39348958333333334 0.4921296296296296 0.0234375 0.09907407407407406
0 0.6 0.4625 0.01979166666666667 0.09166666666666666
0 0.5260416666666667 0.45787037037037037 0.01875 0.09166666666666666
0 0.5817708333333333 0.45509259259259255 0.01979166666666667 0.10092592592592592
0 0.5122395833333333 0.462037037037037 0.018229166666666668 0.10555555555555556
0 0.39296875000000003 0.6439814814814814 0.0859375 0.5064814814814814
0 0.54140625 0.5560185185185186 0.050520833333333334 0.2916666666666667
0 0.4 0.5976851851851851 0.06666666666666667 0.3472222222222222
0 0.4484375 0.4726851851851851 0.027083333333333334 0.06944444444444443
0 0.42890625 0.4685185185185185 0.028645833333333332 0.05555555555555555
0 0.24557291666666664 0.48148148148148145 0.019270833333333334 0.1
0 0.27421875 0.47083333333333327 0.016145833333333335 0.09907407407407406
0 0.26015625000000003 0.47268518518518515 0.016145833333333335 0.09537037037037037
0 0.22421875000000002 0.48194444444444445 0.025520833333333333 0.09722222222222222
0 0.20416666666666666 0.4611111111111111 0.021875000000000002 0.0962962962962963
0 0.25026041666666665 0.4625 0.016145833333333335 0.07685185185185185
0 0.31666666666666665 0.49629629629629624 0.03333333333333333 0.1537037037037037
0 0.5718749999999999 0.5333333333333333 0.04895833333333334 0.2611111111111111
0 0.6276041666666666 0.4606481481481481 0.015625 0.0898148148148148
0 0.5283854166666666 0.46435185185185185 0.019270833333333334 0.10833333333333334
0 0.3106770833333333 0.44861111111111107 0.009895833333333335 0.05648148148148148
0 0.3497395833333333 0.4629629629629629 0.013020833333333334 0.06666666666666667
0 0.3653645833333333 0.4583333333333333 0.011979166666666666 0.06296296296296296
0 0.37578125 0.46805555555555556 0.008854166666666666 0.05277777777777778
0 0.3158854166666667 0.45555555555555555 0.013020833333333334 0.059259259259259255
0 0.3015625 0.45694444444444443 0.010416666666666666 0.058333333333333334
0 0.2911458333333333 0.4513888888888889 0.0125 0.06388888888888888
0 0.32317708333333334 0.4541666666666666 0.011979166666666666 0.05277777777777778
0 0.3119791666666667 0.45185185185185184 0.011458333333333334 0.059259259259259255
0 0.2768229166666667 0.45370370370370366 0.015104166666666667 0.059259259259259255
0 0.5182291666666666 0.449537037037037 0.010416666666666666 0.04907407407407407
0 0.5270833333333333 0.44768518518518513 0.009375 0.05648148148148148
0 0.5127604166666667 0.45694444444444443 0.017187499999999998 0.09166666666666666
0 0.3104166666666667 0.4124999999999999 0.010416666666666666 0.03981481481481482
0 0.31562500000000004 0.41111111111111115 0.009375 0.03888888888888888
0 0.4924479166666667 0.4555555555555555 0.010937500000000001 0.06481481481481481
0 0.28541666666666665 0.44629629629629625 0.011458333333333334 0.05
