0 0.5002604166666667 0.49861111111111106 0.050520833333333334 0.10092592592592592
0 0.759375 0.6370370370370371 0.11145833333333333 0.5185185185185185
0 0.5888020833333334 0.4731481481481481 0.019270833333333334 0.14444444444444443
0 0.57578125 0.48703703703703705 0.019270833333333334 0.13333333333333333
0 0.17161458333333335 0.5351851851851851 0.0421875 0.11851851851851851
0 0.0 0.5550925925925926 0.050520833333333334 0.11574074074074073
0 0.18463541666666666 0.5402777777777777 0.05677083333333334 0.19537037037037036
0 0.4940104166666667 0.44722222222222213 0.0140625 0.06481481481481481
0 0.5476562500000001 0.4601851851851852 0.0203125 0.1
0 0.5205729166666667 0.4592592592592592 0.018229166666666668 0.09074074074074073
0 0.78828125 0.7050925925925925 0.14947916666666666 0.6842592592592591
0 0.68203125 0.6625 0.10677083333333333 0.5416666666666666
0 0.4484375 0.4726851851851851 0.027083333333333334 0.06944444444444443
0 0.42890625 0.4685185185185185 0.028645833333333332 0.05555555555555555
0 0.21197916666666666 0.4814814814814815 0.026041666666666668 0.10555555555555556
0 0.22968750000000002 0.4736111111111111 0.017708333333333333 0.10092592592592592
0 0.22760416666666666 0.4731481481481481 0.015625 0.1
0 0.22734375 0.4800925925925926 0.022395833333333334 0.09351851851851851
0 0.20416666666666666 0.462037037037037 0.021875000000000002 0.0962962962962963
0 0.22734375 0.4625 0.017187499999999998 0.07685185185185185
0 0.4627604166666667 0.5175925925925926 0.04114583333333334 0.27777777777777773
0 0.5145833333333333 0.513425925925926 0.05416666666666667 0.23055555555555554
0 0.4552083333333333 0.5402777777777777 0.06874999999999999 0.2657407407407407
0 0.3692708333333333 0.5249999999999999 0.06041666666666667 0.24814814814814812
0 0.8794270833333334 0.5754629629629628 0.07135416666666666 0.40277777777777773
0 0.3927083333333333 0.4736111111111111 0.02291666666666667 0.12129629629629629
0 0.6244791666666666 0.45555555555555555 0.017708333333333333 0.07592592592592592
0 0.56875 0.45833333333333326 0.016666666666666666 0.08703703703703704
0 0.5596354166666667 0.45648148148148143 0.018229166666666668 0.08703703703703704
0 0.3375 0.4606481481481481 0.016666666666666666 0.0787037037037037
0 0.38593750000000004 0.4574074074074074 0.014583333333333334 0.07962962962962963
0 0.3533854166666667 0.4611111111111111 0.013020833333333334 0.06666666666666667
0 0.36640625 0.4606481481481481 0.009895833333333335 0.06574074074074074
0 0.37473958333333335 0.4694444444444444 0.013020833333333334 0.05185185185185184
0 0.3041666666666667 0.45694444444444443 0.016666666666666666 0.07314814814814814
0 0.2856770833333333 0.4597222222222222 0.0140625 0.06759259259259259
0 0.24713541666666666 0.461574074074074 0.0140625 0.07129629629629629
0 0.2838541666666667 0.4546296296296296 0.009375 0.0574074074074074
0 0.3119791666666667 0.449537037037037 0.009375 0.045370370370370366
0 0.30781250000000004 0.4435185185185185 0.009375 0.04444444444444444
0 0.31171875 0.4439814814814814 0.009895833333333335 0.045370370370370366
0 0.2966145833333333 0.4324074074074074 0.0067708333333333336 0.029629629629629627
0 0.3028645833333333 0.4296296296296296 0.0067708333333333336 0.029629629629629627
0 0.5190104166666667 0.44907407407407407 0.011979166666666666 0.05
0 0.5317708333333334 0.44861111111111107 0.009375 0.05648148148148148
0 0.5375000000000001 0.4513888888888889 0.014583333333333334 0.06574074074074074
0 0.5768229166666666 0.46018518518518514 0.018229166666666668 0.09074074074074073
