0 0.5002604166666667 0.49861111111111106 0.050520833333333334 0.10092592592592592
0 0.3736979166666667 0.5509259259259259 0.050520833333333334 0.28703703703703703
0 0.5578125 0.4981481481481481 0.01979166666666667 0.10185185185185185
0 0.5760416666666667 0.5009259259259259 0.017708333333333333 0.10555555555555556
0 0.37916666666666665 0.4930555555555555 0.02291666666666667 0.08425925925925926
0 0.3666666666666667 0.5046296296296295 0.026041666666666668 0.09814814814814814
0 0.40390625 0.4819444444444444 0.021354166666666667 0.08796296296296297
0 0.6578125 0.45879629629629626 0.01979166666666667 0.09166666666666666
0 0.53359375 0.45787037037037037 0.019270833333333334 0.09351851851851851
0 0.5796875 0.45555555555555555 0.01979166666666667 0.1
0 0.49765625 0.4564814814814815 0.022395833333333334 0.10555555555555556
0 0.3234375 0.576851851851852 0.06874999999999999 0.34074074074074073
0 0.41953124999999997 0.5337962962962963 0.04114583333333334 0.22685185185185183
0 0.3078125 0.5597222222222221 0.051041666666666666 0.2842592592592592
0 0.4484375 0.4726851851851851 0.027083333333333334 0.06944444444444443
0 0.42890625 0.4685185185185185 0.028645833333333332 0.05555555555555555
0 0.27109375 0.48009259259259257 0.017187499999999998 0.09166666666666666
0 0.2674479166666667 0.4703703703703704 0.016145833333333335 0.0962962962962963
0 0.24114583333333334 0.4796296296296296 0.020833333333333332 0.0962962962962963
0 0.20494791666666665 0.4611111111111111 0.021354166666666667 0.0962962962962963
0 0.23776041666666664 0.4625 0.019270833333333334 0.07685185185185185
0 0.3184895833333333 0.4842592592592592 0.022395833333333334 0.1259259259259259
0 0.42083333333333334 0.5101851851851852 0.042708333333333334 0.2
0 0.5723958333333333 0.45601851851851843 0.015625 0.07314814814814814
0 0.3953125 0.4749999999999999 0.01979166666666667 0.1111111111111111
0 0.3518229166666667 0.4611111111111111 0.013020833333333334 0.06666666666666667
0 0.3690104166666667 0.45879629629629626 0.013020833333333334 0.06203703703703703
0 0.37578125 0.46805555555555556 0.009895833333333335 0.05277777777777778
0 0.32083333333333336 0.4592592592592592 0.013541666666666667 0.06481481481481481
0 0.2986979166666667 0.4532407407407407 0.011979166666666666 0.06574074074074074
0 0.32109375 0.45555555555555555 0.011979166666666666 0.06666666666666667
0 0.28437500000000004 0.4546296296296296 0.014583333333333334 0.06481481481481481
0 0.51796875 0.449537037037037 0.009895833333333335 0.04907407407407407
0 0.5270833333333333 0.44768518518518513 0.009375 0.05648148148148148
0 0.3088541666666667 0.4106481481481481 0.010416666666666666 0.03981481481481482
0 0.3151041666666667 0.41111111111111115 0.009375 0.03888888888888888
0 0.5265624999999999 0.45231481481481484 0.0125 0.06388888888888888
0 0.51328125 0.45879629629629626 0.010937500000000001 0.03981481481481482
0 0.415625 0.4601851851851852 0.016666666666666666 0.08888888888888888
0 0.2934895833333333 0.44722222222222213 0.010937500000000001 0.05185185185185184
