0 0.5002604166666667 0.49861111111111106 0.050520833333333334 0.10092592592592592
0 0.5932291666666667 0.46435185185185185 0.021875000000000002 0.13425925925925924
0 0.5658854166666667 0.4694444444444444 0.021354166666666667 0.1148148148148148
0 0.5263020833333334 0.4574074074074074 0.019270833333333334 0.09444444444444443
0 0.52734375 0.461574074074074 0.0203125 0.09351851851851851
0 0.4770833333333333 0.4625 0.017708333333333333 0.09166666666666666
0 0.9546875 0.7087962962962961 0.16145833333333334 0.6694444444444444
0 0.4484375 0.4726851851851851 0.027083333333333334 0.06944444444444443
0 0.42890625 0.4685185185185185 0.028645833333333332 0.05555555555555555
0 0.2109375 0.4810185185185185 0.02395833333333333 0.10462962962962963
0 0.23020833333333335 0.4722222222222222 0.015625 0.0962962962962963
0 0.22838541666666667 0.4731481481481481 0.015104166666666667 0.1
0 0.22760416666666666 0.4805555555555555 0.021875000000000002 0.09259259259259259
0 0.20416666666666666 0.462037037037037 0.021875000000000002 0.0962962962962963
0 0.23098958333333336 0.461574074074074 0.018229166666666668 0.07685185185185185
0 0.5817708333333333 0.5138888888888888 0.04479166666666667 0.26296296296296295
0 0.62265625 0.5138888888888888 0.043229166666666666 0.22777777777777777
0 0.6481770833333333 0.5342592592592593 0.058854166666666666 0.2537037037037037
0 0.53125 0.5134259259259258 0.05416666666666667 0.22314814814814812
0 0.33880208333333334 0.46851851851851845 0.017187499999999998 0.09814814814814814
0 0.3559895833333333 0.46805555555555556 0.019270833333333334 0.09537037037037037
0 0.38671875000000006 0.4629629629629629 0.021354166666666667 0.09444444444444443
0 0.35442708333333334 0.4611111111111111 0.013020833333333334 0.06666666666666667
0 0.36640625 0.4606481481481481 0.009895833333333335 0.06574074074074074
0 0.3747395833333333 0.4699074074074074 0.008854166666666666 0.05277777777777778
0 0.31432291666666673 0.46203703703703697 0.017187499999999998 0.07777777777777777
0 0.296875 0.46435185185185185 0.013541666666666667 0.075
0 0.28828125 0.44907407407407407 0.010937500000000001 0.05185185185185184
0 0.28984375 0.46018518518518514 0.013020833333333334 0.0685185185185185
0 0.31015624999999997 0.4287037037037037 0.009895833333333335 0.04074074074074074
0 0.31041666666666673 0.4356481481481481 0.009375 0.03981481481481482
0 0.2973958333333333 0.4222222222222222 0.00625 0.027777777777777776
0 0.3033854166666667 0.4185185185185185 0.0067708333333333336 0.029629629629629627
0 0.5192708333333333 0.44907407407407407 0.0125 0.05
0 0.5317708333333334 0.44861111111111107 0.009375 0.05648148148148148
0 0.41328125 0.4435185185185185 0.0140625 0.05185185185185184
