0 0.5002604166666667 0.49861111111111106 0.050520833333333334 0.10092592592592592
0 0.6473958333333334 0.6162037037037037 0.090625 0.4787037037037037
0 0.5822916666666667 0.48009259259259257 0.02291666666666667 0.13425925925925924
0 0.5755208333333334 0.49953703703703695 0.02291666666666667 0.10277777777777777
0 0.3104166666666667 0.49953703703703695 0.027083333333333334 0.0861111111111111
0 0.22057291666666665 0.5300925925925926 0.04010416666666666 0.11388888888888889
0 0.3458333333333333 0.5013888888888889 0.036458333333333336 0.1324074074074074
0 0.4895833333333334 0.44814814814814813 0.013541666666666667 0.06296296296296296
0 0.8166666666666667 0.7648148148148147 0.2552083333333333 0.9462962962962962
0 0.5744791666666667 0.45509259259259255 0.01979166666666667 0.10277777777777777
0 0.52734375 0.4587962962962963 0.018229166666666668 0.09351851851851851
0 0.6171875 0.6833333333333333 0.10833333333333334 0.624074074074074
0 0.5627604166666667 0.6342592592592593 0.07447916666666668 0.48703703703703705
0 0.4484375 0.4726851851851851 0.027083333333333334 0.06944444444444443
0 0.42890625 0.4685185185185185 0.028645833333333332 0.05555555555555555
0 0.21015625 0.4819444444444444 0.0265625 0.10462962962962963
0 0.23697916666666666 0.4731481481481481 0.01875 0.10185185185185185
0 0.22708333333333336 0.4731481481481481 0.015625 0.1
0 0.22630208333333335 0.4810185185185185 0.022395833333333334 0.09537037037037037
0 0.20416666666666666 0.462037037037037 0.021875000000000002 0.0962962962962963
0 0.225 0.46342592592592596 0.016666666666666666 0.07685185185185185
0 0.4197916666666667 0.5268518518518518 0.05416666666666667 0.2907407407407407
0 0.37760416666666674 0.5291666666666667 0.03958333333333334 0.2546296296296296
0 0.31953125 0.5537037037037037 0.07239583333333334 0.2944444444444444
0 0.2484375 0.548148148148148 0.06041666666666667 0.29259259259259257
0 0.6776041666666667 0.5402777777777777 0.06354166666666666 0.29907407407407405
0 0.4432291666666667 0.47962962962962963 0.027083333333333334 0.14629629629629629
0 0.6434895833333334 0.4574074074074074 0.018229166666666668 0.08518518518518518
0 0.5268229166666667 0.4574074074074074 0.017187499999999998 0.07592592592592592
0 0.5158854166666667 0.45231481481481484 0.013020833333333334 0.07129629629629629
0 0.33125000000000004 0.4597222222222222 0.014583333333333334 0.07129629629629629
0 0.3830729166666667 0.45231481481481484 0.013020833333333334 0.06759259259259259
0 0.35130208333333335 0.4611111111111111 0.013020833333333334 0.06666666666666667
0 0.3658854166666667 0.46018518518518514 0.009895833333333335 0.06481481481481481
0 0.38046874999999997 0.4694444444444444 0.009895833333333335 0.0537037037037037
0 0.29140625000000003 0.45555555555555555 0.013020833333333334 0.06666666666666667
0 0.2776041666666667 0.45694444444444443 0.0125 0.06203703703703703
0 0.25546874999999997 0.46111111111111114 0.0140625 0.07222222222222222
0 0.28125 0.45 0.010416666666666666 0.05
0 0.31041666666666673 0.4476851851851852 0.009375 0.045370370370370366
0 0.3002604166666667 0.449537037037037 0.008854166666666666 0.05092592592592592
0 0.3143229166666667 0.4439814814814815 0.008854166666666666 0.047222222222222214
0 0.31171875 0.44351851851851853 0.009895833333333335 0.046296296296296294
0 0.5190104166666667 0.44907407407407407 0.011979166666666666 0.05
0 0.5307291666666667 0.44768518518518513 0.009375 0.05648148148148148
0 0.5364583333333334 0.45416666666666666 0.013541666666666667 0.07129629629629629
0 0.5867187500000001 0.462037037037037 0.018229166666666668 0.09259259259259259
