0 0.5002604166666667 0.49861111111111106 0.050520833333333334 0.10092592592592592
0 0.6057291666666667 0.6134259259259259 0.09479166666666668 0.4583333333333333
0 0.5578124999999999 0.4972222222222221 0.020833333333333332 0.09814814814814814
0 0.57578125 0.49999999999999994 0.021354166666666667 0.10370370370370369
0 0.37421875000000004 0.49675925925925923 0.022395833333333334 0.09166666666666666
0 0.3658854166666667 0.5050925925925925 0.02447916666666667 0.09907407407407406
0 0.39322916666666674 0.49629629629629624 0.029166666666666667 0.10370370370370369
0 0.5065104166666666 0.44999999999999996 0.0140625 0.07037037037037037
0 0.5830729166666666 0.4560185185185185 0.0203125 0.10092592592592592
0 0.5247395833333334 0.46527777777777773 0.018229166666666668 0.10277777777777777
0 0.6005208333333334 0.6541666666666667 0.09895833333333333 0.5638888888888888
0 0.5059895833333333 0.6342592592592593 0.0765625 0.4888888888888889
0 0.4484375 0.4726851851851851 0.027083333333333334 0.06944444444444443
0 0.42890625 0.4685185185185185 0.028645833333333332 0.05555555555555555
0 0.209375 0.48055555555555546 0.02291666666666667 0.10185185185185185
0 0.26536458333333335 0.4717592592592592 0.0203125 0.10092592592592592
0 0.23229166666666667 0.4722222222222222 0.015625 0.1
0 0.22526041666666666 0.48148148148148145 0.0234375 0.09444444444444443
0 0.20416666666666666 0.462037037037037 0.021875000000000002 0.0962962962962963
0 0.22057291666666665 0.46527777777777773 0.016145833333333335 0.07685185185185185
0 0.12864583333333335 0.5699074074074074 0.09166666666666667 0.39537037037037037
0 0.4669270833333333 0.5060185185185185 0.0421875 0.19907407407407407
0 0.971875 0.5805555555555555 0.109375 0.42037037037037034
0 0.6408854166666667 0.512962962962963 0.0453125 0.23333333333333334
0 0.7697916666666667 0.45787037037037037 0.02395833333333333 0.10277777777777777
0 0.6440104166666667 0.461574074074074 0.02447916666666667 0.09722222222222222
0 0.4682291666666667 0.44907407407407407 0.011458333333333334 0.06481481481481481
0 0.4427083333333334 0.4472222222222222 0.013541666666666667 0.07037037037037037
0 0.3354166666666667 0.45462962962962966 0.011458333333333334 0.059259259259259255
0 0.35911458333333335 0.4509259259259259 0.011979166666666666 0.05555555555555555
0 0.3497395833333333 0.4611111111111111 0.013020833333333334 0.06666666666666667
0 0.3653645833333333 0.46018518518518514 0.009895833333333335 0.06481481481481481
0 0.3747395833333333 0.4694444444444444 0.008854166666666666 0.0537037037037037
0 0.26953125 0.4634259259259259 0.0140625 0.07314814814814814
0 0.2817708333333333 0.449537037037037 0.008333333333333333 0.047222222222222214
0 0.3078125 0.45185185185185184 0.010416666666666666 0.0537037037037037
0 0.2963541666666667 0.4527777777777777 0.009375 0.0537037037037037
0 0.29609375000000004 0.44861111111111107 0.009895833333333335 0.054629629629629625
0 0.3166666666666667 0.44861111111111107 0.011458333333333334 0.04907407407407407
0 0.3080729166666667 0.4472222222222222 0.010937500000000001 0.0537037037037037
0 0.2869791666666667 0.44953703703703696 0.010416666666666666 0.05277777777777778
0 0.5187499999999999 0.44907407407407407 0.011458333333333334 0.05
0 0.5286458333333334 0.44768518518518513 0.009375 0.05648148148148148
0 0.5346354166666667 0.4564814814814815 0.015104166666666667 0.07222222222222222
0 0.5932291666666666 0.461574074074074 0.01979166666666667 0.09166666666666666
