0 0.5002604166666667 0.49861111111111106 0.050520833333333334 0.10092592592592592
0 0.5281250000000001 0.586574074074074 0.07708333333333334 0.3935185185185185
0 0.5575520833333333 0.499537037037037 0.0203125 0.09722222222222222
0 0.5757812499999999 0.49999999999999994 0.0203125 0.10370370370370369
0 0.37473958333333335 0.4944444444444444 0.022395833333333334 0.08518518518518518
0 0.36614583333333334 0.5050925925925925 0.025 0.09907407407407406
0 0.3908854166666667 0.49629629629629624 0.02447916666666667 0.10370370370370369
0 0.5916666666666667 0.4625 0.01979166666666667 0.09166666666666666
0 0.5203125000000001 0.45509259259259255 0.016666666666666666 0.0824074074074074
0 0.5817708333333333 0.45509259259259255 0.01979166666666667 0.10092592592592592
0 0.5153645833333333 0.46481481481481485 0.018229166666666668 0.10555555555555556
0 0.5005208333333334 0.6578703703703703 0.09791666666666668 0.562037037037037
0 0.6570312500000001 0.5731481481481481 0.059895833333333336 0.3351851851851852
0 0.4427083333333334 0.6078703703703704 0.07604166666666667 0.41018518518518515
0 0.4484375 0.4726851851851851 0.027083333333333334 0.06944444444444443
0 0.42890625 0.4685185185185185 0.028645833333333332 0.05555555555555555
0 0.22734375 0.48101851851851846 0.018229166666666668 0.10277777777777777
0 0.2755208333333333 0.4699074074074074 0.016666666666666666 0.10092592592592592
0 0.2544270833333333 0.4717592592592592 0.016145833333333335 0.09537037037037037
0 0.22447916666666667 0.4819444444444444 0.025 0.09351851851851851
0 0.20416666666666666 0.462037037037037 0.021875000000000002 0.0962962962962963
0 0.2390625 0.46388888888888885 0.015625 0.07592592592592592
0 0.3486979166666667 0.5013888888888889 0.03802083333333334 0.16944444444444443
0 0.6692708333333334 0.5453703703703704 0.05625 0.3037037037037037
0 0.6651041666666666 0.46249999999999997 0.025 0.09537037037037037
0 0.5763020833333333 0.46574074074074073 0.022395833333333334 0.1074074074074074
0 0.40026041666666673 0.4513888888888889 0.010937500000000001 0.06388888888888888
0 0.40546875 0.45 0.009895833333333335 0.06666666666666667
0 0.3177083333333333 0.4504629629629629 0.010416666666666666 0.054629629629629625
0 0.3244791666666667 0.4509259259259259 0.009375 0.05555555555555555
0 0.3486979166666667 0.4611111111111111 0.013020833333333334 0.06666666666666667
0 0.36484374999999997 0.46018518518518514 0.009895833333333335 0.06481481481481481
0 0.37552083333333336 0.4685185185185185 0.008333333333333333 0.0537037037037037
0 0.26666666666666666 0.4666666666666667 0.011458333333333334 0.07592592592592592
0 0.31328125 0.4546296296296296 0.010937500000000001 0.0574074074074074
0 0.3002604166666667 0.45648148148148143 0.009895833333333335 0.0574074074074074
0 0.2924479166666667 0.4513888888888888 0.011979166666666666 0.06018518518518518
0 0.3190104166666667 0.4523148148148148 0.011979166666666666 0.05277777777777778
0 0.30625 0.45 0.011458333333333334 0.059259259259259255
0 0.27864583333333337 0.4527777777777777 0.014583333333333334 0.0574074074074074
0 0.5184895833333334 0.449537037037037 0.010937500000000001 0.04907407407407407
0 0.5270833333333333 0.44768518518518513 0.009375 0.05648148148148148
0 0.5231770833333333 0.4574074074074074 0.016145833333333335 0.08518518518518518
0 0.3119791666666667 0.4199074074074074 0.010416666666666666 0.03981481481481482
0 0.3177083333333333 0.4166666666666667 0.009375 0.03888888888888888
