0 0.5002604166666667 0.49861111111111106 0.050520833333333334 0.10092592592592592
0 0.40703125 0.5601851851851851 0.0609375 0.31296296296296294
0 0.5575520833333333 0.4981481481481481 0.0203125 0.10185185185185185
0 0.5760416666666667 0.5004629629629629 0.01875 0.10462962962962963
0 0.3776041666666667 0.4930555555555555 0.02291666666666667 0.08425925925925926
0 0.3666666666666667 0.5046296296296295 0.026041666666666668 0.09814814814814814
0 0.3986979166666667 0.48657407407407405 0.022395833333333334 0.09351851851851851
0 0.6317708333333334 0.4597222222222222 0.01979166666666667 0.09166666666666666
0 0.5307291666666667 0.45787037037037037 0.01875 0.09166666666666666
0 0.5783854166666667 0.45555555555555555 0.0203125 0.1
0 0.5096354166666667 0.45787037037037037 0.018229166666666668 0.10462962962962963
0 0.32395833333333335 0.611574074074074 0.07916666666666668 0.425
0 0.4580729166666667 0.5462962962962963 0.044270833333333336 0.25925925925925924
0 0.3489583333333333 0.574537037037037 0.06354166666666666 0.3194444444444444
0 0.4484375 0.4726851851851851 0.027083333333333334 0.06944444444444443
0 0.42890625 0.4685185185185185 0.028645833333333332 0.05555555555555555
0 0.25546874999999997 0.4805555555555555 0.018229166666666668 0.1
0 0.27005208333333336 0.4699074074074074 0.018229166666666668 0.09722222222222222
0 0.26145833333333335 0.4717592592592592 0.015625 0.09537037037037037
0 0.22317708333333336 0.48148148148148145 0.0328125 0.09444444444444443
0 0.2046875 0.4611111111111111 0.021875000000000002 0.0962962962962963
0 0.2533854166666667 0.4625 0.016145833333333335 0.07685185185185185
0 0.3145833333333333 0.4884259259259259 0.02291666666666667 0.1324074074074074
0 0.48515625 0.5171296296296296 0.034895833333333334 0.2287037037037037
0 0.5963541666666666 0.46388888888888885 0.017708333333333333 0.08333333333333333
0 0.45755208333333336 0.4662037037037037 0.021354166666666667 0.11388888888888889
0 0.3072916666666667 0.44953703703703696 0.010416666666666666 0.05648148148148148
0 0.35078125 0.462037037037037 0.013020833333333334 0.06666666666666667
0 0.36796875 0.4583333333333333 0.013020833333333334 0.06296296296296296
0 0.37578125 0.46805555555555556 0.008854166666666666 0.05277777777777778
0 0.3184895833333333 0.4574074074074074 0.013020833333333334 0.06296296296296296
0 0.3059895833333334 0.45879629629629626 0.010937500000000001 0.06203703703703703
0 0.2955729166666667 0.45416666666666666 0.013020833333333334 0.06759259259259259
0 0.31692708333333336 0.45370370370370366 0.011979166666666666 0.06296296296296296
0 0.2786458333333333 0.45370370370370366 0.015625 0.06296296296296296
0 0.5182291666666666 0.449537037037037 0.010416666666666666 0.04907407407407407
0 0.5270833333333333 0.44768518518518513 0.009375 0.05648148148148148
0 0.49114583333333334 0.45185185185185184 0.015625 0.08703703703703704
0 0.3098958333333333 0.4106481481481481 0.010416666666666666 0.03981481481481482
0 0.3151041666666667 0.41111111111111115 0.009375 0.03888888888888888
0 0.5059895833333333 0.4513888888888889 0.011979166666666666 0.06574074074074074
0 0.2890625 0.44537037037037036 0.011458333333333334 0.05
