0 0.5002604166666667 0.49861111111111106 0.050520833333333334 0.10092592592592592
0 0.5533854166666666 0.5986111111111111 0.0828125 0.41018518518518515
0 0.5575520833333333 0.49907407407407406 0.0203125 0.09814814814814814
0 0.5757812499999999 0.49999999999999994 0.0203125 0.10370370370370369
0 0.37473958333333335 0.49537037037037035 0.022395833333333334 0.08703703703703704
0 0.36614583333333334 0.5050925925925925 0.025 0.09907407407407406
0 0.3919270833333334 0.49629629629629624 0.0265625 0.10370370370370369
0 0.5916666666666667 0.4625 0.01979166666666667 0.09166666666666666
0 0.5171875 0.4532407407407407 0.015625 0.07685185185185185
0 0.5817708333333333 0.45509259259259255 0.01979166666666667 0.10092592592592592
0 0.5166666666666667 0.4662037037037037 0.01875 0.10462962962962963
0 0.5382812499999999 0.6726851851851853 0.0859375 0.5916666666666667
0 0.7377604166666667 0.5856481481481481 0.0734375 0.3731481481481482
0 0.46171875 0.6263888888888888 0.06822916666666667 0.4509259259259259
0 0.4484375 0.4726851851851851 0.027083333333333334 0.06944444444444443
0 0.42890625 0.4685185185185185 0.028645833333333332 0.05555555555555555
0 0.21796875 0.48101851851851846 0.021354166666666667 0.10277777777777777
0 0.27499999999999997 0.4703703703703704 0.016666666666666666 0.1
0 0.24895833333333334 0.4722222222222222 0.015625 0.0962962962962963
0 0.22447916666666667 0.4819444444444444 0.025 0.09351851851851851
0 0.20416666666666666 0.462037037037037 0.021875000000000002 0.0962962962962963
0 0.22552083333333334 0.46481481481481485 0.015625 0.07592592592592592
0 0.36796875 0.5037037037037037 0.033854166666666664 0.17592592592592593
0 0.7325520833333334 0.5541666666666667 0.06302083333333333 0.32685185185185184
0 0.91484375 0.5430555555555555 0.09531250000000001 0.31759259259259254
0 0.6888020833333335 0.46203703703703697 0.019270833333333334 0.09444444444444443
0 0.5916666666666667 0.4611111111111111 0.025 0.1
0 0.4143229166666667 0.4523148148148148 0.010937500000000001 0.06574074074074074
0 0.4135416666666667 0.44907407407407407 0.013541666666666667 0.07037037037037037
0 0.3229166666666667 0.4513888888888889 0.010416666666666666 0.054629629629629625
0 0.3346354166666667 0.4513888888888888 0.011979166666666666 0.05648148148148148
0 0.3486979166666667 0.4611111111111111 0.013020833333333334 0.06666666666666667
0 0.36484374999999997 0.46018518518518514 0.009895833333333335 0.06481481481481481
0 0.37500000000000006 0.4685185185185185 0.008333333333333333 0.0537037037037037
0 0.26692708333333337 0.4662037037037037 0.011979166666666666 0.075
0 0.31119791666666674 0.4546296296296296 0.010937500000000001 0.0574074074074074
0 0.2981770833333333 0.45648148148148143 0.009895833333333335 0.0574074074074074
0 0.2934895833333333 0.4509259259259259 0.010937500000000001 0.059259259259259255
0 0.3174479166666667 0.4504629629629629 0.011979166666666666 0.05277777777777778
0 0.30625 0.45 0.011458333333333334 0.059259259259259255
0 0.28151041666666665 0.4504629629629629 0.013020833333333334 0.054629629629629625
0 0.5184895833333334 0.449537037037037 0.010937500000000001 0.04907407407407407
0 0.5276041666666667 0.44768518518518513 0.009375 0.05648148148148148
0 0.5273437500000001 0.45787037037037037 0.016145833333333335 0.08055555555555555
0 0.3140625 0.4226851851851851 0.010416666666666666 0.03981481481481482
0 0.31927083333333334 0.42037037037037034 0.009375 0.03888888888888888
