0 0.5002604166666667 0.49861111111111106 0.050520833333333334 0.10092592592592592
0 0.9106770833333334 0.6532407407407407 0.11302083333333333 0.5583333333333333
0 0.5903645833333333 0.4703703703703704 0.019270833333333334 0.14444444444444443
0 0.5760416666666667 0.475 0.02291666666666667 0.11851851851851851
0 0.5138020833333333 0.45370370370370366 0.017187499999999998 0.08333333333333333
0 0.53359375 0.46388888888888885 0.0203125 0.1
0 0.5018229166666667 0.45833333333333326 0.018229166666666668 0.09074074074074073
0 1.0 0.7078703703703703 0.10833333333333334 0.7064814814814814
0 0.8541666666666666 0.6879629629629629 0.10104166666666667 0.6203703703703703
0 0.4484375 0.4726851851851851 0.027083333333333334 0.06944444444444443
0 0.42890625 0.4685185185185185 0.028645833333333332 0.05555555555555555
0 0.21145833333333336 0.4810185185185185 0.025 0.10462962962962963
0 0.22942708333333334 0.4726851851851851 0.016145833333333335 0.09907407407407406
0 0.228125 0.4731481481481481 0.015625 0.1
0 0.22786458333333337 0.4800925925925926 0.022395833333333334 0.09351851851851851
0 0.20416666666666666 0.462037037037037 0.021875000000000002 0.0962962962962963
0 0.22968750000000002 0.461574074074074 0.017708333333333333 0.07685185185185185
0 0.5187499999999999 0.5166666666666667 0.059375000000000004 0.2722222222222222
0 0.6033854166666667 0.5152777777777777 0.0390625 0.22314814814814812
0 0.5838541666666667 0.5398148148148147 0.046875 0.25925925925925924
0 0.4729166666666667 0.5166666666666667 0.042708333333333334 0.23333333333333334
0 0.35000000000000003 0.4703703703703704 0.01875 0.1074074074074074
0 0.6281249999999999 0.45787037037037037 0.025 0.09907407407407406
0 0.6130208333333335 0.4560185185185185 0.01875 0.09722222222222222
0 0.35 0.46481481481481485 0.017708333333333333 0.08888888888888888
0 0.38125 0.45972222222222214 0.017708333333333333 0.0898148148148148
0 0.35442708333333334 0.4611111111111111 0.013020833333333334 0.06666666666666667
0 0.36640625 0.4606481481481481 0.009895833333333335 0.06574074074074074
0 0.37473958333333335 0.4699074074074074 0.010937500000000001 0.05277777777777778
0 0.3111979166666667 0.4597222222222222 0.018229166666666668 0.075
0 0.29192708333333334 0.462037037037037 0.0140625 0.07222222222222222
0 0.24192708333333335 0.461574074074074 0.013020833333333334 0.06759259259259259
0 0.2677083333333333 0.44907407407407407 0.011458333333333334 0.05185185185185184
0 0.2864583333333333 0.4574074074074074 0.010416666666666666 0.06296296296296296
0 0.3091145833333333 0.43333333333333335 0.009895833333333335 0.04259259259259259
0 0.31171875 0.4439814814814814 0.009895833333333335 0.045370370370370366
0 0.29765625 0.4259259259259259 0.0067708333333333336 0.029629629629629627
0 0.30234375 0.4222222222222222 0.0067708333333333336 0.029629629629629627
0 0.5192708333333333 0.44907407407407407 0.0125 0.05
0 0.5317708333333334 0.44861111111111107 0.009375 0.05648148148148148
0 0.3981770833333333 0.44490740740740736 0.0140625 0.054629629629629625
0 0.5536458333333334 0.4592592592592592 0.016666666666666666 0.07962962962962963
