0 0.5002604166666667 0.49861111111111106 0.050520833333333334 0.10092592592592592
0 0.9320312500000001 0.6527777777777778 0.11510416666666667 0.562962962962963
0 0.5906250000000001 0.4703703703703704 0.01875 0.14444444444444443
0 0.5744791666666667 0.4731481481481481 0.021875000000000002 0.11666666666666667
0 0.5164062500000001 0.45462962962962966 0.018229166666666668 0.08518518518518518
0 0.5320312500000001 0.46388888888888885 0.0203125 0.1
0 0.4971354166666667 0.4574074074074074 0.018229166666666668 0.09074074074074073
0 0.87265625 0.6939814814814814 0.12447916666666667 0.637962962962963
0 0.4484375 0.4726851851851851 0.027083333333333334 0.06944444444444443
0 0.42890625 0.4685185185185185 0.028645833333333332 0.05555555555555555
0 0.21145833333333336 0.4810185185185185 0.025 0.10462962962962963
0 0.22942708333333334 0.47268518518518515 0.016145833333333335 0.09722222222222222
0 0.22838541666666667 0.4731481481481481 0.015104166666666667 0.1
0 0.22786458333333337 0.4800925925925926 0.022395833333333334 0.09351851851851851
0 0.20416666666666666 0.462037037037037 0.021875000000000002 0.0962962962962963
0 0.22968750000000002 0.461574074074074 0.017708333333333333 0.07685185185185185
0 0.5369791666666667 0.5162037037037037 0.03958333333333334 0.26944444444444443
0 0.6111979166666667 0.5162037037037037 0.04010416666666666 0.225
0 0.5953125 0.5398148148148147 0.057291666666666664 0.25925925925925924
0 0.49010416666666673 0.5171296296296296 0.051041666666666666 0.23425925925925925
0 0.3481770833333333 0.4722222222222222 0.019270833333333334 0.10370370370370369
0 0.6333333333333334 0.4574074074074074 0.020833333333333332 0.10185185185185185
0 0.6200520833333334 0.4587962962962963 0.019270833333333334 0.09722222222222222
0 0.3526041666666667 0.46527777777777773 0.020833333333333332 0.0898148148148148
0 0.3822916666666667 0.4606481481481481 0.01875 0.09166666666666666
0 0.35442708333333334 0.4611111111111111 0.013020833333333334 0.06666666666666667
0 0.36640625 0.4606481481481481 0.009895833333333335 0.06574074074074074
0 0.37473958333333335 0.4699074074074074 0.010937500000000001 0.05277777777777778
0 0.31223958333333335 0.4606481481481481 0.018229166666666668 0.075
0 0.29270833333333335 0.462037037037037 0.013541666666666667 0.07407407407407408
0 0.24140625000000002 0.4611111111111111 0.011979166666666666 0.06666666666666667
0 0.2713541666666667 0.45 0.011458333333333334 0.05185185185185184
0 0.28854166666666664 0.4574074074074074 0.011458333333333334 0.06296296296296296
0 0.309375 0.4324074074074074 0.009375 0.04259259259259259
0 0.31171875 0.4439814814814814 0.009895833333333335 0.045370370370370366
0 0.2979166666666667 0.425 0.00625 0.029629629629629627
0 0.3028645833333333 0.4222222222222222 0.0067708333333333336 0.029629629629629627
0 0.5192708333333333 0.44907407407407407 0.0125 0.05
0 0.5317708333333334 0.44861111111111107 0.009375 0.05648148148148148
0 0.40130208333333334 0.44490740740740736 0.0140625 0.054629629629629625
0 0.5536458333333334 0.4592592592592592 0.016666666666666666 0.07962962962962963
