0 0.5002604166666667 0.49861111111111106 0.050520833333333334 0.10092592592592592
0 0.78125 0.6361111111111111 0.096875 0.5259259259259259
0 0.5893229166666667 0.4731481481481481 0.019270833333333334 0.14444444444444443
0 0.5815104166666667 0.4847222222222222 0.028645833333333332 0.13055555555555556
0 0.11145833333333334 0.5444444444444444 0.042708333333333334 0.12222222222222222
0 0.12109375 0.5574074074074074 0.06406250000000001 0.22037037037037036
0 0.49895833333333334 0.44861111111111107 0.014583333333333334 0.06944444444444443
0 0.5401041666666667 0.4611111111111111 0.01979166666666667 0.1
0 0.5164062500000001 0.4592592592592592 0.018229166666666668 0.09074074074074073
0 0.84921875 0.6916666666666667 0.13385416666666666 0.6962962962962963
0 0.7213541666666666 0.6708333333333333 0.09375 0.562037037037037
0 0.4484375 0.4726851851851851 0.027083333333333334 0.06944444444444443
0 0.42890625 0.4685185185185185 0.028645833333333332 0.05555555555555555
0 0.21197916666666666 0.4810185185185185 0.026041666666666668 0.10462962962962963
0 0.22994791666666667 0.4722222222222222 0.017187499999999998 0.1
0 0.22760416666666666 0.4731481481481481 0.015625 0.1
0 0.22734375 0.4800925925925926 0.022395833333333334 0.09351851851851851
0 0.20416666666666666 0.462037037037037 0.021875000000000002 0.0962962962962963
0 0.22786458333333337 0.4625 0.017187499999999998 0.07685185185185185
0 0.4734375 0.5166666666666666 0.043750000000000004 0.27777777777777773
0 0.5421874999999999 0.5175925925925926 0.04895833333333334 0.22407407407407404
0 0.4932291666666667 0.5421296296296296 0.07187500000000001 0.2638888888888889
0 0.39166666666666666 0.524074074074074 0.03854166666666667 0.25
0 0.9463541666666666 0.6060185185185184 0.10833333333333334 0.46388888888888885
0 0.3786458333333333 0.4736111111111111 0.021875000000000002 0.11944444444444444
0 0.6223958333333334 0.4546296296296296 0.017708333333333333 0.07777777777777777
0 0.5859375 0.4601851851851852 0.016666666666666666 0.08703703703703704
0 0.5718749999999999 0.4574074074074074 0.017708333333333333 0.09074074074074073
0 0.34036458333333336 0.46388888888888885 0.016145833333333335 0.08333333333333333
0 0.3848958333333333 0.4574074074074074 0.014583333333333334 0.08148148148148147
0 0.35442708333333334 0.4611111111111111 0.013020833333333334 0.06666666666666667
0 0.36640625 0.4606481481481481 0.009895833333333335 0.06574074074074074
0 0.37473958333333335 0.4694444444444444 0.013020833333333334 0.05185185185185184
0 0.3052083333333333 0.45879629629629626 0.016666666666666666 0.07314814814814814
0 0.28750000000000003 0.4606481481481481 0.014583333333333334 0.06944444444444443
0 0.24479166666666666 0.46018518518518514 0.0125 0.0685185185185185
0 0.2846354166666667 0.4574074074074074 0.009895833333333335 0.06111111111111111
0 0.3098958333333333 0.449537037037037 0.009375 0.045370370370370366
0 0.30781250000000004 0.4407407407407407 0.009375 0.04444444444444444
0 0.31171875 0.4439814814814814 0.009895833333333335 0.045370370370370366
0 0.2966145833333333 0.4305555555555555 0.0067708333333333336 0.029629629629629627
0 0.3028645833333333 0.42777777777777776 0.0067708333333333336 0.029629629629629627
0 0.5190104166666667 0.44907407407407407 0.011979166666666666 0.05
0 0.5317708333333334 0.44861111111111107 0.009375 0.05648148148148148
0 0.5671875000000001 0.46111111111111114 0.017708333333333333 0.08888888888888888
