0 0.5002604166666667 0.49861111111111106 0.050520833333333334 0.10092592592592592
0 0.9908854166666666 0.65 0.09635416666666667 0.562962962962963
0 0.5916666666666667 0.46759259259259256 0.01979166666666667 0.14074074074074075
0 0.56796875 0.47037037037037027 0.021354166666666667 0.1148148148148148
0 0.5239583333333334 0.45694444444444443 0.01875 0.09166666666666666
0 0.5294270833333333 0.461574074074074 0.0203125 0.09351851851851851
0 0.4802083333333333 0.4625 0.017708333333333333 0.09166666666666666
0 0.9388020833333334 0.7041666666666667 0.14114583333333333 0.6601851851851851
0 0.4484375 0.4726851851851851 0.027083333333333334 0.06944444444444443
0 0.42890625 0.4685185185185185 0.028645833333333332 0.05555555555555555
0 0.21119791666666665 0.4810185185185185 0.02447916666666667 0.10462962962962963
0 0.23020833333333335 0.47268518518518515 0.015625 0.09722222222222222
0 0.22838541666666667 0.4731481481481481 0.015104166666666667 0.1
0 0.22786458333333337 0.4805555555555555 0.022395833333333334 0.09259259259259259
0 0.20416666666666666 0.462037037037037 0.021875000000000002 0.0962962962962963
0 0.23072916666666668 0.461574074074074 0.017708333333333333 0.07685185185185185
0 0.5677083333333334 0.5148148148148147 0.06041666666666667 0.2648148148148148
0 0.6203125 0.5134259259259258 0.043750000000000004 0.2287037037037037
0 0.63671875 0.5351851851851852 0.06510416666666667 0.2537037037037037
0 0.5276041666666667 0.512962962962963 0.05416666666666667 0.22592592592592592
0 0.3416666666666667 0.4694444444444444 0.017708333333333333 0.1
0 0.6572916666666667 0.4597222222222222 0.021875000000000002 0.10462962962962963
0 0.35468750000000004 0.4666666666666666 0.01979166666666667 0.09444444444444443
0 0.3854166666666667 0.46249999999999997 0.020833333333333332 0.09537037037037037
0 0.35442708333333334 0.4611111111111111 0.013020833333333334 0.06666666666666667
0 0.36640625 0.4606481481481481 0.009895833333333335 0.06574074074074074
0 0.3747395833333333 0.4699074074074074 0.009895833333333335 0.05277777777777778
0 0.31354166666666666 0.461574074074074 0.017708333333333333 0.07685185185185185
0 0.2955729166666667 0.4634259259259259 0.0140625 0.075
0 0.23723958333333334 0.462037037037037 0.010937500000000001 0.06666666666666667
0 0.2838541666666667 0.44861111111111107 0.009375 0.05277777777777778
0 0.28984375 0.46018518518518514 0.013020833333333334 0.0685185185185185
0 0.31015624999999997 0.4300925925925926 0.009895833333333335 0.041666666666666664
0 0.31041666666666673 0.43796296296296294 0.009375 0.04074074074074074
0 0.2973958333333333 0.4222222222222222 0.00625 0.027777777777777776
0 0.3033854166666667 0.4194444444444444 0.0067708333333333336 0.029629629629629627
0 0.5192708333333333 0.44907407407407407 0.0125 0.05
0 0.5317708333333334 0.44861111111111107 0.009375 0.05648148148148148
0 0.4106770833333333 0.4439814814814814 0.0140625 0.05277777777777778
0 0.55234375 0.4574074074074074 0.016145833333333335 0.08518518518518518
