0 0.5002604166666667 0.49861111111111106 0.050520833333333334 0.10092592592592592
0 0.82578125 0.5717592592592593 0.12656250000000002 0.38240740740740736
0 0.33046875 0.5351851851851851 0.04635416666666667 0.24814814814814812
0 0.87265625 0.5685185185185185 0.09739583333333333 0.34074074074074073
0 0.5588541666666667 0.4981481481481481 0.01875 0.10185185185185185
0 0.5760416666666667 0.5009259259259259 0.016666666666666666 0.10555555555555556
0 0.3877604166666667 0.48611111111111105 0.0234375 0.07037037037037037
0 0.3671875 0.5041666666666667 0.027083333333333334 0.09722222222222222
0 0.38828125 0.4578703703703703 0.0140625 0.06944444444444443
0 0.6632812499999999 0.4601851851851852 0.017187499999999998 0.09259259259259259
0 0.5380208333333334 0.4592592592592592 0.020833333333333332 0.1074074074074074
0 0.5822916666666667 0.4574074074074074 0.01979166666666667 0.1
0 0.49609375 0.45555555555555555 0.022395833333333334 0.10555555555555556
0 0.2674479166666667 0.5449074074074074 0.06406250000000001 0.26759259259259255
0 0.35390625 0.5162037037037037 0.035937500000000004 0.1787037037037037
0 0.7526041666666669 0.4597222222222222 0.03229166666666667 0.11944444444444444
0 0.8119791666666667 0.4597222222222222 0.027083333333333334 0.11388888888888889
0 0.27734375 0.5412037037037037 0.04635416666666667 0.23055555555555554
0 0.4484375 0.4726851851851851 0.027083333333333334 0.06944444444444443
0 0.42890625 0.4685185185185185 0.028645833333333332 0.05555555555555555
0 0.29401041666666666 0.4722222222222222 0.018229166666666668 0.08703703703703704
0 0.20598958333333334 0.4611111111111111 0.021354166666666667 0.0962962962962963
0 0.228125 0.46388888888888885 0.020833333333333332 0.07777777777777777
0 0.31171875 0.4847222222222222 0.018229166666666668 0.125
0 0.5265624999999999 0.4560185185185185 0.016666666666666666 0.07129629629629629
0 0.3434895833333333 0.4824074074074074 0.0203125 0.12222222222222222
0 0.37083333333333335 0.45879629629629626 0.014583333333333334 0.06203703703703703
0 0.37578125 0.46805555555555556 0.009895833333333335 0.05277777777777778
0 0.51796875 0.449537037037037 0.009895833333333335 0.04907407407407407
0 0.5270833333333333 0.44768518518518513 0.009375 0.05648148148148148
0 0.30625 0.41620370370370363 0.010416666666666666 0.03981481481481482
0 0.3145833333333333 0.41388888888888886 0.009375 0.03888888888888888
0 0.5406249999999999 0.44675925925925924 0.0125 0.06388888888888888
0 0.3666666666666667 0.4564814814814815 0.017708333333333333 0.07962962962962963
