0 0.5002604166666667 0.49861111111111106 0.050520833333333334 0.10092592592592592
0 0.4591145833333333 0.5703703703703703 0.07239583333333334 0.3444444444444444
0 0.5572916666666666 0.49861111111111106 0.01979166666666667 0.10092592592592592
0 0.57578125 0.5004629629629629 0.019270833333333334 0.10462962962962963
0 0.37656249999999997 0.49398148148148147 0.02291666666666667 0.08425925925925926
0 0.36640625 0.5046296296296295 0.025520833333333333 0.09814814814814814
0 0.3942708333333333 0.4907407407407407 0.02291666666666667 0.09814814814814814
0 0.6036458333333333 0.461574074074074 0.01979166666666667 0.09166666666666666
0 0.5265625 0.45787037037037037 0.01875 0.09166666666666666
0 0.5817708333333333 0.45509259259259255 0.01979166666666667 0.10092592592592592
0 0.51328125 0.461574074074074 0.018229166666666668 0.10462962962962963
0 0.38072916666666673 0.6379629629629628 0.08750000000000001 0.4907407407407407
0 0.5263020833333334 0.5578703703703703 0.059895833333333336 0.29537037037037034
0 0.3916666666666667 0.5907407407407407 0.06666666666666667 0.34629629629629627
0 0.4484375 0.4726851851851851 0.027083333333333334 0.06944444444444443
0 0.42890625 0.4685185185185185 0.028645833333333332 0.05555555555555555
0 0.24817708333333333 0.48148148148148145 0.019270833333333334 0.1
0 0.2739583333333333 0.47083333333333327 0.016666666666666666 0.09907407407407406
0 0.26093750000000004 0.47268518518518515 0.015625 0.09537037037037037
0 0.22421875000000002 0.48148148148148145 0.025520833333333333 0.09814814814814814
0 0.20416666666666666 0.4611111111111111 0.021875000000000002 0.0962962962962963
0 0.25078125 0.4625 0.016145833333333335 0.07685185185185185
0 0.3119791666666667 0.4944444444444444 0.030208333333333334 0.15
0 0.5598958333333334 0.5300925925925926 0.05 0.2546296296296296
0 0.6221354166666666 0.46064814814814814 0.018229166666666668 0.08796296296296297
0 0.51875 0.46527777777777773 0.01875 0.11203703703703702
0 0.3104166666666667 0.44861111111111107 0.010416666666666666 0.05648148148148148
0 0.3502604166666667 0.4629629629629629 0.013020833333333334 0.06666666666666667
0 0.365625 0.4583333333333333 0.0125 0.06296296296296296
0 0.37578125 0.46805555555555556 0.008854166666666666 0.05277777777777778
0 0.31640625 0.45555555555555555 0.013020833333333334 0.059259259259259255
0 0.3018229166666667 0.4574074074074074 0.010937500000000001 0.059259259259259255
0 0.29140625000000003 0.4513888888888889 0.013020833333333334 0.06388888888888888
0 0.3125 0.4523148148148148 0.011458333333333334 0.06018518518518518
0 0.2768229166666667 0.45416666666666666 0.015104166666666667 0.06018518518518518
0 0.5182291666666666 0.449537037037037 0.010416666666666666 0.04907407407407407
0 0.5270833333333333 0.44768518518518513 0.009375 0.05648148148148148
0 0.5096354166666667 0.4560185185185185 0.017187499999999998 0.09166666666666666
0 0.3098958333333333 0.41157407407407404 0.010416666666666666 0.03981481481481482
0 0.31562500000000004 0.41111111111111115 0.009375 0.03888888888888888
0 0.49505208333333334 0.4555555555555555 0.010937500000000001 0.06481481481481481
0 0.2864583333333333 0.44629629629629625 0.011458333333333334 0.05
