0 0.5002604166666667 0.49861111111111106 0.050520833333333334 0.10092592592592592
0 0.5677083333333334 0.6032407407407407 0.08333333333333333 0.42685185185185187
0 0.5578124999999999 0.4981481481481481 0.020833333333333332 0.09814814814814814
0 0.5755208333333334 0.49999999999999994 0.020833333333333332 0.10370370370370369
0 0.3744791666666667 0.49675925925925923 0.021875000000000002 0.09166666666666666
0 0.3658854166666667 0.5050925925925925 0.02447916666666667 0.09907407407407406
0 0.3927083333333333 0.49629629629629624 0.028125 0.10370370370370369
0 0.5932291666666666 0.461574074074074 0.01979166666666667 0.09166666666666666
0 0.51171875 0.4509259259259259 0.0140625 0.07037037037037037
0 0.5817708333333333 0.45416666666666666 0.01979166666666667 0.10092592592592592
0 0.5221354166666666 0.4662037037037037 0.018229166666666668 0.10462962962962963
0 0.5677083333333334 0.6615740740740741 0.08229166666666668 0.5824074074074074
0 0.8875 0.6129629629629629 0.08541666666666667 0.4388888888888889
0 0.5005208333333333 0.6296296296296297 0.07395833333333333 0.4796296296296296
0 0.4484375 0.4726851851851851 0.027083333333333334 0.06944444444444443
0 0.42890625 0.4685185185185185 0.028645833333333332 0.05555555555555555
0 0.20989583333333334 0.48101851851851846 0.021875000000000002 0.10277777777777777
0 0.2729166666666667 0.47129629629629627 0.017708333333333333 0.1
0 0.23697916666666666 0.4726851851851851 0.015625 0.09907407407407406
0 0.225 0.48148148148148145 0.02395833333333333 0.09444444444444443
0 0.20416666666666666 0.462037037037037 0.021875000000000002 0.0962962962962963
0 0.21953125 0.46527777777777773 0.016145833333333335 0.07685185185185185
0 0.4197916666666667 0.5069444444444444 0.0375 0.1935185185185185
0 0.8559895833333334 0.5652777777777778 0.08177083333333333 0.3731481481481482
0 0.7364583333333334 0.5194444444444444 0.046875 0.2648148148148148
0 0.7341145833333335 0.4597222222222222 0.0265625 0.09907407407407406
0 0.62265625 0.461574074074074 0.02447916666666667 0.09907407407407406
0 0.4447916666666667 0.4481481481481481 0.011458333333333334 0.06481481481481481
0 0.4270833333333334 0.4481481481481481 0.013541666666666667 0.07037037037037037
0 0.33203125 0.45185185185185184 0.009895833333333335 0.05555555555555555
0 0.3518229166666667 0.45 0.011979166666666666 0.05555555555555555
0 0.34921875 0.4611111111111111 0.013020833333333334 0.06666666666666667
0 0.36484374999999997 0.46018518518518514 0.009895833333333335 0.06481481481481481
0 0.3744791666666667 0.4685185185185185 0.008333333333333333 0.0537037037037037
0 0.2690104166666667 0.46574074074074073 0.011979166666666666 0.07407407407407408
0 0.3072916666666667 0.4532407407407407 0.011458333333333334 0.054629629629629625
0 0.2979166666666667 0.45370370370370366 0.013541666666666667 0.0537037037037037
0 0.29609375000000004 0.44907407407407407 0.009895833333333335 0.05555555555555555
0 0.31640625 0.449537037037037 0.011979166666666666 0.05092592592592592
0 0.30755208333333334 0.44861111111111107 0.010937500000000001 0.05648148148148148
0 0.28515625 0.4513888888888888 0.010937500000000001 0.05648148148148148
0 0.5184895833333334 0.44907407407407407 0.010937500000000001 0.05
0 0.5281250000000001 0.44768518518518513 0.009375 0.05648148148148148
0 0.5341145833333333 0.4578703703703703 0.015104166666666667 0.07314814814814814
0 0.315625 0.4282407407407407 0.010416666666666666 0.03981481481481482
