0 0.5002604166666667 0.49861111111111106 0.050520833333333334 0.10092592592592592
0 0.6390625 0.6157407407407407 0.090625 0.47407407407407404
0 0.5802083333333333 0.48194444444444445 0.02291666666666667 0.13055555555555556
0 0.5755208333333334 0.49953703703703695 0.02291666666666667 0.10277777777777777
0 0.325 0.49675925925925923 0.025 0.08425925925925926
0 0.24036458333333335 0.525462962962963 0.03802083333333334 0.11018518518518518
0 0.3567708333333334 0.4976851851851851 0.034374999999999996 0.12685185185185185
0 0.49062500000000003 0.44907407407407407 0.013541666666666667 0.06481481481481481
0 1.0 0.7814814814814814 0.25937499999999997 0.9259259259259258
0 0.578125 0.45509259259259255 0.01979166666666667 0.10277777777777777
0 0.52734375 0.45879629629629626 0.018229166666666668 0.09537037037037037
0 0.603125 0.675 0.10208333333333333 0.6074074074074074
0 0.55625 0.6333333333333333 0.07395833333333333 0.48518518518518516
0 0.4484375 0.4726851851851851 0.027083333333333334 0.06944444444444443
0 0.42890625 0.4685185185185185 0.028645833333333332 0.05555555555555555
0 0.21015625 0.4819444444444444 0.0265625 0.10462962962962963
0 0.24036458333333333 0.4726851851851851 0.019270833333333334 0.10277777777777777
0 0.22708333333333336 0.4731481481481481 0.015625 0.1
0 0.22630208333333335 0.4810185185185185 0.022395833333333334 0.09537037037037037
0 0.20416666666666666 0.462037037037037 0.021875000000000002 0.0962962962962963
0 0.22473958333333335 0.46342592592592596 0.017187499999999998 0.07685185185185185
0 0.4083333333333333 0.5273148148148148 0.059375000000000004 0.29907407407407405
0 0.3557291666666667 0.5310185185185184 0.07083333333333333 0.2564814814814815
0 0.3013020833333333 0.5550925925925926 0.051562500000000004 0.29537037037037034
0 0.22005208333333334 0.5513888888888888 0.06822916666666667 0.2972222222222222
0 0.6565104166666667 0.5425925925925926 0.0609375 0.2907407407407407
0 0.45 0.4787037037037037 0.028125 0.15
0 0.64609375 0.4574074074074074 0.018229166666666668 0.08703703703703704
0 0.5229166666666667 0.4583333333333333 0.016666666666666666 0.07592592592592592
0 0.5127604166666667 0.45231481481481484 0.013020833333333334 0.07129629629629629
0 0.33125000000000004 0.45879629629629626 0.014583333333333334 0.07129629629629629
0 0.3822916666666667 0.45185185185185184 0.0125 0.06666666666666667
0 0.35078125 0.4611111111111111 0.013020833333333334 0.06666666666666667
0 0.3658854166666667 0.46018518518518514 0.009895833333333335 0.06481481481481481
0 0.37994791666666666 0.4694444444444444 0.009895833333333335 0.0537037037037037
0 0.28984375 0.4546296296296296 0.013020833333333334 0.06666666666666667
0 0.27708333333333335 0.4560185185185185 0.0125 0.06203703703703703
0 0.25677083333333334 0.4611111111111111 0.013541666666666667 0.07407407407407408
0 0.28098958333333335 0.45 0.009895833333333335 0.05
0 0.31015624999999997 0.4476851851851852 0.009895833333333335 0.045370370370370366
0 0.30078125 0.449537037037037 0.008854166666666666 0.05092592592592592
0 0.3145833333333333 0.44490740740740736 0.009375 0.047222222222222214
0 0.31171875 0.4439814814814815 0.009895833333333335 0.047222222222222214
0 0.5187499999999999 0.44907407407407407 0.011458333333333334 0.05
0 0.5307291666666667 0.44768518518518513 0.009375 0.05648148148148148
0 0.5359375000000001 0.45462962962962966 0.014583333333333334 0.07222222222222222
0 0.5867187500000001 0.462037037037037 0.018229166666666668 0.09259259259259259
