0 0.5002604166666667 0.49861111111111106 0.050520833333333334 0.10092592592592592
0 0.72421875 0.6370370370370371 0.09531250000000001 0.5111111111111111
0 0.5888020833333334 0.47407407407407404 0.019270833333333334 0.14444444444444443
0 0.5755208333333334 0.4930555555555555 0.020833333333333332 0.11574074074074073
0 0.21041666666666667 0.5310185185185184 0.040625 0.11944444444444444
0 0.05546875 0.5476851851851852 0.050520833333333334 0.11574074074074073
0 0.2421875 0.524074074074074 0.04791666666666666 0.1722222222222222
0 0.4890625 0.4453703703703703 0.013541666666666667 0.06111111111111111
0 0.03828125 0.799537037037037 0.2171875 0.8824074074074074
0 0.5526041666666667 0.4583333333333333 0.01979166666666667 0.1
0 0.5252604166666667 0.4592592592592592 0.018229166666666668 0.09074074074074073
0 0.7565104166666669 0.6967592592592593 0.11822916666666668 0.662037037037037
0 0.6468750000000001 0.6615740740740741 0.08645833333333333 0.5416666666666666
0 0.4484375 0.4726851851851851 0.027083333333333334 0.06944444444444443
0 0.42890625 0.4685185185185185 0.028645833333333332 0.05555555555555555
0 0.21119791666666665 0.4814814814814815 0.0265625 0.10555555555555556
0 0.23072916666666668 0.4736111111111111 0.017708333333333333 0.10092592592592592
0 0.22760416666666666 0.4731481481481481 0.015625 0.1
0 0.22682291666666668 0.4805555555555555 0.022395833333333334 0.09444444444444443
0 0.20416666666666666 0.462037037037037 0.021875000000000002 0.0962962962962963
0 0.22682291666666668 0.4625 0.017187499999999998 0.07685185185185185
0 0.4588541666666667 0.5180555555555555 0.042708333333333334 0.2787037037037037
0 0.48020833333333335 0.5143518518518518 0.05520833333333334 0.23425925925925925
0 0.4174479166666667 0.5407407407407407 0.05260416666666667 0.2759259259259259
0 0.3471354166666667 0.5277777777777778 0.0421875 0.2537037037037037
0 0.8307291666666666 0.5652777777777778 0.08541666666666667 0.3657407407407407
0 0.4033854166666667 0.4736111111111111 0.022395833333333334 0.12870370370370368
0 0.6291666666666667 0.4560185185185185 0.017708333333333333 0.0787037037037037
0 0.55625 0.4611111111111111 0.015625 0.08518518518518518
0 0.5476562500000001 0.45833333333333326 0.018229166666666668 0.07777777777777777
0 0.33229166666666665 0.4611111111111111 0.017708333333333333 0.07777777777777777
0 0.3869791666666667 0.4564814814814815 0.014583333333333334 0.07592592592592592
0 0.35234375 0.4611111111111111 0.013020833333333334 0.06666666666666667
0 0.36640625 0.4606481481481481 0.009895833333333335 0.06574074074074074
0 0.3768229166666667 0.4694444444444444 0.013020833333333334 0.05185185185185184
0 0.3020833333333333 0.45555555555555555 0.016666666666666666 0.07222222222222222
0 0.2825520833333333 0.45879629629629626 0.013020833333333334 0.06574074074074074
0 0.24869791666666666 0.4611111111111111 0.0140625 0.07037037037037037
0 0.2825520833333333 0.45416666666666666 0.008854166666666666 0.058333333333333334
0 0.31145833333333334 0.449537037037037 0.009375 0.045370370370370366
0 0.30963541666666666 0.4435185185185185 0.008854166666666666 0.04444444444444444
0 0.31171875 0.4439814814814814 0.009895833333333335 0.045370370370370366
0 0.5190104166666667 0.44907407407407407 0.011979166666666666 0.05
0 0.5317708333333334 0.44861111111111107 0.009375 0.05648148148148148
0 0.5361979166666666 0.45370370370370366 0.015104166666666667 0.07222222222222222
0 0.5828125000000001 0.4601851851851852 0.017708333333333333 0.09259259259259259
