0 0.5002604166666667 0.49861111111111106 0.050520833333333334 0.10092592592592592
0 0.36250000000000004 0.5472222222222223 0.051041666666666666 0.2814814814814815
0 0.5580729166666667 0.4981481481481481 0.019270833333333334 0.10185185185185185
0 0.5760416666666667 0.5009259259259259 0.017708333333333333 0.10555555555555556
0 0.37916666666666665 0.49212962962962964 0.02291666666666667 0.08425925925925926
0 0.36692708333333335 0.5041666666666667 0.0265625 0.09722222222222222
0 0.4057291666666667 0.48009259259259257 0.021875000000000002 0.0861111111111111
0 0.6643229166666667 0.4597222222222222 0.019270833333333334 0.09166666666666666
0 0.5330729166666667 0.4592592592592592 0.0203125 0.09814814814814814
0 0.5799479166666667 0.4564814814814815 0.0203125 0.1
0 0.4955729166666667 0.45555555555555555 0.022395833333333334 0.10555555555555556
0 0.3171875 0.5754629629629628 0.06145833333333334 0.32870370370370366
0 0.4111979166666667 0.5291666666666667 0.0421875 0.2175925925925926
0 0.296875 0.5541666666666667 0.04895833333333334 0.27685185185185185
0 0.4484375 0.4726851851851851 0.027083333333333334 0.06944444444444443
0 0.42890625 0.4685185185185185 0.028645833333333332 0.05555555555555555
0 0.27421875 0.4754629629629629 0.018229166666666668 0.0861111111111111
0 0.26666666666666666 0.4703703703703704 0.015625 0.0962962962962963
0 0.24713541666666666 0.4800925925925926 0.022395833333333334 0.09351851851851851
0 0.20520833333333333 0.4611111111111111 0.021875000000000002 0.0962962962962963
0 0.23359375000000002 0.4629629629629629 0.018229166666666668 0.07777777777777777
0 0.3174479166666667 0.4842592592592592 0.022395833333333334 0.1259259259259259
0 0.4057291666666667 0.5087962962962963 0.043750000000000004 0.1898148148148148
0 0.5651041666666666 0.4560185185185185 0.016666666666666666 0.07129629629629629
0 0.37864583333333335 0.47870370370370363 0.01979166666666667 0.1148148148148148
0 0.3692708333333333 0.45879629629629626 0.013541666666666667 0.06203703703703703
0 0.37578125 0.46805555555555556 0.009895833333333335 0.05277777777777778
0 0.3216145833333333 0.4601851851851852 0.013020833333333334 0.06666666666666667
0 0.3002604166666667 0.45370370370370366 0.011979166666666666 0.06666666666666667
0 0.32265625000000003 0.4560185185185185 0.011979166666666666 0.06759259259259259
0 0.51796875 0.449537037037037 0.009895833333333335 0.04907407407407407
0 0.5270833333333333 0.44768518518518513 0.009375 0.05648148148148148
0 0.30833333333333335 0.41157407407407404 0.010416666666666666 0.03981481481481482
0 0.3145833333333333 0.41111111111111115 0.009375 0.03888888888888888
0 0.5291666666666667 0.45046296296296295 0.0125 0.06388888888888888
0 0.5179687500000001 0.4578703703703703 0.010937500000000001 0.03981481481481482
0 0.40911458333333334 0.4601851851851852 0.017187499999999998 0.08888888888888888
