0 0.5002604166666667 0.49861111111111106 0.050520833333333334 0.10092592592592592
0 0.3921875 0.5550925925925925 0.058333333333333334 0.3046296296296296
0 0.5578125 0.4981481481481481 0.01979166666666667 0.10185185185185185
0 0.57578125 0.5004629629629629 0.018229166666666668 0.10462962962962963
0 0.378125 0.4930555555555555 0.02291666666666667 0.08425925925925926
0 0.3666666666666667 0.5046296296296295 0.026041666666666668 0.09814814814814814
0 0.4005208333333333 0.4851851851851851 0.021875000000000002 0.09074074074074073
0 0.6416666666666666 0.45879629629629626 0.01979166666666667 0.09166666666666666
0 0.5317708333333334 0.45787037037037037 0.01875 0.09166666666666666
0 0.5789062500000001 0.45555555555555555 0.0203125 0.1
0 0.5078125000000001 0.4560185185185185 0.01875 0.10462962962962963
0 0.33671875 0.6004629629629629 0.0765625 0.39166666666666666
0 0.4466145833333333 0.537037037037037 0.044270833333333336 0.25
0 0.32994791666666673 0.5726851851851851 0.0578125 0.31759259259259254
0 0.4484375 0.4726851851851851 0.027083333333333334 0.06944444444444443
0 0.42890625 0.4685185185185185 0.028645833333333332 0.05555555555555555
0 0.26223958333333336 0.48287037037037034 0.0203125 0.09537037037037037
0 0.26875000000000004 0.4703703703703704 0.017708333333333333 0.0962962962962963
0 0.22708333333333336 0.47916666666666663 0.03125 0.09537037037037037
0 0.2046875 0.4611111111111111 0.021875000000000002 0.0962962962962963
0 0.2484375 0.4601851851851852 0.015625 0.07592592592592592
0 0.32109375 0.4851851851851851 0.0234375 0.12777777777777777
0 0.4692708333333333 0.5162037037037037 0.046875 0.2175925925925926
0 0.58984375 0.4606481481481481 0.018229166666666668 0.0824074074074074
0 0.4388020833333333 0.4703703703703704 0.019270833333333334 0.12222222222222222
0 0.30625 0.44953703703703696 0.010416666666666666 0.05648148148148148
0 0.35130208333333335 0.4611111111111111 0.013020833333333334 0.06666666666666667
0 0.3684895833333333 0.45879629629629626 0.013020833333333334 0.06203703703703703
0 0.37578125 0.46805555555555556 0.008854166666666666 0.05277777777777778
0 0.31953125 0.45787037037037037 0.013020833333333334 0.06388888888888888
0 0.31015625 0.4597222222222222 0.010937500000000001 0.06203703703703703
0 0.2973958333333333 0.45462962962962966 0.0125 0.0685185185185185
0 0.3184895833333333 0.4546296296296296 0.011979166666666666 0.06481481481481481
0 0.28229166666666666 0.45416666666666666 0.015625 0.06388888888888888
0 0.5182291666666666 0.449537037037037 0.010416666666666666 0.04907407407407407
0 0.5270833333333333 0.44768518518518513 0.009375 0.05648148148148148
0 0.3098958333333333 0.4106481481481481 0.010416666666666666 0.03981481481481482
0 0.3151041666666667 0.41111111111111115 0.009375 0.03888888888888888
0 0.5101562500000001 0.449537037037037 0.011979166666666666 0.06574074074074074
0 0.5002604166666667 0.45972222222222214 0.010937500000000001 0.03981481481481482
0 0.42473958333333334 0.45648148148148143 0.016145833333333335 0.07777777777777777
0 0.29010416666666666 0.44537037037037036 0.011458333333333334 0.05
