0 0.5002604166666667 0.49861111111111106 0.050520833333333334 0.10092592592592592
0 0.665625 0.6162037037037037 0.090625 0.48611111111111105
0 0.5864583333333333 0.47731481481481475 0.02291666666666667 0.1398148148148148
0 0.5755208333333334 0.49953703703703695 0.02291666666666667 0.10277777777777777
0 0.2768229166666667 0.5111111111111111 0.03177083333333333 0.0962962962962963
0 0.17213541666666665 0.5361111111111111 0.0453125 0.11666666666666667
0 0.32343750000000004 0.5078703703703703 0.040625 0.14351851851851852
0 0.48828125 0.44583333333333336 0.013020833333333334 0.058333333333333334
0 0.46067708333333335 0.7666666666666667 0.19947916666666665 0.9092592592592592
0 0.5671875000000001 0.45648148148148143 0.01979166666666667 0.10185185185185185
0 0.52734375 0.4587962962962963 0.018229166666666668 0.09351851851851851
0 0.6580729166666667 0.6805555555555555 0.12552083333333333 0.6185185185185185
0 0.5848958333333333 0.6356481481481481 0.08541666666666667 0.4842592592592592
0 0.4484375 0.4726851851851851 0.027083333333333334 0.06944444444444443
0 0.42890625 0.4685185185185185 0.028645833333333332 0.05555555555555555
0 0.21015625 0.4814814814814815 0.0265625 0.10555555555555556
0 0.23255208333333335 0.4731481481481481 0.018229166666666668 0.10185185185185185
0 0.22708333333333336 0.4731481481481481 0.015625 0.1
0 0.22630208333333335 0.4805555555555555 0.022395833333333334 0.09444444444444443
0 0.20416666666666666 0.462037037037037 0.021875000000000002 0.0962962962962963
0 0.22552083333333334 0.46342592592592596 0.016666666666666666 0.07685185185185185
0 0.43984375 0.5180555555555555 0.04635416666666667 0.28055555555555556
0 0.41380208333333335 0.5263888888888888 0.058854166666666666 0.2472222222222222
0 0.35078125000000004 0.5467592592592593 0.0421875 0.2787037037037037
0 0.28567708333333336 0.5379629629629629 0.051562500000000004 0.274074074074074
0 0.7231770833333333 0.5472222222222222 0.07447916666666668 0.31111111111111106
0 0.43046875 0.47777777777777775 0.02760416666666667 0.13888888888888887
0 0.6388020833333334 0.45694444444444443 0.018229166666666668 0.0824074074074074
0 0.5361979166666667 0.45694444444444443 0.016145833333333335 0.075
0 0.5252604166666667 0.4532407407407407 0.0140625 0.07314814814814814
0 0.33177083333333335 0.4611111111111111 0.015625 0.07407407407407408
0 0.384375 0.45370370370370366 0.013541666666666667 0.07037037037037037
0 0.35130208333333335 0.4611111111111111 0.013020833333333334 0.06666666666666667
0 0.3658854166666667 0.46018518518518514 0.009895833333333335 0.06481481481481481
0 0.3809895833333333 0.4694444444444444 0.009895833333333335 0.0537037037037037
0 0.2950520833333333 0.45509259259259255 0.0140625 0.06759259259259259
0 0.27890624999999997 0.4574074074074074 0.013020833333333334 0.06296296296296296
0 0.25338541666666664 0.461574074074074 0.0140625 0.07129629629629629
0 0.2815104166666667 0.4513888888888889 0.009895833333333335 0.05277777777777778
0 0.31093750000000003 0.4476851851851852 0.009375 0.045370370370370366
0 0.3143229166666667 0.44305555555555554 0.008854166666666666 0.045370370370370366
0 0.31171875 0.4439814814814814 0.009895833333333335 0.045370370370370366
0 0.5190104166666667 0.44907407407407407 0.011979166666666666 0.05
0 0.53125 0.44768518518518513 0.009375 0.05648148148148148
0 0.5393229166666667 0.45416666666666666 0.013020833333333334 0.07129629629629629
0 0.5867187500000001 0.462037037037037 0.018229166666666668 0.09259259259259259
