0 0.5002604166666667 0.49861111111111106 0.050520833333333334 0.10092592592592592
0 0.5750000000000001 0.6069444444444444 0.08645833333333333 0.43425925925925923
0 0.5578124999999999 0.4981481481481481 0.020833333333333332 0.09814814814814814
0 0.57578125 0.49999999999999994 0.021354166666666667 0.10370370370370369
0 0.3744791666666667 0.49675925925925923 0.021875000000000002 0.09166666666666666
0 0.3658854166666667 0.5050925925925925 0.02447916666666667 0.09907407407407406
0 0.39296875000000003 0.49629629629629624 0.028645833333333332 0.10370370370370369
0 0.51015625 0.4509259259259259 0.0140625 0.07037037037037037
0 0.5817708333333333 0.45416666666666666 0.01979166666666667 0.10092592592592592
0 0.5242187500000001 0.4662037037037037 0.018229166666666668 0.10462962962962963
0 0.5846354166666666 0.6546296296296296 0.10885416666666667 0.5685185185185184
0 0.9304687500000001 0.6263888888888888 0.1171875 0.4601851851851852
0 0.5013020833333334 0.6337962962962963 0.0703125 0.48796296296296293
0 0.4484375 0.4726851851851851 0.027083333333333334 0.06944444444444443
0 0.42890625 0.4685185185185185 0.028645833333333332 0.05555555555555555
0 0.2096354166666667 0.48101851851851846 0.022395833333333334 0.10277777777777777
0 0.27057291666666666 0.47129629629629627 0.022395833333333334 0.1
0 0.23541666666666666 0.4722222222222222 0.015625 0.1
0 0.225 0.48148148148148145 0.02395833333333333 0.09444444444444443
0 0.20416666666666666 0.462037037037037 0.021875000000000002 0.0962962962962963
0 0.21979166666666666 0.46527777777777773 0.015625 0.07685185185185185
0 0.013281250000000001 0.5814814814814814 0.09947916666666667 0.4222222222222222
0 0.4286458333333333 0.5083333333333333 0.03333333333333333 0.2
0 0.8888020833333333 0.5745370370370371 0.0984375 0.38611111111111107
0 0.7080729166666666 0.525462962962963 0.07552083333333333 0.2546296296296296
0 0.7421875 0.4597222222222222 0.03125 0.09907407407407406
0 0.6289062500000001 0.46064814814814814 0.02447916666666667 0.09722222222222222
0 0.4505208333333333 0.4481481481481481 0.011458333333333334 0.06481481481481481
0 0.4307291666666667 0.4472222222222222 0.013541666666666667 0.07037037037037037
0 0.3333333333333333 0.45185185185185184 0.009375 0.05555555555555555
0 0.3549479166666667 0.45 0.011979166666666666 0.05555555555555555
0 0.34921875 0.4611111111111111 0.013020833333333334 0.06666666666666667
0 0.36484374999999997 0.46018518518518514 0.009895833333333335 0.06481481481481481
0 0.3744791666666667 0.4685185185185185 0.008333333333333333 0.0537037037037037
0 0.26979166666666665 0.46527777777777773 0.013541666666666667 0.07314814814814814
0 0.3072916666666667 0.4532407407407407 0.011458333333333334 0.054629629629629625
0 0.29609375000000004 0.45370370370370366 0.009895833333333335 0.0537037037037037
0 0.29609375000000004 0.44907407407407407 0.009895833333333335 0.05555555555555555
0 0.31640625 0.44907407407407407 0.011979166666666666 0.05
0 0.30755208333333334 0.44814814814814813 0.010937500000000001 0.05555555555555555
0 0.2856770833333333 0.4513888888888888 0.010937500000000001 0.05648148148148148
0 0.5184895833333334 0.44907407407407407 0.010937500000000001 0.05
0 0.5281250000000001 0.44768518518518513 0.009375 0.05648148148148148
0 0.5346354166666667 0.4574074074074074 0.015104166666666667 0.07222222222222222
0 0.315625 0.4291666666666666 0.010416666666666666 0.03981481481481482
