0 0.5002604166666667 0.49861111111111106 0.050520833333333334 0.10092592592592592
0 0.4361979166666667 0.5703703703703703 0.0546875 0.3351851851851852
0 0.5572916666666666 0.4981481481481481 0.01979166666666667 0.10185185185185185
0 0.57578125 0.5004629629629629 0.019270833333333334 0.10462962962962963
0 0.3770833333333333 0.49398148148148147 0.02291666666666667 0.08425925925925926
0 0.36640625 0.5046296296296295 0.025520833333333333 0.09814814814814814
0 0.3953125 0.4898148148148148 0.02291666666666667 0.0962962962962963
0 0.6114583333333333 0.461574074074074 0.01979166666666667 0.09166666666666666
0 0.5281250000000001 0.45787037037037037 0.01875 0.09166666666666666
0 0.5809895833333333 0.45509259259259255 0.0203125 0.10092592592592592
0 0.5140625000000001 0.46064814814814814 0.01875 0.10462962962962963
0 0.3559895833333333 0.6212962962962963 0.0984375 0.4592592592592592
0 0.5010416666666667 0.5527777777777777 0.051041666666666666 0.2833333333333333
0 0.37421875 0.5796296296296296 0.06718750000000001 0.3351851851851852
0 0.4484375 0.4726851851851851 0.027083333333333334 0.06944444444444443
0 0.42890625 0.4685185185185185 0.028645833333333332 0.05555555555555555
0 0.25026041666666665 0.4805555555555555 0.018229166666666668 0.1
0 0.2734375 0.47129629629629627 0.017708333333333333 0.09814814814814814
0 0.2625 0.47268518518518515 0.015625 0.09537037037037037
0 0.22526041666666666 0.4819444444444444 0.025520833333333333 0.09537037037037037
0 0.20416666666666666 0.4611111111111111 0.021875000000000002 0.0962962962962963
0 0.2518229166666667 0.4625 0.016145833333333335 0.07685185185185185
0 0.3106770833333333 0.49212962962962964 0.02760416666666667 0.1398148148148148
0 0.5333333333333333 0.5259259259259259 0.05416666666666667 0.25
0 0.6125 0.462037037037037 0.017708333333333333 0.08333333333333333
0 0.5002604166666667 0.4694444444444444 0.019270833333333334 0.12037037037037036
0 0.309375 0.44861111111111107 0.010416666666666666 0.05648148148148148
0 0.3502604166666667 0.4629629629629629 0.013020833333333334 0.06666666666666667
0 0.36640625 0.4583333333333333 0.013020833333333334 0.06296296296296296
0 0.37578125 0.46805555555555556 0.008854166666666666 0.05277777777777778
0 0.3171875 0.45648148148148143 0.013541666666666667 0.06111111111111111
0 0.30234375 0.45833333333333326 0.010937500000000001 0.06111111111111111
0 0.29140625000000003 0.4527777777777777 0.013020833333333334 0.06666666666666667
0 0.3140625 0.4527777777777777 0.011458333333333334 0.06111111111111111
0 0.27630208333333334 0.45416666666666666 0.015104166666666667 0.06018518518518518
0 0.5182291666666666 0.449537037037037 0.010416666666666666 0.04907407407407407
0 0.5270833333333333 0.44768518518518513 0.009375 0.05648148148148148
0 0.5036458333333333 0.4541666666666666 0.016666666666666666 0.0898148148148148
0 0.3098958333333333 0.41157407407407404 0.010416666666666666 0.03981481481481482
0 0.31562500000000004 0.41111111111111115 0.009375 0.03888888888888888
0 0.4994791666666667 0.45509259259259255 0.011458333333333334 0.06574074074074074
0 0.2869791666666667 0.44537037037037036 0.011458333333333334 0.05
