0 0.5002604166666667 0.49861111111111106 0.050520833333333334 0.10092592592592592
0 0.6208333333333333 0.6134259259259259 0.08645833333333333 0.4583333333333333
0 0.57421875 0.4861111111111111 0.022395833333333334 0.12222222222222222
0 0.5755208333333334 0.49953703703703695 0.02291666666666667 0.10277777777777777
0 0.3567708333333333 0.49398148148148147 0.025 0.08425925925925926
0 0.29921875 0.5115740740740741 0.0328125 0.09907407407407406
0 0.38125000000000003 0.49212962962962964 0.030208333333333334 0.11388888888888889
0 0.4942708333333333 0.44861111111111107 0.013541666666666667 0.06574074074074074
0 0.58203125 0.45509259259259255 0.0203125 0.10277777777777777
0 0.5263020833333334 0.4592592592592592 0.018229166666666668 0.0962962962962963
0 0.6119791666666666 0.6546296296296297 0.10416666666666667 0.5592592592592592
0 0.5455729166666666 0.6291666666666667 0.06718750000000001 0.47685185185185186
0 0.4484375 0.4726851851851851 0.027083333333333334 0.06944444444444443
0 0.42890625 0.4685185185185185 0.028645833333333332 0.05555555555555555
0 0.2109375 0.48148148148148145 0.027083333333333334 0.10370370370370369
0 0.2484375 0.4717592592592592 0.01875 0.10092592592592592
0 0.22708333333333336 0.4722222222222222 0.015625 0.1
0 0.22578125000000002 0.4810185185185185 0.022395833333333334 0.09537037037037037
0 0.20416666666666666 0.462037037037037 0.021875000000000002 0.0962962962962963
0 0.22395833333333334 0.4643518518518518 0.016666666666666666 0.07685185185185185
0 0.3729166666666667 0.5347222222222221 0.08020833333333333 0.3101851851851852
0 0.296875 0.5416666666666666 0.078125 0.2722222222222222
0 0.23697916666666666 0.5625 0.052083333333333336 0.3009259259259259
0 0.14583333333333334 0.5652777777777778 0.08645833333333333 0.32314814814814813
0 0.6036458333333333 0.5296296296296297 0.05 0.2518518518518518
0 0.4752604166666667 0.48703703703703705 0.03072916666666667 0.16296296296296295
0 0.6549479166666666 0.4574074074074074 0.018229166666666668 0.08888888888888888
0 0.5122395833333333 0.4564814814814815 0.0140625 0.07222222222222222
0 0.5005208333333334 0.45231481481481484 0.013541666666666667 0.07129629629629629
0 0.33125000000000004 0.45694444444444443 0.014583333333333334 0.06944444444444443
0 0.3794270833333333 0.4509259259259259 0.013020833333333334 0.06481481481481481
0 0.35078125 0.4611111111111111 0.013020833333333334 0.06666666666666667
0 0.3658854166666667 0.46018518518518514 0.009895833333333335 0.06481481481481481
0 0.3791666666666667 0.4694444444444444 0.009375 0.0537037037037037
0 0.28671874999999997 0.4537037037037036 0.013020833333333334 0.06481481481481481
0 0.2755208333333333 0.4560185185185185 0.0125 0.06203703703703703
0 0.2611979166666667 0.462037037037037 0.013020833333333334 0.07592592592592592
0 0.28098958333333335 0.4504629629629629 0.009895833333333335 0.04907407407407407
0 0.3091145833333333 0.4486111111111111 0.009895833333333335 0.047222222222222214
0 0.3002604166666667 0.449537037037037 0.008854166666666666 0.05092592592592592
0 0.3151041666666667 0.44675925925925924 0.009375 0.04907407407407407
0 0.3106770833333333 0.4444444444444444 0.009895833333333335 0.04814814814814815
0 0.290625 0.4481481481481481 0.009375 0.05185185185185184
0 0.5187499999999999 0.44907407407407407 0.011458333333333334 0.05
0 0.5302083333333334 0.44768518518518513 0.009375 0.05648148148148148
0 0.5361979166666667 0.4532407407407407 0.013020833333333334 0.06759259259259259
0 0.5867187500000001 0.462037037037037 0.018229166666666668 0.09259259259259259
