0 0.5002604166666667 0.49861111111111106 0.050520833333333334 0.10092592592592592
0 0.37786458333333334 0.5537037037037037 0.050520833333333334 0.2944444444444444
0 0.5578125 0.4981481481481481 0.01979166666666667 0.10185185185185185
0 0.57578125 0.5004629629629629 0.018229166666666668 0.10462962962962963
0 0.3786458333333333 0.4930555555555555 0.02291666666666667 0.08425925925925926
0 0.3666666666666667 0.5046296296296295 0.026041666666666668 0.09814814814814814
0 0.403125 0.4824074074074074 0.021875000000000002 0.08888888888888888
0 0.6552083333333334 0.45879629629629626 0.01979166666666667 0.09166666666666666
0 0.53359375 0.4574074074074074 0.019270833333333334 0.09259259259259259
0 0.5794270833333334 0.45555555555555555 0.0203125 0.1
0 0.4984375 0.4564814814814815 0.021875000000000002 0.10555555555555556
0 0.32578125 0.5856481481481481 0.06822916666666667 0.34907407407407404
0 0.428125 0.5337962962962963 0.04791666666666666 0.22685185185185183
0 0.3177083333333333 0.5578703703703703 0.057291666666666664 0.287962962962963
0 0.4484375 0.4726851851851851 0.027083333333333334 0.06944444444444443
0 0.42890625 0.4685185185185185 0.028645833333333332 0.05555555555555555
0 0.26848958333333334 0.4810185185185185 0.017187499999999998 0.09537037037037037
0 0.2677083333333333 0.4703703703703704 0.016666666666666666 0.0962962962962963
0 0.23854166666666668 0.4805555555555555 0.02291666666666667 0.09444444444444443
0 0.20494791666666665 0.4611111111111111 0.021354166666666667 0.0962962962962963
0 0.23958333333333334 0.4625 0.01875 0.07685185185185185
0 0.3192708333333333 0.48472222222222217 0.02291666666666667 0.12685185185185185
0 0.43515625 0.5125 0.04010416666666666 0.20277777777777778
0 0.5789062500000001 0.45555555555555555 0.016145833333333335 0.07407407407407408
0 0.40546875 0.47453703703703703 0.019270833333333334 0.11203703703703702
0 0.3518229166666667 0.4611111111111111 0.013020833333333334 0.06666666666666667
0 0.36875 0.45879629629629626 0.013541666666666667 0.06203703703703703
0 0.37578125 0.46805555555555556 0.009895833333333335 0.05277777777777778
0 0.3205729166666667 0.4592592592592592 0.013020833333333334 0.06481481481481481
0 0.2984375 0.45416666666666666 0.0125 0.06759259259259259
0 0.3205729166666667 0.45509259259259255 0.011979166666666666 0.06574074074074074
0 0.28411458333333334 0.4546296296296296 0.0140625 0.06481481481481481
0 0.51796875 0.449537037037037 0.009895833333333335 0.04907407407407407
0 0.5270833333333333 0.44768518518518513 0.009375 0.05648148148148148
0 0.309375 0.4106481481481481 0.010416666666666666 0.03981481481481482
0 0.3151041666666667 0.41111111111111115 0.009375 0.03888888888888888
0 0.5236979166666667 0.4527777777777777 0.011979166666666666 0.06481481481481481
0 0.5101562500000001 0.45972222222222214 0.010937500000000001 0.03981481481481482
0 0.41796875000000006 0.4592592592592592 0.016145833333333335 0.08703703703703704
0 0.29296875 0.44722222222222213 0.010937500000000001 0.05185185185185184
