0 0.5002604166666667 0.49861111111111106 0.050520833333333334 0.10092592592592592
0 0.5471354166666667 0.5976851851851851 0.0859375 0.40462962962962956
0 0.5575520833333333 0.499537037037037 0.0203125 0.09722222222222222
0 0.5757812499999999 0.49999999999999994 0.0203125 0.10370370370370369
0 0.37473958333333335 0.4949074074074074 0.022395833333333334 0.0861111111111111
0 0.36614583333333334 0.5050925925925925 0.025 0.09907407407407406
0 0.3916666666666667 0.49629629629629624 0.026041666666666668 0.10370370370370369
0 0.5916666666666667 0.4625 0.01979166666666667 0.09166666666666666
0 0.5179687500000001 0.4537037037037036 0.016145833333333335 0.07777777777777777
0 0.5817708333333333 0.45509259259259255 0.01979166666666667 0.10092592592592592
0 0.5164062500000001 0.46574074074074073 0.018229166666666668 0.10555555555555556
0 0.5330729166666667 0.6722222222222222 0.0859375 0.5907407407407407
0 0.7046875 0.5814814814814814 0.08958333333333333 0.3574074074074074
0 0.4578125 0.6217592592592592 0.06770833333333333 0.43981481481481477
0 0.4484375 0.4726851851851851 0.027083333333333334 0.06944444444444443
0 0.42890625 0.4685185185185185 0.028645833333333332 0.05555555555555555
0 0.22291666666666665 0.48055555555555546 0.021875000000000002 0.10185185185185185
0 0.27499999999999997 0.4703703703703704 0.016666666666666666 0.1
0 0.25156249999999997 0.4717592592592592 0.015625 0.09537037037037037
0 0.22447916666666667 0.4819444444444444 0.025 0.09351851851851851
0 0.20416666666666666 0.462037037037037 0.021875000000000002 0.0962962962962963
0 0.22864583333333335 0.46481481481481485 0.015625 0.07592592592592592
0 0.3606770833333333 0.5032407407407408 0.033854166666666664 0.17314814814814813
0 0.7078125 0.5504629629629628 0.08229166666666668 0.3194444444444444
0 0.9513020833333334 0.548148148148148 0.10989583333333333 0.34074074074074073
0 0.6802083333333334 0.4629629629629629 0.026041666666666668 0.0962962962962963
0 0.5888020833333333 0.4643518518518518 0.03072916666666667 0.10648148148148147
0 0.4088541666666667 0.4532407407407407 0.0125 0.06759259259259259
0 0.4104166666666667 0.44907407407407407 0.013541666666666667 0.0685185185185185
0 0.3213541666666667 0.45231481481481484 0.010416666666666666 0.054629629629629625
0 0.3307291666666667 0.4509259259259259 0.009375 0.05555555555555555
0 0.3486979166666667 0.4611111111111111 0.013020833333333334 0.06666666666666667
0 0.36484374999999997 0.46018518518518514 0.009895833333333335 0.06481481481481481
0 0.37552083333333336 0.4685185185185185 0.008333333333333333 0.0537037037037037
0 0.26640625 0.4666666666666667 0.011979166666666666 0.07592592592592592
0 0.31223958333333335 0.4546296296296296 0.010937500000000001 0.0574074074074074
0 0.2986979166666667 0.45648148148148143 0.009895833333333335 0.0574074074074074
0 0.29322916666666665 0.4509259259259259 0.011458333333333334 0.059259259259259255
0 0.31796875 0.4513888888888889 0.011979166666666666 0.05277777777777778
0 0.30572916666666666 0.45 0.011458333333333334 0.059259259259259255
0 0.2791666666666667 0.4523148148148148 0.014583333333333334 0.05648148148148148
0 0.5184895833333334 0.449537037037037 0.010937500000000001 0.04907407407407407
0 0.5276041666666667 0.44768518518518513 0.009375 0.05648148148148148
0 0.5257812500000001 0.45787037037037037 0.016145833333333335 0.0824074074074074
0 0.3135416666666667 0.4217592592592592 0.010416666666666666 0.03981481481481482
0 0.31875000000000003 0.4185185185185185 0.009375 0.03888888888888888
