0 0.5002604166666667 0.49861111111111106 0.050520833333333334 0.10092592592592592
0 0.8486979166666667 0.6481481481481481 0.1078125 0.5425925925925926
0 0.58984375 0.47129629629629627 0.019270833333333334 0.14444444444444443
0 0.5812499999999999 0.4810185185185185 0.026041666666666668 0.125
0 0.011979166666666666 0.5574074074074074 0.046875 0.14629629629629629
0 0.0 0.5773148148148147 0.07187500000000001 0.2398148148148148
0 0.5065104166666667 0.4509259259259259 0.016145833333333335 0.07592592592592592
0 0.5354166666666667 0.46481481481481474 0.01979166666666667 0.1
0 0.5096354166666667 0.4592592592592592 0.018229166666666668 0.09074074074074073
0 0.9114583333333334 0.6986111111111111 0.16145833333333334 0.7064814814814814
0 0.7828125 0.6884259259259259 0.11458333333333333 0.6009259259259259
0 0.4484375 0.4726851851851851 0.027083333333333334 0.06944444444444443
0 0.42890625 0.4685185185185185 0.028645833333333332 0.05555555555555555
0 0.21171875 0.4810185185185185 0.025520833333333333 0.10462962962962963
0 0.2296875 0.4722222222222222 0.016666666666666666 0.1
0 0.22786458333333334 0.4731481481481481 0.015104166666666667 0.1
0 0.22786458333333337 0.4800925925925926 0.022395833333333334 0.09351851851851851
0 0.20416666666666666 0.462037037037037 0.021875000000000002 0.0962962962962963
0 0.22864583333333335 0.4625 0.017708333333333333 0.07685185185185185
0 0.48828125 0.5166666666666667 0.043229166666666666 0.2759259259259259
0 0.5830729166666667 0.5152777777777777 0.05260416666666667 0.22314814814814812
0 0.53671875 0.5402777777777777 0.05260416666666667 0.25833333333333336
0 0.4338541666666667 0.5199074074074074 0.04479166666666667 0.24166666666666667
0 0.3625 0.4717592592592592 0.021875000000000002 0.11203703703703702
0 0.62265625 0.45370370370370366 0.017187499999999998 0.07962962962962963
0 0.6041666666666666 0.4634259259259259 0.020833333333333332 0.08796296296296297
0 0.59140625 0.45787037037037037 0.018229166666666668 0.09351851851851851
0 0.34557291666666673 0.4634259259259259 0.016145833333333335 0.0861111111111111
0 0.3822916666666667 0.4587962962962963 0.015625 0.08425925925925926
0 0.35442708333333334 0.4611111111111111 0.013020833333333334 0.06666666666666667
0 0.36640625 0.4606481481481481 0.009895833333333335 0.06574074074074074
0 0.37473958333333335 0.4694444444444444 0.011979166666666666 0.05185185185185184
0 0.3067708333333333 0.46018518518518514 0.016666666666666666 0.07407407407407408
0 0.28984375 0.46249999999999997 0.013020833333333334 0.06944444444444443
0 0.24401041666666667 0.46064814814814814 0.013020833333333334 0.06759259259259259
0 0.28567708333333336 0.45648148148148143 0.009895833333333335 0.06111111111111111
0 0.30833333333333335 0.43657407407407406 0.009375 0.04351851851851852
0 0.31171875 0.4439814814814814 0.009895833333333335 0.045370370370370366
0 0.2950520833333333 0.42685185185185187 0.0067708333333333336 0.029629629629629627
0 0.30234375 0.425 0.0067708333333333336 0.029629629629629627
0 0.5190104166666667 0.44907407407407407 0.011979166666666666 0.05
0 0.5317708333333334 0.44861111111111107 0.009375 0.05648148148148148
