0 0.5002604166666667 0.49861111111111106 0.050520833333333334 0.10092592592592592
0 0.3484375 0.5435185185185184 0.051041666666666666 0.2722222222222222
0 0.5583333333333333 0.4981481481481481 0.01979166666666667 0.10185185185185185
0 0.5760416666666667 0.5009259259259259 0.017708333333333333 0.10555555555555556
0 0.3796875 0.49212962962962964 0.02291666666666667 0.08425925925925926
0 0.36692708333333335 0.5041666666666667 0.0265625 0.09722222222222222
0 0.4075520833333334 0.4787037037037037 0.021354166666666667 0.08333333333333333
0 0.6653645833333334 0.4601851851851852 0.017187499999999998 0.09259259259259259
0 0.5330729166666667 0.46018518518518514 0.0203125 0.10185185185185185
0 0.58046875 0.4564814814814815 0.0203125 0.1
0 0.49401041666666673 0.45555555555555555 0.022395833333333334 0.10555555555555556
0 0.3111979166666667 0.5643518518518518 0.05677083333333334 0.3101851851851852
0 0.3984375 0.5259259259259259 0.04895833333333334 0.20740740740740737
0 0.2955729166666667 0.5504629629629628 0.049479166666666664 0.26944444444444443
0 0.4484375 0.4726851851851851 0.027083333333333334 0.06944444444444443
0 0.42890625 0.4685185185185185 0.028645833333333332 0.05555555555555555
0 0.2799479166666667 0.474537037037037 0.018229166666666668 0.0861111111111111
0 0.26640625 0.4703703703703704 0.015104166666666667 0.0962962962962963
0 0.2520833333333333 0.4782407407407407 0.01875 0.09351851851851851
0 0.20546875 0.4611111111111111 0.021354166666666667 0.0962962962962963
0 0.22994791666666664 0.4625 0.019270833333333334 0.07685185185185185
0 0.31640625000000006 0.4837962962962962 0.021354166666666667 0.125
0 0.3880208333333333 0.5087962962962963 0.03229166666666667 0.1861111111111111
0 0.5572916666666666 0.4560185185185185 0.016666666666666666 0.07129629629629629
0 0.3645833333333333 0.4796296296296296 0.01979166666666667 0.11666666666666667
0 0.36953125 0.45879629629629626 0.0140625 0.06203703703703703
0 0.37578125 0.46805555555555556 0.009895833333333335 0.05277777777777778
0 0.3223958333333333 0.46064814814814814 0.013541666666666667 0.06759259259259259
0 0.3015625 0.45462962962962966 0.0125 0.0685185185185185
0 0.32421875 0.45648148148148143 0.011979166666666666 0.0685185185185185
0 0.51796875 0.449537037037037 0.009895833333333335 0.04907407407407407
0 0.5270833333333333 0.44768518518518513 0.009375 0.05648148148148148
0 0.3078125 0.41157407407407404 0.010416666666666666 0.03981481481481482
0 0.3145833333333333 0.41111111111111115 0.009375 0.03888888888888888
0 0.5354166666666667 0.449537037037037 0.0125 0.06388888888888888
0 0.4026041666666667 0.4601851851851852 0.016666666666666666 0.08888888888888888
