0 0.5002604166666667 0.49861111111111106 0.050520833333333334 0.10092592592592592
0 0.7622395833333334 0.562037037037037 0.07760416666666667 0.3574074074074074
0 0.3276041666666667 0.5347222222222221 0.04479166666666667 0.24537037037037035
0 0.8130208333333333 0.5574074074074074 0.08229166666666668 0.31851851851851853
0 0.5588541666666667 0.4981481481481481 0.01875 0.10185185185185185
0 0.5760416666666667 0.5009259259259259 0.016666666666666666 0.10555555555555556
0 0.3895833333333333 0.4837962962962962 0.017708333333333333 0.06574074074074074
0 0.3671875 0.5041666666666667 0.027083333333333334 0.09722222222222222
0 0.3903645833333333 0.4578703703703703 0.0140625 0.06944444444444443
0 0.6622395833333333 0.4601851851851852 0.017187499999999998 0.09259259259259259
0 0.5390625 0.45370370370370366 0.020833333333333332 0.1074074074074074
0 0.5828125000000001 0.4574074074074074 0.01979166666666667 0.1
0 0.4973958333333333 0.45555555555555555 0.021875000000000002 0.10555555555555556
0 0.2611979166666667 0.5435185185185184 0.06197916666666667 0.2611111111111111
0 0.3484375 0.5106481481481481 0.03229166666666667 0.17314814814814813
0 0.7312500000000001 0.4611111111111111 0.03229166666666667 0.1148148148148148
0 0.7934895833333334 0.4597222222222222 0.028645833333333332 0.11944444444444444
0 0.2716145833333333 0.5412037037037037 0.04635416666666667 0.23055555555555554
0 0.4484375 0.4726851851851851 0.027083333333333334 0.06944444444444443
0 0.42890625 0.4685185185185185 0.028645833333333332 0.05555555555555555
0 0.29401041666666666 0.4726851851851851 0.018229166666666668 0.0861111111111111
0 0.20598958333333334 0.4611111111111111 0.021354166666666667 0.0962962962962963
0 0.228125 0.46388888888888885 0.020833333333333332 0.07777777777777777
0 0.3119791666666667 0.4833333333333333 0.017708333333333333 0.12407407407407406
0 0.5177083333333333 0.45787037037037037 0.016666666666666666 0.07129629629629629
0 0.36953125000000003 0.45879629629629626 0.013020833333333334 0.06203703703703703
0 0.3760416666666667 0.46805555555555556 0.010416666666666666 0.05277777777777778
0 0.5270833333333333 0.44768518518518513 0.009375 0.05648148148148148
0 0.30625 0.4180555555555555 0.010416666666666666 0.03981481481481482
0 0.3145833333333333 0.4157407407407407 0.009375 0.03888888888888888
0 0.5450520833333333 0.44907407407407407 0.013020833333333334 0.06296296296296296
0 0.3583333333333333 0.45694444444444443 0.017708333333333333 0.0787037037037037
