0 0.5002604166666667 0.49861111111111106 0.050520833333333334 0.10092592592592592
0 0.8893229166666666 0.6541666666666667 0.11197916666666667 0.5527777777777777
0 0.5901041666666667 0.4703703703703704 0.01875 0.14444444444444443
0 0.5778645833333333 0.4773148148148148 0.02447916666666667 0.12129629629629629
0 0.5114583333333333 0.4527777777777777 0.016666666666666666 0.08148148148148147
0 0.5354166666666667 0.46388888888888885 0.01979166666666667 0.1
0 0.5080729166666667 0.4611111111111111 0.018229166666666668 0.09074074074074073
0 0.9817708333333334 0.7046296296296295 0.11458333333333333 0.7055555555555555
0 0.8236979166666667 0.6842592592592592 0.1203125 0.6055555555555555
0 0.4484375 0.4726851851851851 0.027083333333333334 0.06944444444444443
0 0.42890625 0.4685185185185185 0.028645833333333332 0.05555555555555555
0 0.21171875 0.4810185185185185 0.025520833333333333 0.10462962962962963
0 0.22942708333333334 0.4726851851851851 0.016145833333333335 0.09907407407407406
0 0.228125 0.4731481481481481 0.015625 0.1
0 0.22786458333333337 0.4800925925925926 0.022395833333333334 0.09351851851851851
0 0.20416666666666666 0.462037037037037 0.021875000000000002 0.0962962962962963
0 0.22916666666666666 0.461574074074074 0.017708333333333333 0.07685185185185185
0 0.5135416666666667 0.5171296296296296 0.06666666666666667 0.27314814814814814
0 0.5966145833333334 0.5143518518518518 0.04114583333333334 0.22314814814814812
0 0.5656249999999999 0.5412037037037037 0.057291666666666664 0.25833333333333336
0 0.4557291666666667 0.5175925925925926 0.06145833333333334 0.2351851851851852
0 0.35234375 0.4708333333333333 0.0203125 0.10833333333333334
0 0.6190104166666667 0.4606481481481481 0.0203125 0.09351851851851851
0 0.6057291666666667 0.4564814814814815 0.01875 0.0962962962962963
0 0.34739583333333335 0.46435185185185185 0.015625 0.08796296296296297
0 0.3807291666666667 0.45879629629629626 0.016666666666666666 0.08796296296296297
0 0.35442708333333334 0.4611111111111111 0.013020833333333334 0.06666666666666667
0 0.36640625 0.4606481481481481 0.009895833333333335 0.06574074074074074
0 0.37473958333333335 0.4694444444444444 0.010937500000000001 0.05185185185185184
0 0.3091145833333333 0.4597222222222222 0.018229166666666668 0.075
0 0.2908854166666667 0.462037037037037 0.0140625 0.07037037037037037
0 0.24244791666666665 0.461574074074074 0.013020833333333334 0.06759259259259259
0 0.28567708333333336 0.4574074074074074 0.009895833333333335 0.06296296296296296
0 0.3088541666666667 0.43425925925925923 0.009375 0.04259259259259259
0 0.31171875 0.4439814814814814 0.009895833333333335 0.045370370370370366
0 0.2966145833333333 0.4259259259259259 0.0067708333333333336 0.029629629629629627
0 0.30234375 0.42314814814814816 0.0067708333333333336 0.029629629629629627
0 0.5192708333333333 0.44907407407407407 0.0125 0.05
0 0.5317708333333334 0.44861111111111107 0.009375 0.05648148148148148
0 0.3950520833333333 0.44537037037037036 0.0140625 0.05555555555555555
0 0.5565104166666667 0.4587962962962963 0.017187499999999998 0.08425925925925926
