0 0.5002604166666667 0.49861111111111106 0.050520833333333334 0.10092592592592592
0 0.6213541666666667 0.611111111111111 0.08750000000000001 0.4796296296296296
0 0.5643229166666667 0.4925925925925926 0.021354166666666667 0.1074074074074074
0 0.5755208333333334 0.49953703703703695 0.021875000000000002 0.10277777777777777
0 0.3739583333333333 0.49675925925925923 0.02291666666666667 0.09166666666666666
0 0.3557291666666667 0.5041666666666667 0.027083333333333334 0.0898148148148148
0 0.3919270833333333 0.4949074074074074 0.029687500000000002 0.10462962962962963
0 0.4986979166666667 0.44953703703703696 0.0140625 0.06944444444444443
0 0.5838541666666667 0.45509259259259255 0.01979166666666667 0.10277777777777777
0 0.5234375000000001 0.4634259259259259 0.01875 0.09907407407407406
0 0.6135416666666667 0.6560185185185186 0.11041666666666668 0.562037037037037
0 0.52890625 0.6287037037037037 0.07447916666666668 0.4759259259259259
0 0.4484375 0.4726851851851851 0.027083333333333334 0.06944444444444443
0 0.42890625 0.4685185185185185 0.028645833333333332 0.05555555555555555
0 0.20885416666666667 0.48148148148148145 0.026041666666666668 0.10370370370370369
0 0.25625000000000003 0.4712962962962963 0.01875 0.10185185185185185
0 0.22968750000000002 0.4722222222222222 0.015625 0.1
0 0.22552083333333336 0.4810185185185185 0.02291666666666667 0.09537037037037037
0 0.20416666666666666 0.462037037037037 0.021875000000000002 0.0962962962962963
0 0.22239583333333335 0.4643518518518518 0.016666666666666666 0.07685185185185185
0 0.27187500000000003 0.5509259259259258 0.08541666666666667 0.34629629629629627
0 0.1671875 0.5546296296296297 0.08333333333333333 0.29814814814814816
0 0.10677083333333333 0.586111111111111 0.06979166666666667 0.3592592592592592
0 0.0 0.5754629629629628 0.09270833333333334 0.3453703703703704
0 0.5333333333333333 0.5222222222222221 0.04583333333333334 0.2222222222222222
0 0.5330729166666667 0.4981481481481481 0.0421875 0.18888888888888886
0 0.821875 0.45509259259259255 0.02395833333333333 0.10092592592592592
0 0.6614583333333335 0.45879629629629626 0.021875000000000002 0.09166666666666666
0 0.49661458333333336 0.4518518518518518 0.011979166666666666 0.06481481481481481
0 0.4760416666666667 0.44907407407407407 0.013541666666666667 0.07037037037037037
0 0.33385416666666673 0.45601851851851843 0.014583333333333334 0.06574074074074074
0 0.37265625 0.4509259259259259 0.011979166666666666 0.06111111111111111
0 0.3502604166666667 0.4611111111111111 0.013020833333333334 0.06666666666666667
0 0.3653645833333333 0.46018518518518514 0.009895833333333335 0.06481481481481481
0 0.3770833333333333 0.4694444444444444 0.009375 0.0537037037037037
0 0.27968750000000003 0.45416666666666666 0.0125 0.06018518518518518
0 0.2651041666666667 0.4625 0.0125 0.07685185185185185
0 0.28125000000000006 0.4509259259259259 0.009375 0.04814814814814815
0 0.3088541666666667 0.45092592592592595 0.010416666666666666 0.05185185185185184
0 0.2984375 0.45185185185185184 0.009375 0.0537037037037037
0 0.2973958333333333 0.44722222222222213 0.009375 0.05185185185185184
0 0.31614583333333335 0.44722222222222213 0.010416666666666666 0.04814814814814815
0 0.309375 0.4462962962962963 0.010416666666666666 0.05185185185185184
0 0.2893229166666667 0.44953703703703696 0.009895833333333335 0.05277777777777778
0 0.5187499999999999 0.44907407407407407 0.011458333333333334 0.05
0 0.5296875000000001 0.44768518518518513 0.009375 0.05648148148148148
0 0.53515625 0.4546296296296296 0.0140625 0.07037037037037037
0 0.5867187500000001 0.462037037037037 0.018229166666666668 0.09259259259259259
