0 0.5002604166666667 0.49861111111111106 0.050520833333333334 0.10092592592592592
0 0.3684895833333333 0.549074074074074 0.050520833333333334 0.2833333333333333
0 0.5580729166666667 0.4981481481481481 0.019270833333333334 0.10185185185185185
0 0.5760416666666667 0.5009259259259259 0.017708333333333333 0.10555555555555556
0 0.37916666666666665 0.4930555555555555 0.02291666666666667 0.08425925925925926
0 0.36692708333333335 0.5041666666666667 0.0265625 0.09722222222222222
0 0.4046875 0.48101851851851846 0.021875000000000002 0.0861111111111111
0 0.6614583333333334 0.4597222222222222 0.01979166666666667 0.09166666666666666
0 0.5333333333333333 0.45879629629629626 0.01979166666666667 0.09537037037037037
0 0.5799479166666667 0.4564814814814815 0.0203125 0.1
0 0.49661458333333336 0.4564814814814815 0.022395833333333334 0.10555555555555556
0 0.3203125 0.575462962962963 0.065625 0.3342592592592592
0 0.4161458333333333 0.5324074074074073 0.042708333333333334 0.22407407407407404
0 0.30182291666666666 0.5574074074074074 0.049479166666666664 0.2814814814814815
0 0.4484375 0.4726851851851851 0.027083333333333334 0.06944444444444443
0 0.42890625 0.4685185185185185 0.028645833333333332 0.05555555555555555
0 0.27239583333333334 0.4773148148148148 0.017708333333333333 0.08796296296296297
0 0.2669270833333333 0.4703703703703704 0.016145833333333335 0.0962962962962963
0 0.24401041666666665 0.4805555555555555 0.021354166666666667 0.0962962962962963
0 0.20520833333333333 0.4611111111111111 0.021875000000000002 0.0962962962962963
0 0.23541666666666666 0.4629629629629629 0.01875 0.07777777777777777
0 0.31796875 0.4842592592592592 0.022395833333333334 0.1259259259259259
0 0.4140625 0.5097222222222222 0.043750000000000004 0.1935185185185185
0 0.5684895833333333 0.4560185185185185 0.016145833333333335 0.07129629629629629
0 0.38645833333333335 0.4754629629629629 0.01979166666666667 0.11203703703703702
0 0.3692708333333333 0.45879629629629626 0.013541666666666667 0.06203703703703703
0 0.37578125 0.46805555555555556 0.009895833333333335 0.05277777777777778
0 0.3213541666666667 0.4597222222222222 0.013541666666666667 0.06574074074074074
0 0.29973958333333334 0.4532407407407407 0.011979166666666666 0.06574074074074074
0 0.32213541666666673 0.4560185185185185 0.011979166666666666 0.06759259259259259
0 0.51796875 0.449537037037037 0.009895833333333335 0.04907407407407407
0 0.5270833333333333 0.44768518518518513 0.009375 0.05648148148148148
0 0.3088541666666667 0.4106481481481481 0.010416666666666666 0.03981481481481482
0 0.3151041666666667 0.41111111111111115 0.009375 0.03888888888888888
0 0.5281250000000001 0.4513888888888889 0.0125 0.06388888888888888
0 0.5158854166666667 0.45879629629629626 0.010937500000000001 0.03981481481481482
0 0.4122395833333333 0.4601851851851852 0.017187499999999998 0.08888888888888888
