0 0.5002604166666667 0.49861111111111106 0.050520833333333334 0.10092592592592592
0 0.5171874999999999 0.5856481481481481 0.06979166666666667 0.38981481481481484
0 0.5575520833333333 0.499537037037037 0.0203125 0.09722222222222222
0 0.5757812499999999 0.49999999999999994 0.0203125 0.10370370370370369
0 0.375 0.4949074074074074 0.02291666666666667 0.08425925925925926
0 0.36614583333333334 0.5050925925925925 0.025 0.09907407407407406
0 0.39036458333333335 0.49537037037037035 0.0234375 0.10370370370370369
0 0.5916666666666667 0.4625 0.01979166666666667 0.09166666666666666
0 0.52109375 0.45509259259259255 0.017187499999999998 0.08425925925925926
0 0.5817708333333333 0.45509259259259255 0.01979166666666667 0.10092592592592592
0 0.5148437499999999 0.46435185185185185 0.018229166666666668 0.10462962962962963
0 0.48125 0.648611111111111 0.12083333333333333 0.5416666666666666
0 0.6348958333333334 0.5754629629629628 0.07083333333333333 0.3361111111111111
0 0.4338541666666667 0.6064814814814814 0.078125 0.40555555555555556
0 0.4484375 0.4726851851851851 0.027083333333333334 0.06944444444444443
0 0.42890625 0.4685185185185185 0.028645833333333332 0.05555555555555555
0 0.22942708333333334 0.48148148148148145 0.019270833333333334 0.10185185185185185
0 0.2760416666666667 0.4699074074074074 0.016666666666666666 0.10092592592592592
0 0.2559895833333333 0.4717592592592592 0.016145833333333335 0.09537037037037037
0 0.22473958333333335 0.4824074074074074 0.025520833333333333 0.09259259259259259
0 0.20416666666666666 0.462037037037037 0.021875000000000002 0.0962962962962963
0 0.24739583333333334 0.46388888888888885 0.015625 0.07592592592592592
0 0.34375 0.5009259259259259 0.036458333333333336 0.16666666666666666
0 0.6520833333333333 0.5449074074074074 0.06979166666666667 0.2972222222222222
0 0.6575520833333335 0.46203703703703697 0.02447916666666667 0.09444444444444443
0 0.5684895833333333 0.46574074074074073 0.021354166666666667 0.1074074074074074
0 0.39557291666666666 0.4513888888888889 0.009895833333333335 0.06388888888888888
0 0.4028645833333333 0.45046296296296295 0.009895833333333335 0.06759259259259259
0 0.31640625 0.45 0.009895833333333335 0.05555555555555555
0 0.3213541666666667 0.4509259259259259 0.009375 0.05555555555555555
0 0.3486979166666667 0.4611111111111111 0.013020833333333334 0.06666666666666667
0 0.36484374999999997 0.46018518518518514 0.009895833333333335 0.06481481481481481
0 0.37578125 0.46805555555555556 0.008854166666666666 0.05277777777777778
0 0.2669270833333333 0.4666666666666667 0.010937500000000001 0.07592592592592592
0 0.31328125 0.4546296296296296 0.010937500000000001 0.0574074074074074
0 0.30078125 0.45648148148148143 0.009895833333333335 0.0574074074074074
0 0.2924479166666667 0.4513888888888888 0.011979166666666666 0.06018518518518518
0 0.32005208333333335 0.4523148148148148 0.011979166666666666 0.05277777777777778
0 0.3072916666666667 0.45 0.011458333333333334 0.059259259259259255
0 0.27838541666666666 0.4527777777777777 0.015104166666666667 0.0574074074074074
0 0.5184895833333334 0.449537037037037 0.010937500000000001 0.04907407407407407
0 0.5270833333333333 0.44768518518518513 0.009375 0.05648148148148148
0 0.521875 0.4574074074074074 0.016666666666666666 0.08703703703703704
0 0.31145833333333334 0.41898148148148145 0.010416666666666666 0.03981481481481482
0 0.3171875 0.4148148148148148 0.009375 0.03888888888888888
