0 0.5002604166666667 0.49861111111111106 0.050520833333333334 0.10092592592592592
0 0.4028645833333333 0.5560185185185186 0.06718750000000001 0.30833333333333335
0 0.5575520833333333 0.4981481481481481 0.0203125 0.10185185185185185
0 0.57578125 0.5004629629629629 0.018229166666666668 0.10462962962962963
0 0.378125 0.4930555555555555 0.02291666666666667 0.08425925925925926
0 0.3666666666666667 0.5046296296296295 0.026041666666666668 0.09814814814814814
0 0.3997395833333333 0.4856481481481481 0.022395833333333334 0.09166666666666666
0 0.6364583333333333 0.45879629629629626 0.01979166666666667 0.09166666666666666
0 0.5312500000000001 0.45787037037037037 0.01875 0.09166666666666666
0 0.5783854166666667 0.45555555555555555 0.0203125 0.1
0 0.5085937500000001 0.45694444444444443 0.018229166666666668 0.10462962962962963
0 0.3291666666666667 0.6101851851851852 0.07604166666666667 0.4111111111111111
0 0.45286458333333335 0.5435185185185186 0.044270833333333336 0.2537037037037037
0 0.3411458333333333 0.5722222222222222 0.06458333333333334 0.31666666666666665
0 0.4484375 0.4726851851851851 0.027083333333333334 0.06944444444444443
0 0.42890625 0.4685185185185185 0.028645833333333332 0.05555555555555555
0 0.25833333333333336 0.48148148148148145 0.020833333333333332 0.1
0 0.26927083333333335 0.4699074074074074 0.017708333333333333 0.09722222222222222
0 0.22447916666666665 0.4796296296296296 0.03229166666666667 0.09444444444444443
0 0.2046875 0.4611111111111111 0.021875000000000002 0.0962962962962963
0 0.2520833333333333 0.461574074074074 0.015625 0.07685185185185185
0 0.3171875 0.48657407407407405 0.02291666666666667 0.13055555555555556
0 0.4747395833333333 0.5157407407407407 0.043229166666666666 0.2222222222222222
0 0.59375 0.4611111111111111 0.01875 0.08333333333333333
0 0.4440104166666667 0.46851851851851845 0.028645833333333332 0.11851851851851851
0 0.3067708333333333 0.44953703703703696 0.010416666666666666 0.05648148148148148
0 0.35130208333333335 0.4611111111111111 0.013020833333333334 0.06666666666666667
0 0.3684895833333333 0.45879629629629626 0.013020833333333334 0.06203703703703703
0 0.37578125 0.46805555555555556 0.008854166666666666 0.05277777777777778
0 0.3190104166666667 0.45787037037037037 0.013020833333333334 0.06388888888888888
0 0.3080729166666667 0.4597222222222222 0.010937500000000001 0.06203703703703703
0 0.2963541666666667 0.45462962962962966 0.0125 0.0685185185185185
0 0.3177083333333333 0.45416666666666666 0.011458333333333334 0.06388888888888888
0 0.27968750000000003 0.45416666666666666 0.015625 0.06388888888888888
0 0.5182291666666666 0.449537037037037 0.010416666666666666 0.04907407407407407
0 0.5270833333333333 0.44768518518518513 0.009375 0.05648148148148148
0 0.4877604166666667 0.4513888888888889 0.015104166666666667 0.0861111111111111
0 0.3098958333333333 0.4106481481481481 0.010416666666666666 0.03981481481481482
0 0.3151041666666667 0.41111111111111115 0.009375 0.03888888888888888
0 0.5075520833333333 0.45 0.011979166666666666 0.06666666666666667
0 0.49765625 0.45972222222222214 0.010937500000000001 0.03981481481481482
0 0.42473958333333334 0.4601851851851852 0.019270833333333334 0.07037037037037037
0 0.2895833333333333 0.44537037037037036 0.011458333333333334 0.05
