0 0.5002604166666667 0.49861111111111106 0.050520833333333334 0.10092592592592592
0 0.5674479166666667 0.5986111111111111 0.08385416666666667 0.4212962962962962
0 0.5575520833333333 0.4986111111111111 0.0203125 0.09722222222222222
0 0.5755208333333334 0.49999999999999994 0.020833333333333332 0.10370370370370369
0 0.3744791666666667 0.4958333333333333 0.021875000000000002 0.0898148148148148
0 0.3658854166666667 0.5050925925925925 0.02447916666666667 0.09907407407407406
0 0.39244791666666673 0.49629629629629624 0.02760416666666667 0.10370370370370369
0 0.59375 0.461574074074074 0.01979166666666667 0.09166666666666666
0 0.5140625000000001 0.4513888888888889 0.014583333333333334 0.07129629629629629
0 0.5817708333333333 0.45416666666666666 0.01979166666666667 0.10092592592592592
0 0.5182291666666667 0.46712962962962956 0.01875 0.10462962962962963
0 0.5578124999999999 0.6694444444444444 0.07916666666666668 0.5907407407407407
0 0.8317708333333333 0.5972222222222221 0.109375 0.39629629629629626
0 0.48619791666666673 0.625 0.09010416666666668 0.45370370370370366
0 0.4484375 0.4726851851851851 0.027083333333333334 0.06944444444444443
0 0.42890625 0.4685185185185185 0.028645833333333332 0.05555555555555555
0 0.21119791666666665 0.4819444444444444 0.021354166666666667 0.10277777777777777
0 0.2739583333333333 0.47129629629629627 0.016666666666666666 0.1
0 0.24114583333333334 0.4722222222222222 0.015625 0.0962962962962963
0 0.22473958333333333 0.4819444444444444 0.02447916666666667 0.09351851851851851
0 0.20416666666666666 0.462037037037037 0.021875000000000002 0.0962962962962963
0 0.21927083333333336 0.4662037037037037 0.015625 0.07685185185185185
0 0.3997395833333333 0.5023148148148148 0.04010416666666666 0.18425925925925926
0 0.80625 0.561574074074074 0.07187500000000001 0.3546296296296296
0 0.7953125 0.5291666666666667 0.06666666666666667 0.2842592592592592
0 0.71484375 0.45879629629629626 0.0234375 0.09907407407407406
0 0.6109375 0.46388888888888885 0.025 0.1
0 0.43125 0.44999999999999996 0.011458333333333334 0.06481481481481481
0 0.4213541666666667 0.44907407407407407 0.013541666666666667 0.07037037037037037
0 0.3291666666666667 0.4532407407407407 0.010416666666666666 0.054629629629629625
0 0.34453125 0.4509259259259259 0.011979166666666666 0.05555555555555555
0 0.34921875 0.4611111111111111 0.013020833333333334 0.06666666666666667
0 0.36484374999999997 0.46018518518518514 0.009895833333333335 0.06481481481481481
0 0.37500000000000006 0.4685185185185185 0.008333333333333333 0.0537037037037037
0 0.26796875000000003 0.4666666666666666 0.011979166666666666 0.07407407407407408
0 0.3080729166666667 0.4541666666666666 0.010937500000000001 0.05648148148148148
0 0.29765625 0.45462962962962966 0.016145833333333335 0.05555555555555555
0 0.2947916666666667 0.44953703703703696 0.010416666666666666 0.05648148148148148
0 0.31640625 0.45 0.011979166666666666 0.05185185185185184
0 0.3072916666666667 0.45 0.011458333333333334 0.059259259259259255
0 0.2830729166666667 0.4504629629629629 0.010937500000000001 0.054629629629629625
0 0.5184895833333334 0.44907407407407407 0.010937500000000001 0.05
0 0.5281250000000001 0.44768518518518513 0.009375 0.05648148148148148
0 0.53125 0.45787037037037037 0.015625 0.07685185185185185
0 0.3151041666666667 0.4263888888888889 0.010416666666666666 0.03981481481481482
