0 0.5002604166666667 0.49861111111111106 0.050520833333333334 0.10092592592592592
0 0.5888020833333334 0.6129629629629628 0.0921875 0.4407407407407407
0 0.5578124999999999 0.4976851851851852 0.020833333333333332 0.09722222222222222
0 0.57578125 0.49999999999999994 0.021354166666666667 0.10370370370370369
0 0.37421875000000004 0.49675925925925923 0.022395833333333334 0.09166666666666666
0 0.3658854166666667 0.5050925925925925 0.02447916666666667 0.09907407407407406
0 0.39296875000000003 0.49629629629629624 0.028645833333333332 0.10370370370370369
0 0.5091145833333334 0.4509259259259259 0.0140625 0.07037037037037037
0 0.5822916666666667 0.45509259259259255 0.01979166666666667 0.10092592592592592
0 0.5247395833333334 0.46574074074074073 0.018229166666666668 0.10370370370370369
0 0.5940104166666667 0.6523148148148148 0.1078125 0.5638888888888888
0 0.9528645833333333 0.6300925925925926 0.11614583333333334 0.4824074074074074
0 0.5033854166666667 0.6328703703703703 0.0734375 0.48611111111111105
0 0.4484375 0.4726851851851851 0.027083333333333334 0.06944444444444443
0 0.42890625 0.4685185185185185 0.028645833333333332 0.05555555555555555
0 0.2096354166666667 0.48101851851851846 0.022395833333333334 0.10277777777777777
0 0.26848958333333334 0.47129629629629627 0.0234375 0.1
0 0.23385416666666667 0.4722222222222222 0.015625 0.1
0 0.225 0.48148148148148145 0.02395833333333333 0.09444444444444443
0 0.20416666666666666 0.462037037037037 0.021875000000000002 0.0962962962962963
0 0.22005208333333334 0.46527777777777773 0.016145833333333335 0.07685185185185185
0 0.06015625 0.5819444444444444 0.1140625 0.4194444444444444
0 0.4403645833333333 0.5087962962962963 0.035937500000000004 0.20092592592592592
0 0.91015625 0.5814814814814814 0.10885416666666667 0.40555555555555556
0 0.6799479166666667 0.5166666666666667 0.044270833333333336 0.2462962962962963
0 0.7510416666666666 0.4587962962962963 0.025 0.10092592592592592
0 0.6346354166666667 0.461574074074074 0.02447916666666667 0.09722222222222222
0 0.4578125 0.44907407407407407 0.011458333333333334 0.06481481481481481
0 0.434375 0.4472222222222222 0.013541666666666667 0.07037037037037037
0 0.33437500000000003 0.4532407407407407 0.010416666666666666 0.05648148148148148
0 0.3575520833333333 0.45 0.011979166666666666 0.05555555555555555
0 0.3497395833333333 0.4611111111111111 0.013020833333333334 0.06666666666666667
0 0.36484374999999997 0.46018518518518514 0.009895833333333335 0.06481481481481481
0 0.3744791666666667 0.4685185185185185 0.008333333333333333 0.0537037037037037
0 0.27057291666666666 0.4643518518518518 0.015104166666666667 0.07314814814814814
0 0.30755208333333334 0.4527777777777777 0.010937500000000001 0.0537037037037037
0 0.29583333333333334 0.4527777777777777 0.009375 0.0537037037037037
0 0.29609375000000004 0.44907407407407407 0.009895833333333335 0.05555555555555555
0 0.3166666666666667 0.44907407407407407 0.011458333333333334 0.05
0 0.30755208333333334 0.4476851851851852 0.010937500000000001 0.054629629629629625
0 0.28619791666666666 0.4513888888888888 0.010937500000000001 0.05648148148148148
0 0.5184895833333334 0.44907407407407407 0.010937500000000001 0.05
0 0.5286458333333334 0.44768518518518513 0.009375 0.05648148148148148
0 0.5346354166666667 0.4574074074074074 0.015104166666666667 0.07222222222222222
0 0.5932291666666666 0.461574074074074 0.01979166666666667 0.09166666666666666
