0 0.5002604166666667 0.49861111111111106 0.050520833333333334 0.10092592592592592
0 0.3463541666666667 0.5439814814814814 0.04895833333333334 0.26759259259259255
0 0.55859375 0.4981481481481481 0.019270833333333334 0.10185185185185185
0 0.57578125 0.5009259259259259 0.017187499999999998 0.10555555555555556
0 0.3802083333333333 0.49212962962962964 0.02291666666666667 0.08425925925925926
0 0.36692708333333335 0.5041666666666667 0.0265625 0.09722222222222222
0 0.4044270833333333 0.4787037037037037 0.021354166666666667 0.08333333333333333
0 0.6653645833333334 0.4601851851851852 0.017187499999999998 0.09259259259259259
0 0.5333333333333333 0.46111111111111114 0.020833333333333332 0.10555555555555556
0 0.5809895833333333 0.4564814814814815 0.0203125 0.1
0 0.49401041666666673 0.45555555555555555 0.022395833333333334 0.10555555555555556
0 0.29791666666666666 0.5606481481481481 0.06770833333333333 0.2972222222222222
0 0.3828125 0.5222222222222221 0.03854166666666667 0.20185185185185184
0 0.8182291666666667 0.45555555555555555 0.026041666666666668 0.11666666666666667
0 0.2838541666666667 0.55 0.04583333333333334 0.2611111111111111
0 0.4484375 0.4726851851851851 0.027083333333333334 0.06944444444444443
0 0.42890625 0.4685185185185185 0.028645833333333332 0.05555555555555555
0 0.28567708333333336 0.4731481481481481 0.018229166666666668 0.08703703703703704
0 0.2658854166666667 0.4699074074074074 0.015104166666666667 0.09537037037037037
0 0.2557291666666667 0.4782407407407407 0.015625 0.09166666666666666
0 0.20546875 0.4611111111111111 0.021354166666666667 0.0962962962962963
0 0.22864583333333335 0.46388888888888885 0.01979166666666667 0.07777777777777777
0 0.3151041666666667 0.4833333333333333 0.020833333333333332 0.12407407407407406
0 0.3744791666666667 0.5050925925925925 0.042708333333333334 0.1787037037037037
0 0.5510416666666667 0.4560185185185185 0.016666666666666666 0.07129629629629629
0 0.3541666666666667 0.4796296296296296 0.01979166666666667 0.1148148148148148
0 0.37005208333333334 0.45879629629629626 0.0140625 0.06203703703703703
0 0.37578125 0.46805555555555556 0.009895833333333335 0.05277777777777778
0 0.32317708333333334 0.4611111111111111 0.013020833333333334 0.0685185185185185
0 0.3028645833333333 0.45370370370370366 0.011979166666666666 0.06666666666666667
0 0.32578125 0.4574074074074074 0.011979166666666666 0.07037037037037037
0 0.51796875 0.449537037037037 0.009895833333333335 0.04907407407407407
0 0.5270833333333333 0.44768518518518513 0.009375 0.05648148148148148
0 0.3072916666666667 0.4124999999999999 0.010416666666666666 0.03981481481481482
0 0.3145833333333333 0.41111111111111115 0.009375 0.03888888888888888
0 0.5401041666666666 0.449537037037037 0.0125 0.06388888888888888
0 0.3955729166666667 0.4592592592592592 0.017187499999999998 0.08888888888888888
