0 0.5002604166666667 0.49861111111111106 0.050520833333333334 0.10092592592592592
0 0.38072916666666673 0.5555555555555555 0.051041666666666666 0.30185185185185187
0 0.5578125 0.4981481481481481 0.01979166666666667 0.10185185185185185
0 0.57578125 0.5004629629629629 0.018229166666666668 0.10462962962962963
0 0.3786458333333333 0.4930555555555555 0.02291666666666667 0.08425925925925926
0 0.3666666666666667 0.5046296296296295 0.026041666666666668 0.09814814814814814
0 0.4020833333333333 0.48333333333333334 0.021875000000000002 0.08888888888888888
0 0.6510416666666666 0.45879629629629626 0.01979166666666667 0.09166666666666666
0 0.5333333333333333 0.45787037037037037 0.01875 0.09166666666666666
0 0.5791666666666667 0.45555555555555555 0.01979166666666667 0.1
0 0.5026041666666666 0.4574074074074074 0.021875000000000002 0.10555555555555556
0 0.3317708333333333 0.586111111111111 0.06979166666666667 0.36296296296296293
0 0.434375 0.5361111111111111 0.04895833333333334 0.23148148148148145
0 0.325 0.5662037037037037 0.058333333333333334 0.3046296296296296
0 0.4484375 0.4726851851851851 0.027083333333333334 0.06944444444444443
0 0.42890625 0.4685185185185185 0.028645833333333332 0.05555555555555555
0 0.26640625 0.48009259259259257 0.017187499999999998 0.09722222222222222
0 0.26796875000000003 0.4703703703703704 0.017187499999999998 0.0962962962962963
0 0.23489583333333336 0.4805555555555555 0.026041666666666668 0.0962962962962963
0 0.20494791666666665 0.4611111111111111 0.021354166666666667 0.0962962962962963
0 0.240625 0.4625 0.01875 0.07685185185185185
0 0.3197916666666667 0.48472222222222217 0.02291666666666667 0.12685185185185185
0 0.4434895833333333 0.5120370370370371 0.04114583333333334 0.20740740740740737
0 0.5825520833333334 0.45694444444444443 0.016145833333333335 0.07685185185185185
0 0.41484375 0.47407407407407404 0.019270833333333334 0.11296296296296296
0 0.3046875 0.44814814814814813 0.010416666666666666 0.05555555555555555
0 0.35130208333333335 0.4611111111111111 0.013020833333333334 0.06666666666666667
0 0.36875 0.45879629629629626 0.013541666666666667 0.06203703703703703
0 0.37578125 0.46805555555555556 0.008854166666666666 0.05277777777777778
0 0.32005208333333335 0.4587962962962963 0.013020833333333334 0.06388888888888888
0 0.2984375 0.45462962962962966 0.0125 0.0685185185185185
0 0.3197916666666667 0.45509259259259255 0.011458333333333334 0.06574074074074074
0 0.28359375000000003 0.45416666666666666 0.015104166666666667 0.06388888888888888
0 0.5182291666666666 0.449537037037037 0.010416666666666666 0.04907407407407407
0 0.5270833333333333 0.44768518518518513 0.009375 0.05648148148148148
0 0.309375 0.4106481481481481 0.010416666666666666 0.03981481481481482
0 0.3151041666666667 0.41111111111111115 0.009375 0.03888888888888888
0 0.52109375 0.4532407407407407 0.011979166666666666 0.06574074074074074
0 0.5059895833333333 0.45972222222222214 0.010937500000000001 0.03981481481481482
0 0.4200520833333333 0.45787037037037037 0.016145833333333335 0.08425925925925926
0 0.29192708333333334 0.44675925925925924 0.010937500000000001 0.05092592592592592
