0 0.5002604166666667 0.49861111111111106 0.050520833333333334 0.10092592592592592
0 0.34427083333333336 0.5439814814814814 0.05 0.26944444444444443
0 0.5583333333333333 0.4981481481481481 0.01979166666666667 0.10185185185185185
0 0.5760416666666667 0.5009259259259259 0.017708333333333333 0.10555555555555556
0 0.3796875 0.49212962962962964 0.02291666666666667 0.08425925925925926
0 0.36692708333333335 0.5041666666666667 0.0265625 0.09722222222222222
0 0.4065104166666667 0.4787037037037037 0.021354166666666667 0.08333333333333333
0 0.6653645833333334 0.4601851851851852 0.017187499999999998 0.09259259259259259
0 0.5330729166666667 0.4606481481481481 0.0203125 0.10277777777777777
0 0.5807291666666666 0.4564814814814815 0.01979166666666667 0.1
0 0.4934895833333333 0.45555555555555555 0.022395833333333334 0.10555555555555556
0 0.30546875 0.5606481481481481 0.059895833333333336 0.30277777777777776
0 0.3890625 0.523611111111111 0.043750000000000004 0.19907407407407407
0 0.82734375 0.4546296296296296 0.025520833333333333 0.1148148148148148
0 0.2916666666666667 0.548148148148148 0.04791666666666666 0.26296296296296295
0 0.4484375 0.4726851851851851 0.027083333333333334 0.06944444444444443
0 0.42890625 0.4685185185185185 0.028645833333333332 0.05555555555555555
0 0.2825520833333333 0.4736111111111111 0.018229166666666668 0.0861111111111111
0 0.2658854166666667 0.4699074074074074 0.015104166666666667 0.09537037037037037
0 0.25390625000000006 0.4782407407407407 0.017187499999999998 0.09351851851851851
0 0.20546875 0.4611111111111111 0.021354166666666667 0.0962962962962963
0 0.22864583333333335 0.46388888888888885 0.01979166666666667 0.07777777777777777
0 0.3158854166666667 0.4837962962962962 0.021354166666666667 0.125
0 0.38046875 0.5060185185185184 0.034895833333333334 0.18055555555555552
0 0.553125 0.4560185185185185 0.016666666666666666 0.07129629629629629
0 0.3588541666666667 0.48009259259259257 0.01979166666666667 0.11574074074074073
0 0.36979166666666674 0.45879629629629626 0.013541666666666667 0.06203703703703703
0 0.37578125 0.46805555555555556 0.009895833333333335 0.05277777777777778
0 0.32291666666666674 0.46064814814814814 0.013541666666666667 0.06759259259259259
0 0.30182291666666666 0.45416666666666666 0.011979166666666666 0.06759259259259259
0 0.32473958333333336 0.45694444444444443 0.011979166666666666 0.06944444444444443
0 0.51796875 0.449537037037037 0.009895833333333335 0.04907407407407407
0 0.5270833333333333 0.44768518518518513 0.009375 0.05648148148148148
0 0.3072916666666667 0.41157407407407404 0.010416666666666666 0.03981481481481482
0 0.3145833333333333 0.41111111111111115 0.009375 0.03888888888888888
0 0.5390625 0.449537037037037 0.0125 0.06388888888888888
0 0.39921875 0.4601851851851852 0.017187499999999998 0.08888888888888888
