0 0.5002604166666667 0.49861111111111106 0.050520833333333334 0.10092592592592592
0 0.6221354166666666 0.6101851851851853 0.0828125 0.48333333333333334
0 0.5682291666666667 0.4898148148148148 0.021875000000000002 0.11296296296296296
0 0.57578125 0.49953703703703695 0.022395833333333334 0.10277777777777777
0 0.3729166666666667 0.49675925925925923 0.02291666666666667 0.09166666666666666
0 0.33906250000000004 0.5055555555555555 0.029166666666666667 0.09259259259259259
0 0.38958333333333334 0.49351851851851847 0.029166666666666667 0.1074074074074074
0 0.496875 0.44907407407407407 0.013541666666666667 0.0685185185185185
0 0.5838541666666667 0.45509259259259255 0.01979166666666667 0.10277777777777777
0 0.5234375000000001 0.4629629629629629 0.01875 0.09814814814814814
0 0.6171875 0.6560185185185186 0.11458333333333333 0.562037037037037
0 0.5411458333333333 0.6291666666666667 0.06770833333333333 0.47685185185185186
0 0.4484375 0.4726851851851851 0.027083333333333334 0.06944444444444443
0 0.42890625 0.4685185185185185 0.028645833333333332 0.05555555555555555
0 0.209375 0.48148148148148145 0.027083333333333334 0.10370370370370369
0 0.25390625 0.4708333333333333 0.018229166666666668 0.10092592592592592
0 0.22864583333333335 0.4722222222222222 0.015625 0.1
0 0.22578125000000002 0.4810185185185185 0.022395833333333334 0.09537037037037037
0 0.20416666666666666 0.462037037037037 0.021875000000000002 0.0962962962962963
0 0.22291666666666665 0.4643518518518518 0.016666666666666666 0.07685185185185185
0 0.32109375 0.5453703703703704 0.07552083333333333 0.3314814814814815
0 0.22239583333333335 0.5472222222222223 0.06458333333333334 0.2814814814814815
0 0.16119791666666666 0.5796296296296295 0.07447916666666668 0.3333333333333333
0 0.05286458333333333 0.5745370370370371 0.1140625 0.3416666666666667
0 0.5609375000000001 0.5263888888888889 0.04583333333333334 0.24907407407407406
0 0.5072916666666667 0.4912037037037037 0.034374999999999996 0.17685185185185184
0 0.66171875 0.4574074074074074 0.0203125 0.08888888888888888
0 0.5036458333333333 0.45462962962962966 0.011458333333333334 0.0685185185185185
0 0.48489583333333336 0.44999999999999996 0.013541666666666667 0.07037037037037037
0 0.3333333333333333 0.45555555555555555 0.014583333333333334 0.06666666666666667
0 0.37578125 0.4513888888888889 0.013020833333333334 0.06203703703703703
0 0.3502604166666667 0.4611111111111111 0.013020833333333334 0.06666666666666667
0 0.3653645833333333 0.46018518518518514 0.009895833333333335 0.06481481481481481
0 0.37786458333333334 0.4694444444444444 0.008854166666666666 0.0537037037037037
0 0.28203125 0.45416666666666666 0.013020833333333334 0.06018518518518518
0 0.2734375 0.4560185185185185 0.0125 0.06203703703703703
0 0.2638020833333333 0.462037037037037 0.011979166666666666 0.07592592592592592
0 0.28125000000000006 0.4509259259259259 0.009375 0.04814814814814815
0 0.3088541666666667 0.45 0.010416666666666666 0.05
0 0.2994791666666667 0.45185185185185184 0.009375 0.0537037037037037
0 0.3153645833333333 0.44675925925925924 0.009895833333333335 0.04907407407407407
0 0.3098958333333333 0.44537037037037036 0.010416666666666666 0.05
0 0.2908854166666667 0.44953703703703696 0.009895833333333335 0.05277777777777778
0 0.5187499999999999 0.44907407407407407 0.011458333333333334 0.05
0 0.5296875000000001 0.44768518518518513 0.009375 0.05648148148148148
0 0.5356770833333333 0.4541666666666666 0.0140625 0.06944444444444443
0 0.5867187500000001 0.462037037037037 0.018229166666666668 0.09259259259259259
