0 0.5002604166666667 0.49861111111111106 0.050520833333333334 0.10092592592592592
0 0.62421875 0.6143518518518518 0.0921875 0.46388888888888885
0 0.5578124999999999 0.4972222222222221 0.020833333333333332 0.09814814814814814
0 0.57578125 0.49999999999999994 0.021354166666666667 0.10370370370370369
0 0.37421875000000004 0.49675925925925923 0.022395833333333334 0.09166666666666666
0 0.3640625 0.5050925925925925 0.026041666666666668 0.09907407407407406
0 0.39296875 0.49537037037037035 0.029687500000000002 0.10370370370370369
0 0.50390625 0.44999999999999996 0.0140625 0.07037037037037037
0 0.5830729166666666 0.4560185185185185 0.0203125 0.10092592592592592
0 0.5242187500000001 0.46481481481481474 0.018229166666666668 0.10185185185185185
0 0.6046875 0.6569444444444444 0.09895833333333333 0.5638888888888888
0 0.5096354166666667 0.6347222222222222 0.0765625 0.48981481481481476
0 0.4484375 0.4726851851851851 0.027083333333333334 0.06944444444444443
0 0.42890625 0.4685185185185185 0.028645833333333332 0.05555555555555555
0 0.20911458333333335 0.48055555555555546 0.0234375 0.10185185185185185
0 0.26145833333333335 0.47129629629629627 0.016666666666666666 0.10370370370370369
0 0.23125 0.4722222222222222 0.015625 0.1
0 0.22526041666666666 0.4810185185185185 0.0234375 0.09537037037037037
0 0.20416666666666666 0.462037037037037 0.021875000000000002 0.0962962962962963
0 0.22109375 0.46527777777777773 0.016145833333333335 0.07685185185185185
0 0.18854166666666666 0.5657407407407408 0.10312500000000001 0.3796296296296296
0 0.04114583333333334 0.5666666666666667 0.07916666666666668 0.32037037037037036
0 0.48802083333333335 0.5083333333333333 0.03958333333333334 0.2
0 0.6010416666666666 0.5078703703703703 0.046875 0.21944444444444444
0 0.7890625 0.4574074074074074 0.028125 0.10185185185185185
0 0.6533854166666667 0.461574074074074 0.02447916666666667 0.09722222222222222
0 0.47760416666666666 0.44999999999999996 0.011458333333333334 0.06481481481481481
0 0.45364583333333336 0.4481481481481481 0.013541666666666667 0.07037037037037037
0 0.3359375 0.45509259259259255 0.0125 0.06203703703703703
0 0.3651041666666667 0.4509259259259259 0.011458333333333334 0.059259259259259255
0 0.3497395833333333 0.4611111111111111 0.013020833333333334 0.06666666666666667
0 0.3653645833333333 0.46018518518518514 0.009895833333333335 0.06481481481481481
0 0.37552083333333336 0.4694444444444444 0.008333333333333333 0.0537037037037037
0 0.26953125 0.4629629629629629 0.0140625 0.07407407407407408
0 0.2807291666666667 0.449537037037037 0.008333333333333333 0.047222222222222214
0 0.3078125 0.45185185185185184 0.010416666666666666 0.0537037037037037
0 0.296875 0.45185185185185184 0.009375 0.0537037037037037
0 0.2971354166666667 0.44861111111111107 0.009895833333333335 0.054629629629629625
0 0.3166666666666667 0.4481481481481481 0.011458333333333334 0.04814814814814815
0 0.30833333333333335 0.4472222222222222 0.010416666666666666 0.0537037037037037
0 0.28802083333333334 0.44999999999999996 0.010416666666666666 0.0537037037037037
0 0.5187499999999999 0.44907407407407407 0.011458333333333334 0.05
0 0.5291666666666667 0.44768518518518513 0.009375 0.05648148148148148
0 0.5346354166666667 0.45555555555555555 0.015104166666666667 0.07222222222222222
0 0.5932291666666666 0.461574074074074 0.01979166666666667 0.09166666666666666
