0 0.5002604166666667 0.49861111111111106 0.050520833333333334 0.10092592592592592
0 0.7682291666666666 0.6370370370370371 0.11354166666666668 0.5222222222222223
0 0.5893229166666667 0.4731481481481481 0.019270833333333334 0.14444444444444443
0 0.5770833333333334 0.4837962962962962 0.027083333333333334 0.1324074074074074
0 0.14505208333333336 0.5416666666666666 0.0421875 0.11851851851851851
0 0.15572916666666667 0.548148148148148 0.06041666666666667 0.20740740740740737
0 0.4963541666666667 0.4476851851851852 0.014583333333333334 0.06759259259259259
0 0.5437500000000001 0.4601851851851852 0.01979166666666667 0.1
0 0.5184895833333334 0.4592592592592592 0.018229166666666668 0.09074074074074073
0 0.8153645833333334 0.6916666666666667 0.12760416666666666 0.687037037037037
0 0.6916666666666667 0.662037037037037 0.11458333333333333 0.5425925925925926
0 0.4484375 0.4726851851851851 0.027083333333333334 0.06944444444444443
0 0.42890625 0.4685185185185185 0.028645833333333332 0.05555555555555555
0 0.21197916666666666 0.4814814814814815 0.026041666666666668 0.10555555555555556
0 0.22968750000000002 0.47268518518518515 0.017708333333333333 0.10092592592592592
0 0.22760416666666666 0.4731481481481481 0.015625 0.1
0 0.22734375 0.4800925925925926 0.022395833333333334 0.09351851851851851
0 0.20416666666666666 0.462037037037037 0.021875000000000002 0.0962962962962963
0 0.22760416666666666 0.4625 0.017708333333333333 0.07685185185185185
0 0.46770833333333334 0.5175925925925926 0.041666666666666664 0.27777777777777773
0 0.5304687499999999 0.5138888888888888 0.05572916666666666 0.22777777777777777
0 0.46979166666666666 0.5407407407407407 0.06979166666666667 0.2648148148148148
0 0.3765625 0.5249999999999999 0.053125 0.24814814814814812
0 0.9078125 0.5898148148148148 0.09166666666666667 0.42407407407407405
0 0.3859375 0.4736111111111111 0.021875000000000002 0.11944444444444444
0 0.6223958333333334 0.45555555555555555 0.017708333333333333 0.07592592592592592
0 0.5776041666666667 0.45833333333333326 0.015625 0.08703703703703704
0 0.5666666666666667 0.45694444444444443 0.017708333333333333 0.0898148148148148
0 0.3393229166666667 0.46249999999999997 0.016145833333333335 0.0824074074074074
0 0.3854166666666667 0.4569444444444445 0.014583333333333334 0.08055555555555555
0 0.35390625000000003 0.4611111111111111 0.013020833333333334 0.06666666666666667
0 0.36640625 0.4606481481481481 0.009895833333333335 0.06574074074074074
0 0.37473958333333335 0.4694444444444444 0.013020833333333334 0.05185185185185184
0 0.3046875 0.4578703703703703 0.016666666666666666 0.07314814814814814
0 0.28671874999999997 0.46018518518518514 0.0140625 0.0685185185185185
0 0.24557291666666667 0.4606481481481481 0.013020833333333334 0.06944444444444443
0 0.28437500000000004 0.4564814814814815 0.009375 0.059259259259259255
0 0.31093750000000003 0.449537037037037 0.009375 0.045370370370370366
0 0.30781250000000004 0.44212962962962965 0.009375 0.04351851851851852
0 0.31171875 0.4439814814814814 0.009895833333333335 0.045370370370370366
0 0.2966145833333333 0.43148148148148147 0.0067708333333333336 0.029629629629629627
0 0.3028645833333333 0.4287037037037037 0.0067708333333333336 0.029629629629629627
0 0.5190104166666667 0.44907407407407407 0.011979166666666666 0.05
0 0.5317708333333334 0.44861111111111107 0.009375 0.05648148148148148
0 0.5739583333333333 0.4606481481481481 0.017708333333333333 0.0898148148148148
