0 0.5002604166666667 0.49861111111111106 0.050520833333333334 0.10092592592592592
0 0.5114583333333333 0.587962962962963 0.06666666666666667 0.3851851851851852
0 0.5575520833333333 0.499537037037037 0.0203125 0.09722222222222222
0 0.5757812499999999 0.49999999999999994 0.0203125 0.10370370370370369
0 0.375 0.4949074074074074 0.02291666666666667 0.08425925925925926
0 0.36614583333333334 0.5050925925925925 0.025 0.09907407407407406
0 0.3908854166666667 0.4949074074074074 0.0234375 0.10277777777777777
0 0.5916666666666667 0.4625 0.01979166666666667 0.09166666666666666
0 0.5221354166666666 0.45601851851851843 0.017187499999999998 0.0861111111111111
0 0.5817708333333333 0.45509259259259255 0.01979166666666667 0.10092592592592592
0 0.5143229166666666 0.46388888888888885 0.018229166666666668 0.10555555555555556
0 0.4697916666666667 0.648611111111111 0.14375000000000002 0.5416666666666666
0 0.6197916666666666 0.5717592592592593 0.07083333333333333 0.32314814814814813
0 0.4239583333333333 0.6032407407407407 0.06770833333333333 0.399074074074074
0 0.4484375 0.4726851851851851 0.027083333333333334 0.06944444444444443
0 0.42890625 0.4685185185185185 0.028645833333333332 0.05555555555555555
0 0.23177083333333334 0.48148148148148145 0.02395833333333333 0.10185185185185185
0 0.27630208333333334 0.4699074074074074 0.017187499999999998 0.10092592592592592
0 0.25703125 0.4717592592592592 0.016145833333333335 0.09537037037037037
0 0.22526041666666666 0.4824074074074074 0.02447916666666667 0.09259259259259259
0 0.20416666666666666 0.462037037037037 0.021875000000000002 0.0962962962962963
0 0.25104166666666666 0.46388888888888885 0.015625 0.07592592592592592
0 0.3346354166666667 0.499537037037037 0.02760416666666667 0.1675925925925926
0 0.6361979166666667 0.5407407407407407 0.0546875 0.2907407407407407
0 0.65 0.461574074074074 0.02395833333333333 0.09351851851851851
0 0.5622395833333333 0.4712962962962963 0.021354166666666667 0.11851851851851851
0 0.39140625 0.4513888888888889 0.009895833333333335 0.06203703703703703
0 0.3997395833333333 0.45046296296296295 0.009895833333333335 0.06759259259259259
0 0.31484375 0.44907407407407407 0.009895833333333335 0.05555555555555555
0 0.31875000000000003 0.4509259259259259 0.009375 0.05555555555555555
0 0.3486979166666667 0.462037037037037 0.013020833333333334 0.06666666666666667
0 0.36484374999999997 0.46018518518518514 0.009895833333333335 0.06481481481481481
0 0.37578125 0.46805555555555556 0.008854166666666666 0.05277777777777778
0 0.26718749999999997 0.4666666666666667 0.011458333333333334 0.07592592592592592
0 0.3138020833333334 0.4546296296296296 0.010937500000000001 0.0574074074074074
0 0.30078125 0.45648148148148143 0.009895833333333335 0.0574074074074074
0 0.2924479166666667 0.4513888888888888 0.011979166666666666 0.06018518518518518
0 0.3205729166666667 0.4523148148148148 0.011979166666666666 0.05277777777777778
0 0.3078125 0.45 0.011458333333333334 0.059259259259259255
0 0.278125 0.4532407407407407 0.014583333333333334 0.058333333333333334
0 0.5184895833333334 0.449537037037037 0.010937500000000001 0.04907407407407407
0 0.5270833333333333 0.44768518518518513 0.009375 0.05648148148148148
0 0.5203125000000001 0.4574074074074074 0.016666666666666666 0.08888888888888888
0 0.31145833333333334 0.4171296296296296 0.010416666666666666 0.03981481481481482
0 0.3166666666666667 0.41388888888888886 0.009375 0.03888888888888888
0 0.2817708333333333 0.44629629629629625 0.011458333333333334 0.05
