0 0.5002604166666667 0.49861111111111106 0.050520833333333334 0.10092592592592592
0 0.4942708333333333 0.5810185185185186 0.06770833333333333 0.3657407407407407
0 0.5572916666666666 0.49999999999999994 0.01979166666666667 0.09814814814814814
0 0.57578125 0.5004629629629629 0.019270833333333334 0.10462962962962963
0 0.37604166666666666 0.49398148148148147 0.02291666666666667 0.08425925925925926
0 0.36640625 0.5046296296296295 0.025520833333333333 0.09814814814814814
0 0.39218749999999997 0.4930555555555555 0.02291666666666667 0.10092592592592592
0 0.5947916666666666 0.4625 0.01979166666666667 0.09166666666666666
0 0.5242187500000001 0.45694444444444443 0.018229166666666668 0.0898148148148148
0 0.5817708333333333 0.45509259259259255 0.01979166666666667 0.10092592592592592
0 0.51328125 0.46296296296296297 0.018229166666666668 0.10555555555555556
0 0.4213541666666667 0.6458333333333334 0.096875 0.5398148148148147
0 0.5802083333333333 0.5643518518518518 0.08020833333333333 0.30277777777777776
0 0.4135416666666667 0.5939814814814814 0.06666666666666667 0.34907407407407404
0 0.4484375 0.4726851851851851 0.027083333333333334 0.06944444444444443
0 0.42890625 0.4685185185185185 0.028645833333333332 0.05555555555555555
0 0.23880208333333333 0.48148148148148145 0.021354166666666667 0.1
0 0.27630208333333334 0.4708333333333333 0.017187499999999998 0.10092592592592592
0 0.2591145833333333 0.47268518518518515 0.016145833333333335 0.09537037037037037
0 0.22526041666666666 0.4824074074074074 0.0234375 0.09444444444444443
0 0.20416666666666666 0.462037037037037 0.021875000000000002 0.0962962962962963
0 0.2518229166666667 0.4625 0.016145833333333335 0.07685185185185185
0 0.3252604166666667 0.49907407407407406 0.02760416666666667 0.1574074074074074
0 0.6049479166666667 0.5347222222222222 0.06614583333333333 0.27314814814814814
0 0.6385416666666667 0.461574074074074 0.021875000000000002 0.09166666666666666
0 0.5489583333333333 0.46805555555555556 0.02395833333333333 0.11203703703703702
0 0.3841145833333333 0.4513888888888889 0.009895833333333335 0.06203703703703703
0 0.3921875 0.44907407407407407 0.010416666666666666 0.06481481481481481
0 0.31171875 0.44861111111111107 0.009895833333333335 0.05648148148148148
0 0.34921875 0.4629629629629629 0.013020833333333334 0.06666666666666667
0 0.36484375 0.4583333333333333 0.010937500000000001 0.06296296296296296
0 0.37578125 0.46805555555555556 0.008854166666666666 0.05277777777777778
0 0.2677083333333333 0.4666666666666667 0.010416666666666666 0.07592592592592592
0 0.31536458333333334 0.45509259259259255 0.013020833333333334 0.058333333333333334
0 0.3010416666666667 0.45648148148148143 0.010416666666666666 0.0574074074074074
0 0.29140625000000003 0.4518518518518518 0.011979166666666666 0.06111111111111111
0 0.3216145833333333 0.4532407407407407 0.011979166666666666 0.05277777777777778
0 0.3098958333333333 0.4509259259259259 0.011458333333333334 0.059259259259259255
0 0.2776041666666667 0.4532407407407407 0.014583333333333334 0.058333333333333334
0 0.5182291666666666 0.449537037037037 0.010416666666666666 0.04907407407407407
0 0.5270833333333333 0.44768518518518513 0.009375 0.05648148148148148
0 0.5174479166666667 0.4574074074074074 0.017187499999999998 0.09074074074074073
0 0.31093750000000003 0.41527777777777775 0.010416666666666666 0.03981481481481482
0 0.31614583333333335 0.41203703703703703 0.009375 0.03888888888888888
0 0.2833333333333333 0.44629629629629625 0.011458333333333334 0.05
