0 0.5002604166666667 0.49861111111111106 0.050520833333333334 0.10092592592592592
0 0.6307291666666667 0.6148148148148148 0.08958333333333333 0.4685185185185185
0 0.5783854166666667 0.4833333333333333 0.022395833333333334 0.12777777777777777
0 0.5755208333333334 0.49953703703703695 0.02291666666666667 0.10277777777777777
0 0.3359375 0.49675925925925923 0.025 0.08425925925925926
0 0.2598958333333333 0.5208333333333333 0.036458333333333336 0.10648148148148147
0 0.36822916666666666 0.4949074074074074 0.03229166666666667 0.12129629629629629
0 0.4916666666666667 0.44907407407407407 0.013541666666666667 0.06481481481481481
0 0.5794270833333334 0.45509259259259255 0.0203125 0.10277777777777777
0 0.52734375 0.45879629629629626 0.018229166666666668 0.09537037037037037
0 0.5984375000000001 0.6541666666666667 0.1 0.5657407407407408
0 0.5518229166666666 0.6314814814814814 0.07239583333333334 0.48148148148148145
0 0.4484375 0.4726851851851851 0.027083333333333334 0.06944444444444443
0 0.42890625 0.4685185185185185 0.028645833333333332 0.05555555555555555
0 0.21067708333333335 0.48287037037037034 0.0265625 0.10462962962962963
0 0.24401041666666667 0.4726851851851851 0.0203125 0.10277777777777777
0 0.22708333333333336 0.4731481481481481 0.015625 0.1
0 0.22630208333333335 0.4810185185185185 0.022395833333333334 0.09537037037037037
0 0.20416666666666666 0.462037037037037 0.021875000000000002 0.0962962962962963
0 0.22447916666666665 0.46342592592592596 0.016666666666666666 0.07685185185185185
0 0.3963541666666667 0.5273148148148148 0.059375000000000004 0.3009259259259259
0 0.34010416666666665 0.5333333333333333 0.05416666666666667 0.25925925925925924
0 0.2778645833333333 0.5592592592592592 0.0734375 0.30185185185185187
0 0.20104166666666667 0.5550925925925926 0.09375 0.30648148148148147
0 0.64609375 0.537962962962963 0.0546875 0.2685185185185185
0 0.4578125 0.4824074074074074 0.029166666666666667 0.1574074074074074
0 0.6481770833333333 0.45787037037037037 0.018229166666666668 0.08796296296296297
0 0.5203125000000001 0.45555555555555555 0.014583333333333334 0.07222222222222222
0 0.5091145833333334 0.4513888888888889 0.013020833333333334 0.07129629629629629
0 0.33125000000000004 0.45879629629629626 0.014583333333333334 0.07129629629629629
0 0.38125 0.45185185185185184 0.0125 0.06666666666666667
0 0.35078125 0.4611111111111111 0.013020833333333334 0.06666666666666667
0 0.3658854166666667 0.46018518518518514 0.009895833333333335 0.06481481481481481
0 0.3796875 0.4694444444444444 0.009375 0.0537037037037037
0 0.28880208333333335 0.4546296296296296 0.013020833333333334 0.06666666666666667
0 0.27656250000000004 0.4560185185185185 0.0125 0.06203703703703703
0 0.25807291666666665 0.462037037037037 0.013020833333333334 0.07592592592592592
0 0.28098958333333335 0.45 0.009895833333333335 0.05
0 0.3098958333333333 0.44814814814814813 0.009375 0.046296296296296294
0 0.30078125 0.449537037037037 0.008854166666666666 0.05092592592592592
0 0.3145833333333333 0.4453703703703703 0.009375 0.04814814814814815
0 0.3111979166666667 0.4439814814814815 0.009895833333333335 0.047222222222222214
0 0.5187499999999999 0.44907407407407407 0.011458333333333334 0.05
0 0.5307291666666667 0.44768518518518513 0.009375 0.05648148148148148
0 0.5364583333333334 0.45370370370370366 0.013541666666666667 0.0685185185185185
0 0.5867187500000001 0.462037037037037 0.018229166666666668 0.09259259259259259
