0 0.5002604166666667 0.49861111111111106 0.050520833333333334 0.10092592592592592
0 0.6260416666666667 0.6129629629629629 0.08854166666666667 0.4722222222222222
0 0.56015625 0.49537037037037035 0.021354166666666667 0.10185185185185185
0 0.5755208333333334 0.49953703703703695 0.021875000000000002 0.10277777777777777
0 0.3739583333333333 0.49675925925925923 0.02291666666666667 0.09166666666666666
0 0.3625 0.5046296296296295 0.027083333333333334 0.09814814814814814
0 0.3924479166666667 0.49537037037037035 0.029687500000000002 0.10370370370370369
0 0.5013020833333334 0.44999999999999996 0.0140625 0.07037037037037037
0 0.5835937499999999 0.4555555555555555 0.0203125 0.10185185185185185
0 0.5239583333333334 0.46388888888888885 0.01875 0.1
0 0.6104166666666667 0.6564814814814814 0.10416666666666667 0.562962962962963
0 0.5161458333333333 0.6319444444444444 0.07395833333333333 0.4805555555555555
0 0.4484375 0.4726851851851851 0.027083333333333334 0.06944444444444443
0 0.42890625 0.4685185185185185 0.028645833333333332 0.05555555555555555
0 0.20911458333333333 0.48101851851851846 0.02447916666666667 0.10277777777777777
0 0.25911458333333337 0.4712962962962963 0.017187499999999998 0.10185185185185185
0 0.23020833333333335 0.4722222222222222 0.015625 0.1
0 0.22552083333333336 0.4810185185185185 0.02291666666666667 0.09537037037037037
0 0.20416666666666666 0.462037037037037 0.021875000000000002 0.0962962962962963
0 0.22161458333333334 0.4643518518518518 0.016145833333333335 0.07685185185185185
0 0.24869791666666666 0.5592592592592592 0.08385416666666667 0.3648148148148148
0 0.10755208333333333 0.5578703703703703 0.08802083333333333 0.30277777777777776
0 0.04635416666666667 0.6050925925925926 0.11875000000000001 0.3787037037037037
0 0.5187499999999999 0.5138888888888888 0.043750000000000004 0.2111111111111111
0 0.5651041666666666 0.499537037037037 0.040625 0.19907407407407407
0 0.8075520833333334 0.4560185185185185 0.0234375 0.10092592592592592
0 0.6544270833333333 0.4611111111111111 0.022395833333333334 0.0962962962962963
0 0.4869791666666667 0.4509259259259259 0.011458333333333334 0.06481481481481481
0 0.46354166666666674 0.4481481481481481 0.013541666666666667 0.07037037037037037
0 0.33489583333333334 0.4564814814814815 0.013541666666666667 0.06296296296296296
0 0.36822916666666666 0.449537037037037 0.011458333333333334 0.06018518518518518
0 0.3502604166666667 0.4611111111111111 0.013020833333333334 0.06666666666666667
0 0.3653645833333333 0.46018518518518514 0.009895833333333335 0.06481481481481481
0 0.3763020833333333 0.4694444444444444 0.008854166666666666 0.0537037037037037
0 0.27708333333333335 0.45370370370370366 0.0125 0.059259259259259255
0 0.2677083333333333 0.46296296296296297 0.013541666666666667 0.07592592592592592
0 0.28098958333333335 0.45046296296296295 0.008854166666666666 0.047222222222222214
0 0.30833333333333335 0.45185185185185184 0.010416666666666666 0.0537037037037037
0 0.2973958333333333 0.45185185185185184 0.009375 0.0537037037037037
0 0.29765625 0.4472222222222222 0.009895833333333335 0.05555555555555555
0 0.31640625000000006 0.44722222222222213 0.010937500000000001 0.04814814814814815
0 0.3088541666666667 0.44675925925925924 0.010416666666666666 0.05277777777777778
0 0.2890625 0.4504629629629629 0.010416666666666666 0.054629629629629625
0 0.5187499999999999 0.44907407407407407 0.011458333333333334 0.05
0 0.5291666666666667 0.44768518518518513 0.009375 0.05648148148148148
0 0.5346354166666667 0.45509259259259255 0.015104166666666667 0.07129629629629629
0 0.5932291666666666 0.461574074074074 0.01979166666666667 0.09166666666666666
