0 0.5002604166666667 0.49861111111111106 0.050520833333333334 0.10092592592592592
0 0.9520833333333334 0.6518518518518518 0.11041666666666668 0.5648148148148148
0 0.5906250000000001 0.4694444444444444 0.01875 0.14444444444444443
0 0.5726562500000001 0.47129629629629627 0.021354166666666667 0.1148148148148148
0 0.5190104166666667 0.45509259259259255 0.018229166666666668 0.08796296296296297
0 0.5304687499999999 0.46527777777777773 0.0203125 0.10092592592592592
0 0.4927083333333333 0.4574074074074074 0.017708333333333333 0.09074074074074073
0 0.8885416666666667 0.699537037037037 0.14166666666666666 0.6509259259259258
0 0.4484375 0.4726851851851851 0.027083333333333334 0.06944444444444443
0 0.42890625 0.4685185185185185 0.028645833333333332 0.05555555555555555
0 0.21119791666666665 0.4810185185185185 0.02447916666666667 0.10462962962962963
0 0.22942708333333334 0.47268518518518515 0.016145833333333335 0.09722222222222222
0 0.22838541666666667 0.4731481481481481 0.015104166666666667 0.1
0 0.22786458333333337 0.4800925925925926 0.022395833333333334 0.09351851851851851
0 0.20416666666666666 0.462037037037037 0.021875000000000002 0.0962962962962963
0 0.23020833333333335 0.461574074074074 0.017708333333333333 0.07685185185185185
0 0.5526041666666667 0.5143518518518518 0.06145833333333334 0.2657407407407407
0 0.6169270833333335 0.5138888888888888 0.049479166666666664 0.2222222222222222
0 0.603125 0.5398148148148147 0.057291666666666664 0.25925925925925924
0 0.49505208333333334 0.5157407407407407 0.0484375 0.23148148148148145
0 0.3450520833333333 0.4708333333333333 0.019270833333333334 0.10092592592592592
0 0.6427083333333334 0.4597222222222222 0.02395833333333333 0.09907407407407406
0 0.6239583333333334 0.4587962962962963 0.01979166666666667 0.09722222222222222
0 0.35546875 0.4662037037037037 0.0234375 0.09166666666666666
0 0.3838541666666667 0.4606481481481481 0.01875 0.09166666666666666
0 0.35442708333333334 0.4611111111111111 0.013020833333333334 0.06666666666666667
0 0.36640625 0.4606481481481481 0.009895833333333335 0.06574074074074074
0 0.3747395833333333 0.4699074074074074 0.009895833333333335 0.05277777777777778
0 0.3125 0.4611111111111111 0.017708333333333333 0.07592592592592592
0 0.29322916666666665 0.462037037037037 0.013541666666666667 0.07407407407407408
0 0.24088541666666666 0.4611111111111111 0.010937500000000001 0.06666666666666667
0 0.27630208333333334 0.44907407407407407 0.0140625 0.0537037037037037
0 0.28854166666666664 0.4597222222222222 0.011458333333333334 0.06759259259259259
0 0.30963541666666666 0.43148148148148147 0.009895833333333335 0.04259259259259259
0 0.31171875 0.44490740740740736 0.009895833333333335 0.045370370370370366
0 0.2979166666666667 0.42453703703703705 0.00625 0.0287037037037037
0 0.3028645833333333 0.42129629629629634 0.0067708333333333336 0.029629629629629627
0 0.5192708333333333 0.44907407407407407 0.0125 0.05
0 0.5317708333333334 0.44861111111111107 0.009375 0.05648148148148148
0 0.4044270833333333 0.4444444444444444 0.0140625 0.0537037037037037
0 0.5531250000000001 0.4592592592592592 0.015625 0.08333333333333333
