0 0.5002604166666667 0.49861111111111106 0.050520833333333334 0.10092592592592592
0 0.7403645833333334 0.5625 0.08697916666666668 0.3509259259259259
0 0.32734375 0.5356481481481481 0.044270833333333336 0.24351851851851852
0 0.7854166666666667 0.5546296296296295 0.09583333333333333 0.31111111111111106
0 0.5593750000000001 0.49907407407407406 0.01875 0.10185185185185185
0 0.5763020833333333 0.5013888888888888 0.016145833333333335 0.10648148148148147
0 0.38984375 0.4824074074074074 0.015104166666666667 0.06296296296296296
0 0.3674479166666667 0.5041666666666667 0.02760416666666667 0.09722222222222222
0 0.39140625 0.45879629629629626 0.0140625 0.06944444444444443
0 0.6622395833333333 0.4601851851851852 0.017187499999999998 0.09259259259259259
0 0.5395833333333333 0.45185185185185184 0.020833333333333332 0.1074074074074074
0 0.5833333333333334 0.4583333333333333 0.01979166666666667 0.1
0 0.4979166666666667 0.4564814814814815 0.021875000000000002 0.10555555555555556
0 0.25755208333333335 0.5439814814814814 0.0546875 0.262037037037037
0 0.3471354166666667 0.5106481481481481 0.03177083333333333 0.17314814814814813
0 0.7236979166666667 0.4592592592592592 0.0265625 0.1148148148148148
0 0.7861979166666666 0.4592592592592592 0.0328125 0.1148148148148148
0 0.26953125 0.5412037037037037 0.04635416666666667 0.23055555555555554
0 0.4484375 0.4726851851851851 0.027083333333333334 0.06944444444444443
0 0.42890625 0.4685185185185185 0.028645833333333332 0.05555555555555555
0 0.29453124999999997 0.4736111111111111 0.018229166666666668 0.0861111111111111
0 0.20651041666666667 0.4611111111111111 0.021354166666666667 0.0962962962962963
0 0.228125 0.46388888888888885 0.020833333333333332 0.07777777777777777
0 0.31223958333333335 0.4837962962962962 0.018229166666666668 0.12314814814814815
0 0.5145833333333334 0.45787037037037037 0.016666666666666666 0.07129629629629629
0 0.36614583333333334 0.45879629629629626 0.010416666666666666 0.06203703703703703
0 0.3763020833333333 0.46898148148148144 0.009895833333333335 0.05277777777777778
0 0.5276041666666667 0.44861111111111107 0.009375 0.05648148148148148
0 0.30625 0.4199074074074074 0.010416666666666666 0.03981481481481482
0 0.3151041666666667 0.4166666666666667 0.009375 0.03888888888888888
0 0.5460937499999999 0.4504629629629629 0.013020833333333334 0.06203703703703703
0 0.3541666666666667 0.4574074074074074 0.017708333333333333 0.07962962962962963
