0 0.5002604166666667 0.49861111111111106 0.050520833333333334 0.10092592592592592
0 0.69609375 0.6398148148148147 0.09322916666666667 0.49629629629629624
0 0.5901041666666667 0.4749999999999999 0.02291666666666667 0.14444444444444443
0 0.5755208333333334 0.49861111111111106 0.02291666666666667 0.10462962962962963
0 0.24453125 0.5231481481481481 0.035937500000000004 0.1111111111111111
0 0.11588541666666667 0.5402777777777777 0.050520833333333334 0.11574074074074073
0 0.28828125000000004 0.5134259259259258 0.043229166666666666 0.15462962962962962
0 0.48671875000000003 0.44490740740740736 0.013020833333333334 0.058333333333333334
0 0.21848958333333335 0.7847222222222221 0.19947916666666665 0.8916666666666667
0 0.5598958333333334 0.4569444444444445 0.01979166666666667 0.10092592592592592
0 0.52734375 0.45879629629629626 0.018229166666666668 0.09166666666666666
0 0.69296875 0.6856481481481481 0.14427083333333335 0.6231481481481481
0 0.6205729166666666 0.6476851851851851 0.08072916666666667 0.5138888888888888
0 0.4484375 0.4726851851851851 0.027083333333333334 0.06944444444444443
0 0.42890625 0.4685185185185185 0.028645833333333332 0.05555555555555555
0 0.21067708333333335 0.4814814814814815 0.0265625 0.10555555555555556
0 0.23151041666666666 0.4731481481481481 0.018229166666666668 0.10185185185185185
0 0.22734375 0.4731481481481481 0.015104166666666667 0.1
0 0.22682291666666668 0.4805555555555555 0.022395833333333334 0.09444444444444443
0 0.20416666666666666 0.462037037037037 0.021875000000000002 0.0962962962962963
0 0.22630208333333335 0.46342592592592596 0.017187499999999998 0.07685185185185185
0 0.45468749999999997 0.5166666666666667 0.043750000000000004 0.2796296296296296
0 0.453125 0.5212962962962963 0.057291666666666664 0.24074074074074073
0 0.3854166666666667 0.5435185185185184 0.059375000000000004 0.2722222222222222
0 0.31744791666666666 0.5314814814814814 0.06510416666666667 0.25740740740740736
0 0.7757812500000001 0.5638888888888888 0.08385416666666667 0.33888888888888885
0 0.4171875 0.4754629629629629 0.027083333333333334 0.1324074074074074
0 0.6338541666666666 0.45648148148148143 0.017708333333333333 0.08148148148148147
0 0.5458333333333334 0.45787037037037037 0.015625 0.07685185185185185
0 0.5356770833333333 0.45416666666666666 0.0140625 0.075
0 0.33229166666666665 0.4611111111111111 0.017708333333333333 0.07777777777777777
0 0.38593750000000004 0.45509259259259255 0.014583333333333334 0.07314814814814814
0 0.35130208333333335 0.4611111111111111 0.013020833333333334 0.06666666666666667
0 0.3658854166666667 0.46018518518518514 0.009895833333333335 0.06481481481481481
0 0.3791666666666667 0.4699074074074074 0.010416666666666666 0.05277777777777778
0 0.2986979166666667 0.4541666666666666 0.015104166666666667 0.06944444444444443
0 0.28046875000000004 0.45833333333333326 0.013020833333333334 0.06481481481481481
0 0.25078124999999996 0.462037037037037 0.0140625 0.07037037037037037
0 0.28203124999999996 0.4527777777777778 0.008854166666666666 0.05555555555555555
0 0.31093750000000003 0.44861111111111107 0.009375 0.045370370370370366
0 0.31171875 0.44305555555555554 0.008854166666666666 0.045370370370370366
0 0.31171875 0.4439814814814814 0.009895833333333335 0.045370370370370366
0 0.5190104166666667 0.44907407407407407 0.011979166666666666 0.05
0 0.53125 0.44768518518518513 0.009375 0.05648148148148148
0 0.5377604166666666 0.45370370370370366 0.0140625 0.07222222222222222
0 0.5867187500000001 0.462037037037037 0.018229166666666668 0.09259259259259259
