0 0.5002604166666667 0.49861111111111106 0.050520833333333334 0.10092592592592592
0 0.5671875000000001 0.600925925925926 0.08333333333333333 0.42407407407407405
0 0.5578124999999999 0.4981481481481481 0.020833333333333332 0.09814814814814814
0 0.5755208333333334 0.49999999999999994 0.020833333333333332 0.10370370370370369
0 0.3744791666666667 0.49629629629629624 0.021875000000000002 0.09074074074074073
0 0.3658854166666667 0.5050925925925925 0.02447916666666667 0.09907407407407406
0 0.39244791666666673 0.49629629629629624 0.02760416666666667 0.10370370370370369
0 0.59375 0.461574074074074 0.01979166666666667 0.09166666666666666
0 0.5127604166666666 0.4509259259259259 0.0140625 0.07037037037037037
0 0.5817708333333333 0.45416666666666666 0.01979166666666667 0.10092592592592592
0 0.5200520833333333 0.46712962962962956 0.018229166666666668 0.10462962962962963
0 0.5625 0.6666666666666666 0.07916666666666668 0.5888888888888888
0 0.8549479166666667 0.6069444444444444 0.12864583333333335 0.4157407407407407
0 0.49114583333333334 0.6263888888888888 0.08750000000000001 0.462037037037037
0 0.4484375 0.4726851851851851 0.027083333333333334 0.06944444444444443
0 0.42890625 0.4685185185185185 0.028645833333333332 0.05555555555555555
0 0.20989583333333334 0.48101851851851846 0.021875000000000002 0.10277777777777777
0 0.2734375 0.47129629629629627 0.016666666666666666 0.1
0 0.2390625 0.47222222222222215 0.015625 0.09814814814814814
0 0.22473958333333333 0.48148148148148145 0.02447916666666667 0.09444444444444443
0 0.20416666666666666 0.462037037037037 0.021875000000000002 0.0962962962962963
0 0.21927083333333336 0.46527777777777773 0.015625 0.07685185185185185
0 0.409375 0.5037037037037037 0.03333333333333333 0.18888888888888886
0 0.82890625 0.562962962962963 0.0984375 0.3648148148148148
0 0.7674479166666667 0.524537037037037 0.08177083333333333 0.26759259259259255
0 0.7221354166666667 0.46064814814814814 0.029687500000000002 0.09722222222222222
0 0.615625 0.46388888888888885 0.025 0.1
0 0.4380208333333333 0.44907407407407407 0.011458333333333334 0.06481481481481481
0 0.4234375 0.4481481481481481 0.013541666666666667 0.07037037037037037
0 0.3307291666666667 0.45231481481481484 0.010416666666666666 0.054629629629629625
0 0.34765625 0.4509259259259259 0.011979166666666666 0.05555555555555555
0 0.34921875 0.4611111111111111 0.013020833333333334 0.06666666666666667
0 0.36484374999999997 0.46018518518518514 0.009895833333333335 0.06481481481481481
0 0.3744791666666667 0.4685185185185185 0.008333333333333333 0.0537037037037037
0 0.26848958333333334 0.4666666666666666 0.011979166666666666 0.07407407407407408
0 0.30755208333333334 0.45370370370370366 0.010937500000000001 0.05555555555555555
0 0.2981770833333333 0.45416666666666666 0.016145833333333335 0.054629629629629625
0 0.2955729166666667 0.44907407407407407 0.009895833333333335 0.05555555555555555
0 0.31640625 0.449537037037037 0.011979166666666666 0.05092592592592592
0 0.30755208333333334 0.449537037037037 0.010937500000000001 0.058333333333333334
0 0.28359375000000003 0.4504629629629629 0.010937500000000001 0.054629629629629625
0 0.5184895833333334 0.44907407407407407 0.010937500000000001 0.05
0 0.5281250000000001 0.44768518518518513 0.009375 0.05648148148148148
0 0.5328125 0.45787037037037037 0.015625 0.075
0 0.3151041666666667 0.42731481481481476 0.010416666666666666 0.03981481481481482
