0 0.5002604166666667 0.49861111111111106 0.050520833333333334 0.10092592592592592
0 0.5411458333333333 0.5907407407407407 0.08854166666666667 0.39814814814814814
0 0.5575520833333333 0.499537037037037 0.0203125 0.09722222222222222
0 0.5757812499999999 0.49999999999999994 0.0203125 0.10370370370370369
0 0.37473958333333335 0.4949074074074074 0.022395833333333334 0.0861111111111111
0 0.36614583333333334 0.5050925925925925 0.025 0.09907407407407406
0 0.3916666666666667 0.49629629629629624 0.026041666666666668 0.10370370370370369
0 0.5916666666666667 0.4625 0.01979166666666667 0.09166666666666666
0 0.5190104166666667 0.45416666666666666 0.016145833333333335 0.08055555555555555
0 0.5817708333333333 0.45509259259259255 0.01979166666666667 0.10092592592592592
0 0.5158854166666667 0.46527777777777773 0.018229166666666668 0.10462962962962963
0 0.5203125000000001 0.6689814814814814 0.08229166666666668 0.5842592592592593
0 0.6885416666666666 0.5768518518518518 0.10312500000000001 0.34259259259259256
0 0.4505208333333334 0.611111111111111 0.07083333333333333 0.4185185185185185
0 0.4484375 0.4726851851851851 0.027083333333333334 0.06944444444444443
0 0.42890625 0.4685185185185185 0.028645833333333332 0.05555555555555555
0 0.22526041666666666 0.48055555555555546 0.019270833333333334 0.10185185185185185
0 0.2755208333333333 0.4699074074074074 0.016666666666666666 0.10092592592592592
0 0.25312500000000004 0.4717592592592592 0.015625 0.09537037037037037
0 0.22447916666666667 0.4819444444444444 0.025 0.09351851851851851
0 0.20416666666666666 0.462037037037037 0.021875000000000002 0.0962962962962963
0 0.23125 0.46481481481481485 0.015625 0.07592592592592592
0 0.3546875 0.5013888888888888 0.03125 0.17314814814814813
0 0.6976562500000001 0.5458333333333333 0.0734375 0.3101851851851852
0 0.9984375000000001 0.55 0.09479166666666668 0.34629629629629627
0 0.67265625 0.46249999999999997 0.025520833333333333 0.09537037037037037
0 0.5833333333333334 0.46527777777777773 0.029166666666666667 0.10648148148148147
0 0.40546875 0.4513888888888889 0.013020833333333334 0.06388888888888888
0 0.4072916666666667 0.45 0.013541666666666667 0.06666666666666667
0 0.3197916666666667 0.4513888888888889 0.010416666666666666 0.054629629629629625
0 0.3276041666666667 0.4509259259259259 0.009375 0.05555555555555555
0 0.3486979166666667 0.4611111111111111 0.013020833333333334 0.06666666666666667
0 0.36484374999999997 0.46018518518518514 0.009895833333333335 0.06481481481481481
0 0.37552083333333336 0.4685185185185185 0.008333333333333333 0.0537037037037037
0 0.26640625 0.4666666666666667 0.011979166666666666 0.07592592592592592
0 0.3127604166666667 0.4546296296296296 0.010937500000000001 0.0574074074074074
0 0.29921875 0.45648148148148143 0.009895833333333335 0.0574074074074074
0 0.29296875000000006 0.4509259259259259 0.011979166666666666 0.059259259259259255
0 0.3184895833333333 0.4513888888888889 0.011979166666666666 0.05277777777777778
0 0.30572916666666666 0.45 0.011458333333333334 0.059259259259259255
0 0.2791666666666667 0.4523148148148148 0.014583333333333334 0.05648148148148148
0 0.5184895833333334 0.449537037037037 0.010937500000000001 0.04907407407407407
0 0.5270833333333333 0.44768518518518513 0.009375 0.05648148148148148
0 0.5244791666666666 0.4574074074074074 0.016666666666666666 0.08333333333333333
0 0.3125 0.4208333333333333 0.010416666666666666 0.03981481481481482
0 0.31822916666666673 0.4175925925925926 0.009375 0.03888888888888888
