0 0.5002604166666667 0.49861111111111106 0.050520833333333334 0.10092592592592592
0 0.425 0.5662037037037037 0.059375000000000004 0.325
0 0.5575520833333333 0.4981481481481481 0.0203125 0.10185185185185185
0 0.5760416666666667 0.5004629629629629 0.01875 0.10462962962962963
0 0.3770833333333333 0.49398148148148147 0.02291666666666667 0.08425925925925926
0 0.36640625 0.5046296296296295 0.025520833333333333 0.09814814814814814
0 0.3971354166666667 0.48796296296296293 0.022395833333333334 0.09444444444444443
0 0.621875 0.4606481481481481 0.01979166666666667 0.09166666666666666
0 0.5296875000000001 0.45787037037037037 0.01875 0.09166666666666666
0 0.5789062500000001 0.45509259259259255 0.0203125 0.10092592592592592
0 0.51171875 0.4587962962962963 0.018229166666666668 0.10462962962962963
0 0.33437500000000003 0.611111111111111 0.11041666666666668 0.4407407407407407
0 0.4833333333333333 0.5472222222222222 0.06458333333333334 0.2685185185185185
0 0.3640625 0.5805555555555555 0.059375000000000004 0.3333333333333333
0 0.4484375 0.4726851851851851 0.027083333333333334 0.06944444444444443
0 0.42890625 0.4685185185185185 0.028645833333333332 0.05555555555555555
0 0.2533854166666667 0.4805555555555555 0.016145833333333335 0.1
0 0.27265625000000004 0.4708333333333333 0.018229166666666668 0.09722222222222222
0 0.26197916666666665 0.4717592592592592 0.015625 0.09537037037037037
0 0.22526041666666666 0.48148148148148145 0.028645833333333332 0.09444444444444443
0 0.20442708333333334 0.4611111111111111 0.021354166666666667 0.0962962962962963
0 0.25234375000000003 0.4625 0.016145833333333335 0.07685185185185185
0 0.31171875 0.48981481481481476 0.0234375 0.13333333333333333
0 0.5067708333333333 0.5226851851851851 0.03854166666666667 0.24166666666666667
0 0.6036458333333334 0.46249999999999997 0.016666666666666666 0.0824074074074074
0 0.48151041666666666 0.46944444444444444 0.019270833333333334 0.12222222222222222
0 0.30833333333333335 0.44953703703703696 0.010416666666666666 0.05648148148148148
0 0.35078125 0.462037037037037 0.013020833333333334 0.06666666666666667
0 0.3671875 0.4583333333333333 0.0125 0.06296296296296296
0 0.37578125 0.46805555555555556 0.008854166666666666 0.05277777777777778
0 0.31796875 0.45694444444444443 0.013020833333333334 0.06203703703703703
0 0.30390625000000004 0.45879629629629626 0.010937500000000001 0.06203703703703703
0 0.29322916666666665 0.45416666666666666 0.013541666666666667 0.06759259259259259
0 0.315625 0.4532407407407407 0.011458333333333334 0.06203703703703703
0 0.27734375 0.4541666666666666 0.015104166666666667 0.06203703703703703
0 0.5182291666666666 0.449537037037037 0.010416666666666666 0.04907407407407407
0 0.5270833333333333 0.44768518518518513 0.009375 0.05648148148148148
0 0.4971354166666667 0.4527777777777778 0.016145833333333335 0.08888888888888888
0 0.3098958333333333 0.41157407407407404 0.010416666666666666 0.03981481481481482
0 0.31562500000000004 0.41111111111111115 0.009375 0.03888888888888888
0 0.5033854166666667 0.45370370370370366 0.011979166666666666 0.06666666666666667
0 0.28802083333333334 0.44537037037037036 0.011458333333333334 0.05
