0 0.5002604166666667 0.49861111111111106 0.050520833333333334 0.10092592592592592
0 0.43203125000000003 0.5708333333333333 0.059895833333333336 0.33055555555555555
0 0.5575520833333333 0.4981481481481481 0.0203125 0.10185185185185185
0 0.57578125 0.5004629629629629 0.019270833333333334 0.10462962962962963
0 0.3770833333333333 0.49398148148148147 0.02291666666666667 0.08425925925925926
0 0.36640625 0.5046296296296295 0.025520833333333333 0.09814814814814814
0 0.3963541666666667 0.4888888888888889 0.02291666666666667 0.0962962962962963
0 0.6166666666666666 0.4606481481481481 0.01979166666666667 0.09166666666666666
0 0.5291666666666667 0.45787037037037037 0.01875 0.09166666666666666
0 0.5799479166666667 0.45509259259259255 0.0203125 0.10092592592592592
0 0.5130208333333334 0.4597222222222222 0.01875 0.10462962962962963
0 0.3453125 0.6152777777777777 0.109375 0.44907407407407407
0 0.48984375 0.5509259259259259 0.0609375 0.27777777777777773
0 0.3690104166666667 0.5810185185185185 0.06197916666666667 0.3342592592592592
0 0.4484375 0.4726851851851851 0.027083333333333334 0.06944444444444443
0 0.42890625 0.4685185185185185 0.028645833333333332 0.05555555555555555
0 0.2518229166666667 0.4805555555555555 0.017187499999999998 0.1
0 0.27317708333333335 0.4717592592592592 0.018229166666666668 0.09722222222222222
0 0.26197916666666665 0.4717592592592592 0.015625 0.09537037037037037
0 0.22604166666666667 0.48148148148148145 0.026041666666666668 0.09444444444444443
0 0.20416666666666666 0.4611111111111111 0.021875000000000002 0.0962962962962963
0 0.25234375000000003 0.4625 0.016145833333333335 0.07685185185185185
0 0.3111979166666667 0.4907407407407407 0.025520833333333333 0.13518518518518519
0 0.5216145833333333 0.523611111111111 0.049479166666666664 0.24537037037037035
0 0.6078125000000001 0.46249999999999997 0.016666666666666666 0.0824074074074074
0 0.49062500000000003 0.4652777777777778 0.01875 0.11388888888888889
0 0.3088541666666667 0.44953703703703696 0.010416666666666666 0.05648148148148148
0 0.3502604166666667 0.4629629629629629 0.013020833333333334 0.06666666666666667
0 0.36692708333333335 0.4583333333333333 0.013020833333333334 0.06296296296296296
0 0.37578125 0.46805555555555556 0.008854166666666666 0.05277777777777778
0 0.3174479166666667 0.45648148148148143 0.013020833333333334 0.06111111111111111
0 0.3028645833333333 0.45879629629629626 0.010937500000000001 0.06203703703703703
0 0.2921875 0.4532407407407407 0.013541666666666667 0.06759259259259259
0 0.31484375000000003 0.4532407407407407 0.011979166666666666 0.06203703703703703
0 0.27656250000000004 0.4541666666666666 0.015625 0.06203703703703703
0 0.5182291666666666 0.449537037037037 0.010416666666666666 0.04907407407407407
0 0.5270833333333333 0.44768518518518513 0.009375 0.05648148148148148
0 0.5005208333333333 0.45370370370370366 0.016666666666666666 0.08888888888888888
0 0.3098958333333333 0.41157407407407404 0.010416666666666666 0.03981481481481482
0 0.31562500000000004 0.41111111111111115 0.009375 0.03888888888888888
0 0.5015625 0.4546296296296296 0.011458333333333334 0.06666666666666667
0 0.28750000000000003 0.44537037037037036 0.011458333333333334 0.05
