0 0.5002604166666667 0.49861111111111106 0.050520833333333334 0.10092592592592592
0 0.5677083333333334 0.5944444444444444 0.08333333333333333 0.4166666666666667
0 0.5575520833333333 0.4986111111111111 0.0203125 0.09722222222222222
0 0.5757812499999999 0.49999999999999994 0.0203125 0.10370370370370369
0 0.3744791666666667 0.4958333333333333 0.021875000000000002 0.0898148148148148
0 0.3658854166666667 0.5050925925925925 0.02447916666666667 0.09907407407407406
0 0.3921875 0.49629629629629624 0.027083333333333334 0.10370370370370369
0 0.5916666666666667 0.461574074074074 0.01979166666666667 0.09166666666666666
0 0.5151041666666667 0.4523148148148148 0.014583333333333334 0.07314814814814814
0 0.5817708333333333 0.45509259259259255 0.01979166666666667 0.10092592592592592
0 0.5177083333333333 0.46712962962962956 0.01875 0.10462962962962963
0 0.5520833333333334 0.6694444444444444 0.07916666666666668 0.5907407407407407
0 0.7934895833333334 0.5944444444444444 0.08177083333333333 0.3888888888888889
0 0.4708333333333333 0.6254629629629629 0.07916666666666668 0.45648148148148143
0 0.4484375 0.4726851851851851 0.027083333333333334 0.06944444444444443
0 0.42890625 0.4685185185185185 0.028645833333333332 0.05555555555555555
0 0.21328125 0.4833333333333333 0.0203125 0.10370370370370369
0 0.27447916666666666 0.47129629629629627 0.016666666666666666 0.1
0 0.24322916666666666 0.4722222222222222 0.015625 0.0962962962962963
0 0.22473958333333333 0.4819444444444444 0.02447916666666667 0.09351851851851851
0 0.20416666666666666 0.462037037037037 0.021875000000000002 0.0962962962962963
0 0.21927083333333336 0.4662037037037037 0.015625 0.07685185185185185
0 0.39609375 0.5050925925925925 0.049479166666666664 0.18055555555555552
0 0.7742187500000001 0.5592592592592592 0.0765625 0.3444444444444444
0 0.8356770833333335 0.5416666666666666 0.0921875 0.29629629629629634
0 0.7041666666666667 0.46064814814814814 0.021875000000000002 0.09722222222222222
0 0.6010416666666666 0.46388888888888885 0.025 0.1
0 0.4239583333333333 0.44999999999999996 0.014583333333333334 0.06481481481481481
0 0.41875 0.44907407407407407 0.013541666666666667 0.07037037037037037
0 0.3276041666666667 0.4532407407407407 0.010416666666666666 0.054629629629629625
0 0.3424479166666667 0.45185185185185184 0.011979166666666666 0.05555555555555555
0 0.34921875 0.4611111111111111 0.013020833333333334 0.06666666666666667
0 0.36484374999999997 0.46018518518518514 0.009895833333333335 0.06481481481481481
0 0.37500000000000006 0.4685185185185185 0.008333333333333333 0.0537037037037037
0 0.26796875000000003 0.4666666666666666 0.011979166666666666 0.07407407407407408
0 0.30911458333333336 0.4546296296296296 0.010937500000000001 0.0574074074074074
0 0.2979166666666667 0.45509259259259255 0.013541666666666667 0.05648148148148148
0 0.2942708333333333 0.44999999999999996 0.010416666666666666 0.0574074074074074
0 0.31640625 0.45 0.011979166666666666 0.05185185185185184
0 0.3072916666666667 0.45 0.011458333333333334 0.059259259259259255
0 0.2830729166666667 0.4509259259259259 0.010937500000000001 0.05555555555555555
0 0.5184895833333334 0.44907407407407407 0.010937500000000001 0.05
0 0.5276041666666667 0.44768518518518513 0.009375 0.05648148148148148
0 0.5302083333333334 0.4574074074074074 0.015625 0.07777777777777777
0 0.3151041666666667 0.42546296296296293 0.010416666666666666 0.03981481481481482
