0 0.5002604166666667 0.49861111111111106 0.050520833333333334 0.10092592592592592
0 0.4809895833333333 0.5773148148148147 0.07552083333333333 0.3546296296296296
0 0.5572916666666666 0.49907407407407406 0.01979166666666667 0.1
0 0.57578125 0.5004629629629629 0.019270833333333334 0.10462962962962963
0 0.37604166666666666 0.49398148148148147 0.02291666666666667 0.08425925925925926
0 0.36640625 0.5046296296296295 0.025520833333333333 0.09814814814814814
0 0.39296875000000003 0.4925925925925926 0.0234375 0.1
0 0.5973958333333333 0.4625 0.01979166666666667 0.09166666666666666
0 0.5255208333333333 0.45787037037037037 0.01875 0.09166666666666666
0 0.5817708333333333 0.45509259259259255 0.01979166666666667 0.10092592592592592
0 0.5127604166666667 0.462037037037037 0.018229166666666668 0.10555555555555556
0 0.4044270833333333 0.6481481481481481 0.07968750000000001 0.5314814814814814
0 0.5700520833333333 0.5587962962962963 0.07968750000000001 0.2935185185185185
0 0.4083333333333333 0.5962962962962963 0.06666666666666667 0.34814814814814815
0 0.4484375 0.4726851851851851 0.027083333333333334 0.06944444444444443
0 0.42890625 0.4685185185185185 0.028645833333333332 0.05555555555555555
0 0.24166666666666667 0.4819444444444444 0.01979166666666667 0.10092592592592592
0 0.27578125000000003 0.47222222222222215 0.016145833333333335 0.09814814814814814
0 0.2596354166666667 0.47268518518518515 0.016145833333333335 0.09537037037037037
0 0.22473958333333333 0.4819444444444444 0.02447916666666667 0.09537037037037037
0 0.20416666666666666 0.462037037037037 0.021875000000000002 0.0962962962962963
0 0.25026041666666665 0.4625 0.016145833333333335 0.07685185185185185
0 0.3208333333333333 0.4981481481481481 0.028125 0.15555555555555553
0 0.5848958333333334 0.5291666666666667 0.04479166666666667 0.2638888888888889
0 0.63125 0.4606481481481481 0.017708333333333333 0.0898148148148148
0 0.5388020833333333 0.46527777777777773 0.022395833333333334 0.10648148148148147
0 0.3815104166666667 0.4518518518518518 0.009895833333333335 0.06111111111111111
0 0.3888020833333333 0.44907407407407407 0.009895833333333335 0.06481481481481481
0 0.3111979166666667 0.44861111111111107 0.009895833333333335 0.05648148148148148
0 0.3497395833333333 0.4629629629629629 0.013020833333333334 0.06666666666666667
0 0.3651041666666667 0.4583333333333333 0.011458333333333334 0.06296296296296296
0 0.37578125 0.46805555555555556 0.008854166666666666 0.05277777777777778
0 0.2682291666666667 0.46712962962962956 0.010416666666666666 0.075
0 0.3158854166666667 0.45509259259259255 0.013020833333333334 0.058333333333333334
0 0.3010416666666667 0.45648148148148143 0.010416666666666666 0.0574074074074074
0 0.2911458333333333 0.4523148148148148 0.0125 0.06203703703703703
0 0.32213541666666673 0.4541666666666666 0.011979166666666666 0.05277777777777778
0 0.31145833333333334 0.45185185185185184 0.011458333333333334 0.059259259259259255
0 0.27734375 0.45370370370370366 0.015104166666666667 0.059259259259259255
0 0.5182291666666666 0.449537037037037 0.010416666666666666 0.04907407407407407
0 0.5270833333333333 0.44768518518518513 0.009375 0.05648148148148148
0 0.5153645833333333 0.45787037037037037 0.017187499999999998 0.09166666666666666
0 0.3104166666666667 0.4134259259259259 0.010416666666666666 0.03981481481481482
0 0.31562500000000004 0.41111111111111115 0.009375 0.03888888888888888
0 0.284375 0.44629629629629625 0.011458333333333334 0.05
