0 0.5002604166666667 0.49861111111111106 0.050520833333333334 0.10092592592592592
0 0.44296874999999997 0.5699074074074074 0.05677083333333334 0.33981481481481485
0 0.5572916666666666 0.4981481481481481 0.01979166666666667 0.10185185185185185
0 0.57578125 0.5004629629629629 0.019270833333333334 0.10462962962962963
0 0.37656249999999997 0.49398148148148147 0.02291666666666667 0.08425925925925926
0 0.36640625 0.5046296296296295 0.025520833333333333 0.09814814814814814
0 0.39479166666666665 0.4902777777777778 0.02291666666666667 0.09722222222222222
0 0.6078125 0.461574074074074 0.01979166666666667 0.09166666666666666
0 0.5276041666666667 0.45787037037037037 0.01875 0.09166666666666666
0 0.5815104166666667 0.45509259259259255 0.0203125 0.10092592592592592
0 0.5151041666666667 0.46064814814814814 0.01875 0.10462962962962963
0 0.3684895833333333 0.6305555555555554 0.08697916666666668 0.47777777777777775
0 0.51328125 0.5560185185185185 0.050520833333333334 0.2898148148148148
0 0.38333333333333336 0.5791666666666667 0.06666666666666667 0.3453703703703704
0 0.4484375 0.4726851851851851 0.027083333333333334 0.06944444444444443
0 0.42890625 0.4685185185185185 0.028645833333333332 0.05555555555555555
0 0.24947916666666667 0.4810185185185185 0.01875 0.10092592592592592
0 0.2736979166666667 0.47129629629629627 0.017187499999999998 0.09814814814814814
0 0.26145833333333335 0.47268518518518515 0.015625 0.09537037037037037
0 0.22447916666666667 0.48194444444444445 0.025 0.09722222222222222
0 0.20416666666666666 0.4611111111111111 0.021875000000000002 0.0962962962962963
0 0.2513020833333333 0.4625 0.016145833333333335 0.07685185185185185
0 0.3098958333333333 0.4944444444444444 0.029166666666666667 0.14814814814814817
0 0.5437500000000001 0.524537037037037 0.042708333333333334 0.24907407407407406
0 0.6166666666666667 0.4611111111111111 0.020833333333333332 0.08518518518518518
0 0.5098958333333333 0.46851851851851845 0.01875 0.11851851851851851
0 0.3098958333333333 0.44861111111111107 0.010416666666666666 0.05648148148148148
0 0.3502604166666667 0.4629629629629629 0.013020833333333334 0.06666666666666667
0 0.3661458333333333 0.4583333333333333 0.0125 0.06296296296296296
0 0.37578125 0.46805555555555556 0.008854166666666666 0.05277777777777778
0 0.3169270833333333 0.45601851851851843 0.013020833333333334 0.06018518518518518
0 0.30234375 0.45787037037037037 0.010937500000000001 0.06018518518518518
0 0.29140625000000003 0.4523148148148148 0.013020833333333334 0.06574074074074074
0 0.31354166666666666 0.4523148148148148 0.011458333333333334 0.06018518518518518
0 0.27630208333333334 0.45416666666666666 0.015104166666666667 0.06018518518518518
0 0.5182291666666666 0.449537037037037 0.010416666666666666 0.04907407407407407
0 0.5270833333333333 0.44768518518518513 0.009375 0.05648148148148148
0 0.5067708333333334 0.45509259259259255 0.016666666666666666 0.09166666666666666
0 0.3098958333333333 0.41157407407407404 0.010416666666666666 0.03981481481481482
0 0.31562500000000004 0.41111111111111115 0.009375 0.03888888888888888
0 0.4971354166666667 0.45509259259259255 0.010937500000000001 0.06574074074074074
0 0.2864583333333333 0.44537037037037036 0.011458333333333334 0.05
