0 0.5002604166666667 0.49861111111111106 0.050520833333333334 0.10092592592592592
0 0.8677083333333334 0.6550925925925927 0.11041666666666668 0.5472222222222222
0 0.5901041666666667 0.47129629629629627 0.01875 0.14444444444444443
0 0.5796875 0.47916666666666663 0.025 0.12314814814814815
0 0.5088541666666666 0.4518518518518518 0.016666666666666666 0.07777777777777777
0 0.5354166666666667 0.46481481481481474 0.01979166666666667 0.1
0 0.5080729166666667 0.4592592592592592 0.018229166666666668 0.09074074074074073
0 0.9380208333333334 0.6939814814814814 0.15104166666666666 0.7064814814814814
0 0.8122395833333335 0.686574074074074 0.1078125 0.6009259259259259
0 0.4484375 0.4726851851851851 0.027083333333333334 0.06944444444444443
0 0.42890625 0.4685185185185185 0.028645833333333332 0.05555555555555555
0 0.21171875 0.4810185185185185 0.025520833333333333 0.10462962962962963
0 0.2296875 0.4726851851851851 0.016666666666666666 0.09907407407407406
0 0.22786458333333334 0.4731481481481481 0.015104166666666667 0.1
0 0.22786458333333337 0.4800925925925926 0.022395833333333334 0.09351851851851851
0 0.20416666666666666 0.462037037037037 0.021875000000000002 0.0962962962962963
0 0.22916666666666666 0.4625 0.017708333333333333 0.07685185185185185
0 0.5028645833333334 0.5171296296296296 0.0484375 0.275
0 0.5924479166666667 0.5143518518518518 0.04739583333333334 0.22314814814814812
0 0.5546875 0.5416666666666666 0.0625 0.25555555555555554
0 0.4494791666666667 0.5208333333333334 0.06666666666666667 0.23796296296296296
0 0.3572916666666667 0.4717592592592592 0.021875000000000002 0.10833333333333334
0 0.6231770833333333 0.4532407407407407 0.017187499999999998 0.08055555555555555
0 0.6106770833333334 0.46388888888888885 0.0203125 0.08888888888888888
0 0.5984375 0.4574074074074074 0.01875 0.09444444444444443
0 0.34661458333333334 0.46388888888888885 0.016145833333333335 0.08703703703703704
0 0.3809895833333333 0.4587962962962963 0.016145833333333335 0.08425925925925926
0 0.35442708333333334 0.4611111111111111 0.013020833333333334 0.06666666666666667
0 0.36640625 0.4606481481481481 0.009895833333333335 0.06574074074074074
0 0.37473958333333335 0.4694444444444444 0.011979166666666666 0.05185185185185184
0 0.3072916666666667 0.4597222222222222 0.017708333333333333 0.075
0 0.29010416666666666 0.462037037037037 0.013541666666666667 0.07037037037037037
0 0.24296875 0.461574074074074 0.013020833333333334 0.06759259259259259
0 0.28671875 0.45648148148148143 0.009895833333333335 0.06111111111111111
0 0.30833333333333335 0.4351851851851852 0.009375 0.04259259259259259
0 0.31171875 0.4439814814814814 0.009895833333333335 0.045370370370370366
0 0.2950520833333333 0.4259259259259259 0.0067708333333333336 0.029629629629629627
0 0.30234375 0.42407407407407405 0.0067708333333333336 0.029629629629629627
0 0.5192708333333333 0.44907407407407407 0.0125 0.05
0 0.5317708333333334 0.44861111111111107 0.009375 0.05648148148148148
0 0.3921875 0.4462962962962963 0.013541666666666667 0.05555555555555555
0 0.5580729166666667 0.4578703703703703 0.017187499999999998 0.0898148148148148
