0 0.5002604166666667 0.49861111111111106 0.050520833333333334 0.10092592592592592
0 0.6205729166666666 0.6097222222222222 0.08489583333333334 0.48796296296296293
0 0.5703125 0.4884259259259259 0.021875000000000002 0.11574074074074073
0 0.57578125 0.49953703703703695 0.022395833333333334 0.10277777777777777
0 0.3705729166666667 0.4958333333333333 0.0234375 0.0898148148148148
0 0.328125 0.5064814814814814 0.030208333333333334 0.09444444444444443
0 0.3880208333333334 0.4925925925925926 0.029166666666666667 0.10925925925925925
0 0.49583333333333335 0.44907407407407407 0.013541666666666667 0.06666666666666667
0 0.5838541666666667 0.45509259259259255 0.01979166666666667 0.10277777777777777
0 0.5239583333333334 0.46203703703703697 0.01875 0.09814814814814814
0 0.61875 0.6550925925925927 0.11770833333333333 0.5601851851851851
0 0.5421874999999999 0.6291666666666667 0.06770833333333333 0.47685185185185186
0 0.4484375 0.4726851851851851 0.027083333333333334 0.06944444444444443
0 0.42890625 0.4685185185185185 0.028645833333333332 0.05555555555555555
0 0.20989583333333334 0.48148148148148145 0.027083333333333334 0.10370370370370369
0 0.2526041666666667 0.4708333333333333 0.017708333333333333 0.10092592592592592
0 0.228125 0.4722222222222222 0.015625 0.1
0 0.22578125000000002 0.4810185185185185 0.022395833333333334 0.09537037037037037
0 0.20416666666666666 0.462037037037037 0.021875000000000002 0.0962962962962963
0 0.22317708333333333 0.4643518518518518 0.016145833333333335 0.07685185185185185
0 0.33255208333333336 0.5393518518518519 0.06302083333333333 0.325
0 0.23958333333333334 0.5444444444444444 0.090625 0.27777777777777773
0 0.19322916666666667 0.5773148148148147 0.07291666666666667 0.32129629629629625
0 0.08255208333333333 0.5712962962962962 0.0890625 0.3333333333333333
0 0.5731770833333333 0.5254629629629629 0.04114583333333334 0.24907407407407406
0 0.4973958333333333 0.48981481481481476 0.03125 0.17037037037037037
0 0.6598958333333335 0.4574074074074074 0.01875 0.08888888888888888
0 0.50625 0.4560185185185185 0.011458333333333334 0.07129629629629629
0 0.49010416666666673 0.4509259259259259 0.013541666666666667 0.07037037037037037
0 0.3322916666666667 0.45555555555555555 0.014583333333333334 0.06666666666666667
0 0.3765625 0.4509259259259259 0.013541666666666667 0.06296296296296296
0 0.35078125 0.4611111111111111 0.013020833333333334 0.06666666666666667
0 0.3653645833333333 0.46018518518518514 0.009895833333333335 0.06481481481481481
0 0.37812500000000004 0.4694444444444444 0.009375 0.0537037037037037
0 0.28359375000000003 0.4541666666666666 0.013020833333333334 0.06203703703703703
0 0.27447916666666666 0.4560185185185185 0.0125 0.06203703703703703
0 0.2638020833333333 0.462037037037037 0.013020833333333334 0.07592592592592592
0 0.28125000000000006 0.4504629629629629 0.009375 0.04907407407407407
0 0.3088541666666667 0.449537037037037 0.010416666666666666 0.04907407407407407
0 0.3 0.4513888888888889 0.009375 0.05277777777777778
0 0.3153645833333333 0.44675925925925924 0.009895833333333335 0.04907407407407407
0 0.3104166666666667 0.44537037037037036 0.010416666666666666 0.05
0 0.2916666666666667 0.44907407407407407 0.009375 0.05185185185185184
0 0.5187499999999999 0.44907407407407407 0.011458333333333334 0.05
0 0.5302083333333334 0.44768518518518513 0.009375 0.05648148148148148
0 0.5356770833333333 0.45370370370370366 0.0140625 0.0685185185185185
0 0.5867187500000001 0.462037037037037 0.018229166666666668 0.09259259259259259
