0 0.5002604166666667 0.49861111111111106 0.050520833333333334 0.10092592592592592
0 0.56015625 0.5972222222222221 0.08177083333333333 0.4129629629629629
0 0.5575520833333333 0.4986111111111111 0.0203125 0.09722222222222222
0 0.5757812499999999 0.49999999999999994 0.0203125 0.10370370370370369
0 0.37473958333333335 0.49583333333333335 0.022395833333333334 0.08796296296296297
0 0.36614583333333334 0.5050925925925925 0.025 0.09907407407407406
0 0.3921875 0.49629629629629624 0.027083333333333334 0.10370370370370369
0 0.5916666666666667 0.4625 0.01979166666666667 0.09166666666666666
0 0.5158854166666667 0.4523148148148148 0.015104166666666667 0.075
0 0.5817708333333333 0.45509259259259255 0.01979166666666667 0.10092592592592592
0 0.5171875 0.4662037037037037 0.01875 0.10462962962962963
0 0.5434895833333334 0.6712962962962962 0.08385416666666667 0.5907407407407407
0 0.7679687500000001 0.5930555555555554 0.1046875 0.3787037037037037
0 0.4651041666666667 0.625925925925926 0.07291666666666667 0.45555555555555555
0 0.4484375 0.4726851851851851 0.027083333333333334 0.06944444444444443
0 0.42890625 0.4685185185185185 0.028645833333333332 0.05555555555555555
0 0.21432291666666667 0.4824074074074074 0.0203125 0.10370370370370369
0 0.27447916666666666 0.47129629629629627 0.016666666666666666 0.1
0 0.24635416666666665 0.4722222222222222 0.015625 0.0962962962962963
0 0.22473958333333333 0.4819444444444444 0.02447916666666667 0.09351851851851851
0 0.20416666666666666 0.462037037037037 0.021875000000000002 0.0962962962962963
0 0.22239583333333335 0.46574074074074073 0.015625 0.07592592592592592
0 0.3802083333333333 0.5032407407407408 0.035416666666666666 0.18055555555555552
0 0.7601562500000001 0.5583333333333333 0.08385416666666667 0.337037037037037
0 0.865625 0.5356481481481481 0.05625 0.3138888888888889
0 0.6966145833333335 0.4601851851851852 0.02447916666666667 0.0962962962962963
0 0.5921875000000001 0.4629629629629629 0.025 0.1
0 0.41979166666666673 0.4513888888888889 0.014583333333333334 0.06574074074074074
0 0.4161458333333333 0.44907407407407407 0.013541666666666667 0.07037037037037037
0 0.325 0.4513888888888889 0.010416666666666666 0.054629629629629625
0 0.33828125000000003 0.45185185185185184 0.013020833333333334 0.05555555555555555
0 0.3486979166666667 0.4611111111111111 0.013020833333333334 0.06666666666666667
0 0.36484374999999997 0.46018518518518514 0.009895833333333335 0.06481481481481481
0 0.37500000000000006 0.4685185185185185 0.008333333333333333 0.0537037037037037
0 0.2674479166666667 0.4666666666666666 0.011979166666666666 0.07407407407407408
0 0.31015625 0.4546296296296296 0.010937500000000001 0.0574074074074074
0 0.2979166666666667 0.45555555555555555 0.011458333333333334 0.0574074074074074
0 0.29375 0.4504629629629629 0.010416666666666666 0.058333333333333334
0 0.31640625 0.4504629629629629 0.011979166666666666 0.05277777777777778
0 0.3067708333333333 0.45 0.011458333333333334 0.059259259259259255
0 0.2830729166666667 0.44999999999999996 0.010937500000000001 0.0537037037037037
0 0.5184895833333334 0.449537037037037 0.010937500000000001 0.04907407407407407
0 0.5276041666666667 0.44768518518518513 0.009375 0.05648148148148148
0 0.5286458333333334 0.45787037037037037 0.015625 0.0787037037037037
0 0.3145833333333333 0.42361111111111105 0.010416666666666666 0.03981481481481482
0 0.3197916666666667 0.42129629629629634 0.009375 0.03888888888888888
