0 0.5002604166666667 0.49861111111111106 0.050520833333333334 0.10092592592592592
0 0.6221354166666666 0.6097222222222222 0.08177083333333333 0.4805555555555555
0 0.5661458333333333 0.4912037037037037 0.021875000000000002 0.11018518518518518
0 0.5755208333333334 0.49953703703703695 0.021875000000000002 0.10277777777777777
0 0.3739583333333333 0.49675925925925923 0.02291666666666667 0.09166666666666666
0 0.3489583333333333 0.5046296296296295 0.028125 0.09074074074074073
0 0.3908854166666667 0.4939814814814814 0.029687500000000002 0.10648148148148147
0 0.49791666666666673 0.44953703703703696 0.013541666666666667 0.06944444444444443
0 0.5838541666666667 0.45509259259259255 0.01979166666666667 0.10277777777777777
0 0.5234375000000001 0.4629629629629629 0.01875 0.09814814814814814
0 0.6145833333333334 0.6560185185185186 0.11041666666666668 0.562037037037037
0 0.5372395833333333 0.6287037037037037 0.06927083333333334 0.4759259259259259
0 0.4484375 0.4726851851851851 0.027083333333333334 0.06944444444444443
0 0.42890625 0.4685185185185185 0.028645833333333332 0.05555555555555555
0 0.20911458333333335 0.48148148148148145 0.0265625 0.10370370370370369
0 0.2546875 0.4712962962962963 0.01875 0.10185185185185185
0 0.22916666666666666 0.4722222222222222 0.015625 0.1
0 0.22552083333333336 0.4810185185185185 0.02291666666666667 0.09537037037037037
0 0.20416666666666666 0.462037037037037 0.021875000000000002 0.0962962962962963
0 0.22265625 0.4643518518518518 0.016145833333333335 0.07685185185185185
0 0.30625 0.5425925925925926 0.06666666666666667 0.337037037037037
0 0.18697916666666667 0.549537037037037 0.065625 0.2898148148148148
0 0.13776041666666666 0.5842592592592593 0.11093750000000001 0.3444444444444444
0 0.027864583333333335 0.575462962962963 0.09531250000000001 0.3435185185185185
0 0.5471354166666667 0.5222222222222221 0.0484375 0.2351851851851852
0 0.5174479166666667 0.4981481481481482 0.043229166666666666 0.18333333333333332
0 0.66328125 0.4574074074074074 0.021354166666666667 0.08888888888888888
0 0.5013020833333334 0.4537037037037036 0.011979166666666666 0.06481481481481481
0 0.48020833333333335 0.44907407407407407 0.013541666666666667 0.07037037037037037
0 0.33385416666666673 0.45601851851851843 0.014583333333333334 0.06574074074074074
0 0.3744791666666667 0.4513888888888889 0.0125 0.06203703703703703
0 0.3502604166666667 0.4611111111111111 0.013020833333333334 0.06666666666666667
0 0.3653645833333333 0.46018518518518514 0.009895833333333335 0.06481481481481481
0 0.37734375 0.4694444444444444 0.008854166666666666 0.0537037037037037
0 0.2807291666666667 0.45416666666666666 0.0125 0.06018518518518518
0 0.2635416666666667 0.4625 0.011458333333333334 0.07685185185185185
0 0.28125000000000006 0.4509259259259259 0.009375 0.04814814814814815
0 0.3088541666666667 0.45046296296296295 0.010416666666666666 0.05092592592592592
0 0.2989583333333333 0.45185185185185184 0.009375 0.0537037037037037
0 0.3158854166666667 0.44722222222222213 0.009895833333333335 0.04814814814814815
0 0.3098958333333333 0.44583333333333336 0.010416666666666666 0.05092592592592592
0 0.2903645833333333 0.44953703703703696 0.009895833333333335 0.05277777777777778
0 0.5187499999999999 0.44907407407407407 0.011458333333333334 0.05
0 0.5296875000000001 0.44768518518518513 0.009375 0.05648148148148148
0 0.53515625 0.4541666666666666 0.0140625 0.06944444444444443
0 0.5867187500000001 0.462037037037037 0.018229166666666668 0.09259259259259259
