0 0.5002604166666667 0.49861111111111106 0.050520833333333334 0.10092592592592592
0 0.6221354166666666 0.610648148148148 0.0890625 0.47685185185185186
0 0.5622395833333333 0.49398148148148147 0.021354166666666667 0.10462962962962963
0 0.5755208333333334 0.49953703703703695 0.021875000000000002 0.10277777777777777
0 0.3739583333333333 0.49675925925925923 0.02291666666666667 0.09166666666666666
0 0.3598958333333333 0.5046296296296295 0.027083333333333334 0.09444444444444443
0 0.3924479166666667 0.49537037037037035 0.029687500000000002 0.10370370370370369
0 0.4997395833333333 0.44999999999999996 0.0140625 0.07037037037037037
0 0.5835937499999999 0.45509259259259255 0.0203125 0.10277777777777777
0 0.5236979166666667 0.46388888888888885 0.018229166666666668 0.1
0 0.6122395833333334 0.6560185185185186 0.1078125 0.562037037037037
0 0.521875 0.6300925925925926 0.07395833333333333 0.475
0 0.4484375 0.4726851851851851 0.027083333333333334 0.06944444444444443
0 0.42890625 0.4685185185185185 0.028645833333333332 0.05555555555555555
0 0.20885416666666667 0.48148148148148145 0.025 0.10370370370370369
0 0.2578125 0.4712962962962963 0.017708333333333333 0.10185185185185185
0 0.22968750000000002 0.4722222222222222 0.015625 0.1
0 0.22552083333333336 0.4810185185185185 0.02291666666666667 0.09537037037037037
0 0.20416666666666666 0.462037037037037 0.021875000000000002 0.0962962962962963
0 0.22213541666666667 0.4643518518518518 0.016145833333333335 0.07685185185185185
0 0.2611979166666667 0.5574074074074074 0.09947916666666667 0.3555555555555555
0 0.13593750000000002 0.5560185185185185 0.05625 0.3009259259259259
0 0.05703125 0.5986111111111111 0.1203125 0.375
0 0.5294270833333333 0.5203703703703704 0.0453125 0.2185185185185185
0 0.54921875 0.49907407407407406 0.04114583333333334 0.19444444444444445
0 0.8145833333333334 0.45509259259259255 0.02395833333333333 0.10092592592592592
0 0.6575520833333334 0.4611111111111111 0.022395833333333334 0.0962962962962963
0 0.4916666666666667 0.4509259259259259 0.011458333333333334 0.06481481481481481
0 0.4697916666666667 0.44907407407407407 0.013541666666666667 0.07037037037037037
0 0.3341145833333333 0.45648148148148143 0.0140625 0.06481481481481481
0 0.3703125 0.45 0.011458333333333334 0.059259259259259255
0 0.3502604166666667 0.4611111111111111 0.013020833333333334 0.06666666666666667
0 0.3653645833333333 0.46018518518518514 0.009895833333333335 0.06481481481481481
0 0.3768229166666667 0.4694444444444444 0.008854166666666666 0.0537037037037037
0 0.278125 0.45370370370370366 0.0125 0.059259259259259255
0 0.26640625 0.46296296296296297 0.013020833333333334 0.07592592592592592
0 0.28125000000000006 0.4509259259259259 0.009375 0.04814814814814815
0 0.3088541666666667 0.4513888888888889 0.010416666666666666 0.05277777777777778
0 0.29791666666666666 0.45185185185185184 0.009375 0.0537037037037037
0 0.2973958333333333 0.44675925925925924 0.009375 0.054629629629629625
0 0.31614583333333335 0.44722222222222213 0.010416666666666666 0.04814814814814815
0 0.309375 0.4462962962962963 0.010416666666666666 0.05185185185185184
0 0.2893229166666667 0.44999999999999996 0.009895833333333335 0.0537037037037037
0 0.5187499999999999 0.44907407407407407 0.011458333333333334 0.05
0 0.5296875000000001 0.44768518518518513 0.009375 0.05648148148148148
0 0.5348958333333333 0.4546296296296296 0.014583333333333334 0.07037037037037037
0 0.58984375 0.461574074074074 0.019270833333333334 0.09166666666666666
