0 0.5002604166666667 0.49861111111111106 0.050520833333333334 0.10092592592592592
0 0.74453125 0.637037037037037 0.10052083333333334 0.5148148148148147
0 0.5888020833333334 0.47407407407407404 0.019270833333333334 0.14444444444444443
0 0.5755208333333334 0.48981481481481476 0.01979166666666667 0.12407407407407406
0 0.19140625 0.5324074074074073 0.0421875 0.11851851851851851
0 0.025260416666666667 0.5513888888888889 0.050520833333333334 0.11574074074074073
0 0.21328125 0.5319444444444444 0.05260416666666667 0.18425925925925926
0 0.49140625 0.44629629629629625 0.0140625 0.06296296296296296
0 0.0 0.7944444444444444 0.2171875 0.8814814814814814
0 0.5497395833333333 0.4592592592592592 0.0203125 0.1
0 0.5231770833333333 0.4592592592592592 0.018229166666666668 0.09074074074074073
0 0.78125 0.7055555555555555 0.14270833333333333 0.6851851851851851
0 0.6640625 0.662037037037037 0.08645833333333333 0.5407407407407407
0 0.4484375 0.4726851851851851 0.027083333333333334 0.06944444444444443
0 0.42890625 0.4685185185185185 0.028645833333333332 0.05555555555555555
0 0.21145833333333336 0.4814814814814815 0.026041666666666668 0.10555555555555556
0 0.23020833333333335 0.4736111111111111 0.017708333333333333 0.10092592592592592
0 0.22760416666666666 0.4731481481481481 0.015625 0.1
0 0.22682291666666668 0.4805555555555555 0.022395833333333334 0.09444444444444443
0 0.20416666666666666 0.462037037037037 0.021875000000000002 0.0962962962962963
0 0.22682291666666668 0.4625 0.017187499999999998 0.07685185185185185
0 0.46119791666666665 0.5175925925925926 0.04114583333333334 0.27777777777777773
0 0.4921875 0.5148148148148147 0.06458333333333334 0.23148148148148145
0 0.43984375 0.5412037037037037 0.050520833333333334 0.26944444444444443
0 0.35989583333333336 0.525 0.051041666666666666 0.25
0 0.86015625 0.5796296296296295 0.10572916666666668 0.38333333333333336
0 0.39817708333333335 0.47453703703703703 0.022395833333333334 0.125
0 0.6265625 0.45601851851851843 0.017708333333333333 0.07685185185185185
0 0.5611979166666666 0.4592592592592592 0.018229166666666668 0.08703703703703704
0 0.5533854166666666 0.4560185185185185 0.018229166666666668 0.08425925925925926
0 0.33359375 0.4606481481481481 0.017187499999999998 0.0787037037037037
0 0.38645833333333335 0.45694444444444443 0.014583333333333334 0.0787037037037037
0 0.3528645833333333 0.4611111111111111 0.013020833333333334 0.06666666666666667
0 0.36640625 0.4606481481481481 0.009895833333333335 0.06574074074074074
0 0.37552083333333336 0.4694444444444444 0.013541666666666667 0.05185185185185184
0 0.30312500000000003 0.4564814814814815 0.016666666666666666 0.07222222222222222
0 0.28489583333333335 0.4597222222222222 0.013541666666666667 0.06759259259259259
0 0.24765625 0.4611111111111111 0.0140625 0.07037037037037037
0 0.2830729166666667 0.4546296296296296 0.008854166666666666 0.0574074074074074
0 0.31145833333333334 0.449537037037037 0.009375 0.045370370370370366
0 0.30833333333333335 0.4435185185185185 0.009375 0.04444444444444444
0 0.31171875 0.4439814814814814 0.009895833333333335 0.045370370370370366
0 0.5190104166666667 0.44907407407407407 0.011979166666666666 0.05
0 0.5317708333333334 0.44861111111111107 0.009375 0.05648148148148148
0 0.5361979166666666 0.4523148148148148 0.0140625 0.06574074074074074
