0 0.5002604166666667 0.49861111111111106 0.050520833333333334 0.10092592592592592
0 0.9291666666666666 0.5912037037037037 0.13749999999999998 0.4527777777777777
0 0.34348958333333335 0.5356481481481481 0.044270833333333336 0.2546296296296296
0 1.0 0.5740740740740741 0.09427083333333333 0.3777777777777777
0 0.55859375 0.4981481481481481 0.019270833333333334 0.10185185185185185
0 0.5760416666666667 0.5009259259259259 0.016666666666666666 0.10555555555555556
0 0.3807291666666667 0.49212962962962964 0.02291666666666667 0.08425925925925926
0 0.3671875 0.5041666666666667 0.027083333333333334 0.09722222222222222
0 0.390625 0.461574074074074 0.017708333333333333 0.06944444444444443
0 0.66484375 0.4601851851851852 0.017187499999999998 0.09259259259259259
0 0.5359375000000001 0.462037037037037 0.020833333333333332 0.1074074074074074
0 0.5817708333333333 0.4574074074074074 0.01979166666666667 0.1
0 0.49453125000000003 0.45555555555555555 0.022395833333333334 0.10555555555555556
0 0.2794270833333333 0.5523148148148148 0.058854166666666666 0.2861111111111111
0 0.3640625 0.5194444444444444 0.036458333333333336 0.18518518518518517
0 0.778125 0.45787037037037037 0.03333333333333333 0.11944444444444444
0 0.2833333333333333 0.5430555555555555 0.04583333333333334 0.24166666666666667
0 0.4484375 0.4726851851851851 0.027083333333333334 0.06944444444444443
0 0.42890625 0.4685185185185185 0.028645833333333332 0.05555555555555555
0 0.29401041666666666 0.47129629629629627 0.018229166666666668 0.08703703703703704
0 0.26536458333333335 0.4694444444444444 0.0140625 0.09444444444444443
0 0.20598958333333334 0.4611111111111111 0.021354166666666667 0.0962962962962963
0 0.22838541666666667 0.46388888888888885 0.0203125 0.07777777777777777
0 0.31328125 0.4833333333333333 0.021354166666666667 0.12407407407407406
0 0.5375 0.4560185185185185 0.016666666666666666 0.07129629629629629
0 0.3450520833333333 0.48009259259259257 0.019270833333333334 0.11574074074074073
0 0.3705729166666667 0.45879629629629626 0.0140625 0.06203703703703703
0 0.37578125 0.46805555555555556 0.009895833333333335 0.05277777777777778
0 0.3244791666666667 0.462037037037037 0.013541666666666667 0.0685185185185185
0 0.51796875 0.449537037037037 0.009895833333333335 0.04907407407407407
0 0.5270833333333333 0.44768518518518513 0.009375 0.05648148148148148
0 0.30625 0.4134259259259259 0.010416666666666666 0.03981481481481482
0 0.3145833333333333 0.41111111111111115 0.009375 0.03888888888888888
0 0.5411458333333333 0.4486111111111111 0.0125 0.06388888888888888
0 0.37916666666666665 0.4574074074074074 0.017708333333333333 0.08703703703703704
