0 0.5002604166666667 0.49861111111111106 0.050520833333333334 0.10092592592592592
0 0.5932291666666667 0.46435185185185185 0.021875000000000002 0.13425925925925924
0 0.5635416666666666 0.4685185185185185 0.021875000000000002 0.11296296296296296
0 0.5315104166666667 0.4592592592592592 0.0203125 0.09814814814814814
0 0.5234375 0.462037037037037 0.020833333333333332 0.09259259259259259
0 0.48828125000000006 0.4574074074074074 0.021354166666666667 0.10185185185185185
0 0.4484375 0.4726851851851851 0.027083333333333334 0.06944444444444443
0 0.42890625 0.4685185185185185 0.028645833333333332 0.05555555555555555
0 0.2109375 0.4810185185185185 0.02395833333333333 0.10462962962962963
0 0.23046875 0.4722222222222222 0.015104166666666667 0.0962962962962963
0 0.22838541666666667 0.4731481481481481 0.015104166666666667 0.1
0 0.22734375 0.4805555555555555 0.0203125 0.09259259259259259
0 0.20416666666666666 0.462037037037037 0.021875000000000002 0.0962962962962963
0 0.23151041666666666 0.461574074074074 0.018229166666666668 0.07685185185185185
0 0.5997395833333334 0.5157407407407407 0.051562500000000004 0.2611111111111111
0 0.64375 0.5162037037037037 0.04479166666666667 0.22685185185185183
0 0.6770833333333335 0.5347222222222221 0.053125 0.2546296296296296
0 0.5578125 0.5115740740740741 0.04479166666666667 0.21944444444444444
0 0.3361979166666667 0.46712962962962956 0.017187499999999998 0.09166666666666666
0 0.35625 0.4694444444444444 0.01979166666666667 0.0962962962962963
0 0.3875 0.46481481481481474 0.021875000000000002 0.1
0 0.35442708333333334 0.4611111111111111 0.013020833333333334 0.06666666666666667
0 0.36640625 0.4606481481481481 0.009895833333333335 0.06574074074074074
0 0.3747395833333333 0.4699074074074074 0.008854166666666666 0.05277777777777778
0 0.31328125 0.4629629629629629 0.017187499999999998 0.07962962962962963
0 0.296875 0.46481481481481474 0.014583333333333334 0.07777777777777777
0 0.2903645833333333 0.46018518518518514 0.013020833333333334 0.0685185185185185
0 0.3106770833333333 0.42685185185185187 0.009895833333333335 0.04074074074074074
0 0.31041666666666673 0.4328703703703703 0.009375 0.03981481481481482
0 0.2979166666666667 0.4212962962962962 0.00625 0.027777777777777776
0 0.3033854166666667 0.4157407407407407 0.0067708333333333336 0.029629629629629627
0 0.5192708333333333 0.44907407407407407 0.0125 0.05
0 0.5317708333333334 0.44861111111111107 0.009375 0.05648148148148148
0 0.4182291666666667 0.4435185185185185 0.013541666666666667 0.04814814814814815
