0 0.5002604166666667 0.49861111111111106 0.050520833333333334 0.10092592592592592
0 0.61484375 0.6138888888888888 0.09322916666666667 0.4611111111111111
0 0.5578124999999999 0.4972222222222221 0.020833333333333332 0.09814814814814814
0 0.57578125 0.49999999999999994 0.021354166666666667 0.10370370370370369
0 0.37421875000000004 0.49675925925925923 0.022395833333333334 0.09166666666666666
0 0.36510416666666673 0.5050925925925925 0.025 0.09907407407407406
0 0.39296875 0.49537037037037035 0.029687500000000002 0.10370370370370369
0 0.5049479166666666 0.44999999999999996 0.0140625 0.07037037037037037
0 0.5830729166666666 0.4560185185185185 0.0203125 0.10092592592592592
0 0.5244791666666667 0.46481481481481474 0.01875 0.10185185185185185
0 0.6026041666666667 0.6560185185185184 0.09895833333333333 0.5638888888888888
0 0.5080729166666667 0.6347222222222222 0.0765625 0.48981481481481476
0 0.4484375 0.4726851851851851 0.027083333333333334 0.06944444444444443
0 0.42890625 0.4685185185185185 0.028645833333333332 0.05555555555555555
0 0.209375 0.48055555555555546 0.02291666666666667 0.10185185185185185
0 0.26328124999999997 0.47129629629629627 0.018229166666666668 0.10370370370370369
0 0.23177083333333334 0.4722222222222222 0.015625 0.1
0 0.22526041666666666 0.4810185185185185 0.0234375 0.09537037037037037
0 0.20416666666666666 0.462037037037037 0.021875000000000002 0.0962962962962963
0 0.22109375 0.46527777777777773 0.016145833333333335 0.07685185185185185
0 0.16614583333333335 0.5685185185185184 0.09791666666666668 0.3851851851851852
0 0.019531250000000003 0.5685185185185184 0.11093750000000001 0.3148148148148148
0 0.478125 0.5074074074074074 0.03958333333333334 0.2
0 0.6208333333333333 0.5125 0.04895833333333334 0.23425925925925925
0 0.7807291666666667 0.4574074074074074 0.02395833333333333 0.10185185185185185
0 0.6486979166666667 0.461574074074074 0.02447916666666667 0.09722222222222222
0 0.4729166666666667 0.44907407407407407 0.011458333333333334 0.06481481481481481
0 0.44843750000000004 0.4472222222222222 0.013541666666666667 0.07037037037037037
0 0.33567708333333335 0.4546296296296296 0.011979166666666666 0.06111111111111111
0 0.3625 0.4513888888888889 0.011458333333333334 0.058333333333333334
0 0.3497395833333333 0.4611111111111111 0.013020833333333334 0.06666666666666667
0 0.3653645833333333 0.46018518518518514 0.009895833333333335 0.06481481481481481
0 0.37500000000000006 0.4694444444444444 0.008333333333333333 0.0537037037037037
0 0.26953125 0.4629629629629629 0.0140625 0.07407407407407408
0 0.28125 0.449537037037037 0.008333333333333333 0.047222222222222214
0 0.3078125 0.45185185185185184 0.010416666666666666 0.0537037037037037
0 0.296875 0.45185185185185184 0.009375 0.0537037037037037
0 0.2966145833333333 0.44861111111111107 0.009895833333333335 0.054629629629629625
0 0.3166666666666667 0.4481481481481481 0.011458333333333334 0.04814814814814815
0 0.30833333333333335 0.4472222222222222 0.010416666666666666 0.0537037037037037
0 0.28750000000000003 0.44953703703703696 0.010416666666666666 0.05277777777777778
0 0.5187499999999999 0.44907407407407407 0.011458333333333334 0.05
0 0.5286458333333334 0.44768518518518513 0.009375 0.05648148148148148
0 0.5346354166666667 0.45555555555555555 0.015104166666666667 0.07222222222222222
0 0.5932291666666666 0.461574074074074 0.01979166666666667 0.09166666666666666
