0 0.5002604166666667 0.49861111111111106 0.050520833333333334 0.10092592592592592
0 0.8596354166666667 0.5694444444444444 0.09635416666666667 0.39629629629629626
0 0.3338541666666667 0.5356481481481481 0.046875 0.24907407407407406
0 0.915625 0.5643518518518518 0.10520833333333333 0.3546296296296296
0 0.5588541666666667 0.4981481481481481 0.01875 0.10185185185185185
0 0.5760416666666667 0.5009259259259259 0.016666666666666666 0.10555555555555556
0 0.3869791666666667 0.49120370370370364 0.02395833333333333 0.07314814814814814
0 0.3671875 0.5041666666666667 0.027083333333333334 0.09722222222222222
0 0.38776041666666666 0.4606481481481481 0.0140625 0.06944444444444443
0 0.6638020833333333 0.4601851851851852 0.017187499999999998 0.09259259259259259
0 0.5380208333333334 0.462037037037037 0.020833333333333332 0.1074074074074074
0 0.5822916666666667 0.4574074074074074 0.01979166666666667 0.1
0 0.4955729166666667 0.45555555555555555 0.022395833333333334 0.10555555555555556
0 0.2739583333333333 0.5449074074074074 0.06041666666666667 0.26759259259259255
0 0.35729166666666673 0.5171296296296296 0.035416666666666666 0.18055555555555552
0 0.7622395833333334 0.4574074074074074 0.033854166666666664 0.12037037037037036
0 0.8200520833333335 0.4601851851851852 0.02447916666666667 0.11296296296296296
0 0.28203125 0.5412037037037037 0.04635416666666667 0.23055555555555554
0 0.4484375 0.4726851851851851 0.027083333333333334 0.06944444444444443
0 0.42890625 0.4685185185185185 0.028645833333333332 0.05555555555555555
0 0.29401041666666666 0.4717592592592592 0.018229166666666668 0.0861111111111111
0 0.20598958333333334 0.4611111111111111 0.021354166666666667 0.0962962962962963
0 0.22838541666666667 0.46388888888888885 0.0203125 0.07777777777777777
0 0.31171875 0.4842592592592592 0.018229166666666668 0.1259259259259259
0 0.5296875 0.4560185185185185 0.016666666666666666 0.07129629629629629
0 0.34296875 0.4819444444444444 0.0203125 0.12129629629629629
0 0.37083333333333335 0.45879629629629626 0.014583333333333334 0.06203703703703703
0 0.37578125 0.46805555555555556 0.009895833333333335 0.05277777777777778
0 0.51796875 0.449537037037037 0.009895833333333335 0.04907407407407407
0 0.5270833333333333 0.44768518518518513 0.009375 0.05648148148148148
0 0.30625 0.41527777777777775 0.010416666666666666 0.03981481481481482
0 0.3145833333333333 0.412962962962963 0.009375 0.03888888888888888
0 0.5406249999999999 0.44675925925925924 0.0125 0.06388888888888888
0 0.3708333333333333 0.45694444444444443 0.017708333333333333 0.0824074074074074
