0 0.5002604166666667 0.49861111111111106 0.050520833333333334 0.10092592592592592
0 0.9075520833333334 0.5819444444444444 0.1203125 0.4305555555555555
0 0.33880208333333334 0.5351851851851851 0.0453125 0.2518518518518518
0 0.9424479166666666 0.5712962962962963 0.12135416666666668 0.3722222222222222
0 0.5588541666666667 0.4981481481481481 0.01875 0.10185185185185185
0 0.5760416666666667 0.5009259259259259 0.016666666666666666 0.10555555555555556
0 0.3841145833333333 0.4921296296296296 0.0234375 0.0787037037037037
0 0.3671875 0.5041666666666667 0.027083333333333334 0.09722222222222222
0 0.3888020833333333 0.4611111111111111 0.016145833333333335 0.0685185185185185
0 0.6643229166666667 0.4601851851851852 0.017187499999999998 0.09259259259259259
0 0.5369791666666667 0.462037037037037 0.020833333333333332 0.1074074074074074
0 0.58203125 0.4574074074074074 0.0203125 0.1
0 0.4947916666666667 0.45555555555555555 0.021875000000000002 0.10555555555555556
0 0.2776041666666667 0.548611111111111 0.059375000000000004 0.275
0 0.3604166666666667 0.5180555555555555 0.035416666666666666 0.1824074074074074
0 0.7734375000000001 0.45787037037037037 0.03229166666666667 0.11944444444444444
0 0.8247395833333333 0.46064814814814814 0.02760416666666667 0.11388888888888889
0 0.2833333333333333 0.5416666666666666 0.04583333333333334 0.2351851851851852
0 0.4484375 0.4726851851851851 0.027083333333333334 0.06944444444444443
0 0.42890625 0.4685185185185185 0.028645833333333332 0.05555555555555555
0 0.29401041666666666 0.47129629629629627 0.018229166666666668 0.08703703703703704
0 0.26536458333333335 0.4694444444444444 0.0140625 0.09444444444444443
0 0.20598958333333334 0.4611111111111111 0.021354166666666667 0.0962962962962963
0 0.22838541666666667 0.46388888888888885 0.0203125 0.07777777777777777
0 0.3125 0.4837962962962962 0.01979166666666667 0.125
0 0.5338541666666666 0.4560185185185185 0.016666666666666666 0.07129629629629629
0 0.34401041666666665 0.4819444444444444 0.0203125 0.11944444444444444
0 0.3705729166666667 0.45879629629629626 0.0140625 0.06203703703703703
0 0.37578125 0.46805555555555556 0.009895833333333335 0.05277777777777778
0 0.51796875 0.449537037037037 0.009895833333333335 0.04907407407407407
0 0.5270833333333333 0.44768518518518513 0.009375 0.05648148148148148
0 0.30625 0.4143518518518518 0.010416666666666666 0.03981481481481482
0 0.3145833333333333 0.41203703703703703 0.009375 0.03888888888888888
0 0.5411458333333333 0.4476851851851852 0.0125 0.06388888888888888
0 0.375 0.45694444444444443 0.017708333333333333 0.08425925925925926
