0 0.5002604166666667 0.49861111111111106 0.050520833333333334 0.10092592592592592
0 0.7044270833333334 0.6370370370370371 0.09531250000000001 0.5092592592592592
0 0.5888020833333333 0.4749999999999999 0.0203125 0.14444444444444443
0 0.5755208333333334 0.49583333333333335 0.021875000000000002 0.11018518518518518
0 0.22864583333333335 0.5287037037037037 0.03854166666666667 0.11851851851851851
0 0.08567708333333333 0.5439814814814814 0.050520833333333334 0.11574074074074073
0 0.26953125 0.5166666666666666 0.044270833333333336 0.1611111111111111
0 0.48671875000000003 0.44490740740740736 0.013020833333333334 0.058333333333333334
0 0.11822916666666668 0.7972222222222222 0.21666666666666667 0.8870370370370371
0 0.55625 0.4569444444444445 0.01979166666666667 0.10092592592592592
0 0.52734375 0.45879629629629626 0.018229166666666668 0.09166666666666666
0 0.7200520833333334 0.6828703703703703 0.09322916666666667 0.6287037037037037
0 0.6317708333333334 0.6606481481481481 0.07708333333333334 0.5398148148148147
0 0.4484375 0.4726851851851851 0.027083333333333334 0.06944444444444443
0 0.42890625 0.4685185185185185 0.028645833333333332 0.05555555555555555
0 0.21067708333333335 0.4814814814814815 0.0265625 0.10555555555555556
0 0.23151041666666666 0.4736111111111111 0.018229166666666668 0.10092592592592592
0 0.22734375 0.4731481481481481 0.015104166666666667 0.1
0 0.22682291666666668 0.4805555555555555 0.022395833333333334 0.09444444444444443
0 0.20416666666666666 0.462037037037037 0.021875000000000002 0.0962962962962963
0 0.22630208333333335 0.46342592592592596 0.017187499999999998 0.07685185185185185
0 0.4572916666666667 0.5175925925925926 0.04479166666666667 0.2796296296296296
0 0.4645833333333333 0.5171296296296296 0.04895833333333334 0.23796296296296296
0 0.41015625000000006 0.5412037037037037 0.04739583333333334 0.27685185185185185
0 0.3325520833333333 0.5287037037037037 0.04114583333333334 0.25555555555555554
0 0.7979166666666666 0.5606481481481481 0.059375000000000004 0.3546296296296296
0 0.40989583333333335 0.47638888888888886 0.025 0.13055555555555556
0 0.6315104166666666 0.4564814814814815 0.018229166666666668 0.07962962962962963
0 0.5515625000000001 0.4592592592592592 0.015625 0.08148148148148147
0 0.5408854166666667 0.45416666666666666 0.015104166666666667 0.07685185185185185
0 0.33229166666666665 0.4611111111111111 0.017708333333333333 0.07777777777777777
0 0.38671875 0.45555555555555555 0.015104166666666667 0.07407407407407408
0 0.3518229166666667 0.4611111111111111 0.013020833333333334 0.06666666666666667
0 0.36640625 0.4606481481481481 0.009895833333333335 0.06574074074074074
0 0.378125 0.4699074074074074 0.010416666666666666 0.05277777777777778
0 0.3010416666666667 0.4546296296296296 0.015625 0.07037037037037037
0 0.28098958333333335 0.45833333333333326 0.013020833333333334 0.06481481481481481
0 0.25026041666666665 0.462037037037037 0.0140625 0.07037037037037037
0 0.28203124999999996 0.45370370370370366 0.008854166666666666 0.0574074074074074
0 0.31093750000000003 0.44861111111111107 0.009375 0.045370370370370366
0 0.3106770833333333 0.4435185185185185 0.008854166666666666 0.04444444444444444
0 0.31171875 0.4439814814814814 0.009895833333333335 0.045370370370370366
0 0.5190104166666667 0.44907407407407407 0.011979166666666666 0.05
0 0.53125 0.44768518518518513 0.009375 0.05648148148148148
0 0.5369791666666667 0.45370370370370366 0.014583333333333334 0.07222222222222222
