0 0.5002604166666667 0.49861111111111106 0.050520833333333334 0.10092592592592592
0 0.5932291666666667 0.46435185185185185 0.021875000000000002 0.13425925925925924
0 0.5632812500000001 0.4694444444444444 0.021354166666666667 0.1148148148148148
0 0.52890625 0.4583333333333333 0.019270833333333334 0.0962962962962963
0 0.525 0.461574074074074 0.020833333333333332 0.09351851851851851
0 0.47942708333333334 0.4611111111111111 0.019270833333333334 0.09444444444444443
0 0.4484375 0.4726851851851851 0.027083333333333334 0.06944444444444443
0 0.42890625 0.4685185185185185 0.028645833333333332 0.05555555555555555
0 0.2109375 0.4810185185185185 0.02395833333333333 0.10462962962962963
0 0.23046875 0.4722222222222222 0.015104166666666667 0.0962962962962963
0 0.22838541666666667 0.4731481481481481 0.015104166666666667 0.1
0 0.22760416666666666 0.4805555555555555 0.020833333333333332 0.09259259259259259
0 0.20416666666666666 0.462037037037037 0.021875000000000002 0.0962962962962963
0 0.23151041666666666 0.461574074074074 0.018229166666666668 0.07685185185185185
0 0.5955729166666667 0.5143518518518518 0.0546875 0.262037037037037
0 0.6369791666666667 0.513425925925926 0.0375 0.22685185185185183
0 0.6671875 0.5351851851851851 0.043750000000000004 0.2518518518518518
0 0.5424479166666667 0.5115740740740741 0.0453125 0.22129629629629627
0 0.3364583333333333 0.46759259259259256 0.016666666666666666 0.0962962962962963
0 0.3559895833333333 0.4685185185185185 0.019270833333333334 0.0962962962962963
0 0.38723958333333336 0.46249999999999997 0.022395833333333334 0.09537037037037037
0 0.35442708333333334 0.4611111111111111 0.013020833333333334 0.06666666666666667
0 0.36640625 0.4606481481481481 0.009895833333333335 0.06574074074074074
0 0.3747395833333333 0.4699074074074074 0.008854166666666666 0.05277777777777778
0 0.31432291666666673 0.4629629629629629 0.017187499999999998 0.07962962962962963
0 0.2971354166666667 0.46481481481481485 0.0140625 0.07592592592592592
0 0.2903645833333333 0.46018518518518514 0.013020833333333334 0.0685185185185185
0 0.3106770833333333 0.42777777777777776 0.009895833333333335 0.04074074074074074
0 0.31041666666666673 0.4328703703703703 0.009375 0.03981481481481482
0 0.2973958333333333 0.4222222222222222 0.00625 0.027777777777777776
0 0.3033854166666667 0.4166666666666667 0.0067708333333333336 0.029629629629629627
0 0.5192708333333333 0.44907407407407407 0.0125 0.05
0 0.5317708333333334 0.44861111111111107 0.009375 0.05648148148148148
0 0.415625 0.44351851851851853 0.013541666666666667 0.05
