0 0.5002604166666667 0.49861111111111106 0.050520833333333334 0.10092592592592592
0 0.6572916666666667 0.6148148148148148 0.08958333333333333 0.48148148148148145
0 0.584375 0.4787037037037037 0.02291666666666667 0.137037037037037
0 0.5755208333333334 0.49953703703703695 0.02291666666666667 0.10277777777777777
0 0.29270833333333335 0.5055555555555555 0.029166666666666667 0.08888888888888888
0 0.19973958333333333 0.5342592592592593 0.0421875 0.11666666666666667
0 0.3346354166666667 0.5046296296296295 0.03802083333333334 0.137037037037037
0 0.4888020833333333 0.4472222222222222 0.013020833333333334 0.06111111111111111
0 0.615625 0.7875 0.20729166666666665 0.9101851851851851
0 0.5708333333333334 0.4555555555555555 0.01979166666666667 0.10185185185185185
0 0.52734375 0.4587962962962963 0.018229166666666668 0.09351851851851851
0 0.6375000000000001 0.6819444444444444 0.11666666666666667 0.6212962962962963
0 0.5716145833333334 0.6342592592592593 0.07552083333333333 0.48703703703703705
0 0.4484375 0.4726851851851851 0.027083333333333334 0.06944444444444443
0 0.42890625 0.4685185185185185 0.028645833333333332 0.05555555555555555
0 0.21015625 0.4814814814814815 0.0265625 0.10555555555555556
0 0.23385416666666667 0.4731481481481481 0.017708333333333333 0.10185185185185185
0 0.22708333333333336 0.4731481481481481 0.015625 0.1
0 0.22630208333333335 0.4805555555555555 0.022395833333333334 0.09444444444444443
0 0.20416666666666666 0.462037037037037 0.021875000000000002 0.0962962962962963
0 0.2252604166666667 0.46342592592592596 0.017187499999999998 0.07685185185185185
0 0.4309895833333333 0.5203703703703704 0.044270833333333336 0.2814814814814815
0 0.4049479166666667 0.5314814814814814 0.06718750000000001 0.24814814814814812
0 0.3294270833333333 0.5518518518518519 0.06718750000000001 0.2907407407407407
0 0.26145833333333335 0.5458333333333333 0.06458333333333334 0.287962962962963
0 0.7111979166666667 0.5458333333333333 0.09322916666666667 0.3009259259259259
0 0.43671875000000004 0.4800925925925926 0.0265625 0.14351851851851852
0 0.6411458333333334 0.45694444444444443 0.017708333333333333 0.08425925925925926
0 0.5317708333333333 0.45694444444444443 0.016666666666666666 0.075
0 0.51953125 0.45231481481481484 0.013020833333333334 0.07129629629629629
0 0.3315104166666667 0.4606481481481481 0.015104166666666667 0.07314814814814814
0 0.3838541666666667 0.4532407407407407 0.013541666666666667 0.06944444444444443
0 0.35130208333333335 0.4611111111111111 0.013020833333333334 0.06666666666666667
0 0.3658854166666667 0.46018518518518514 0.009895833333333335 0.06481481481481481
0 0.3809895833333333 0.4694444444444444 0.009895833333333335 0.0537037037037037
0 0.29322916666666665 0.45509259259259255 0.013541666666666667 0.06759259259259259
0 0.278125 0.45694444444444443 0.0125 0.06203703703703703
0 0.25390625 0.461574074074074 0.013020833333333334 0.07129629629629629
0 0.28125 0.45092592592592595 0.010416666666666666 0.05185185185185184
0 0.31093750000000003 0.4476851851851852 0.009375 0.045370370370370366
0 0.29973958333333334 0.449537037037037 0.008854166666666666 0.05092592592592592
0 0.3143229166666667 0.44351851851851853 0.008854166666666666 0.046296296296296294
0 0.31171875 0.4439814814814814 0.009895833333333335 0.045370370370370366
0 0.5190104166666667 0.44907407407407407 0.011979166666666666 0.05
0 0.5307291666666667 0.44768518518518513 0.009375 0.05648148148148148
0 0.5375 0.45416666666666666 0.0125 0.07129629629629629
0 0.5867187500000001 0.462037037037037 0.018229166666666668 0.09259259259259259
