0 0.19401041666666666 0.6921296296296295 0.04635416666666667 0.2287037037037037
0 0.22942708333333336 0.6888888888888888 0.04635416666666667 0.26296296296296295
0 0.22369791666666666 0.34953703703703703 0.029687500000000002 0.15092592592592594
0 0.19114583333333335 0.40879629629629627 0.03125 0.16574074074074074
0 0.23359375000000002 0.42083333333333334 0.0234375 0.14351851851851852
0 0.19817708333333336 0.8560185185185186 0.06406250000000001 0.287962962962963
0 0.5736979166666667 0.22499999999999998 0.03177083333333333 0.1074074074074074
0 0.3567708333333333 0.6296296296296295 0.06354166666666666 0.22407407407407404
0 0.9385416666666667 0.475 0.042708333333333334 0.19629629629629627
0 0.4231770833333333 0.8449074074074073 0.0609375 0.30833333333333335
0 0.7270833333333334 0.4962962962962963 0.059375000000000004 0.20185185185185184
0 0.36796875 0.5976851851851851 0.05572916666666666 0.23240740740740737
0 0.2713541666666667 0.7731481481481481 0.06874999999999999 0.3074074074074074
0 0.78125 0.46805555555555556 0.03854166666666667 0.18425925925925926
0 0.5653645833333334 0.37916666666666665 0.03177083333333333 0.16574074074074074
0 0.5421874999999999 0.2712962962962963 0.026041666666666668 0.10925925925925925
0 0.5276041666666667 0.325 0.027083333333333334 0.13518518518518519
0 0.4536458333333333 0.38055555555555554 0.0375 0.1574074074074074
0 0.5432291666666667 0.4046296296296296 0.03958333333333334 0.1796296296296296
0 0.5041666666666667 0.325 0.030208333333333334 0.13518518518518519
0 0.4015625 0.42083333333333334 0.03125 0.18425925925925926
0 0.4213541666666667 0.37499999999999994 0.034374999999999996 0.1611111111111111
0 0.4625 0.32546296296296295 0.030208333333333334 0.12685185185185185
0 0.6145833333333334 0.43287037037037035 0.040625 0.1935185185185185
0 0.2359375 0.5314814814814814 0.04791666666666666 0.22407407407407404
0 0.6028645833333334 0.3902777777777777 0.025520833333333333 0.1324074074074074
0 0.4395833333333333 0.44675925925925924 0.03854166666666667 0.17129629629629628
0 0.3557291666666667 0.42129629629629634 0.03958333333333334 0.1796296296296296
0 0.8111979166666666 0.624537037037037 0.0390625 0.1824074074074074
0 0.48125 0.3347222222222222 0.028125 0.1361111111111111
0 0.20260416666666667 0.45648148148148143 0.03854166666666667 0.17407407407407408
0 0.35598958333333336 0.2513888888888889 0.02760416666666667 0.11018518518518518
0 0.33203125 0.2472222222222222 0.029687500000000002 0.1259259259259259
0 0.5984375000000001 0.4949074074074074 0.053125 0.20833333333333334
0 0.7979166666666667 0.5537037037037037 0.053125 0.20925925925925926
0 0.821875 0.5291666666666666 0.059375000000000004 0.2157407407407407
0 0.7565104166666666 0.4884259259259259 0.0546875 0.1824074074074074
0 0.5916666666666667 0.3648148148148148 0.030208333333333334 0.14629629629629629
0 0.4807291666666667 0.3837962962962963 0.02395833333333333 0.13796296296296295
0 0.5114583333333333 0.41481481481481475 0.036458333333333336 0.17407407407407408
0 0.5122395833333333 0.23148148148148145 0.025520833333333333 0.11851851851851851
0 0.7127604166666667 0.37962962962962965 0.03072916666666667 0.13888888888888887
0 0.6541666666666667 0.23657407407407405 0.02395833333333333 0.0824074074074074
0 0.60703125 0.3949074074074074 0.025520833333333333 0.12685185185185185
0 0.5846354166666666 0.39629629629629626 0.03802083333333334 0.17407407407407408
0 0.540625 0.312037037037037 0.036458333333333336 0.14074074074074075
0 0.4135416666666667 0.30416666666666664 0.028125 0.12685185185185185
0 0.6096354166666667 0.36851851851851847 0.029687500000000002 0.13518518518518519
0 0.7010416666666667 0.2689814814814815 0.028125 0.0787037037037037
0 0.3494791666666667 0.5212962962962963 0.0375 0.21666666666666667
0 0.16822916666666665 0.4162037037037037 0.0375 0.17685185185185184
