0 0.09843750000000001 0.3972222222222222 0.03958333333333334 0.18703703703703703
0 0.5070312499999999 0.09768518518518518 0.025520833333333333 0.12129629629629629
0 0.6661458333333334 0.11805555555555555 0.02395833333333333 0.07685185185185185
0 0.6 0.27037037037037037 0.035416666666666666 0.17407407407407408
0 0.6078125 0.20925925925925926 0.030208333333333334 0.11851851851851851
0 0.8989583333333334 0.37592592592592594 0.04479166666666667 0.1925925925925926
0 0.6158854166666666 0.27129629629629626 0.03177083333333333 0.16296296296296295
0 0.7158854166666666 0.1560185185185185 0.02760416666666667 0.08425925925925926
0 0.21354166666666666 0.499537037037037 0.043750000000000004 0.22685185185185183
0 0.30364583333333334 0.5115740740740741 0.07083333333333333 0.22129629629629627
0 0.25442708333333336 0.44166666666666665 0.04114583333333334 0.22592592592592592
0 0.3692708333333333 0.4472222222222222 0.05416666666666667 0.2296296296296296
0 0.37343750000000003 0.3449074074074074 0.03958333333333334 0.1861111111111111
0 0.31744791666666666 0.3412037037037037 0.043229166666666666 0.19537037037037036
0 0.4356770833333333 0.36296296296296293 0.03802083333333334 0.19074074074074074
0 0.42552083333333335 0.39166666666666666 0.057291666666666664 0.2185185185185185
0 0.4872395833333333 0.40601851851851845 0.04635416666666667 0.19722222222222222
0 0.79140625 0.4013888888888888 0.05677083333333334 0.1935185185185185
0 0.384375 0.3819444444444444 0.040625 0.1898148148148148
0 0.3875 0.3564814814814815 0.05416666666666667 0.1925925925925926
0 0.43072916666666666 0.3 0.042708333333333334 0.1796296296296296
0 0.7596354166666667 0.3277777777777777 0.0421875 0.17592592592592593
0 0.8231770833333334 0.3819444444444444 0.0453125 0.1898148148148148
0 0.8546875 0.3685185185185185 0.03854166666666667 0.1925925925925926
0 0.7278645833333334 0.37962962962962965 0.0421875 0.19629629629629627
0 0.8260416666666667 0.35462962962962963 0.0375 0.1925925925925926
0 0.8015625000000001 0.3537037037037037 0.036458333333333336 0.19629629629629627
0 0.7690104166666666 0.3416666666666667 0.043229166666666666 0.21296296296296294
0 0.6825520833333334 0.2800925925925926 0.03802083333333334 0.1787037037037037
0 0.5911458333333334 0.3263888888888889 0.041666666666666664 0.17685185185185184
0 0.2760416666666667 0.2652777777777778 0.03854166666666667 0.16574074074074074
0 0.46718750000000003 0.2310185185185185 0.03125 0.14907407407407408
0 0.4877604166666667 0.24166666666666664 0.03177083333333333 0.12407407407407406
0 0.4661458333333333 0.22546296296296295 0.025 0.09351851851851851
0 0.4932291666666667 0.20925925925925923 0.034374999999999996 0.14259259259259258
0 0.35078125 0.2347222222222222 0.044270833333333336 0.16388888888888886
0 0.36875 0.20509259259259255 0.030208333333333334 0.13796296296296295
0 0.5450520833333333 0.10648148148148148 0.0234375 0.11296296296296296
0 0.39635416666666673 0.12175925925925926 0.029166666666666667 0.1175925925925926
0 0.3736979166666667 0.125 0.025520833333333333 0.12962962962962962
0 0.3953125 0.29861111111111105 0.036458333333333336 0.1824074074074074
0 0.3536458333333333 0.1324074074074074 0.03125 0.1611111111111111
0 0.4671875 0.14259259259259258 0.03229166666666667 0.1259259259259259
0 0.4184895833333333 0.15787037037037036 0.025520833333333333 0.11018518518518518
0 0.3859375 0.15324074074074073 0.03125 0.1324074074074074
0 0.36510416666666673 0.16574074074074072 0.02395833333333333 0.09074074074074073
0 0.3307291666666667 0.12129629629629628 0.025 0.08148148148148147
0 0.3411458333333333 0.09722222222222222 0.027083333333333334 0.12962962962962962
