0 0.3268229166666667 0.336574074074074 0.025520833333333333 0.125
0 0.3072916666666667 0.3393518518518518 0.027083333333333334 0.1398148148148148
0 0.05572916666666667 0.8787037037037035 0.08750000000000001 0.23888888888888887
0 0.23020833333333335 0.9111111111111111 0.059375000000000004 0.1796296296296296
0 0.17213541666666665 0.8694444444444444 0.07864583333333333 0.25925925925925924
0 0.14088541666666665 0.8513888888888889 0.06927083333333334 0.29907407407407405
0 0.77109375 0.8638888888888888 0.0765625 0.2722222222222222
0 0.6950520833333333 0.8601851851851852 0.06718750000000001 0.2814814814814815
0 0.3169270833333333 0.7370370370370369 0.0578125 0.26296296296296295
0 0.13203125000000002 0.7402777777777777 0.05572916666666666 0.23425925925925925
0 0.22473958333333335 0.6986111111111111 0.06302083333333333 0.2398148148148148
0 0.7296875 0.47870370370370363 0.057291666666666664 0.19814814814814813
0 0.20104166666666665 0.6962962962962962 0.042708333333333334 0.2037037037037037
0 0.23151041666666666 0.825 0.06718750000000001 0.30925925925925923
0 0.8846354166666667 0.5287037037037037 0.06718750000000001 0.19629629629629627
0 0.7138020833333334 0.5060185185185185 0.0421875 0.1675925925925926
0 0.5494791666666666 0.4185185185185185 0.0375 0.18333333333333332
0 0.5239583333333333 0.43101851851851847 0.03125 0.15648148148148147
0 0.45859374999999997 0.4462962962962963 0.04635416666666667 0.1925925925925926
0 0.8385416666666666 0.4939814814814814 0.046875 0.15648148148148147
0 0.50234375 0.35833333333333334 0.029687500000000002 0.13518518518518519
0 0.7643229166666666 0.26944444444444443 0.022395833333333334 0.10370370370370369
0 0.5380208333333333 0.6199074074074074 0.05416666666666667 0.26759259259259255
0 0.484375 0.624537037037037 0.04895833333333334 0.2601851851851852
0 0.44062500000000004 0.6754629629629629 0.05625 0.23425925925925925
0 0.321875 0.6685185185185184 0.051041666666666666 0.25
0 0.26666666666666666 0.6458333333333334 0.05520833333333334 0.22314814814814812
0 0.24270833333333333 0.625 0.05520833333333334 0.24814814814814812
0 0.2986979166666667 0.5796296296296296 0.035937500000000004 0.20555555555555555
0 0.3536458333333333 0.5652777777777778 0.05 0.2175925925925926
0 0.4817708333333334 0.5555555555555556 0.03958333333333334 0.19074074074074074
0 0.26848958333333334 0.5310185185185184 0.044270833333333336 0.19722222222222222
0 0.20078125 0.475462962962963 0.04739583333333334 0.17685185185185184
0 0.40078125000000003 0.5138888888888888 0.0421875 0.19444444444444445
0 0.5221354166666666 0.5550925925925925 0.043229166666666666 0.22129629629629627
0 0.4955729166666667 0.4907407407407407 0.0421875 0.16296296296296295
0 0.4111979166666667 0.4287037037037037 0.03802083333333334 0.1722222222222222
0 0.4434895833333333 0.4342592592592593 0.04010416666666666 0.1685185185185185
0 0.49140625 0.3981481481481481 0.035937500000000004 0.17037037037037037
0 0.5796875 0.3736111111111111 0.03229166666666667 0.15462962962962962
0 0.4703125 0.39212962962962966 0.03229166666666667 0.15092592592592594
0 0.4125 0.42222222222222217 0.028125 0.15185185185185185
0 0.3971354166666667 0.4212962962962962 0.03802083333333334 0.17037037037037037
0 0.43072916666666666 0.37175925925925923 0.028125 0.13796296296296295
0 0.3932291666666667 0.4046296296296296 0.03229166666666667 0.15185185185185185
0 0.37526041666666665 0.40462962962962956 0.035937500000000004 0.18703703703703703
0 0.1859375 0.5300925925925926 0.035416666666666666 0.1898148148148148
0 0.3638020833333333 0.3634259259259259 0.025520833333333333 0.12129629629629629
0 0.34609375000000003 0.36018518518518516 0.0390625 0.1574074074074074
0 0.3677083333333333 0.3583333333333333 0.028125 0.1074074074074074
0 0.4565104166666667 0.38796296296296295 0.034895833333333334 0.15925925925925927
0 0.13593750000000002 0.5060185185185185 0.041666666666666664 0.19537037037037036
0 0.5114583333333333 0.38287037037037036 0.03125 0.14907407407407408
0 0.2572916666666667 0.37175925925925923 0.030208333333333334 0.13425925925925924
0 0.2838541666666667 0.3638888888888889 0.03229166666666667 0.1574074074074074
0 0.8377604166666667 0.5462962962962963 0.0546875 0.2148148148148148
0 0.38177083333333334 0.39166666666666666 0.029166666666666667 0.12962962962962962
0 0.3458333333333333 0.3912037037037036 0.034374999999999996 0.15648148148148147
0 0.30572916666666666 0.41851851851851846 0.03125 0.15555555555555553
0 0.42968750000000006 0.36203703703703705 0.034374999999999996 0.14074074074074075
0 0.2421875 0.5060185185185184 0.059375000000000004 0.22685185185185183
0 0.6458333333333334 0.4407407407407407 0.057291666666666664 0.18518518518518517
0 0.34296875000000004 0.3009259259259259 0.03177083333333333 0.1148148148148148
0 0.2513020833333333 0.3509259259259259 0.029687500000000002 0.14629629629629629
0 0.4200520833333333 0.29907407407407405 0.0390625 0.137037037037037
0 0.2447916666666667 0.3759259259259259 0.030208333333333334 0.1537037037037037
0 0.26328124999999997 0.3888888888888889 0.03697916666666667 0.16296296296296295
0 0.5583333333333333 0.39305555555555555 0.029166666666666667 0.16574074074074074
0 0.34947916666666673 0.2875 0.025 0.1175925925925926
0 0.3611979166666667 0.2657407407407407 0.0234375 0.12037037037037036
0 0.36822916666666666 0.2916666666666667 0.027083333333333334 0.12037037037037036
0 0.521875 0.3675925925925926 0.03229166666666667 0.14629629629629629
0 0.48046875000000006 0.300462962962963 0.03177083333333333 0.13425925925925924
0 0.49869791666666674 0.29212962962962963 0.03177083333333333 0.12870370370370368
0 0.3580729166666667 0.2875 0.02760416666666667 0.12314814814814815
0 0.47578125 0.2810185185185185 0.0234375 0.11018518518518518
0 0.36640625000000004 0.25416666666666665 0.021354166666666667 0.11018518518518518
0 0.5559895833333334 0.33981481481481485 0.033854166666666664 0.1574074074074074
0 0.5804687500000001 0.3314814814814815 0.03802083333333334 0.1574074074074074
0 0.35078125 0.2449074074074074 0.0234375 0.12314814814814815
0 0.434375 0.2513888888888889 0.028125 0.11018518518518518
0 0.3924479166666667 0.2532407407407407 0.029687500000000002 0.11574074074074073
0 0.35260416666666666 0.2564814814814815 0.021875000000000002 0.09814814814814814
0 0.5364583333333334 0.23657407407407408 0.02395833333333333 0.12129629629629629
0 0.47708333333333336 0.25046296296296294 0.02395833333333333 0.10462962962962963
0 0.6692708333333334 0.2472222222222222 0.025 0.07962962962962963
0 0.5187499999999999 0.3189814814814815 0.021875000000000002 0.08796296296296297
0 0.3158854166666667 0.4004629629629629 0.035937500000000004 0.15833333333333333
0 0.59296875 0.4134259259259259 0.035937500000000004 0.1824074074074074
0 0.6125 0.36203703703703705 0.03229166666666667 0.13518518518518519
0 0.6234375000000001 0.35277777777777775 0.03229166666666667 0.13518518518518519
0 0.6247395833333335 0.38333333333333336 0.029687500000000002 0.13518518518518519
0 0.46796875 0.4074074074074074 0.025520833333333333 0.1111111111111111
0 0.42760416666666673 0.4083333333333333 0.030208333333333334 0.12962962962962962
0 0.7171875 0.2824074074074074 0.030208333333333334 0.07962962962962963
0 0.7833333333333333 0.3601851851851851 0.030208333333333334 0.1685185185185185
0 0.5505208333333333 0.2939814814814815 0.028125 0.12129629629629629
0 0.5783854166666667 0.3916666666666666 0.033854166666666664 0.14074074074074075
0 0.3713541666666667 0.3625 0.026041666666666668 0.12129629629629629
