0 0.04140625 0.9634259259259258 0.06927083333333334 0.075
0 0.09713541666666667 0.8518518518518519 0.07239583333333334 0.29629629629629634
0 0.20182291666666666 0.849537037037037 0.0765625 0.29907407407407405
0 0.22682291666666665 0.7166666666666667 0.04010416666666666 0.2111111111111111
0 0.3140625 0.7032407407407407 0.06666666666666667 0.3009259259259259
0 0.3546875 0.7375 0.046875 0.2157407407407407
0 0.18281250000000002 0.7458333333333333 0.06770833333333333 0.29907407407407405
0 0.28802083333333334 0.7671296296296295 0.0625 0.3046296296296296
0 0.2674479166666667 0.5069444444444444 0.04114583333333334 0.18796296296296294
0 0.2973958333333333 0.5018518518518519 0.035416666666666666 0.2037037037037037
0 0.37812500000000004 0.40046296296296297 0.03958333333333334 0.17685185185185184
0 0.3307291666666667 0.4560185185185185 0.043750000000000004 0.18796296296296294
0 0.3713541666666667 0.4759259259259259 0.030208333333333334 0.1574074074074074
0 0.36432291666666666 0.38379629629629625 0.04010416666666666 0.15648148148148147
0 0.81953125 0.48935185185185187 0.049479166666666664 0.1824074074074074
0 0.44296875 0.5611111111111111 0.050520833333333334 0.2296296296296296
0 0.40494791666666674 0.2796296296296296 0.03177083333333333 0.137037037037037
0 0.225 0.449537037037037 0.04791666666666666 0.17685185185185184
0 0.5052083333333334 0.3976851851851852 0.030208333333333334 0.16574074074074074
0 0.3875 0.5356481481481481 0.043750000000000004 0.22129629629629627
0 0.52890625 0.45416666666666666 0.043229166666666666 0.18425925925925926
0 0.496875 0.4402777777777777 0.03854166666666667 0.17685185185185184
0 0.41302083333333334 0.3787037037037037 0.030208333333333334 0.16296296296296295
0 0.2635416666666667 0.4291666666666666 0.036458333333333336 0.16574074074074074
0 0.5348958333333333 0.4629629629629629 0.043750000000000004 0.20740740740740737
0 0.7705729166666667 0.46064814814814814 0.0421875 0.2046296296296296
0 0.77890625 0.44537037037037036 0.0390625 0.20555555555555555
0 0.5515625000000001 0.41805555555555546 0.03854166666666667 0.16018518518518518
0 0.7408854166666666 0.42916666666666664 0.04635416666666667 0.17685185185185184
0 0.478125 0.36435185185185187 0.030208333333333334 0.15092592592592594
0 0.4625 0.30231481481481476 0.029166666666666667 0.14537037037037034
0 0.5242187500000001 0.36759259259259264 0.03802083333333334 0.1685185185185185
0 0.5859375 0.35833333333333334 0.036458333333333336 0.1796296296296296
0 0.5450520833333333 0.3421296296296296 0.035937500000000004 0.16018518518518518
0 0.5338541666666666 0.2634259259259259 0.027083333333333334 0.11018518518518518
0 0.5296875000000001 0.26249999999999996 0.02395833333333333 0.11018518518518518
0 0.3692708333333333 0.28518518518518515 0.027083333333333334 0.11851851851851851
0 0.4432291666666667 0.3074074074074074 0.036458333333333336 0.13518518518518519
0 0.50390625 0.2675925925925926 0.029687500000000002 0.11851851851851851
0 0.375 0.3138888888888889 0.03229166666666667 0.13518518518518519
0 0.34453125 0.27731481481481474 0.0234375 0.11203703703703702
0 0.4283854166666667 0.2523148148148148 0.02760416666666667 0.12129629629629629
0 0.3731770833333333 0.34953703703703703 0.04010416666666666 0.16203703703703703
0 0.23828125 0.36249999999999993 0.04010416666666666 0.17314814814814813
0 0.4807291666666667 0.3125 0.026041666666666668 0.11018518518518518
0 0.25677083333333334 0.35601851851851846 0.028125 0.1472222222222222
0 0.34088541666666666 0.31805555555555554 0.03072916666666667 0.14351851851851852
0 0.4421875 0.24768518518518517 0.02395833333333333 0.10092592592592592
0 0.12734375 0.5680555555555554 0.04635416666666667 0.2175925925925926
0 0.4369791666666667 0.3717592592592593 0.036458333333333336 0.1472222222222222
0 0.49401041666666673 0.2930555555555555 0.02760416666666667 0.12685185185185185
0 0.3927083333333333 0.29814814814814816 0.02291666666666667 0.12222222222222222
0 0.41770833333333335 0.3 0.026041666666666668 0.12407407407407406
0 0.5184895833333333 0.22037037037037036 0.025520833333333333 0.11851851851851851
0 0.6958333333333334 0.3 0.027083333333333334 0.12037037037037036
0 0.6557291666666667 0.22916666666666663 0.02395833333333333 0.0824074074074074
0 0.49479166666666674 0.31759259259259254 0.02395833333333333 0.10370370370370369
0 0.7989583333333333 0.48009259259259257 0.030208333333333334 0.10462962962962963
0 0.8252604166666666 0.475 0.0484375 0.18703703703703703
0 0.5682291666666667 0.4041666666666667 0.03333333333333333 0.1787037037037037
0 0.5609375 0.32916666666666666 0.03333333333333333 0.14537037037037034
0 0.5359375000000001 0.32407407407407407 0.028125 0.13148148148148148
0 0.6106770833333335 0.3592592592592593 0.029687500000000002 0.13518518518518519
0 0.7026041666666666 0.262037037037037 0.030208333333333334 0.07962962962962963
0 0.32656250000000003 0.3662037037037037 0.034374999999999996 0.15648148148148147
0 0.7114583333333334 0.44999999999999996 0.04479166666666667 0.19074074074074074
0 0.42343749999999997 0.4606481481481481 0.04895833333333334 0.19537037037037036
0 0.24557291666666667 0.7180555555555556 0.058854166666666666 0.21944444444444444
