0 0.08619791666666667 0.47407407407407404 0.03697916666666667 0.19074074074074074
0 0.5015625 0.1736111111111111 0.026041666666666668 0.12129629629629629
0 0.6604166666666667 0.18564814814814812 0.02395833333333333 0.07685185185185185
0 0.5822916666666667 0.3361111111111111 0.036458333333333336 0.17407407407407408
0 0.6020833333333334 0.27592592592592596 0.030208333333333334 0.11851851851851851
0 0.7348958333333333 0.35833333333333334 0.040625 0.1685185185185185
0 0.6117187500000001 0.3379629629629629 0.03177083333333333 0.16296296296296295
0 0.709375 0.22175925925925924 0.028125 0.08425925925925926
0 0.04583333333333334 0.8527777777777779 0.06354166666666666 0.29629629629629634
0 0.13203125 0.8699074074074074 0.10364583333333333 0.262037037037037
0 0.14739583333333334 0.7527777777777778 0.059375000000000004 0.274074074074074
0 0.24114583333333336 0.8171296296296295 0.06979166666666667 0.35277777777777775
0 0.7541666666666667 0.5037037037037037 0.04791666666666666 0.20740740740740737
0 0.25494791666666666 0.586111111111111 0.05677083333333334 0.23148148148148145
0 0.3786458333333333 0.6356481481481481 0.053125 0.2546296296296296
0 0.2541666666666667 0.6680555555555555 0.06666666666666667 0.28055555555555556
0 0.3059895833333333 0.6907407407407408 0.05364583333333334 0.2685185185185185
0 0.8093750000000001 0.48009259259259257 0.06041666666666667 0.21203703703703702
0 0.353125 0.5314814814814814 0.05625 0.24259259259259258
0 0.5505208333333333 0.40509259259259256 0.04791666666666666 0.19907407407407407
0 0.27187500000000003 0.43657407407407406 0.04479166666666667 0.19537037037037036
0 0.6052083333333333 0.3972222222222222 0.03854166666666667 0.1796296296296296
0 0.6252604166666667 0.4083333333333333 0.0328125 0.15185185185185185
0 0.5270833333333333 0.39259259259259255 0.0375 0.10925925925925925
0 0.5591145833333333 0.36666666666666664 0.0390625 0.1722222222222222
0 0.36015625 0.35509259259259257 0.0421875 0.17129629629629628
0 0.5309895833333333 0.3763888888888889 0.03697916666666667 0.1675925925925926
0 0.5765625000000001 0.1412037037037037 0.02395833333333333 0.09907407407407406
0 0.5041666666666667 0.24398148148148147 0.028125 0.1324074074074074
0 0.46276041666666673 0.24444444444444444 0.03177083333333333 0.12962962962962962
0 0.3013020833333333 0.5203703703703704 0.05572916666666666 0.2351851851851852
0 0.409375 0.28981481481481475 0.042708333333333334 0.20555555555555555
0 0.5283854166666667 0.28703703703703703 0.03177083333333333 0.1537037037037037
0 0.42578125 0.2921296296296296 0.029687500000000002 0.12129629629629629
0 0.3997395833333333 0.28518518518518515 0.033854166666666664 0.14074074074074075
0 0.37005208333333334 0.29861111111111105 0.021354166666666667 0.09351851851851851
0 0.3052083333333333 0.2657407407407407 0.03333333333333333 0.137037037037037
0 0.4307291666666667 0.21712962962962962 0.029166666666666667 0.11574074074074073
0 0.4484375 0.20833333333333334 0.026041666666666668 0.11851851851851851
0 0.4723958333333333 0.21157407407407405 0.02291666666666667 0.09537037037037037
0 0.40859375 0.18287037037037035 0.029687500000000002 0.12314814814814815
0 0.41380208333333335 0.20416666666666664 0.0234375 0.0824074074074074
0 0.5234375 0.23194444444444443 0.021875000000000002 0.0824074074074074
0 0.5437500000000001 0.20509259259259255 0.028125 0.13425925925925924
