0 0.09713541666666667 0.3949074074074074 0.0390625 0.1935185185185185
0 0.5049479166666666 0.10046296296296296 0.025520833333333333 0.12129629629629629
0 0.6653645833333334 0.11527777777777777 0.0234375 0.07685185185185185
0 0.6143229166666666 0.2685185185185185 0.035937500000000004 0.17407407407407408
0 0.6057291666666667 0.21018518518518517 0.030208333333333334 0.11851851851851851
0 0.8557291666666667 0.350925925925926 0.0375 0.18518518518518517
0 0.6153645833333334 0.2657407407407407 0.03177083333333333 0.16296296296296295
0 0.7145833333333333 0.15092592592592594 0.028125 0.08333333333333333
0 0.18802083333333333 0.5310185185185184 0.04791666666666666 0.2398148148148148
0 0.2669270833333333 0.5472222222222222 0.07135416666666666 0.23333333333333334
0 0.24270833333333336 0.475462962962963 0.046875 0.23425925925925925
0 0.35234375 0.48611111111111105 0.059895833333333336 0.2518518518518518
0 0.40286458333333336 0.3569444444444444 0.03697916666666667 0.1898148148148148
0 0.31536458333333334 0.36527777777777776 0.044270833333333336 0.20648148148148146
0 0.4591145833333333 0.3819444444444444 0.04010416666666666 0.19537037037037036
0 0.3861979166666667 0.41666666666666663 0.06614583333333333 0.23148148148148145
0 0.440625 0.42731481481481476 0.046875 0.21018518518518517
0 0.8669270833333335 0.4134259259259259 0.05572916666666666 0.1898148148148148
0 0.4666666666666667 0.3958333333333333 0.042708333333333334 0.20092592592592592
0 0.45703125 0.36157407407407405 0.05572916666666666 0.19907407407407407
0 0.4302083333333333 0.31296296296296294 0.042708333333333334 0.1796296296296296
0 0.7861979166666666 0.3379629629629629 0.044270833333333336 0.1796296296296296
0 0.9208333333333334 0.3777777777777777 0.03854166666666667 0.19814814814814813
0 0.7458333333333335 0.39444444444444443 0.04791666666666666 0.20185185185185184
0 0.89296875 0.3555555555555555 0.035937500000000004 0.18333333333333332
0 0.8682291666666666 0.350462962962963 0.036458333333333336 0.1824074074074074
0 0.8276041666666666 0.3537037037037037 0.05416666666666667 0.21296296296296294
0 0.7244791666666667 0.29629629629629634 0.042708333333333334 0.18703703703703703
0 0.6283854166666667 0.3449074074074074 0.044270833333333336 0.18796296296296294
0 0.8104166666666667 0.4217592592592593 0.06458333333333334 0.22685185185185183
0 0.26406250000000003 0.27361111111111114 0.040625 0.16574074074074074
0 0.4786458333333333 0.24074074074074076 0.034374999999999996 0.14814814814814817
0 0.4979166666666667 0.2518518518518518 0.03229166666666667 0.12962962962962962
0 0.46953125 0.23888888888888887 0.02760416666666667 0.09259259259259259
0 0.5036458333333333 0.21203703703703702 0.03333333333333333 0.14259259259259258
0 0.3536458333333333 0.24444444444444444 0.041666666666666664 0.1685185185185185
0 0.3994791666666667 0.21388888888888888 0.030208333333333334 0.14074074074074075
0 0.5484374999999999 0.09351851851851851 0.02291666666666667 0.1074074074074074
0 0.4270833333333333 0.11990740740740741 0.03333333333333333 0.12129629629629629
0 0.4036458333333333 0.125 0.025 0.12962962962962962
0 0.3888020833333333 0.3134259259259259 0.04010416666666666 0.18425925925925926
0 0.36588541666666674 0.1439814814814815 0.03177083333333333 0.17685185185185184
0 0.4765625 0.15046296296296294 0.03125 0.13055555555555556
0 0.4223958333333333 0.1597222222222222 0.026041666666666668 0.11203703703703702
0 0.3966145833333333 0.15648148148148147 0.035937500000000004 0.13148148148148148
0 0.37083333333333335 0.1685185185185185 0.02395833333333333 0.09074074074074073
0 0.3830729166666667 0.12175925925925926 0.021354166666666667 0.0824074074074074
0 0.3859375 0.09583333333333334 0.026041666666666668 0.12870370370370368
