0 0.9356770833333334 0.8819444444444444 0.09114583333333333 0.23796296296296296
0 0.20859375 0.8319444444444444 0.06510416666666667 0.2916666666666667
0 0.5638020833333334 0.7638888888888888 0.07239583333333334 0.2907407407407407
0 0.44427083333333334 0.6962962962962962 0.06874999999999999 0.28703703703703703
0 0.3619791666666667 0.7240740740740741 0.06458333333333334 0.28703703703703703
0 0.2 0.7004629629629628 0.05520833333333334 0.2546296296296296
0 0.84296875 0.6689814814814814 0.05260416666666667 0.2601851851851852
0 0.78515625 0.4773148148148148 0.04635416666666667 0.175
0 0.01953125 0.8967592592592591 0.03802083333333334 0.2046296296296296
0 0.7481770833333333 0.462037037037037 0.03802083333333334 0.1574074074074074
0 0.7518229166666667 0.4375 0.035937500000000004 0.17129629629629628
0 0.7697916666666667 0.4388888888888889 0.030208333333333334 0.137037037037037
0 0.7052083333333333 0.4388888888888889 0.035416666666666666 0.16666666666666666
0 0.7966145833333335 0.3634259259259259 0.029687500000000002 0.15462962962962962
0 0.5674479166666666 0.47638888888888886 0.035937500000000004 0.1824074074074074
0 0.15260416666666665 0.774074074074074 0.059375000000000004 0.25555555555555554
0 0.10364583333333334 0.7685185185185185 0.06041666666666667 0.25555555555555554
0 0.225 0.4472222222222222 0.03854166666666667 0.17407407407407408
0 0.20364583333333336 0.49861111111111106 0.041666666666666664 0.1898148148148148
0 0.4041666666666667 0.40879629629629627 0.0375 0.15648148148148147
0 0.35833333333333334 0.3962962962962963 0.0375 0.16296296296296295
0 0.3119791666666667 0.41435185185185186 0.042708333333333334 0.1675925925925926
0 0.46510416666666665 0.374537037037037 0.03854166666666667 0.14907407407407408
0 0.415625 0.3638888888888889 0.029166666666666667 0.12407407407407406
0 0.38958333333333334 0.3574074074074074 0.0375 0.15185185185185185
0 0.3177083333333333 0.3449074074074074 0.040625 0.1472222222222222
0 0.4786458333333333 0.3222222222222222 0.03229166666666667 0.12407407407407406
0 0.453125 0.31990740740740736 0.030208333333333334 0.125
0 0.4703125 0.2879629629629629 0.030208333333333334 0.11296296296296296
0 0.44765625000000003 0.31759259259259254 0.02760416666666667 0.13148148148148148
0 0.4661458333333333 0.30509259259259264 0.025 0.11018518518518518
0 0.44427083333333334 0.2967592592592592 0.030208333333333334 0.12129629629629629
0 0.4 0.26435185185185184 0.027083333333333334 0.11203703703703702
0 0.4002604166666667 0.30462962962962964 0.029687500000000002 0.1259259259259259
0 0.3692708333333333 0.30925925925925923 0.030208333333333334 0.12962962962962962
0 0.3450520833333333 0.3125 0.029687500000000002 0.1324074074074074
0 0.31171875 0.3152777777777777 0.034895833333333334 0.13425925925925924
0 0.4625 0.20694444444444443 0.026041666666666668 0.09907407407407406
0 0.7671875 0.3837962962962963 0.02395833333333333 0.17129629629629628
0 0.36875 0.26435185185185184 0.026041666666666668 0.11574074074074073
0 0.53828125 0.49861111111111106 0.0421875 0.22685185185185183
0 0.4880208333333333 0.5023148148148148 0.042708333333333334 0.2287037037037037
0 0.41484375 0.29027777777777775 0.0265625 0.12314814814814815
0 0.3830729166666667 0.28148148148148144 0.029687500000000002 0.12037037037037036
0 0.315625 0.3277777777777777 0.03229166666666667 0.13518518518518519
0 0.5244791666666666 0.5648148148148148 0.059375000000000004 0.21296296296296294
0 0.4830729166666667 0.5638888888888888 0.051562500000000004 0.22592592592592592
0 0.0921875 0.5574074074074074 0.04479166666666667 0.19629629629629627
0 0.2421875 0.4907407407407407 0.04479166666666667 0.18148148148148147
0 0.5406249999999999 0.25046296296296294 0.028125 0.12314814814814815
0 0.671875 0.2587962962962963 0.026041666666666668 0.07314814814814814
0 0.5932291666666666 0.4314814814814814 0.035416666666666666 0.17777777777777776
0 0.6145833333333335 0.36203703703703705 0.03229166666666667 0.13518518518518519
0 0.6166666666666667 0.3574074074074074 0.03229166666666667 0.13518518518518519
0 0.6067708333333334 0.38055555555555554 0.034374999999999996 0.14259259259259258
0 0.7197916666666666 0.2944444444444444 0.03333333333333333 0.07962962962962963
0 0.7742187500000001 0.3907407407407407 0.033854166666666664 0.17407407407407408
0 0.86953125 0.5356481481481481 0.058854166666666666 0.21203703703703702
