0 0.865625 0.8805555555555554 0.07187500000000001 0.23703703703703702
0 0.2830729166666667 0.4138888888888889 0.0265625 0.14814814814814817
0 0.2546875 0.41527777777777775 0.03333333333333333 0.15833333333333333
0 0.2265625 0.8777777777777778 0.078125 0.24444444444444444
0 0.13776041666666666 0.9277777777777777 0.07760416666666667 0.14259259259259258
0 0.06640625 0.8944444444444444 0.08177083333333333 0.21296296296296294
0 0.24375000000000002 0.6129629629629628 0.05625 0.24074074074074073
0 0.3669270833333333 0.6263888888888889 0.035937500000000004 0.20277777777777778
0 0.32734375000000004 0.6 0.05260416666666667 0.24259259259259258
0 0.2893229166666667 0.5819444444444444 0.0484375 0.22314814814814812
0 0.6083333333333334 0.5837962962962963 0.051041666666666666 0.21388888888888888
0 0.5588541666666667 0.5819444444444444 0.043750000000000004 0.22129629629629627
0 0.7861979166666666 0.5013888888888889 0.05677083333333334 0.19166666666666668
0 0.3802083333333333 0.4824074074074074 0.03854166666666667 0.18518518518518517
0 0.346875 0.48009259259259257 0.036458333333333336 0.1675925925925926
0 0.7908854166666667 0.49675925925925923 0.04739583333333334 0.175
0 0.4916666666666667 0.4356481481481481 0.03229166666666667 0.1824074074074074
0 0.3424479166666667 0.4782407407407407 0.044270833333333336 0.1787037037037037
0 0.6984375 0.4824074074074074 0.04895833333333334 0.18703703703703703
0 0.6781250000000001 0.48657407407407405 0.058333333333333334 0.19537037037037036
0 0.45989583333333334 0.387037037037037 0.03229166666666667 0.12407407407407406
0 0.25755208333333335 0.47731481481481475 0.033854166666666664 0.14537037037037034
0 0.22968750000000002 0.5643518518518518 0.05416666666666667 0.22685185185185183
0 0.45208333333333334 0.42407407407407405 0.03229166666666667 0.16296296296296295
0 0.5393229166666667 0.4736111111111111 0.0421875 0.17314814814814813
0 0.4158854166666667 0.42777777777777776 0.034895833333333334 0.14629629629629629
0 0.45546875 0.4421296296296296 0.04010416666666666 0.1861111111111111
0 0.5020833333333333 0.4814814814814815 0.04895833333333334 0.1796296296296296
0 0.43515624999999997 0.4351851851851852 0.035937500000000004 0.15
0 0.4125 0.3212962962962963 0.03229166666666667 0.14259259259259258
0 0.39114583333333336 0.337037037037037 0.030208333333333334 0.13148148148148148
0 0.24192708333333335 0.3504629629629629 0.033854166666666664 0.15648148148148147
0 0.28750000000000003 0.3722222222222222 0.028125 0.12407407407407406
0 0.3567708333333333 0.31111111111111106 0.030208333333333334 0.13518518518518519
0 0.4703125 0.43425925925925923 0.036458333333333336 0.18333333333333332
0 0.5182291666666666 0.42592592592592593 0.040625 0.18518518518518517
0 0.5208333333333334 0.4467592592592593 0.034374999999999996 0.1935185185185185
0 0.5695312499999999 0.45787037037037037 0.04010416666666666 0.16018518518518518
0 0.42265625 0.46435185185185185 0.0484375 0.1787037037037037
0 0.3375 0.4527777777777777 0.036458333333333336 0.16296296296296295
0 0.3111979166666667 0.42962962962962964 0.044270833333333336 0.1722222222222222
0 0.415625 0.4046296296296296 0.030208333333333334 0.15925925925925927
0 0.45416666666666666 0.3907407407407407 0.03333333333333333 0.15555555555555553
0 0.5356770833333333 0.43749999999999994 0.033854166666666664 0.16574074074074074
0 0.3494791666666667 0.3925925925925926 0.036458333333333336 0.15185185185185185
0 0.46770833333333334 0.3550925925925926 0.029166666666666667 0.12685185185185185
0 0.5666666666666667 0.4324074074074074 0.036458333333333336 0.18518518518518517
0 0.49869791666666674 0.35648148148148145 0.03177083333333333 0.13148148148148148
0 0.40234375 0.3416666666666667 0.033854166666666664 0.14629629629629629
0 0.43593750000000003 0.34259259259259256 0.030208333333333334 0.137037037037037
0 0.34479166666666666 0.32083333333333336 0.03229166666666667 0.15462962962962962
0 0.4651041666666667 0.288425925925926 0.027083333333333334 0.12685185185185185
0 0.44817708333333334 0.32175925925925924 0.029687500000000002 0.1324074074074074
0 0.36171875000000003 0.3453703703703704 0.0265625 0.12777777777777777
0 0.3427083333333333 0.33981481481481474 0.028125 0.14074074074074075
0 0.39765625 0.30416666666666664 0.025520833333333333 0.12129629629629629
0 0.31901041666666674 0.3384259259259259 0.0265625 0.1324074074074074
0 0.30234375 0.3347222222222222 0.029687500000000002 0.15462962962962962
0 0.0953125 0.5569444444444444 0.03958333333333334 0.1935185185185185
0 0.46458333333333335 0.3037037037037037 0.030208333333333334 0.1259259259259259
0 0.13645833333333335 0.5060185185185185 0.043750000000000004 0.19537037037037036
0 0.4890625 0.3037037037037037 0.026041666666666668 0.12962962962962962
0 0.31744791666666666 0.33055555555555555 0.029687500000000002 0.12962962962962962
0 0.2971354166666667 0.32314814814814813 0.029687500000000002 0.14074074074074075
0 0.06614583333333333 0.7662037037037037 0.084375 0.29907407407407405
0 0.2950520833333333 0.4722222222222222 0.034895833333333334 0.1925925925925926
0 0.2973958333333333 0.4916666666666666 0.040625 0.19444444444444445
0 0.565625 0.30787037037037035 0.025 0.12870370370370368
0 0.5044270833333333 0.29953703703703705 0.029687500000000002 0.1398148148148148
0 0.3567708333333333 0.2421296296296296 0.026041666666666668 0.11018518518518518
0 0.7351562500000001 0.36481481481481476 0.04010416666666666 0.1648148148148148
0 0.7763020833333334 0.3384259259259259 0.03177083333333333 0.14907407407407408
0 0.5281250000000001 0.23842592592592593 0.026041666666666668 0.12129629629629629
0 0.6677083333333333 0.2462962962962963 0.025 0.07962962962962963
0 0.3580729166666667 0.2486111111111111 0.0234375 0.09537037037037037
0 0.5877604166666667 0.4180555555555555 0.034895833333333334 0.1787037037037037
0 0.6106770833333334 0.36111111111111105 0.03177083333333333 0.13518518518518519
0 0.6223958333333335 0.3518518518518518 0.03229166666666667 0.13518518518518519
0 0.6247395833333335 0.3842592592592593 0.029687500000000002 0.13518518518518519
0 0.42968750000000006 0.3333333333333333 0.02395833333333333 0.0962962962962963
0 0.41276041666666674 0.3342592592592592 0.0265625 0.12407407407407406
0 0.7169270833333334 0.2824074074074074 0.029687500000000002 0.07962962962962963
0 0.7763020833333334 0.38101851851851853 0.03177083333333333 0.1675925925925926
0 0.3575520833333333 0.23518518518518514 0.025520833333333333 0.1074074074074074
0 0.5520833333333334 0.30879629629629624 0.030208333333333334 0.12129629629629629
