0 0.51953125 0.45370370370370366 0.04635416666666667 0.16296296296296295
0 0.3171875 0.3625 0.034374999999999996 0.1398148148148148
0 0.7109375 0.32731481481481484 0.03958333333333334 0.13425925925925924
0 0.47421875 0.3412037037037037 0.034895833333333334 0.15092592592592594
0 0.45625 0.34768518518518515 0.03229166666666667 0.14907407407407408
0 0.34244791666666674 0.3425925925925926 0.03177083333333333 0.14259259259259258
0 0.5632812500000001 0.5425925925925926 0.044270833333333336 0.20185185185185184
0 0.5067708333333334 0.33981481481481474 0.030208333333333334 0.12407407407407406
0 0.39921875 0.2791666666666667 0.033854166666666664 0.1324074074074074
0 0.3921875 0.27638888888888885 0.02395833333333333 0.10092592592592592
0 0.371875 0.2787037037037037 0.026041666666666668 0.10925925925925925
0 0.6200520833333334 0.399537037037037 0.0453125 0.15462962962962962
0 0.39375 0.3171296296296296 0.026041666666666668 0.12314814814814815
0 0.5427083333333333 0.3907407407407407 0.03229166666666667 0.1685185185185185
0 0.10963541666666668 0.5657407407407408 0.04010416666666666 0.19629629629629627
0 0.52578125 0.25416666666666665 0.025520833333333333 0.12129629629629629
0 0.6880208333333334 0.26435185185185184 0.026041666666666668 0.07314814814814814
0 0.6059895833333334 0.437962962962963 0.03177083333333333 0.18518518518518517
0 0.6278645833333334 0.36481481481481476 0.03177083333333333 0.13518518518518519
0 0.6130208333333335 0.362962962962963 0.03229166666666667 0.13518518518518519
0 0.6416666666666666 0.39814814814814814 0.03333333333333333 0.14629629629629629
0 0.7315104166666666 0.29537037037037034 0.033854166666666664 0.07962962962962963
0 0.5434895833333333 0.4046296296296296 0.04010416666666666 0.1722222222222222
0 0.19375 0.4259259259259259 0.04791666666666666 0.16296296296296295
0 0.171875 0.924074074074074 0.08750000000000001 0.1537037037037037
0 0.11927083333333334 0.9203703703703704 0.06354166666666666 0.15925925925925927
0 0.11770833333333333 0.8587962962962963 0.078125 0.2842592592592592
0 0.18203125 0.9115740740740741 0.05260416666666667 0.1787037037037037
0 0.22239583333333335 0.6944444444444444 0.06145833333333334 0.25
0 0.3276041666666667 0.7592592592592592 0.06874999999999999 0.31666666666666665
0 0.2859375 0.6425925925925926 0.052083333333333336 0.22037037037037036
0 0.3421875 0.6402777777777777 0.053125 0.1898148148148148
0 0.8661458333333334 0.5527777777777777 0.057291666666666664 0.20555555555555555
0 0.25 0.4671296296296296 0.03958333333333334 0.17685185185185184
0 0.020572916666666666 0.8180555555555554 0.04010416666666666 0.325
0 0.23098958333333336 0.6194444444444444 0.043229166666666666 0.20925925925925926
0 0.8684895833333335 0.5087962962962963 0.04010416666666666 0.15092592592592594
0 0.9255208333333335 0.5208333333333334 0.034374999999999996 0.17685185185185184
0 0.925 0.5180555555555555 0.04895833333333334 0.20092592592592592
0 0.5713541666666667 0.46388888888888885 0.041666666666666664 0.17037037037037037
0 0.8111979166666666 0.487962962962963 0.051562500000000004 0.20185185185185184
0 0.7328125 0.43888888888888883 0.040625 0.1685185185185185
0 0.6927083333333334 0.5055555555555555 0.041666666666666664 0.19074074074074074
0 0.6994791666666667 0.4296296296296296 0.036458333333333336 0.15
0 0.6770833333333334 0.5064814814814815 0.057291666666666664 0.20925925925925926
0 0.7565104166666666 0.4592592592592592 0.0328125 0.17407407407407408
0 0.5281250000000001 0.3379629629629629 0.028125 0.14074074074074075
0 0.45078125 0.3194444444444444 0.029687500000000002 0.13333333333333333
0 0.55390625 0.3300925925925926 0.0328125 0.14351851851851852
0 0.3268229166666667 0.41203703703703703 0.04010416666666666 0.18888888888888886
0 0.5231770833333333 0.3967592592592593 0.03072916666666667 0.1472222222222222
0 0.5492187500000001 0.45 0.03177083333333333 0.16296296296296295
0 0.51328125 0.9143518518518517 0.09531250000000001 0.17314814814814813
0 0.39739583333333334 0.42129629629629634 0.0375 0.16296296296296295
0 0.38958333333333334 0.38611111111111107 0.03125 0.1574074074074074
0 0.3666666666666667 0.38611111111111107 0.040625 0.16666666666666666
0 0.43593750000000003 0.374537037037037 0.036458333333333336 0.15833333333333333
0 0.31484375000000003 0.3300925925925926 0.03177083333333333 0.1398148148148148
0 0.9252604166666666 0.5476851851851853 0.06406250000000001 0.19537037037037036
