0 0.65625 0.5296296296296297 0.04895833333333334 0.18518518518518517
0 0.3125 0.437037037037037 0.036458333333333336 0.16296296296296295
0 0.71015625 0.39814814814814814 0.035937500000000004 0.15925925925925927
0 0.5447916666666667 0.4101851851851851 0.03854166666666667 0.1685185185185185
0 0.5091145833333334 0.41435185185185186 0.04010416666666666 0.175
0 0.3171875 0.4060185185185185 0.03125 0.15462962962962962
0 0.56796875 0.5504629629629628 0.044270833333333336 0.2046296296296296
0 0.5463541666666667 0.3712962962962963 0.03229166666666667 0.12962962962962962
0 0.4963541666666667 0.312037037037037 0.030208333333333334 0.1259259259259259
0 0.5132812499999999 0.31157407407407406 0.025520833333333333 0.11018518518518518
0 0.4536458333333333 0.31481481481481477 0.028125 0.11851851851851851
0 0.81015625 0.36712962962962964 0.033854166666666664 0.15462962962962962
0 0.4546875 0.3574074074074074 0.030208333333333334 0.14074074074074075
0 0.42213541666666665 0.2842592592592592 0.03072916666666667 0.12037037037037036
0 0.3666666666666667 0.2842592592592592 0.03229166666666667 0.137037037037037
0 0.7533854166666667 0.3902777777777778 0.034895833333333334 0.1675925925925926
0 0.8635416666666667 0.9185185185185184 0.08229166666666668 0.1648148148148148
0 0.7604166666666666 0.9268518518518518 0.07708333333333334 0.14814814814814817
0 0.103125 0.5657407407407408 0.04479166666666667 0.19629629629629627
0 0.3192708333333333 0.35555555555555557 0.03333333333333333 0.14814814814814817
0 0.5484374999999999 0.25555555555555554 0.028125 0.1259259259259259
0 0.6833333333333333 0.2601851851851852 0.026041666666666668 0.07407407407407408
0 0.6052083333333335 0.4310185185185185 0.036458333333333336 0.1824074074074074
0 0.6223958333333335 0.36851851851851847 0.03229166666666667 0.13518518518518519
0 0.6216145833333334 0.35833333333333334 0.03177083333333333 0.13518518518518519
0 0.6375000000000001 0.3935185185185185 0.034374999999999996 0.14629629629629629
0 0.7283854166666667 0.2935185185185185 0.033854166666666664 0.07962962962962963
0 0.7640625 0.3949074074074074 0.03125 0.17314814814814813
0 0.1015625 0.8925925925925925 0.08125 0.2148148148148148
0 0.1765625 0.8287037037037037 0.07083333333333333 0.2685185185185185
0 0.24010416666666665 0.8407407407407407 0.065625 0.2518518518518518
0 0.2677083333333333 0.4009259259259259 0.0375 0.16296296296296295
0 0.19791666666666666 0.5689814814814814 0.043750000000000004 0.23796296296296296
0 0.10260416666666668 0.8287037037037037 0.059375000000000004 0.23148148148148145
0 0.8690104166666667 0.5467592592592593 0.059895833333333336 0.19537037037037036
0 0.9239583333333333 0.5069444444444444 0.05416666666666667 0.1935185185185185
0 0.8893229166666666 0.5120370370370371 0.044270833333333336 0.1796296296296296
0 0.5901041666666667 0.38611111111111107 0.03125 0.17407407407407408
0 0.48671875000000003 0.38055555555555554 0.033854166666666664 0.15925925925925927
0 0.60234375 0.3759259259259259 0.033854166666666664 0.1574074074074074
0 0.28854166666666664 0.5282407407407407 0.04791666666666666 0.23240740740740737
0 0.7236979166666666 0.4398148148148148 0.03072916666666667 0.15925925925925927
0 0.34557291666666673 0.38611111111111107 0.03177083333333333 0.13518518518518519
0 0.7838541666666666 0.7106481481481481 0.065625 0.262037037037037
0 0.6208333333333333 0.5393518518518517 0.06041666666666667 0.20092592592592592
0 0.42161458333333335 0.5421296296296296 0.044270833333333336 0.20648148148148146
0 0.6205729166666667 0.46574074074074073 0.04010416666666666 0.18148148148148147
0 0.5489583333333333 0.4699074074074074 0.05 0.18796296296296294
0 0.5981770833333334 0.44259259259259254 0.03697916666666667 0.18148148148148147
0 0.37265625 0.4166666666666667 0.03802083333333334 0.15925925925925927
