0 0.4895833333333334 0.40555555555555556 0.03958333333333334 0.15
0 0.6057291666666667 0.29768518518518516 0.03229166666666667 0.12129629629629629
0 0.4369791666666667 0.2935185185185185 0.03854166666666667 0.1259259259259259
0 0.4153645833333334 0.30787037037037035 0.03177083333333333 0.1324074074074074
0 0.34609375 0.30648148148148147 0.029687500000000002 0.14074074074074075
0 0.5520833333333334 0.5171296296296296 0.04479166666666667 0.20092592592592592
0 0.4875 0.3111111111111111 0.028125 0.12222222222222222
0 0.47552083333333334 0.3893518518518518 0.04583333333333334 0.15648148148148147
0 0.35234375 0.28703703703703703 0.025520833333333333 0.11296296296296296
0 0.4346354166666667 0.3777777777777777 0.03177083333333333 0.1685185185185185
0 0.1109375 0.5518518518518518 0.03958333333333334 0.19629629629629627
0 0.5268229166666667 0.2412037037037037 0.025520833333333333 0.12129629629629629
0 0.6880208333333334 0.25231481481481477 0.026041666666666668 0.07314814814814814
0 0.59765625 0.42407407407407405 0.04010416666666666 0.18703703703703703
0 0.6270833333333334 0.350925925925926 0.03229166666666667 0.13518518518518519
0 0.5796875 0.3444444444444444 0.03229166666666667 0.13518518518518519
0 0.6432291666666666 0.38611111111111107 0.03333333333333333 0.14629629629629629
0 0.7361979166666667 0.2814814814814815 0.033854166666666664 0.07962962962962963
0 0.4395833333333333 0.3842592592592593 0.041666666666666664 0.1722222222222222
0 0.25104166666666666 0.45648148148148143 0.052083333333333336 0.18518518518518517
0 0.20520833333333335 0.43611111111111106 0.05416666666666667 0.1796296296296296
0 0.07994791666666667 0.923148148148148 0.0765625 0.15555555555555553
0 0.19296875000000002 0.8435185185185184 0.0765625 0.2907407407407407
0 0.2546875 0.8319444444444444 0.05625 0.2824074074074074
0 0.32317708333333334 0.8925925925925925 0.0546875 0.21666666666666667
0 0.19270833333333334 0.7532407407407408 0.065625 0.3157407407407407
0 0.25 0.7833333333333333 0.04895833333333334 0.17592592592592593
0 0.2625 0.5930555555555554 0.05 0.225
0 0.35911458333333335 0.6333333333333333 0.0578125 0.26666666666666666
0 0.32057291666666665 0.5587962962962962 0.04635416666666667 0.19166666666666668
0 0.3661458333333333 0.5587962962962963 0.043750000000000004 0.1824074074074074
0 0.6799479166666667 0.5078703703703703 0.05260416666666667 0.19537037037037036
0 0.22291666666666668 0.5106481481481482 0.043750000000000004 0.20092592592592592
0 0.28463541666666664 0.5402777777777777 0.04010416666666666 0.1898148148148148
0 0.90234375 0.4847222222222222 0.0546875 0.20833333333333334
0 0.7705729166666667 0.462037037037037 0.029687500000000002 0.14074074074074075
0 0.81015625 0.46851851851851845 0.033854166666666664 0.1611111111111111
0 0.7864583333333334 0.4717592592592592 0.05 0.18796296296296294
0 0.5083333333333334 0.4180555555555555 0.04479166666666667 0.16203703703703703
0 0.7291666666666666 0.425 0.03958333333333334 0.17592592592592593
0 0.6390625000000001 0.3856481481481481 0.042708333333333334 0.14351851851851852
0 0.5669270833333333 0.4564814814814815 0.033854166666666664 0.18333333333333332
0 0.6098958333333334 0.39259259259259255 0.035416666666666666 0.14629629629629629
0 0.5510416666666667 0.45694444444444443 0.040625 0.18796296296296294
0 0.6520833333333333 0.4087962962962963 0.036458333333333336 0.15462962962962962
0 0.5171874999999999 0.3060185185185185 0.028125 0.1398148148148148
0 0.44427083333333334 0.2907407407407407 0.03125 0.12962962962962962
0 0.5361979166666667 0.2935185185185185 0.03177083333333333 0.13518518518518519
0 0.29322916666666665 0.3648148148148148 0.036458333333333336 0.1796296296296296
0 0.4356770833333333 0.36666666666666664 0.029687500000000002 0.14074074074074075
0 0.6546875 0.4685185185185185 0.040625 0.15925925925925927
0 0.12968749999999998 0.9666666666666667 0.046875 0.06666666666666667
0 0.3536458333333333 0.3712962962962963 0.03333333333333333 0.15185185185185185
0 0.3765625 0.3375 0.03229166666666667 0.14351851851851852
0 0.3307291666666667 0.33564814814814814 0.03333333333333333 0.15277777777777776
0 0.39921875 0.32546296296296295 0.03177083333333333 0.14351851851851852
0 0.73359375 0.5087962962962963 0.05260416666666667 0.18796296296296294
