0 0.03333333333333333 0.9606481481481481 0.06354166666666666 0.08055555555555555
0 0.22291666666666668 0.9115740740740741 0.05416666666666667 0.17685185185185184
0 0.31796875 0.8861111111111111 0.08802083333333333 0.2296296296296296
0 0.38046875 0.9166666666666666 0.059895833333333336 0.16666666666666666
0 0.03177083333333333 0.899074074074074 0.0625 0.2037037037037037
0 0.10677083333333333 0.9041666666666667 0.084375 0.1935185185185185
0 0.23385416666666667 0.586574074074074 0.040625 0.20833333333333334
0 0.26666666666666666 0.5796296296296296 0.042708333333333334 0.23148148148148145
0 0.3369791666666667 0.37037037037037035 0.035416666666666666 0.16296296296296295
0 0.22760416666666666 0.4171296296296296 0.036458333333333336 0.1787037037037037
0 0.29192708333333334 0.4305555555555555 0.02760416666666667 0.14629629629629629
0 0.24947916666666667 0.3425925925925926 0.03333333333333333 0.14259259259259258
0 0.3307291666666667 0.686574074074074 0.05416666666666667 0.2787037037037037
0 0.4708333333333333 0.2421296296296296 0.030208333333333334 0.13055555555555556
0 0.2375 0.5185185185185185 0.04791666666666666 0.1925925925925926
0 0.6838541666666667 0.43657407407407406 0.04791666666666666 0.1898148148148148
0 0.4109375 0.6541666666666667 0.058333333333333334 0.262037037037037
0 0.7533854166666667 0.49629629629629624 0.059895833333333336 0.2037037037037037
0 0.76875 0.4796296296296296 0.04479166666666667 0.19074074074074074
0 0.47942708333333334 0.4347222222222221 0.044270833333333336 0.18055555555555552
0 0.27499999999999997 0.5064814814814815 0.042708333333333334 0.20925925925925926
0 0.42552083333333335 0.5810185185185185 0.05520833333333334 0.24907407407407406
0 0.7744791666666666 0.45787037037037037 0.041666666666666664 0.1824074074074074
0 0.8872395833333333 0.4717592592592592 0.0484375 0.19537037037037036
0 0.5515625000000001 0.41898148148148145 0.0375 0.17685185185185184
0 0.4885416666666667 0.3296296296296296 0.030208333333333334 0.14629629629629629
0 0.6544270833333333 0.3634259259259259 0.04114583333333334 0.16944444444444443
0 0.7447916666666666 0.33194444444444443 0.034374999999999996 0.1675925925925926
0 0.73828125 0.3379629629629629 0.033854166666666664 0.16296296296296295
0 0.5455729166666666 0.2657407407407407 0.029687500000000002 0.10925925925925925
0 0.52109375 0.2759259259259259 0.0265625 0.1074074074074074
0 0.4018229166666667 0.31111111111111106 0.0328125 0.11851851851851851
0 0.4864583333333333 0.337037037037037 0.036458333333333336 0.13518518518518519
0 0.4947916666666667 0.2861111111111111 0.030208333333333334 0.12407407407407406
0 0.40234375000000006 0.35787037037037034 0.03177083333333333 0.15833333333333333
0 0.3736979166666667 0.3148148148148148 0.029687500000000002 0.1259259259259259
0 0.440625 0.2856481481481481 0.028125 0.12685185185185185
0 0.4661458333333333 0.38055555555555554 0.041666666666666664 0.17592592592592593
0 0.19661458333333337 0.4319444444444444 0.043229166666666666 0.19907407407407407
0 0.5265624999999999 0.34907407407407404 0.026041666666666668 0.13148148148148148
0 0.32057291666666665 0.3935185185185185 0.035937500000000004 0.1574074074074074
0 0.3645833333333334 0.3532407407407407 0.034374999999999996 0.15648148148148147
0 0.45598958333333334 0.28518518518518515 0.02760416666666667 0.12037037037037036
0 0.18072916666666666 0.4935185185185185 0.04583333333333334 0.19074074074074074
0 0.8934895833333334 0.5199074074074074 0.049479166666666664 0.22314814814814812
0 0.5119791666666667 0.43425925925925923 0.042708333333333334 0.17037037037037037
0 0.51796875 0.32361111111111107 0.029687500000000002 0.12685185185185185
0 0.42265625 0.32870370370370366 0.0234375 0.12407407407407406
0 0.4432291666666667 0.3467592592592592 0.03229166666666667 0.15462962962962962
0 0.5127604166666666 0.2222222222222222 0.025520833333333333 0.11851851851851851
0 0.7177083333333334 0.3273148148148148 0.03125 0.12685185185185185
0 0.6531250000000001 0.2273148148148148 0.02395833333333333 0.0824074074074074
0 0.5471354166666667 0.3527777777777778 0.0234375 0.12222222222222222
0 0.5697916666666667 0.38796296296296295 0.041666666666666664 0.17592592592592593
0 0.5393229166666667 0.3106481481481481 0.035937500000000004 0.14351851851851852
0 0.4921875 0.3092592592592593 0.027083333333333334 0.13518518518518519
0 0.6080729166666669 0.3574074074074074 0.029687500000000002 0.13518518518518519
0 0.7005208333333334 0.2601851851851852 0.030208333333333334 0.07962962962962963
0 0.3783854166666667 0.42222222222222217 0.033854166666666664 0.18518518518518517
0 0.24739583333333334 0.4259259259259259 0.042708333333333334 0.18703703703703703
0 0.24583333333333335 0.9078703703703703 0.08333333333333333 0.1861111111111111
