0 0.42265625 0.3416666666666667 0.03177083333333333 0.13518518518518519
0 0.721875 0.23148148148148148 0.026041666666666668 0.11296296296296296
0 0.4026041666666667 0.23564814814814813 0.034374999999999996 0.12685185185185185
0 0.3791666666666667 0.24675925925925926 0.030208333333333334 0.12870370370370368
0 0.55625 0.4337962962962963 0.040625 0.18425925925925926
0 0.43359375 0.26435185185185184 0.02760416666666667 0.12314814814814815
0 0.4322916666666667 0.36018518518518516 0.036458333333333336 0.16296296296296295
0 0.4018229166666667 0.3444444444444444 0.034895833333333334 0.1685185185185185
0 0.11276041666666668 0.5273148148148148 0.04010416666666666 0.1935185185185185
0 0.5333333333333333 0.2199074074074074 0.025 0.12129629629629629
0 0.6882812500000001 0.21666666666666665 0.0234375 0.07222222222222222
0 0.6104166666666666 0.4055555555555555 0.040625 0.18518518518518517
0 0.6286458333333335 0.32407407407407407 0.03229166666666667 0.13518518518518519
0 0.5630208333333334 0.30787037037037035 0.030208333333333334 0.1398148148148148
0 0.6416666666666666 0.375462962962963 0.03333333333333333 0.15092592592592594
0 0.7361979166666666 0.2560185185185185 0.0328125 0.08055555555555555
0 0.3893229166666667 0.34907407407407404 0.029687500000000002 0.16296296296296295
0 0.043750000000000004 0.9296296296296295 0.08645833333333333 0.14074074074074075
0 0.32135416666666666 0.9087962962962963 0.06145833333333334 0.18425925925925926
0 0.22447916666666667 0.5212962962962963 0.06666666666666667 0.22037037037037036
0 0.22395833333333334 0.48564814814814816 0.06458333333333334 0.2046296296296296
0 0.22083333333333335 0.4634259259259259 0.05 0.20648148148148146
0 0.21302083333333335 0.7574074074074074 0.059375000000000004 0.2648148148148148
0 0.27890624999999997 0.6518518518518518 0.0609375 0.2462962962962963
0 0.33203125 0.6370370370370371 0.050520833333333334 0.22037037037037036
0 0.35234375 0.7023148148148147 0.050520833333333334 0.2046296296296296
0 0.30390625000000004 0.5819444444444444 0.059895833333333336 0.25833333333333336
0 0.35833333333333334 0.6226851851851852 0.040625 0.16203703703703703
0 0.7432291666666667 0.4856481481481481 0.053125 0.21203703703703702
0 0.3143229166666667 0.4606481481481481 0.0421875 0.1787037037037037
0 0.3674479166666667 0.4731481481481481 0.0484375 0.20555555555555555
0 0.3768229166666667 0.449537037037037 0.04010416666666666 0.1675925925925926
0 0.4276041666666667 0.4606481481481481 0.03854166666666667 0.15648148148148147
0 0.5283854166666667 0.4185185185185185 0.0421875 0.17407407407407408
0 0.140625 0.5893518518518518 0.052083333333333336 0.2361111111111111
0 0.30859375 0.42407407407407405 0.035937500000000004 0.16296296296296295
0 0.7432291666666667 0.4004629629629629 0.03958333333333334 0.19907407407407407
0 0.6807291666666666 0.38055555555555554 0.026041666666666668 0.11666666666666667
0 0.69765625 0.38287037037037036 0.03072916666666667 0.14537037037037034
0 0.6817708333333334 0.3787037037037037 0.041666666666666664 0.16296296296296295
0 0.44296874999999997 0.3449074074074074 0.035937500000000004 0.14166666666666666
0 0.6135416666666667 0.34027777777777773 0.034374999999999996 0.16203703703703703
0 0.5674479166666667 0.32407407407407407 0.033854166666666664 0.13518518518518519
0 0.5213541666666667 0.36527777777777776 0.03125 0.15648148148148147
0 0.5390625 0.32037037037037036 0.03229166666666667 0.12962962962962962
0 0.4940104166666667 0.37037037037037035 0.0390625 0.17407407407407408
0 0.4911458333333333 0.34444444444444444 0.028125 0.14629629629629629
0 0.4848958333333333 0.25 0.027083333333333334 0.12962962962962962
0 0.4434895833333333 0.2412037037037037 0.028645833333333332 0.12129629629629629
0 0.4619791666666667 0.2361111111111111 0.03125 0.13518518518518519
0 0.33906250000000004 0.3064814814814814 0.029166666666666667 0.137037037037037
0 0.8684895833333334 0.4962962962962963 0.05677083333333334 0.18518518518518517
0 0.5770833333333334 0.41157407407407404 0.040625 0.175
