0 0.8177083333333334 0.874537037037037 0.06041666666666667 0.25092592592592594
0 0.9591145833333334 0.8708333333333333 0.0765625 0.25833333333333336
0 0.23828125 0.5189814814814815 0.049479166666666664 0.18425925925925926
0 0.17994791666666668 0.5546296296296297 0.04114583333333334 0.15925925925925927
0 0.18072916666666666 0.4962962962962963 0.05520833333333334 0.20925925925925926
0 0.2638020833333333 0.5018518518518518 0.04010416666666666 0.18148148148148147
0 0.22447916666666667 0.49629629629629624 0.040625 0.17407407407407408
0 0.38958333333333334 0.6685185185185184 0.05 0.2462962962962963
0 0.34218750000000003 0.6513888888888888 0.06666666666666667 0.2398148148148148
0 0.2682291666666667 0.6268518518518519 0.057291666666666664 0.2537037037037037
0 0.30442708333333335 0.4708333333333333 0.0421875 0.19537037037037036
0 0.7151041666666667 0.500462962962963 0.04479166666666667 0.18055555555555552
0 0.4044270833333333 0.4722222222222222 0.033854166666666664 0.1574074074074074
0 0.37005208333333334 0.45509259259259255 0.044270833333333336 0.18796296296296294
0 0.3299479166666667 0.4532407407407407 0.04010416666666666 0.18425925925925926
0 0.5026041666666667 0.4453703703703703 0.03958333333333334 0.1648148148148148
0 0.4622395833333333 0.4430555555555555 0.03802083333333334 0.17685185185185184
0 0.4955729166666667 0.4078703703703704 0.03802083333333334 0.16203703703703703
0 0.4049479166666667 0.41388888888888886 0.029687500000000002 0.1537037037037037
0 0.38203125 0.3898148148148148 0.033854166666666664 0.14814814814814817
0 0.4786458333333333 0.39537037037037037 0.028125 0.137037037037037
0 0.4973958333333333 0.3569444444444444 0.03229166666666667 0.14351851851851852
0 0.36041666666666666 0.38981481481481484 0.03333333333333333 0.16296296296296295
0 0.4466145833333333 0.3949074074074074 0.033854166666666664 0.15462962962962962
0 0.42473958333333334 0.3888888888888888 0.029687500000000002 0.1685185185185185
0 0.44375000000000003 0.32083333333333336 0.03125 0.12314814814814815
0 0.30364583333333334 0.3986111111111111 0.030208333333333334 0.1324074074074074
0 0.28151041666666665 0.42268518518518516 0.04010416666666666 0.17129629629629628
0 0.42630208333333336 0.3592592592592593 0.03177083333333333 0.13518518518518519
0 0.4 0.3731481481481481 0.03229166666666667 0.137037037037037
0 0.40468750000000003 0.33935185185185185 0.026041666666666668 0.11944444444444444
0 0.38541666666666674 0.350462962962963 0.034374999999999996 0.13796296296296295
0 0.3640625 0.37407407407407406 0.03854166666666667 0.14814814814814817
0 0.40625 0.3638888888888889 0.028125 0.12407407407407406
0 0.7833333333333334 0.36111111111111105 0.03229166666666667 0.17407407407407408
0 0.4640625 0.3555555555555555 0.03229166666666667 0.15925925925925927
0 0.5510416666666667 0.39166666666666666 0.034374999999999996 0.18518518518518517
0 0.5380208333333334 0.39537037037037037 0.027083333333333334 0.17592592592592593
0 0.48802083333333335 0.3726851851851851 0.029166666666666667 0.12314814814814815
0 0.4265625 0.36435185185185176 0.030208333333333334 0.12685185185185185
0 0.34765625 0.38379629629629625 0.034895833333333334 0.17314814814814813
0 0.29921875 0.3375 0.035937500000000004 0.14907407407407408
0 0.47109375000000003 0.312037037037037 0.02760416666666667 0.12407407407407406
0 0.49765625 0.3138888888888889 0.029687500000000002 0.13518518518518519
0 0.5304687499999999 0.42546296296296293 0.035937500000000004 0.16574074074074074
0 0.4455729166666667 0.2884259259259259 0.02760416666666667 0.12129629629629629
0 0.5401041666666666 0.4092592592592592 0.03229166666666667 0.17037037037037037
0 0.471875 0.2787037037037037 0.028125 0.1074074074074074
0 0.3606770833333334 0.2810185185185185 0.03177083333333333 0.12870370370370368
0 0.3875 0.2824074074074074 0.03125 0.13148148148148148
0 0.33984375 0.2472222222222222 0.02447916666666667 0.12222222222222222
0 0.40390625 0.26759259259259255 0.03177083333333333 0.12407407407407406
0 0.34765625 0.24675925925925923 0.0234375 0.11574074074074073
0 0.09583333333333333 0.5513888888888888 0.035416666666666666 0.1935185185185185
0 0.3872395833333333 0.24953703703703703 0.025520833333333333 0.1175925925925926
0 0.13203125000000002 0.500462962962963 0.04010416666666666 0.19722222222222222
0 0.40703125 0.2518518518518518 0.0234375 0.1148148148148148
0 0.5177083333333333 0.48287037037037034 0.041666666666666664 0.19537037037037036
0 0.4815104166666667 0.5166666666666666 0.0484375 0.2037037037037037
0 0.5216145833333333 0.25277777777777777 0.0234375 0.11851851851851851
0 0.38463541666666673 0.2421296296296296 0.0265625 0.12685185185185185
0 0.5307291666666667 0.23425925925925925 0.026041666666666668 0.12037037037037036
0 0.6661458333333333 0.24490740740740738 0.025 0.0787037037037037
0 0.5768229166666666 0.4037037037037037 0.033854166666666664 0.18333333333333332
0 0.6083333333333334 0.35648148148148145 0.03229166666666667 0.13518518518518519
0 0.6192708333333334 0.34722222222222227 0.03229166666666667 0.13518518518518519
0 0.6213541666666667 0.37962962962962965 0.030208333333333334 0.13518518518518519
0 0.36510416666666673 0.26898148148148143 0.01979166666666667 0.0898148148148148
0 0.3651041666666667 0.2787037037037037 0.027083333333333334 0.10925925925925925
0 0.7125 0.28055555555555556 0.030208333333333334 0.07962962962962963
0 0.7692708333333335 0.37962962962962965 0.03229166666666667 0.1685185185185185
0 0.4864583333333333 0.2462962962962963 0.026041666666666668 0.1074074074074074
