0 0.08489583333333334 0.47407407407407404 0.040625 0.19074074074074074
0 0.49895833333333334 0.18101851851851852 0.026041666666666668 0.12129629629629629
0 0.6591145833333334 0.19120370370370368 0.0234375 0.07685185185185185
0 0.6041666666666666 0.3444444444444444 0.036458333333333336 0.17407407407407408
0 0.6005208333333334 0.2787037037037037 0.030208333333333334 0.11851851851851851
0 0.7580729166666667 0.38240740740740736 0.04010416666666666 0.1685185185185185
0 0.6098958333333334 0.34814814814814815 0.03229166666666667 0.16296296296296295
0 0.7078125 0.2310185185185185 0.028125 0.08425925925925926
0 0.07760416666666667 0.7925925925925926 0.058333333333333334 0.29259259259259257
0 0.16354166666666667 0.8217592592592592 0.09375 0.2972222222222222
0 0.16848958333333333 0.7023148148148147 0.0546875 0.27314814814814814
0 0.2716145833333333 0.7615740740740741 0.0734375 0.325
0 0.6466145833333334 0.49953703703703695 0.05260416666666667 0.20648148148148146
0 0.28281249999999997 0.549537037037037 0.053125 0.2157407407407407
0 0.41406250000000006 0.5930555555555554 0.04479166666666667 0.2398148148148148
0 0.28567708333333336 0.625925925925926 0.06510416666666667 0.2685185185185185
0 0.33229166666666665 0.6430555555555555 0.04895833333333334 0.24907407407407406
0 0.7822916666666667 0.5259259259259259 0.05520833333333334 0.20740740740740737
0 0.7171875000000001 0.47685185185185186 0.05520833333333334 0.2037037037037037
0 0.3736979166666667 0.5009259259259259 0.05364583333333334 0.22407407407407404
0 0.8934895833333334 0.44212962962962965 0.0546875 0.2046296296296296
0 0.6268229166666667 0.4347222222222222 0.05260416666666667 0.20277777777777778
0 0.2598958333333333 0.4217592592592593 0.04479166666666667 0.1935185185185185
0 0.5518229166666667 0.3884259259259259 0.03802083333333334 0.17314814814814813
0 0.5750000000000001 0.3972222222222222 0.030208333333333334 0.14259259259259258
0 0.5041666666666667 0.3777777777777778 0.035416666666666666 0.10925925925925925
0 0.53515625 0.34768518518518515 0.04010416666666666 0.15277777777777776
0 0.3588541666666667 0.3597222222222222 0.042708333333333334 0.17129629629629628
0 0.48281250000000003 0.3648148148148148 0.036458333333333336 0.17037037037037037
0 0.5643229166666667 0.15879629629629627 0.0234375 0.10462962962962963
0 0.48802083333333335 0.23657407407407405 0.029166666666666667 0.11944444444444444
0 0.4484375 0.24074074074074076 0.028125 0.12962962962962962
0 0.3244791666666667 0.49351851851851847 0.051041666666666666 0.22777777777777777
0 0.39140625 0.2810185185185185 0.04010416666666666 0.19722222222222222
0 0.5135416666666667 0.28009259259259256 0.03125 0.15092592592592594
0 0.4213541666666667 0.2847222222222222 0.026041666666666668 0.1175925925925926
0 0.3953125 0.2824074074074074 0.034374999999999996 0.14074074074074075
0 0.3697916666666667 0.29027777777777775 0.021875000000000002 0.09351851851851851
0 0.29296875000000006 0.26157407407407407 0.0328125 0.13796296296296295
0 0.41692708333333334 0.2111111111111111 0.029687500000000002 0.1148148148148148
0 0.4216145833333333 0.20694444444444443 0.025520833333333333 0.10648148148148147
0 0.4390625 0.2106481481481481 0.021875000000000002 0.09537037037037037
0 0.37291666666666673 0.18240740740740738 0.034374999999999996 0.12407407407407406
0 0.37890625 0.199537037037037 0.0234375 0.0824074074074074
0 0.4890625 0.2287037037037037 0.021875000000000002 0.08148148148148147
0 0.5072916666666667 0.2009259259259259 0.028125 0.12407407407407406
