0 0.3510416666666667 0.2842592592592592 0.02395833333333333 0.11296296296296296
0 0.3213541666666667 0.2907407407407407 0.030208333333333334 0.13333333333333333
0 0.20911458333333333 0.9444444444444444 0.06614583333333333 0.1111111111111111
0 0.07317708333333334 0.9185185185185184 0.08072916666666667 0.1648148148148148
0 0.03697916666666667 0.9027777777777778 0.059375000000000004 0.19629629629629627
0 0.8627604166666666 0.4819444444444444 0.058854166666666666 0.20648148148148146
0 0.8411458333333334 0.4976851851851852 0.05625 0.1787037037037037
0 0.9083333333333334 0.5037037037037037 0.0625 0.22407407407407404
0 0.7291666666666666 0.37037037037037035 0.040625 0.15185185185185185
0 0.4223958333333333 0.8462962962962962 0.07291666666666667 0.3074074074074074
0 0.3458333333333333 0.8393518518518518 0.07083333333333333 0.32129629629629625
0 0.2578125 0.8888888888888888 0.06874999999999999 0.2222222222222222
0 0.14817708333333335 0.8768518518518519 0.0734375 0.24444444444444444
0 0.103125 0.8601851851851852 0.07291666666666667 0.2685185185185185
0 0.14427083333333335 0.8194444444444443 0.08229166666666668 0.28703703703703703
0 0.22734375 0.7847222222222221 0.0484375 0.2842592592592592
0 0.28906250000000006 0.7592592592592593 0.051041666666666666 0.3037037037037037
0 0.3661458333333333 0.7550925925925926 0.05416666666666667 0.25277777777777777
0 0.18307291666666664 0.6837962962962962 0.0609375 0.262037037037037
0 0.19817708333333334 0.6027777777777777 0.0609375 0.20555555555555555
0 0.31796875 0.6638888888888889 0.05260416666666667 0.24074074074074073
0 0.3997395833333333 0.7277777777777777 0.058854166666666666 0.26666666666666666
0 0.525 0.6518518518518519 0.053125 0.23703703703703702
0 0.35390625000000003 0.5324074074074073 0.0484375 0.21296296296296294
0 0.40078125000000003 0.538425925925926 0.0484375 0.2157407407407407
0 0.7679687500000001 0.45416666666666666 0.050520833333333334 0.20092592592592592
0 0.7421875 0.4388888888888889 0.036458333333333336 0.1796296296296296
0 0.6466145833333334 0.45462962962962966 0.050520833333333334 0.1796296296296296
0 0.6013020833333333 0.47453703703703703 0.043229166666666666 0.16944444444444443
0 0.5791666666666667 0.4712962962962963 0.040625 0.1796296296296296
0 0.5437500000000001 0.4166666666666667 0.029166666666666667 0.14814814814814817
0 0.553125 0.44537037037037036 0.028125 0.16296296296296295
0 0.5338541666666666 0.45231481481481484 0.057291666666666664 0.20092592592592592
0 0.23046875 0.437962962962963 0.034895833333333334 0.16296296296296295
0 0.29348958333333336 0.44722222222222213 0.03072916666666667 0.13888888888888887
0 0.2950520833333333 0.4412037037037037 0.050520833333333334 0.20092592592592592
0 0.32421875 0.4574074074074074 0.0328125 0.13333333333333333
0 0.36744791666666665 0.4671296296296296 0.04635416666666667 0.20092592592592592
0 0.2778645833333333 0.5143518518518518 0.05260416666666667 0.1898148148148148
0 0.5726562500000001 0.4976851851851851 0.044270833333333336 0.20648148148148146
0 0.3299479166666667 0.39537037037037037 0.035937500000000004 0.14629629629629629
0 0.35911458333333335 0.3888888888888889 0.0328125 0.1574074074074074
0 0.5223958333333334 0.5004629629629629 0.046875 0.19537037037037036
0 0.815625 0.5435185185185184 0.06770833333333333 0.20925925925925926
0 0.8700520833333334 0.5833333333333334 0.0578125 0.17037037037037037
0 0.49140625000000004 0.45 0.05260416666666667 0.17037037037037037
0 0.6291666666666667 0.49861111111111106 0.04895833333333334 0.1898148148148148
0 0.4546875 0.44583333333333325 0.04583333333333334 0.1824074074074074
0 0.378125 0.44861111111111107 0.03229166666666667 0.16203703703703703
0 0.4614583333333333 0.4124999999999999 0.036458333333333336 0.17314814814814813
0 0.27447916666666666 0.3925925925925926 0.046875 0.1685185185185185
0 0.46848958333333335 0.3925925925925926 0.033854166666666664 0.1722222222222222
0 0.3541666666666667 0.3393518518518518 0.03333333333333333 0.1398148148148148
0 0.3010416666666667 0.350462962962963 0.028125 0.16018518518518518
0 0.4104166666666667 0.3939814814814815 0.03229166666666667 0.17129629629629628
0 0.4421875 0.3421296296296296 0.03229166666666667 0.14351851851851852
0 0.321875 0.3143518518518518 0.029166666666666667 0.14351851851851852
0 0.30364583333333334 0.32037037037037036 0.034374999999999996 0.14259259259259258
0 0.5385416666666667 0.4180555555555555 0.03333333333333333 0.16574074074074074
0 0.42942708333333335 0.32407407407407407 0.02760416666666667 0.13148148148148148
0 0.4127604166666667 0.2907407407407407 0.02760416666666667 0.12037037037037036
0 0.3864583333333333 0.33194444444444443 0.028125 0.13796296296296295
0 0.5583333333333333 0.4004629629629629 0.036458333333333336 0.1824074074074074
0 0.4919270833333333 0.3486111111111111 0.035937500000000004 0.14351851851851852
0 0.5164062500000001 0.3361111111111111 0.03177083333333333 0.14629629629629629
0 0.4729166666666667 0.324537037037037 0.03229166666666667 0.1398148148148148
0 0.4997395833333333 0.3162037037037037 0.025520833333333333 0.11018518518518518
0 0.446875 0.28518518518518515 0.026041666666666668 0.11851851851851851
0 0.39505208333333336 0.2462962962962963 0.02760416666666667 0.11851851851851851
0 0.5536458333333334 0.32916666666666666 0.03229166666666667 0.15648148148148147
0 0.6161458333333334 0.3486111111111111 0.0375 0.17129629629629628
0 0.5802083333333333 0.3189814814814815 0.029166666666666667 0.15462962962962962
0 0.5098958333333333 0.2564814814814815 0.02395833333333333 0.12407407407407406
0 0.4778645833333333 0.2351851851851852 0.0234375 0.10925925925925925
0 0.3713541666666667 0.2569444444444444 0.029166666666666667 0.12870370370370368
0 0.45546875 0.24166666666666667 0.029687500000000002 0.11296296296296296
0 0.42291666666666666 0.2597222222222222 0.02291666666666667 0.10092592592592592
0 0.4205729166666667 0.2833333333333333 0.02760416666666667 0.10925925925925925
0 0.3927083333333333 0.2398148148148148 0.02395833333333333 0.1074074074074074
0 0.3559895833333333 0.2462962962962963 0.025520833333333333 0.11851851851851851
0 0.5291666666666667 0.23564814814814816 0.02395833333333333 0.12129629629629629
0 0.5278645833333334 0.2689814814814815 0.021354166666666667 0.10462962962962963
0 0.6671874999999999 0.23842592592592593 0.025 0.0787037037037037
0 0.43463541666666666 0.25740740740740736 0.019270833333333334 0.09074074074074073
0 0.53671875 0.37361111111111106 0.018229166666666668 0.0861111111111111
0 0.38958333333333334 0.44629629629629625 0.0375 0.17037037037037037
0 0.6046875 0.4078703703703704 0.036458333333333336 0.17685185185185184
0 0.6125 0.350925925925926 0.03229166666666667 0.13518518518518519
0 0.6135416666666667 0.3453703703703704 0.03229166666666667 0.13518518518518519
0 0.6234375 0.37407407407407406 0.030208333333333334 0.13518518518518519
0 0.5802083333333333 0.45185185185185184 0.027083333333333334 0.1259259259259259
0 0.5770833333333334 0.4532407407407407 0.030208333333333334 0.1324074074074074
0 0.7151041666666667 0.2759259259259259 0.030208333333333334 0.07962962962962963
0 0.78125 0.35555555555555557 0.030208333333333334 0.1685185185185185
0 0.378125 0.2824074074074074 0.028125 0.12962962962962962
0 0.5330729166666667 0.33055555555555555 0.029687500000000002 0.1259259259259259
0 0.5651041666666667 0.4282407407407407 0.034374999999999996 0.14907407407407408
0 0.30651041666666673 0.4416666666666666 0.028645833333333332 0.14074074074074075
