0 0.1046875 0.8699074074074074 0.058333333333333334 0.262037037037037
0 0.14947916666666666 0.8611111111111109 0.06041666666666667 0.27777777777777773
0 0.18125 0.41527777777777775 0.03958333333333334 0.16574074074074074
0 0.8622395833333334 0.6268518518518518 0.058854166666666666 0.2296296296296296
0 0.8354166666666667 0.5796296296296296 0.06354166666666666 0.22592592592592592
0 0.7111979166666667 0.4333333333333333 0.035937500000000004 0.18148148148148147
0 0.5442708333333334 0.2935185185185185 0.030208333333333334 0.137037037037037
0 0.5786458333333334 0.3550925925925926 0.029166666666666667 0.12685185185185185
0 0.5841145833333333 0.45 0.04010416666666666 0.18518518518518517
0 0.68515625 0.449537037037037 0.04635416666666667 0.1935185185185185
0 0.5526041666666667 0.3666666666666666 0.03125 0.14444444444444443
0 0.3609375 0.5356481481481481 0.04479166666666667 0.22314814814814812
0 0.5611979166666666 0.44861111111111107 0.03802083333333334 0.1898148148148148
0 0.6184895833333334 0.374537037037037 0.03802083333333334 0.14351851851851852
0 0.9007812500000001 0.4824074074074074 0.050520833333333334 0.2148148148148148
0 0.14765625000000002 0.7185185185185186 0.06197916666666667 0.2611111111111111
0 0.7651041666666667 0.46018518518518514 0.03958333333333334 0.15555555555555553
0 0.6109375 0.524537037037037 0.04479166666666667 0.19537037037037036
0 0.296875 0.5333333333333333 0.04895833333333334 0.2185185185185185
0 0.7221354166666666 0.5273148148148148 0.05677083333333334 0.23796296296296296
0 0.86640625 0.6217592592592592 0.044270833333333336 0.17685185185185184
0 0.63671875 0.38564814814814813 0.02760416666666667 0.13796296296296295
0 0.23802083333333335 0.4319444444444444 0.03333333333333333 0.16018518518518518
0 0.3697916666666667 0.2712962962962963 0.02291666666666667 0.10555555555555556
0 0.38255208333333335 0.25601851851851853 0.02760416666666667 0.12685185185185185
0 0.4263020833333333 0.25555555555555554 0.0234375 0.1074074074074074
0 0.4302083333333333 0.24166666666666664 0.026041666666666668 0.12407407407407406
0 0.39218749999999997 0.19305555555555556 0.028125 0.10462962962962963
0 0.32083333333333336 0.44490740740740736 0.04583333333333334 0.18796296296296294
0 0.4119791666666667 0.4935185185185185 0.036458333333333336 0.1925925925925926
0 0.4606770833333333 0.475925925925926 0.050520833333333334 0.20185185185185184
0 0.7484375 0.4305555555555555 0.041666666666666664 0.18148148148148147
0 0.6104166666666667 0.4527777777777777 0.03229166666666667 0.1574074074074074
0 0.8119791666666666 0.4935185185185185 0.05416666666666667 0.19074074074074074
0 0.51171875 0.23425925925925925 0.025520833333333333 0.11851851851851851
0 0.8523437500000001 0.40046296296296297 0.03177083333333333 0.15092592592592594
0 0.65625 0.24305555555555552 0.02395833333333333 0.0824074074074074
0 0.7588541666666667 0.4546296296296296 0.027083333333333334 0.14444444444444443
0 0.5841145833333333 0.4013888888888888 0.033854166666666664 0.17685185185185184
0 0.4114583333333334 0.3087962962962963 0.034374999999999996 0.13425925925925924
0 0.2328125 0.29629629629629634 0.029166666666666667 0.12407407407407406
0 0.6114583333333333 0.375 0.030208333333333334 0.13518518518518519
0 0.703125 0.2726851851851852 0.028125 0.0787037037037037
0 0.29322916666666665 0.7083333333333334 0.05 0.2814814814814815
0 0.16770833333333335 0.42083333333333334 0.03854166666666667 0.17685185185185184
