0 0.796875 0.8629629629629628 0.07187500000000001 0.274074074074074
0 0.23333333333333334 0.475 0.041666666666666664 0.17037037037037037
0 0.1953125 0.5064814814814814 0.041666666666666664 0.14074074074074075
0 0.18958333333333335 0.461574074074074 0.051041666666666666 0.19722222222222222
0 0.24635416666666665 0.4634259259259259 0.041666666666666664 0.1675925925925926
0 0.21953125 0.4592592592592592 0.03697916666666667 0.16666666666666666
0 0.35000000000000003 0.7541666666666667 0.06666666666666667 0.2842592592592592
0 0.2869791666666667 0.7754629629629629 0.06979166666666667 0.2824074074074074
0 0.20885416666666665 0.7314814814814814 0.06041666666666667 0.28888888888888886
0 0.29453124999999997 0.5185185185185185 0.050520833333333334 0.2111111111111111
0 0.39296875 0.5222222222222223 0.035937500000000004 0.16666666666666666
0 0.3591145833333333 0.5050925925925925 0.04635416666666667 0.2046296296296296
0 0.3216145833333333 0.49629629629629624 0.044270833333333336 0.2037037037037037
0 0.5611979166666666 0.48796296296296293 0.04635416666666667 0.18703703703703703
0 0.5143229166666667 0.4930555555555555 0.0421875 0.19537037037037036
0 0.53125 0.44259259259259254 0.040625 0.16296296296296295
0 0.3841145833333334 0.4351851851851852 0.03177083333333333 0.1537037037037037
0 0.37031250000000004 0.41898148148148145 0.034374999999999996 0.14907407407407408
0 0.5187499999999999 0.43796296296296294 0.03229166666666667 0.1611111111111111
0 0.49401041666666673 0.3837962962962963 0.03177083333333333 0.14351851851851852
0 0.3458333333333333 0.42268518518518516 0.03958333333333334 0.1787037037037037
0 0.47109375 0.4319444444444444 0.035937500000000004 0.17314814814814813
0 0.4419270833333333 0.4319444444444444 0.033854166666666664 0.17685185185185184
0 0.4455729166666667 0.34583333333333327 0.03177083333333333 0.12314814814814815
0 0.2872395833333333 0.42453703703703705 0.02760416666666667 0.13796296296296295
0 0.2846354166666667 0.4717592592592592 0.04114583333333334 0.19537037037037036
0 0.44296875 0.37916666666666665 0.029687500000000002 0.13425925925925924
0 0.42265625 0.41203703703703703 0.03177083333333333 0.1574074074074074
0 0.41328125 0.3694444444444444 0.025520833333333333 0.11851851851851851
0 0.4046875 0.3819444444444444 0.03333333333333333 0.16018518518518518
0 0.39453125 0.40879629629629627 0.03802083333333334 0.15648148148148147
0 0.4197916666666667 0.3888888888888889 0.028125 0.12407407407407406
0 0.3604166666666667 0.2875 0.030208333333333334 0.1398148148148148
0 0.3361979166666667 0.28981481481481475 0.0265625 0.11851851851851851
0 0.78359375 0.36249999999999993 0.03072916666666667 0.17314814814814813
0 0.4661458333333333 0.3851851851851852 0.036458333333333336 0.16666666666666666
0 0.5455729166666666 0.3949074074074074 0.035937500000000004 0.18425925925925926
0 0.5059895833333333 0.4041666666666667 0.033854166666666664 0.17685185185185184
0 0.4786458333333333 0.4180555555555555 0.029166666666666667 0.14907407407407408
0 0.4307291666666667 0.3976851851851852 0.030208333333333334 0.15462962962962962
0 0.3236979166666667 0.4092592592592592 0.035937500000000004 0.16296296296296295
0 0.2932291666666667 0.36759259259259264 0.03854166666666667 0.14814814814814817
0 0.4723958333333333 0.3439814814814815 0.027083333333333334 0.13055555555555556
0 0.4984375 0.33842592592592596 0.03229166666666667 0.14351851851851852
0 0.5255208333333333 0.42731481481481476 0.034374999999999996 0.16574074074074074
0 0.31145833333333334 0.34861111111111115 0.030208333333333334 0.15092592592592594
0 0.4770833333333333 0.3106481481481482 0.027083333333333334 0.12129629629629629
0 0.5393229166666667 0.4129629629629629 0.03177083333333333 0.17037037037037037
0 0.5083333333333333 0.30416666666666664 0.028125 0.11574074074074073
0 0.3783854166666667 0.3032407407407407 0.03177083333333333 0.14351851851851852
0 0.41119791666666666 0.3055555555555555 0.029687500000000002 0.137037037037037
0 0.4169270833333333 0.25555555555555554 0.025520833333333333 0.12037037037037036
0 0.4390625 0.2861111111111111 0.03125 0.13148148148148148
0 0.30520833333333336 0.31157407407407406 0.026041666666666668 0.1175925925925926
0 0.2703125 0.3069444444444444 0.025 0.12314814814814815
0 0.3744791666666667 0.2634259259259259 0.026041666666666668 0.11574074074074073
0 0.09088541666666668 0.549074074074074 0.0390625 0.1925925925925926
0 0.43463541666666666 0.2726851851851852 0.029687500000000002 0.12685185185185185
0 0.13072916666666667 0.5004629629629629 0.03958333333333334 0.19537037037037036
0 0.4557291666666667 0.2712962962962963 0.030208333333333334 0.12222222222222222
0 0.41953125 0.47407407407407404 0.0390625 0.1925925925925926
0 0.4309895833333333 0.5069444444444444 0.043229166666666666 0.20092592592592592
0 0.5677083333333334 0.27314814814814814 0.028125 0.12407407407407406
0 0.4609375 0.262037037037037 0.03125 0.13148148148148148
0 0.5270833333333333 0.2351851851851852 0.026041666666666668 0.12037037037037036
0 0.6661458333333333 0.2462962962962963 0.025 0.07962962962962963
0 0.5817708333333333 0.4097222222222222 0.03333333333333333 0.1787037037037037
0 0.60703125 0.3574074074074074 0.03177083333333333 0.13518518518518519
0 0.6174479166666667 0.34907407407407404 0.03177083333333333 0.13518518518518519
0 0.621875 0.3805555555555555 0.030208333333333334 0.13518518518518519
0 0.40156250000000004 0.2875 0.01979166666666667 0.0898148148148148
0 0.3979166666666667 0.2972222222222222 0.027083333333333334 0.1148148148148148
0 0.7151041666666667 0.2814814814814815 0.030208333333333334 0.07962962962962963
0 0.7684895833333334 0.37962962962962965 0.028645833333333332 0.1685185185185185
0 0.52734375 0.2699074074074074 0.025520833333333333 0.11018518518518518
