0 0.5515625000000001 0.23194444444444443 0.030208333333333334 0.12685185185185185
0 0.3786458333333333 0.2310185185185185 0.027083333333333334 0.12870370370370368
0 0.35625 0.225 0.028125 0.13518518518518519
0 0.11562499999999999 0.49027777777777776 0.034374999999999996 0.1898148148148148
0 0.5252604166666667 0.18101851851851852 0.025520833333333333 0.12129629629629629
0 0.6828125 0.1847222222222222 0.02395833333333333 0.07685185185185185
0 0.5994791666666667 0.36666666666666664 0.0375 0.18518518518518517
0 0.6234375 0.2842592592592592 0.030208333333333334 0.12407407407407406
0 0.6153645833333334 0.29861111111111105 0.03177083333333333 0.14907407407407408
0 0.6390625000000001 0.33888888888888885 0.03229166666666667 0.15185185185185185
0 0.7333333333333334 0.22453703703703703 0.028125 0.08425925925925926
0 0.35572916666666665 0.23194444444444443 0.028125 0.14351851851851852
0 0.253125 0.9092592592592592 0.09479166666666668 0.18148148148148147
0 0.26249999999999996 0.2935185185185185 0.0375 0.1574074074074074
0 0.34921875 0.7675925925925925 0.06614583333333333 0.3055555555555555
0 0.8901041666666667 0.4972222222222222 0.08645833333333333 0.21296296296296294
0 0.6671875 0.34398148148148144 0.036458333333333336 0.16388888888888886
0 0.6447916666666667 0.35277777777777775 0.0375 0.1648148148148148
0 0.15234375 0.9013888888888888 0.09531250000000001 0.19722222222222222
0 0.3799479166666667 0.49537037037037035 0.0578125 0.29814814814814816
0 0.5812499999999999 0.42777777777777776 0.046875 0.20185185185185184
0 0.4838541666666667 0.43657407407407406 0.03854166666666667 0.16574074074074074
0 0.42239583333333336 0.4333333333333333 0.04583333333333334 0.19074074074074074
0 0.3895833333333333 0.44351851851851853 0.028125 0.10925925925925925
0 0.3125 0.41666666666666663 0.03854166666666667 0.17407407407407408
0 0.30312500000000003 0.34305555555555556 0.03229166666666667 0.15648148148148147
0 0.4234375 0.3101851851851852 0.030208333333333334 0.137037037037037
0 0.434375 0.3064814814814814 0.030208333333333334 0.13518518518518519
0 0.3755208333333333 0.32083333333333336 0.03125 0.11388888888888889
0 0.4536458333333333 0.274074074074074 0.03333333333333333 0.15185185185185185
0 0.4765625 0.29861111111111105 0.03125 0.10092592592592592
0 0.3127604166666667 0.25462962962962965 0.033854166666666664 0.14074074074074075
0 0.3372395833333333 0.2175925925925926 0.033854166666666664 0.137037037037037
0 0.4291666666666667 0.24907407407407406 0.03333333333333333 0.13518518518518519
0 0.45546875 0.24074074074074073 0.029687500000000002 0.10185185185185185
0 0.4315104166666667 0.22083333333333333 0.029687500000000002 0.12129629629629629
0 0.5393229166666667 0.32175925925925924 0.03072916666666667 0.09907407407407406
0 0.57265625 0.3 0.04010416666666666 0.1648148148148148
0 0.49973958333333335 0.23009259259259257 0.03177083333333333 0.13796296296296295
0 0.45598958333333334 0.20787037037037034 0.021354166666666667 0.09351851851851851
0 0.4544270833333333 0.21157407407407405 0.02760416666666667 0.09907407407407406
0 0.45078125 0.21435185185185185 0.029687500000000002 0.12870370370370368
0 0.36796875 0.20185185185185184 0.02760416666666667 0.12962962962962962
0 0.4557291666666667 0.22731481481481483 0.026041666666666668 0.12129629629629629
