0 0.045312500000000006 0.9560185185185185 0.059375000000000004 0.0898148148148148
0 0.8880208333333335 0.475462962962963 0.042708333333333334 0.1935185185185185
0 0.52890625 0.31342592592592594 0.03177083333333333 0.14351851851851852
0 0.6890625 0.40138888888888885 0.034374999999999996 0.16203703703703703
0 0.7664062500000001 0.487962962962963 0.04010416666666666 0.18518518518518517
0 0.8476562500000001 0.4949074074074074 0.050520833333333334 0.21018518518518517
0 0.6640625 0.4041666666666667 0.03333333333333333 0.14537037037037034
0 0.3234375 0.649074074074074 0.058333333333333334 0.25740740740740736
0 0.7562500000000001 0.4939814814814814 0.034374999999999996 0.19907407407407407
0 0.74375 0.42731481481481476 0.03854166666666667 0.14351851851851852
0 0.049739583333333344 0.889351851851852 0.07447916666666668 0.21944444444444444
0 0.5867187500000001 0.6365740740740741 0.04739583333333334 0.2287037037037037
0 0.2609375 0.6453703703703704 0.058333333333333334 0.25740740740740736
0 0.5546875 0.47268518518518515 0.040625 0.21203703703703702
0 0.69921875 0.5231481481481481 0.06302083333333333 0.22407407407407404
0 0.8015625 0.5384259259259259 0.05416666666666667 0.2046296296296296
0 0.8302083333333334 0.5310185185185184 0.052083333333333336 0.22314814814814812
0 0.75703125 0.5231481481481481 0.051562500000000004 0.20740740740740737
0 0.8984375 0.5249999999999999 0.05625 0.2148148148148148
0 0.8630208333333335 0.5990740740740741 0.04791666666666666 0.1685185185185185
0 0.7765625 0.4476851851851852 0.036458333333333336 0.1787037037037037
0 0.265625 0.40972222222222215 0.03333333333333333 0.16018518518518518
0 0.44140625 0.26666666666666666 0.033854166666666664 0.1
0 0.4020833333333333 0.2550925925925926 0.028125 0.12685185185185185
0 0.48541666666666666 0.275 0.021875000000000002 0.10925925925925925
0 0.5015624999999999 0.26157407407407407 0.028125 0.1324074074074074
0 0.5031249999999999 0.18194444444444444 0.020833333333333332 0.09907407407407406
0 0.15703125 0.4324074074074074 0.04010416666666666 0.18148148148148147
0 0.22864583333333335 0.4574074074074074 0.03958333333333334 0.1685185185185185
0 0.3026041666666667 0.449537037037037 0.051041666666666666 0.18425925925925926
0 0.88046875 0.4717592592592592 0.0421875 0.1787037037037037
0 0.7752604166666667 0.4949074074074074 0.035937500000000004 0.16574074074074074
0 0.515625 0.24074074074074073 0.026041666666666668 0.11851851851851851
0 0.8299479166666667 0.41157407407407404 0.03177083333333333 0.15092592592592594
0 0.65625 0.2458333333333333 0.02395833333333333 0.0824074074074074
0 0.5317708333333334 0.39537037037037037 0.035416666666666666 0.17407407407407408
0 0.3072916666666667 0.3157407407407407 0.0375 0.13518518518518519
0 0.16041666666666665 0.3037037037037037 0.029166666666666667 0.11666666666666667
0 0.6130208333333333 0.375 0.030208333333333334 0.13518518518518519
0 0.7020833333333334 0.27546296296296297 0.028125 0.0787037037037037
0 0.159375 0.8699074074074074 0.06354166666666666 0.262037037037037
0 0.16770833333333335 0.42361111111111105 0.03854166666666667 0.17685185185185184
