0 0.696875 0.549537037037037 0.05625 0.1935185185185185
0 0.2994791666666667 0.4527777777777777 0.036458333333333336 0.1685185185185185
0 0.7341145833333335 0.4212962962962962 0.0421875 0.17037037037037037
0 0.55859375 0.42453703703703705 0.04010416666666666 0.18425925925925926
0 0.5158854166666667 0.4347222222222221 0.043229166666666666 0.17685185185185184
0 0.3005208333333333 0.41666666666666663 0.036458333333333336 0.1574074074074074
0 0.5867187500000001 0.5601851851851852 0.044270833333333336 0.22037037037037036
0 0.5585937500000001 0.3763888888888889 0.03177083333333333 0.12870370370370368
0 0.5127604166666666 0.32083333333333336 0.029687500000000002 0.12685185185185185
0 0.5296875 0.32361111111111107 0.027083333333333334 0.11203703703703702
0 0.4690104166666667 0.33009259259259255 0.029687500000000002 0.13425925925925924
0 0.8093750000000001 0.3625 0.03125 0.15462962962962962
0 0.4572916666666667 0.36527777777777776 0.030208333333333334 0.14351851851851852
0 0.026302083333333334 0.7717592592592591 0.051562500000000004 0.275
0 0.4255208333333333 0.28935185185185186 0.03333333333333333 0.12129629629629629
0 0.37864583333333335 0.2847222222222222 0.03125 0.12870370370370368
0 0.36640625000000004 0.2791666666666667 0.02760416666666667 0.12685185185185185
0 0.7705729166666666 0.38240740740740736 0.03072916666666667 0.1685185185185185
0 0.79765625 0.8708333333333333 0.07968750000000001 0.2601851851851852
0 0.6989583333333335 0.8791666666666667 0.07916666666666668 0.24351851851851852
0 0.51875 0.9671296296296297 0.05 0.06759259259259259
0 0.10078125 0.5629629629629629 0.044270833333333336 0.19629629629629627
0 0.33515625000000004 0.36157407407407405 0.0328125 0.14351851851851852
0 0.5479166666666666 0.2532407407407407 0.028125 0.12685185185185185
0 0.6817708333333334 0.25833333333333336 0.026041666666666668 0.07407407407407408
0 0.6020833333333334 0.4291666666666666 0.036458333333333336 0.1824074074074074
0 0.6213541666666667 0.3657407407407407 0.03229166666666667 0.13518518518518519
0 0.6216145833333334 0.3574074074074074 0.03177083333333333 0.13518518518518519
0 0.6364583333333335 0.39166666666666666 0.034374999999999996 0.14629629629629629
0 0.7278645833333334 0.2935185185185185 0.033854166666666664 0.07962962962962963
0 0.7799479166666666 0.3925925925925926 0.033854166666666664 0.1685185185185185
0 0.07161458333333333 0.9305555555555555 0.08802083333333333 0.14074074074074075
0 0.1390625 0.8736111111111111 0.07187500000000001 0.25277777777777777
0 0.20651041666666664 0.8856481481481481 0.07135416666666666 0.23055555555555554
0 0.2513020833333333 0.5393518518518519 0.04635416666666667 0.2287037037037037
0 0.06875 0.8893518518518518 0.06145833333333334 0.22314814814814812
0 0.6234375 0.3939814814814815 0.03125 0.175
0 0.4934895833333333 0.39120370370370366 0.033854166666666664 0.16203703703703703
0 0.6502604166666667 0.39212962962962966 0.033854166666666664 0.16018518518518518
0 0.27395833333333336 0.5597222222222221 0.04895833333333334 0.24166666666666667
0 0.759375 0.4532407407407407 0.03229166666666667 0.16203703703703703
0 0.2872395833333333 0.37407407407407406 0.03177083333333333 0.13518518518518519
0 0.8432291666666667 0.6606481481481481 0.0625 0.23796296296296296
0 0.5268229166666667 0.5162037037037037 0.05677083333333334 0.19537037037037036
0 0.40859375 0.5912037037037037 0.0453125 0.2157407407407407
0 0.72109375 0.475 0.04114583333333334 0.18518518518518517
0 0.6328125 0.48703703703703705 0.04583333333333334 0.2037037037037037
0 0.6848958333333335 0.46574074074074073 0.04791666666666666 0.18333333333333332
0 0.4072916666666667 0.437037037037037 0.04479166666666667 0.1685185185185185
