0 0.09270833333333334 0.3768518518518518 0.04895833333333334 0.18703703703703703
0 0.5091145833333334 0.08287037037037037 0.025520833333333333 0.12129629629629629
0 0.6705729166666666 0.09675925925925925 0.0234375 0.07685185185185185
0 0.5856770833333333 0.25416666666666665 0.035937500000000004 0.18425925925925926
0 0.609375 0.19166666666666668 0.029166666666666667 0.11851851851851851
0 0.6208333333333335 0.24907407407407406 0.03229166666666667 0.16296296296296295
0 0.7192708333333334 0.1337962962962963 0.028125 0.08425925925925926
0 0.04375 0.8129629629629629 0.078125 0.3537037037037037
0 0.17682291666666666 0.8444444444444444 0.09947916666666667 0.30925925925925923
0 0.2828125 0.40509259259259256 0.040625 0.2046296296296296
0 0.3450520833333333 0.4162037037037037 0.058854166666666666 0.19537037037037036
0 0.28359375000000003 0.35138888888888886 0.03802083333333334 0.19907407407407407
0 0.4005208333333333 0.35185185185185186 0.046875 0.2037037037037037
0 0.3419270833333333 0.2879629629629629 0.03177083333333333 0.1648148148148148
0 0.32890625 0.28935185185185186 0.033854166666666664 0.18425925925925926
0 0.37552083333333336 0.287962962962963 0.035416666666666666 0.17037037037037037
0 0.48229166666666673 0.3231481481481481 0.051041666666666666 0.2
0 0.5338541666666667 0.32592592592592595 0.03958333333333334 0.18518518518518517
0 0.6434895833333334 0.3458333333333333 0.04739583333333334 0.18425925925925926
0 0.2546875 0.3342592592592592 0.043750000000000004 0.19074074074074074
0 0.2265625 0.3152777777777777 0.046875 0.1898148148148148
0 0.7372395833333334 0.35879629629629634 0.0421875 0.18055555555555552
0 0.4317708333333333 0.2439814814814815 0.03958333333333334 0.17129629629629628
0 0.6799479166666667 0.2726851851851852 0.035937500000000004 0.16203703703703703
0 0.7528645833333334 0.3282407407407407 0.03802083333333334 0.1824074074074074
0 0.7861979166666667 0.3152777777777777 0.03697916666666667 0.17685185185185184
0 0.7239583333333335 0.32083333333333336 0.0375 0.18425925925925926
0 0.74609375 0.29583333333333334 0.03697916666666667 0.1824074074074074
0 0.7565104166666666 0.27824074074074073 0.033854166666666664 0.16018518518518518
0 0.7315104166666666 0.28055555555555556 0.035937500000000004 0.19074074074074074
0 0.5744791666666667 0.21666666666666667 0.03854166666666667 0.1648148148148148
0 0.5294270833333333 0.25925925925925924 0.04114583333333334 0.16296296296296295
0 0.26796875000000003 0.21296296296296297 0.035937500000000004 0.15925925925925927
0 0.4565104166666667 0.18240740740740738 0.03697916666666667 0.13333333333333333
0 0.48411458333333335 0.2 0.0265625 0.1148148148148148
0 0.4885416666666667 0.18564814814814815 0.025 0.08796296296296297
0 0.49765625 0.17037037037037037 0.02760416666666667 0.13518518518518519
0 0.3255208333333333 0.1875 0.04583333333333334 0.15462962962962962
0 0.290625 0.15925925925925927 0.035416666666666666 0.13148148148148148
0 0.5229166666666667 0.1023148148148148 0.02395833333333333 0.11574074074074073
0 0.7807291666666667 0.10046296296296295 0.026041666666666668 0.09907407407407406
0 0.39427083333333335 0.23657407407407405 0.035416666666666666 0.17314814814814813
0 0.30546875 0.09444444444444443 0.03072916666666667 0.14259259259259258
0 0.43046875 0.10462962962962963 0.033854166666666664 0.1259259259259259
0 0.3919270833333333 0.11620370370370368 0.02760416666666667 0.11018518518518518
0 0.3703125 0.11064814814814813 0.03125 0.11944444444444444
0 0.35520833333333335 0.12870370370370368 0.02395833333333333 0.09074074074074073
