0 0.7463541666666667 0.612037037037037 0.06354166666666666 0.2148148148148148
0 0.28880208333333335 0.5226851851851851 0.049479166666666664 0.19537037037037036
0 0.7536458333333333 0.47638888888888886 0.04583333333333334 0.18425925925925926
0 0.6036458333333334 0.4703703703703704 0.04895833333333334 0.19629629629629627
0 0.5518229166666666 0.48379629629629634 0.04010416666666666 0.19722222222222222
0 0.27786458333333336 0.47222222222222215 0.0390625 0.18518518518518517
0 0.6492187500000001 0.5837962962962961 0.0453125 0.2287037037037037
0 0.59140625 0.38935185185185184 0.02760416666666667 0.12870370370370368
0 0.534375 0.3509259259259259 0.030208333333333334 0.14074074074074075
0 0.5567708333333333 0.35648148148148145 0.027083333333333334 0.12407407407407406
0 0.48671875 0.35138888888888886 0.029687500000000002 0.13425925925925924
0 0.80390625 0.35879629629629634 0.029687500000000002 0.15462962962962962
0 0.47031249999999997 0.3893518518518518 0.03333333333333333 0.15648148148148147
0 0.12005208333333332 0.6611111111111111 0.0578125 0.24074074074074073
0 0.40703125 0.3189814814814814 0.029687500000000002 0.12685185185185185
0 0.37343750000000003 0.3037037037037037 0.03125 0.13518518518518519
0 0.2984375 0.3412037037037037 0.0375 0.14537037037037034
0 0.3997395833333334 0.2967592592592592 0.03177083333333333 0.12314814814814815
0 0.3744791666666667 0.2657407407407407 0.02395833333333333 0.10925925925925925
0 0.3479166666666667 0.2634259259259259 0.026041666666666668 0.11944444444444444
0 0.346875 0.262037037037037 0.021875000000000002 0.1074074074074074
0 0.77265625 0.3819444444444445 0.029687500000000002 0.17129629629629628
0 0.6890625 0.773611111111111 0.05625 0.32685185185185184
0 0.6046875 0.7745370370370369 0.059375000000000004 0.32129629629629625
0 0.5989583333333334 0.8902777777777777 0.08541666666666667 0.22129629629629627
0 0.5268229166666667 0.8726851851851851 0.07760416666666667 0.2564814814814815
0 0.09765625 0.5629629629629629 0.044270833333333336 0.19629629629629627
0 0.3515625 0.39305555555555555 0.03229166666666667 0.14907407407407408
0 0.54453125 0.25046296296296294 0.028645833333333332 0.12685185185185185
0 0.67734375 0.25925925925925924 0.025520833333333333 0.07407407407407408
0 0.5942708333333334 0.4287037037037037 0.034374999999999996 0.18333333333333332
0 0.61875 0.362962962962963 0.03229166666666667 0.13518518518518519
0 0.6208333333333335 0.3574074074074074 0.03229166666666667 0.13518518518518519
0 0.634375 0.39444444444444443 0.034374999999999996 0.14629629629629629
0 0.7252604166666666 0.2935185185185185 0.033854166666666664 0.07962962962962963
0 0.7755208333333333 0.3921296296296296 0.03333333333333333 0.17314814814814813
0 0.0578125 0.9407407407407408 0.075 0.12037037037037036
0 0.45182291666666674 0.524537037037037 0.06302083333333333 0.21018518518518517
0 0.7036458333333334 0.41851851851851846 0.03125 0.18888888888888886
0 0.5223958333333334 0.4231481481481481 0.036458333333333336 0.17037037037037037
0 0.7299479166666666 0.41435185185185186 0.035937500000000004 0.18425925925925926
0 0.23229166666666667 0.6564814814814814 0.05416666666666667 0.2814814814814815
0 0.8406250000000001 0.4847222222222222 0.034374999999999996 0.16944444444444443
0 0.3841145833333334 0.48472222222222217 0.05260416666666667 0.18055555555555552
0 0.37343750000000003 0.7018518518518518 0.052083333333333336 0.25
0 0.9572916666666667 0.5004629629629629 0.057291666666666664 0.19537037037037036
0 0.8424479166666666 0.5203703703703704 0.0546875 0.22037037037037036
0 0.9140625 0.48935185185185187 0.05520833333333334 0.19907407407407407
0 0.5450520833333333 0.4662037037037037 0.051562500000000004 0.18425925925925926
