0 0.03854166666666666 0.9546296296296296 0.051041666666666666 0.09259259259259259
0 0.1921875 0.9490740740740741 0.078125 0.10370370370370369
0 0.04635416666666667 0.8759259259259259 0.07604166666666667 0.25
0 0.16718750000000002 0.836111111111111 0.08125 0.2907407407407407
0 0.26927083333333335 0.8819444444444444 0.06354166666666666 0.2361111111111111
0 0.246875 0.912037037037037 0.07708333333333334 0.17777777777777776
0 0.5890624999999999 0.8865740740740741 0.075 0.225
0 0.23489583333333336 0.6717592592592593 0.052083333333333336 0.262037037037037
0 0.2947916666666667 0.6773148148148148 0.05520833333333334 0.262037037037037
0 0.8895833333333334 0.5111111111111111 0.042708333333333334 0.18518518518518517
0 0.8796875 0.5101851851851852 0.043750000000000004 0.20925925925925926
0 0.9291666666666667 0.475462962962963 0.04479166666666667 0.18425925925925926
0 0.81171875 0.5046296296296295 0.05572916666666666 0.18703703703703703
0 0.8067708333333333 0.49907407407407406 0.06458333333333334 0.22037037037037036
0 0.2078125 0.5666666666666667 0.035416666666666666 0.1796296296296296
0 0.25312500000000004 0.5574074074074074 0.057291666666666664 0.24444444444444444
0 0.2932291666666667 0.5819444444444444 0.040625 0.18425925925925926
0 0.2838541666666667 0.5773148148148147 0.06145833333333334 0.2287037037037037
0 0.6635416666666667 0.5351851851851852 0.06041666666666667 0.2037037037037037
0 0.4083333333333333 0.6162037037037037 0.05520833333333334 0.2564814814814815
0 0.30625 0.4388888888888889 0.036458333333333336 0.16296296296296295
0 0.33489583333333334 0.43379629629629624 0.036458333333333336 0.1824074074074074
0 0.3744791666666667 0.43749999999999994 0.03958333333333334 0.1824074074074074
0 0.44062500000000004 0.4703703703703704 0.05 0.18888888888888886
0 0.4729166666666667 0.5134259259259258 0.034374999999999996 0.15648148148148147
0 0.77578125 0.48518518518518516 0.044270833333333336 0.18703703703703703
0 0.4018229166666667 0.43287037037037035 0.04010416666666666 0.1787037037037037
0 0.7247395833333333 0.4976851851851852 0.0484375 0.20092592592592592
0 0.6106770833333334 0.4680555555555555 0.03802083333333334 0.17685185185185184
0 0.4966145833333333 0.4712962962962963 0.04010416666666666 0.19629629629629627
0 0.35260416666666666 0.31851851851851853 0.03229166666666667 0.1537037037037037
0 0.23020833333333335 0.3421296296296296 0.036458333333333336 0.16203703703703703
0 0.31354166666666666 0.3810185185185185 0.03333333333333333 0.14351851851851852
0 0.37604166666666666 0.35277777777777775 0.028125 0.1574074074074074
0 0.46640625 0.449537037037037 0.0421875 0.18796296296296294
0 0.4552083333333333 0.3884259259259259 0.040625 0.15462962962962962
0 0.2994791666666667 0.25833333333333336 0.027083333333333334 0.11851851851851851
0 0.76171875 0.46296296296296297 0.043229166666666666 0.1925925925925926
0 0.4541666666666667 0.37407407407407406 0.029166666666666667 0.14814814814814817
0 0.40468750000000003 0.3333333333333333 0.030208333333333334 0.14629629629629629
0 0.35338541666666673 0.3814814814814814 0.03177083333333333 0.1685185185185185
0 0.5380208333333334 0.4162037037037037 0.040625 0.19166666666666668
0 0.6861979166666669 0.3972222222222222 0.034895833333333334 0.1796296296296296
0 0.6885416666666667 0.3726851851851852 0.03229166666666667 0.15277777777777776
0 0.5359375000000001 0.3587962962962962 0.03229166666666667 0.14907407407407408
0 0.5997395833333333 0.3699074074074074 0.033854166666666664 0.15277777777777776
0 0.47421875 0.3263888888888889 0.029687500000000002 0.1398148148148148
0 0.4372395833333333 0.2625 0.025520833333333333 0.12129629629629629
0 0.5111979166666667 0.3351851851851852 0.03802083333333334 0.1574074074074074
0 0.5489583333333333 0.33055555555555555 0.034374999999999996 0.1611111111111111
0 0.5109374999999999 0.3125 0.03333333333333333 0.1472222222222222
0 0.5447916666666667 0.2513888888888889 0.027083333333333334 0.11018518518518518
0 0.5216145833333333 0.24351851851851852 0.0234375 0.10925925925925925
0 0.375 0.25833333333333336 0.027083333333333334 0.11851851851851851
0 0.41197916666666673 0.27129629629629626 0.029166666666666667 0.12777777777777777
0 0.49791666666666673 0.24814814814814812 0.030208333333333334 0.11851851851851851
0 0.3940104166666667 0.2810185185185185 0.035937500000000004 0.1324074074074074
0 0.3494791666666667 0.25740740740740736 0.021875000000000002 0.1074074074074074
0 0.34947916666666673 0.2347222222222222 0.030208333333333334 0.1175925925925926
0 0.24583333333333335 0.3333333333333333 0.036458333333333336 0.1648148148148148
0 0.44921875 0.2833333333333333 0.025520833333333333 0.10925925925925925
0 0.3453125 0.2824074074074074 0.03125 0.137037037037037
0 0.3565104166666667 0.23657407407407405 0.0234375 0.09537037037037037
0 0.06640625 0.6712962962962962 0.0546875 0.24814814814814812
0 0.43203125000000003 0.3324074074074074 0.03177083333333333 0.13518518518518519
0 0.46380208333333334 0.26481481481481484 0.02760416666666667 0.1259259259259259
0 0.3953125 0.2657407407407407 0.02395833333333333 0.11296296296296296
0 0.4205729166666667 0.26944444444444443 0.025520833333333333 0.12407407407407406
0 0.5205729166666666 0.22037037037037036 0.025520833333333333 0.11851851851851851
0 0.5825520833333334 0.2884259259259259 0.0265625 0.11574074074074073
0 0.659375 0.22916666666666663 0.02291666666666667 0.0824074074074074
0 0.4697916666666667 0.274074074074074 0.020833333333333332 0.08518518518518518
0 0.6994791666666667 0.4185185185185185 0.02395833333333333 0.0962962962962963
0 0.6192708333333333 0.45555555555555555 0.04583333333333334 0.17592592592592593
0 0.5765625 0.4 0.0375 0.18703703703703703
0 0.5940104166666667 0.32870370370370366 0.033854166666666664 0.14074074074074075
0 0.5867187500000001 0.3324074074074074 0.033854166666666664 0.13518518518518519
0 0.6138020833333334 0.3601851851851851 0.029687500000000002 0.13518518518518519
0 0.9106770833333333 0.5074074074074074 0.03802083333333334 0.15925925925925927
0 0.7036458333333334 0.2634259259259259 0.03229166666666667 0.0787037037037037
0 0.7822916666666667 0.33796296296296297 0.03229166666666667 0.1685185185185185
0 0.3744791666666667 0.32407407407407407 0.03125 0.14814814814814817
0 0.6541666666666667 0.387037037037037 0.029166666666666667 0.15925925925925927
0 0.6848958333333334 0.5111111111111112 0.06145833333333334 0.20925925925925926
0 0.7401041666666666 0.4583333333333333 0.040625 0.17037037037037037
0 0.22421875000000002 0.5587962962962962 0.05364583333333334 0.17129629629629628
