0 0.5643229166666667 0.3569444444444444 0.033854166666666664 0.16574074074074074
0 0.4119791666666667 0.3157407407407407 0.03229166666666667 0.15185185185185185
0 0.38984375 0.29907407407407405 0.029687500000000002 0.1574074074074074
0 0.10963541666666668 0.523611111111111 0.04114583333333334 0.18796296296296294
0 0.5304687499999999 0.20555555555555555 0.025520833333333333 0.12222222222222222
0 0.6880208333333334 0.2162037037037037 0.02291666666666667 0.07129629629629629
0 0.615625 0.40231481481481485 0.040625 0.18425925925925926
0 0.6299479166666666 0.3097222222222222 0.03072916666666667 0.12870370370370368
0 0.6143229166666666 0.3282407407407407 0.0328125 0.14351851851851852
0 0.6395833333333334 0.3657407407407407 0.03229166666666667 0.15925925925925927
0 0.7364583333333334 0.2523148148148148 0.029166666666666667 0.08425925925925926
0 0.3731770833333333 0.3055555555555555 0.028645833333333332 0.14629629629629629
0 0.18203125 0.9180555555555555 0.08802083333333333 0.16574074074074074
0 0.3979166666666667 0.7601851851851852 0.06770833333333333 0.3037037037037037
0 0.33828125 0.762037037037037 0.051562500000000004 0.2462962962962963
0 0.28828125000000004 0.7370370370370369 0.06718750000000001 0.2796296296296296
0 0.24505208333333336 0.773611111111111 0.043229166666666666 0.19722222222222222
0 0.3442708333333333 0.6833333333333333 0.04895833333333334 0.24444444444444444
0 0.11510416666666667 0.6912037037037037 0.08333333333333333 0.2842592592592592
0 0.13932291666666666 0.6287037037037037 0.07760416666666667 0.25555555555555554
0 0.13854166666666667 0.5916666666666667 0.06666666666666667 0.25
0 0.309375 0.5560185185185186 0.046875 0.20833333333333334
0 0.3328125 0.499537037037037 0.05416666666666667 0.19722222222222222
0 0.37109375 0.4898148148148148 0.04010416666666666 0.18333333333333332
0 0.40546875000000004 0.5365740740740741 0.03802083333333334 0.1675925925925926
0 0.44375000000000003 0.4407407407407407 0.051041666666666666 0.21296296296296294
0 0.4830729166666667 0.47685185185185186 0.035937500000000004 0.137037037037037
0 0.4619791666666667 0.4 0.041666666666666664 0.1796296296296296
0 0.5049479166666666 0.39629629629629626 0.04114583333333334 0.17407407407407408
0 0.33072916666666674 0.36435185185185176 0.03958333333333334 0.16018518518518518
0 0.3731770833333333 0.3560185185185185 0.0453125 0.17129629629629628
0 0.40677083333333336 0.3638888888888889 0.03958333333333334 0.14629629629629629
0 0.4536458333333333 0.3699074074074074 0.03229166666666667 0.1361111111111111
0 0.48281250000000003 0.34259259259259256 0.035416666666666666 0.1537037037037037
0 0.8677083333333334 0.4856481481481481 0.03958333333333334 0.14351851851851852
0 0.9005208333333333 0.4462962962962963 0.05625 0.20185185185185184
0 0.3276041666666667 0.34259259259259256 0.03333333333333333 0.14629629629629629
0 0.5783854166666667 0.3435185185185185 0.035937500000000004 0.17407407407407408
0 0.5609375000000001 0.32037037037037036 0.026041666666666668 0.10925925925925925
0 0.5489583333333333 0.32870370370370366 0.029166666666666667 0.13333333333333333
0 0.5335937500000001 0.3231481481481481 0.0421875 0.14814814814814817
0 0.34765625 0.29212962962962963 0.033854166666666664 0.13425925925925924
0 0.5369791666666667 0.26898148148148143 0.03125 0.12314814814814815
0 0.5 0.2648148148148148 0.030208333333333334 0.1148148148148148
0 0.46744791666666674 0.2916666666666667 0.03177083333333333 0.11296296296296296
0 0.4736979166666667 0.2648148148148148 0.02760416666666667 0.1074074074074074
0 0.4481770833333333 0.29861111111111105 0.035937500000000004 0.14166666666666666
0 0.39218749999999997 0.2787037037037037 0.028125 0.1259259259259259
0 0.37890625 0.2199074074074074 0.029687500000000002 0.12314814814814815
0 0.5015624999999999 0.3435185185185185 0.03333333333333333 0.14259259259259258
