0 0.7213541666666666 0.5796296296296295 0.06145833333333334 0.20740740740740737
0 0.2786458333333333 0.4782407407407407 0.041666666666666664 0.1787037037037037
0 0.7380208333333333 0.44583333333333336 0.04583333333333334 0.1787037037037037
0 0.5760416666666667 0.4527777777777777 0.043750000000000004 0.19629629629629627
0 0.5325520833333334 0.45509259259259255 0.04010416666666666 0.18425925925925926
0 0.28828125000000004 0.4402777777777777 0.035937500000000004 0.17129629629629628
0 0.6182291666666667 0.5717592592592593 0.052083333333333336 0.22314814814814812
0 0.5763020833333333 0.38101851851851853 0.029687500000000002 0.12870370370370368
0 0.5239583333333334 0.33148148148148143 0.030208333333333334 0.13148148148148148
0 0.5434895833333334 0.3388888888888889 0.02760416666666667 0.11851851851851851
0 0.4807291666666667 0.3375 0.030208333333333334 0.13425925925925924
0 0.8072916666666666 0.3597222222222222 0.030208333333333334 0.15462962962962962
0 0.4606770833333333 0.375 0.029687500000000002 0.14629629629629629
0 0.07447916666666668 0.7129629629629629 0.06666666666666667 0.2648148148148148
0 0.41796875000000006 0.30277777777777776 0.03177083333333333 0.12407407407407406
0 0.37812500000000004 0.29583333333333334 0.030208333333333334 0.1324074074074074
0 0.28567708333333336 0.3342592592592592 0.028645833333333332 0.15925925925925927
0 0.3854166666666667 0.28703703703703703 0.028125 0.12407407407407406
0 0.7729166666666666 0.38101851851851853 0.030208333333333334 0.17129629629629628
0 0.7354166666666666 0.8356481481481481 0.0625 0.33055555555555555
0 0.6484375 0.836574074074074 0.06458333333333334 0.32870370370370366
0 0.5919270833333333 0.9347222222222221 0.07968750000000001 0.1324074074074074
0 0.525 0.9134259259259259 0.07604166666666667 0.17129629629629628
0 0.09869791666666668 0.562037037037037 0.044270833333333336 0.19629629629629627
0 0.3494791666666667 0.37361111111111106 0.03229166666666667 0.14537037037037034
0 0.5458333333333333 0.25046296296296294 0.028125 0.12685185185185185
0 0.6799479166666667 0.25740740740740736 0.025520833333333333 0.07407407407407408
0 0.5955729166666667 0.4282407407407407 0.033854166666666664 0.1824074074074074
0 0.6197916666666669 0.362962962962963 0.03229166666666667 0.13518518518518519
0 0.62109375 0.3574074074074074 0.03177083333333333 0.13518518518518519
0 0.6354166666666666 0.39259259259259255 0.034374999999999996 0.14629629629629629
0 0.7268229166666667 0.2935185185185185 0.033854166666666664 0.07962962962962963
0 0.7778645833333334 0.3898148148148148 0.033854166666666664 0.1685185185185185
0 0.09973958333333334 0.9069444444444444 0.0765625 0.18796296296296294
0 0.16015625 0.9194444444444443 0.07968750000000001 0.16296296296296295
0 0.34270833333333334 0.5189814814814814 0.052083333333333336 0.21203703703703702
0 0.032031250000000004 0.9310185185185185 0.06302083333333333 0.1398148148148148
0 0.6635416666666667 0.40648148148148144 0.03125 0.18148148148148147
0 0.5015625 0.4074074074074074 0.035416666666666666 0.1685185185185185
0 0.6888020833333334 0.3986111111111111 0.033854166666666664 0.175
0 0.25338541666666664 0.6069444444444444 0.050520833333333334 0.2657407407407407
0 0.7908854166666667 0.46805555555555556 0.033854166666666664 0.16574074074074074
0 0.44921875 0.5032407407407408 0.049479166666666664 0.1898148148148148
0 0.38906250000000003 0.6393518518518518 0.05 0.23240740740740737
0 0.834375 0.4949074074074074 0.05416666666666667 0.19537037037037036
0 0.74140625 0.5064814814814815 0.05572916666666666 0.2
0 0.7953125000000001 0.475462962962963 0.058333333333333334 0.20092592592592592
0 0.46979166666666666 0.4504629629629629 0.03854166666666667 0.1824074074074074
