0 0.0890625 0.3435185185185185 0.06041666666666667 0.18703703703703703
0 0.51015625 0.05416666666666666 0.025520833333333333 0.10648148148148147
0 0.6716145833333333 0.06435185185185184 0.0234375 0.07685185185185185
0 0.5828125000000001 0.2300925925925926 0.0375 0.19166666666666668
0 0.6078125000000001 0.15833333333333333 0.029166666666666667 0.11851851851851851
0 0.6229166666666667 0.22083333333333333 0.03229166666666667 0.16203703703703703
0 0.7200520833333334 0.10138888888888889 0.02760416666666667 0.08425925925925926
0 0.09270833333333332 0.6953703703703702 0.08020833333333333 0.3444444444444444
0 0.2986979166666667 0.7606481481481481 0.07968750000000001 0.36018518518518516
0 0.32187499999999997 0.3439814814814815 0.03854166666666667 0.19907407407407407
0 0.3604166666666667 0.34305555555555556 0.057291666666666664 0.1861111111111111
0 0.3005208333333333 0.2935185185185185 0.035416666666666666 0.19629629629629627
0 0.40625 0.2810185185185185 0.051041666666666666 0.19537037037037036
0 0.3302083333333333 0.23749999999999996 0.0375 0.16203703703703703
0 0.3111979166666667 0.2412037037037037 0.035937500000000004 0.1824074074074074
0 0.3763020833333333 0.22638888888888886 0.0328125 0.15833333333333333
0 0.49401041666666673 0.26805555555555555 0.0421875 0.19166666666666668
0 0.5273437500000001 0.26157407407407407 0.03697916666666667 0.17129629629629628
0 0.5768229166666666 0.2930555555555555 0.051562500000000004 0.17685185185185184
0 0.8143229166666667 0.3625 0.06718750000000001 0.20092592592592592
0 0.246875 0.2907407407407407 0.04479166666666667 0.18333333333333332
0 0.21927083333333336 0.2800925925925926 0.03854166666666667 0.1935185185185185
0 0.9158854166666667 0.337037037037037 0.051562500000000004 0.18148148148148147
0 0.6791666666666667 0.30416666666666664 0.05 0.17314814814814813
0 0.43671875 0.19166666666666668 0.04010416666666666 0.16296296296296295
0 0.6302083333333334 0.2236111111111111 0.036458333333333336 0.15833333333333333
0 0.7492187499999999 0.27638888888888885 0.03802083333333334 0.17129629629629628
0 0.7648437499999999 0.2611111111111111 0.03802083333333334 0.1722222222222222
0 0.7135416666666669 0.26944444444444443 0.0375 0.17777777777777776
0 0.7302083333333333 0.25 0.03854166666666667 0.19074074074074074
0 0.7276041666666666 0.23240740740740737 0.03333333333333333 0.15925925925925927
0 0.7015625000000001 0.23379629629629625 0.0375 0.1898148148148148
0 0.5208333333333334 0.17129629629629628 0.03854166666666667 0.1611111111111111
0 0.5158854166666667 0.2111111111111111 0.03802083333333334 0.16296296296296295
0 0.23828125 0.16574074074074072 0.03177083333333333 0.15185185185185185
0 0.47552083333333334 0.14537037037037034 0.03125 0.137037037037037
0 0.48854166666666665 0.15 0.02291666666666667 0.09814814814814814
0 0.5119791666666667 0.15879629629629627 0.025 0.09351851851851851
0 0.49635416666666665 0.12870370370370368 0.028125 0.12962962962962962
0 0.29609375000000004 0.13287037037037036 0.035937500000000004 0.14351851851851852
0 0.4955729166666667 0.0736111111111111 0.0234375 0.11574074074074073
0 0.40026041666666673 0.18703703703703703 0.03697916666666667 0.1685185185185185
0 0.3997395833333334 0.06481481481481481 0.03697916666666667 0.11851851851851851
0 0.3765625 0.06666666666666667 0.027083333333333334 0.10370370370370369
0 0.35416666666666674 0.06064814814814814 0.029166666666666667 0.11574074074074073
0 0.3447916666666667 0.08333333333333333 0.02395833333333333 0.09074074074074073
