0 0.09401041666666668 0.9263888888888888 0.07968750000000001 0.14907407407407408
0 0.3692708333333333 0.8773148148148148 0.08125 0.24351851851851852
0 0.3166666666666667 0.8226851851851852 0.08333333333333333 0.3361111111111111
0 0.2447916666666667 0.8384259259259259 0.07187500000000001 0.312037037037037
0 0.18932291666666667 0.812962962962963 0.06718750000000001 0.30185185185185187
0 0.8250000000000001 0.7324074074074074 0.06041666666666667 0.28703703703703703
0 0.7880208333333334 0.5532407407407407 0.046875 0.21203703703703702
0 0.059895833333333336 0.7907407407407407 0.07083333333333333 0.2611111111111111
0 0.01875 0.788425925925926 0.036458333333333336 0.21018518518518517
0 0.7880208333333334 0.4944444444444444 0.03854166666666667 0.17407407407407408
0 0.8432291666666666 0.48379629629629634 0.051041666666666666 0.18796296296296294
0 0.8210937500000001 0.48287037037037034 0.0390625 0.16203703703703703
0 0.7747395833333334 0.4717592592592592 0.03802083333333334 0.17129629629629628
0 0.8046875 0.34629629629629627 0.03125 0.14074074074074075
0 0.013802083333333333 0.7231481481481481 0.0265625 0.27037037037037037
0 0.6705729166666666 0.5069444444444444 0.044270833333333336 0.19537037037037036
0 0.21406250000000002 0.6851851851851851 0.057291666666666664 0.23148148148148145
0 0.15442708333333335 0.6726851851851852 0.049479166666666664 0.23240740740740737
0 0.24036458333333335 0.5365740740740741 0.043229166666666666 0.20648148148148146
0 0.39453125 0.4481481481481481 0.044270833333333336 0.17407407407407408
0 0.3411458333333333 0.4296296296296296 0.041666666666666664 0.18148148148148147
0 0.29583333333333334 0.425 0.036458333333333336 0.17592592592592593
0 0.47447916666666673 0.40509259259259256 0.03958333333333334 0.16203703703703703
0 0.40937500000000004 0.38564814814814813 0.030208333333333334 0.13425925925925924
0 0.38723958333333336 0.3699074074074074 0.03697916666666667 0.15648148148148147
0 0.32578124999999997 0.36666666666666664 0.035937500000000004 0.15185185185185185
0 0.4890625 0.3444444444444444 0.034374999999999996 0.13518518518518519
0 0.46328125 0.3472222222222222 0.029687500000000002 0.14074074074074075
0 0.4947916666666667 0.32129629629629625 0.03333333333333333 0.14629629629629629
0 0.44114583333333335 0.33518518518518514 0.026041666666666668 0.13518518518518519
0 0.42239583333333336 0.33287037037037037 0.025 0.12685185185185185
0 0.465625 0.31759259259259254 0.028125 0.12962962962962962
0 0.43671875000000004 0.28379629629629627 0.02760416666666667 0.12314814814814815
0 0.39817708333333335 0.324537037037037 0.03177083333333333 0.12870370370370368
0 0.3815104166666667 0.32870370370370366 0.029687500000000002 0.137037037037037
0 0.3591145833333333 0.32870370370370366 0.029687500000000002 0.14259259259259258
0 0.39687500000000003 0.2685185185185185 0.029166666666666667 0.12407407407407406
0 0.31953125 0.3509259259259259 0.029687500000000002 0.12037037037037036
0 0.3151041666666667 0.3282407407407407 0.035416666666666666 0.14351851851851852
0 0.35911458333333335 0.2907407407407407 0.02760416666666667 0.12407407407407406
0 0.3223958333333333 0.3152777777777777 0.03333333333333333 0.13796296296296295
0 0.3716145833333333 0.2685185185185185 0.0234375 0.09814814814814814
0 0.32656250000000003 0.2810185185185185 0.026041666666666668 0.1175925925925926
0 0.4903645833333333 0.1888888888888889 0.025520833333333333 0.09814814814814814
0 0.3440104166666667 0.29629629629629634 0.02447916666666667 0.11851851851851851
0 0.7713541666666667 0.38101851851851853 0.03854166666666667 0.1675925925925926
0 0.4010416666666667 0.2819444444444444 0.030208333333333334 0.12870370370370368
0 0.5171874999999999 0.4282407407407407 0.043750000000000004 0.1824074074074074
0 0.49322916666666666 0.4375 0.0375 0.1935185185185185
0 0.44921875 0.29953703703703705 0.025520833333333333 0.11203703703703702
0 0.40234375 0.2967592592592592 0.0328125 0.12314814814814815
0 0.3549479166666667 0.34629629629629627 0.035937500000000004 0.1537037037037037
0 0.3536458333333333 0.2532407407407407 0.02291666666666667 0.11203703703703702
0 0.3536458333333333 0.24768518518518515 0.02395833333333333 0.11574074074074073
0 0.5104166666666667 0.5046296296296297 0.05 0.18518518518518517
0 0.4671875 0.4912037037037037 0.04895833333333334 0.20277777777777778
0 0.08880208333333332 0.5523148148148148 0.044270833333333336 0.19722222222222222
0 0.13489583333333335 0.5 0.042708333333333334 0.1925925925925926
0 0.5364583333333334 0.24675925925925926 0.026041666666666668 0.12129629629629629
0 0.6703125 0.25277777777777777 0.025 0.07962962962962963
0 0.5861979166666667 0.4337962962962963 0.033854166666666664 0.18796296296296294
0 0.6122395833333334 0.3555555555555555 0.03177083333333333 0.137037037037037
0 0.6203125 0.35277777777777775 0.03229166666666667 0.13518518518518519
0 0.6044270833333334 0.3768518518518518 0.03177083333333333 0.137037037037037
0 0.7182291666666666 0.2898148148148148 0.030208333333333334 0.07962962962962963
0 0.7684895833333334 0.38611111111111107 0.034895833333333334 0.17037037037037037
