0 0.8153645833333334 0.8666666666666667 0.06927083333333334 0.2685185185185185
0 0.9734375 0.9157407407407407 0.051041666666666666 0.17037037037037037
0 0.23020833333333335 0.49027777777777776 0.04791666666666666 0.17314814814814813
0 0.19010416666666666 0.5226851851851851 0.03854166666666667 0.15092592592592594
0 0.18333333333333335 0.475462962962963 0.053125 0.20092592592592592
0 0.2520833333333333 0.47916666666666663 0.041666666666666664 0.16944444444444443
0 0.21692708333333333 0.475462962962963 0.04010416666666666 0.17685185185185184
0 0.3861979166666667 0.7097222222222221 0.05677083333333334 0.2638888888888889
0 0.3151041666666667 0.7101851851851851 0.06666666666666667 0.25740740740740736
0 0.24192708333333335 0.6754629629629629 0.0609375 0.26759259259259255
0 0.3078125 0.4930555555555555 0.05 0.20648148148148146
0 0.8127604166666667 0.5097222222222222 0.04739583333333334 0.19166666666666668
0 0.4044270833333333 0.4949074074074074 0.03802083333333334 0.16574074074074074
0 0.37031250000000004 0.4759259259259259 0.04583333333333334 0.19074074074074074
0 0.3276041666666667 0.474537037037037 0.041666666666666664 0.1898148148148148
0 0.53046875 0.4671296296296296 0.043229166666666666 0.18425925925925926
0 0.4864583333333333 0.4611111111111111 0.0375 0.18148148148148147
0 0.4934895833333333 0.425 0.04010416666666666 0.16296296296296295
0 0.3950520833333333 0.4194444444444444 0.033854166666666664 0.1537037037037037
0 0.37812500000000004 0.40138888888888885 0.034374999999999996 0.14907407407407408
0 0.4770833333333333 0.41157407407407404 0.03229166666666667 0.14166666666666666
0 0.5018229166666667 0.3717592592592593 0.03177083333333333 0.14351851851851852
0 0.35078125 0.40231481481481474 0.035937500000000004 0.1787037037037037
0 0.4502604166666667 0.4111111111111111 0.033854166666666664 0.16296296296296295
0 0.42291666666666666 0.40509259259259256 0.03333333333333333 0.17129629629629628
0 0.44453125000000004 0.33101851851851843 0.03177083333333333 0.12314814814814815
0 0.2916666666666667 0.40879629629629627 0.028125 0.1324074074074074
0 0.2916666666666667 0.45185185185185184 0.03958333333333334 0.19074074074074074
0 0.4356770833333333 0.3657407407407407 0.03177083333333333 0.13518518518518519
0 0.41276041666666674 0.3847222222222222 0.03177083333333333 0.13796296296296295
0 0.41250000000000003 0.3467592592592592 0.026041666666666668 0.11203703703703702
0 0.3953125 0.36064814814814816 0.034374999999999996 0.13796296296296295
0 0.38359375 0.38611111111111107 0.03802083333333334 0.14814814814814817
0 0.4122395833333333 0.3722222222222222 0.02760416666666667 0.12407407407407406
0 0.33645833333333336 0.2810185185185185 0.029166666666666667 0.1398148148148148
0 0.31796875 0.28425925925925927 0.02447916666666667 0.11666666666666667
0 0.7828125 0.36203703703703705 0.03229166666666667 0.17407407407407408
0 0.4692708333333333 0.36944444444444446 0.03333333333333333 0.16296296296296295
0 0.5515625000000001 0.3925925925925926 0.034374999999999996 0.18518518518518517
0 0.5317708333333334 0.39537037037037037 0.029166666666666667 0.17592592592592593
0 0.484375 0.38749999999999996 0.030208333333333334 0.12314814814814815
0 0.42890625 0.38564814814814813 0.029687500000000002 0.15462962962962962
0 0.33125 0.3930555555555555 0.03333333333333333 0.16388888888888886
0 0.2981770833333333 0.3504629629629629 0.035937500000000004 0.14907407407407408
0 0.4747395833333333 0.32685185185185184 0.02760416666666667 0.12407407407407406
0 0.4979166666666667 0.32037037037037036 0.03229166666666667 0.14259259259259258
0 0.5296875000000001 0.42546296296296293 0.034374999999999996 0.16574074074074074
0 0.29270833333333335 0.3347222222222222 0.029166666666666667 0.15092592592592594
0 0.465625 0.29861111111111105 0.027083333333333334 0.12129629629629629
0 0.5395833333333333 0.41018518518518515 0.03229166666666667 0.17037037037037037
0 0.4934895833333333 0.28935185185185186 0.02760416666666667 0.11574074074074073
0 0.3705729166666667 0.2907407407407407 0.033854166666666664 0.13518518518518519
0 0.4010416666666667 0.2949074074074074 0.03333333333333333 0.13796296296296295
0 0.3796875 0.24722222222222223 0.029166666666666667 0.11296296296296296
0 0.4221354166666667 0.2787037037037037 0.03177083333333333 0.13148148148148148
0 0.2734375 0.30185185185185187 0.020833333333333332 0.1148148148148148
0 0.3671875 0.2560185185185185 0.026041666666666668 0.11574074074074073
0 0.09375 0.5504629629629629 0.0375 0.1935185185185185
0 0.4151041666666667 0.2601851851851852 0.026041666666666668 0.12037037037037036
0 0.13072916666666667 0.499537037037037 0.03958333333333334 0.19722222222222222
0 0.43671875000000004 0.26064814814814813 0.02760416666666667 0.11574074074074073
0 0.4713541666666667 0.4782407407407407 0.046875 0.1935185185185185
0 0.45364583333333336 0.5120370370370371 0.03958333333333334 0.2037037037037037
0 0.5520833333333334 0.2597222222222222 0.026041666666666668 0.11944444444444444
0 0.4265625 0.24953703703703703 0.027083333333333334 0.12685185185185185
0 0.5291666666666667 0.2351851851851852 0.026041666666666668 0.12037037037037036
0 0.6661458333333333 0.24675925925925923 0.025 0.0787037037037037
0 0.57734375 0.40509259259259256 0.03177083333333333 0.1824074074074074
0 0.6075520833333333 0.3574074074074074 0.03177083333333333 0.13518518518518519
0 0.61875 0.34907407407407404 0.03229166666666667 0.13518518518518519
0 0.6216145833333334 0.3805555555555555 0.029687500000000002 0.13518518518518519
0 0.38906250000000003 0.27731481481481474 0.01979166666666667 0.0898148148148148
0 0.3799479166666667 0.27731481481481485 0.02760416666666667 0.10462962962962963
0 0.7135416666666666 0.28055555555555556 0.030208333333333334 0.07962962962962963
0 0.7692708333333333 0.37962962962962965 0.030208333333333334 0.1685185185185185
0 0.5078125 0.25601851851851853 0.026041666666666668 0.11018518518518518
