0 0.0890625 0.34074074074074073 0.06145833333333334 0.18703703703703703
0 0.5091145833333334 0.05555555555555555 0.025520833333333333 0.10925925925925925
0 0.6713541666666667 0.05648148148148148 0.02395833333333333 0.07592592592592592
0 0.5750000000000001 0.22407407407407404 0.036458333333333336 0.1796296296296296
0 0.6052083333333333 0.1532407407407407 0.029166666666666667 0.1175925925925926
0 0.6218750000000001 0.2125 0.03229166666666667 0.16203703703703703
0 0.7208333333333333 0.08935185185185185 0.028125 0.08425925925925926
0 0.02317708333333333 0.8828703703703703 0.0453125 0.23425925925925925
0 0.1296875 0.736574074074074 0.08125 0.3546296296296296
0 0.13749999999999998 0.5976851851851852 0.06666666666666667 0.29537037037037034
0 0.36171875000000003 0.6708333333333333 0.08385416666666667 0.33055555555555555
0 0.3385416666666667 0.3060185185185185 0.0375 0.1861111111111111
0 0.37890625000000006 0.30833333333333335 0.0578125 0.1796296296296296
0 0.3122395833333333 0.2587962962962963 0.035937500000000004 0.1824074074074074
0 0.4153645833333333 0.24259259259259258 0.04010416666666666 0.18703703703703703
0 0.3263020833333333 0.22546296296296295 0.03697916666666667 0.16203703703703703
0 0.2994791666666667 0.22731481481481483 0.035416666666666666 0.1824074074074074
0 0.3822916666666667 0.20046296296296295 0.036458333333333336 0.15648148148148147
0 0.49661458333333336 0.24490740740740738 0.043229166666666666 0.1898148148148148
0 0.52578125 0.2337962962962963 0.035937500000000004 0.16574074074074074
0 0.5119791666666667 0.2657407407407407 0.051041666666666666 0.17407407407407408
0 0.7057291666666666 0.32685185185185184 0.06041666666666667 0.19444444444444445
0 0.2502604166666667 0.2787037037037037 0.043229166666666666 0.18703703703703703
0 0.21614583333333334 0.26898148148148143 0.03854166666666667 0.1935185185185185
0 0.8703124999999999 0.324537037037037 0.04583333333333334 0.14907407407407408
0 0.8359375000000001 0.312962962962963 0.04791666666666666 0.18703703703703703
0 0.6239583333333334 0.27592592592592596 0.0375 0.16666666666666666
0 0.43776041666666665 0.1634259259259259 0.035937500000000004 0.15648148148148147
0 0.58203125 0.1949074074074074 0.035937500000000004 0.15648148148148147
0 0.7296875 0.2472222222222222 0.03854166666666667 0.1648148148148148
0 0.7328125 0.22407407407407404 0.036458333333333336 0.16296296296296295
0 0.7028645833333335 0.22175925925925927 0.04010416666666666 0.18425925925925926
0 0.4875 0.14907407407407405 0.03854166666666667 0.1611111111111111
0 0.5125000000000001 0.1847222222222222 0.036458333333333336 0.16203703703703703
0 0.4921875 0.12685185185185185 0.027083333333333334 0.11851851851851851
0 0.5059895833333333 0.13564814814814813 0.025520833333333333 0.0898148148148148
0 0.5265625 0.15046296296296294 0.025 0.09537037037037037
0 0.5075520833333333 0.11851851851851851 0.02760416666666667 0.12962962962962962
0 0.46640624999999997 0.07268518518518517 0.025520833333333333 0.11574074074074073
0 0.40520833333333334 0.16203703703703703 0.035416666666666666 0.15925925925925927
0 0.35078125 0.05555555555555555 0.04010416666666666 0.10925925925925925
0 0.33984375 0.05277777777777778 0.02447916666666667 0.10185185185185185
