0 0.4674479166666667 0.37592592592592594 0.04010416666666666 0.14814814814814817
0 0.6078125 0.2638888888888889 0.034374999999999996 0.12037037037037036
0 0.425 0.2638888888888889 0.036458333333333336 0.1259259259259259
0 0.4078125 0.2759259259259259 0.03229166666666667 0.12962962962962962
0 0.33515625000000004 0.27546296296296297 0.03177083333333333 0.1398148148148148
0 0.5484375 0.4875 0.041666666666666664 0.19537037037037036
0 0.47031249999999997 0.2898148148148148 0.028125 0.12407407407407406
0 0.4447916666666667 0.3708333333333333 0.028125 0.16944444444444443
0 0.41510416666666666 0.36157407407407405 0.03229166666666667 0.1675925925925926
0 0.1109375 0.5388888888888889 0.03958333333333334 0.19629629629629627
0 0.5286458333333334 0.2310185185185185 0.025 0.12129629629629629
0 0.6890625 0.2300925925925926 0.025 0.07314814814814814
0 0.6036458333333334 0.4162037037037037 0.03229166666666667 0.18796296296296294
0 0.6276041666666669 0.337037037037037 0.03229166666666667 0.137037037037037
0 0.5643229166666667 0.32175925925925924 0.029687500000000002 0.13796296296296295
0 0.6427083333333333 0.3800925925925926 0.03333333333333333 0.1472222222222222
0 0.7361979166666667 0.27037037037037037 0.033854166666666664 0.07962962962962963
0 0.4153645833333333 0.3699074074074074 0.03072916666666667 0.17314814814814813
0 0.25755208333333335 0.47129629629629627 0.058854166666666666 0.2
0 0.22942708333333336 0.4412037037037037 0.058854166666666666 0.1861111111111111
0 0.21953125 0.4226851851851851 0.049479166666666664 0.17685185185185184
0 0.13463541666666667 0.8782407407407408 0.0703125 0.24537037037037035
0 0.21432291666666667 0.7685185185185185 0.07239583333333334 0.2759259259259259
0 0.2825520833333333 0.7587962962962963 0.05572916666666666 0.2601851851851852
0 0.33645833333333336 0.8324074074074074 0.05520833333333334 0.24074074074074073
0 0.23671875 0.6768518518518518 0.06302083333333333 0.2814814814814815
0 0.28020833333333334 0.7175925925925924 0.04479166666666667 0.16296296296296295
0 0.2807291666666667 0.5416666666666666 0.046875 0.21296296296296294
0 0.3682291666666667 0.5657407407407408 0.05625 0.24814814814814812
0 0.34218750000000003 0.5152777777777777 0.04583333333333334 0.1861111111111111
0 0.3859375 0.5180555555555555 0.03854166666666667 0.17129629629629628
0 0.6140625 0.4699074074074074 0.04583333333333334 0.19537037037037036
0 0.19583333333333336 0.5263888888888889 0.04895833333333334 0.20833333333333334
0 0.30234375 0.49259259259259264 0.03697916666666667 0.18518518518518517
0 0.8367187500000001 0.45185185185185184 0.04739583333333334 0.20740740740740737
0 0.7424479166666667 0.42453703703703705 0.0265625 0.1398148148148148
0 0.7768229166666667 0.4287037037037037 0.033854166666666664 0.1574074074074074
0 0.7567708333333334 0.43287037037037035 0.05 0.18425925925925926
0 0.4908854166666667 0.38657407407407407 0.03802083333333334 0.15833333333333333
0 0.7005208333333334 0.3884259259259259 0.034374999999999996 0.16203703703703703
0 0.6044270833333334 0.36203703703703705 0.04010416666666666 0.14259259259259258
0 0.5354166666666667 0.4185185185185185 0.036458333333333336 0.1796296296296296
0 0.5713541666666667 0.36203703703703705 0.03125 0.14629629629629629
0 0.5122395833333333 0.42222222222222217 0.0453125 0.18518518518518517
0 0.5908854166666667 0.38611111111111107 0.03697916666666667 0.1537037037037037
0 0.5052083333333334 0.2828703703703704 0.028125 0.1398148148148148
0 0.4541666666666667 0.2722222222222222 0.03125 0.12962962962962962
0 0.5257812500000001 0.2638888888888889 0.03177083333333333 0.13518518518518519
0 0.3927083333333333 0.3425925925925926 0.030208333333333334 0.13888888888888887
0 0.7234375000000001 0.4703703703703704 0.042708333333333334 0.17037037037037037
0 0.33515625000000004 0.336574074074074 0.03177083333333333 0.1398148148148148
0 0.3315104166666667 0.3032407407407407 0.03177083333333333 0.12870370370370368
0 0.3083333333333333 0.3101851851851852 0.03333333333333333 0.15
0 0.3518229166666667 0.29907407407407405 0.033854166666666664 0.14259259259259258
0 0.6570312500000001 0.4699074074074074 0.04010416666666666 0.1824074074074074
