0 0.09869791666666668 0.3981481481481481 0.03802083333333334 0.18518518518518517
0 0.5085937500000001 0.10416666666666667 0.025520833333333333 0.12129629629629629
0 0.6666666666666666 0.12083333333333332 0.02395833333333333 0.07685185185185185
0 0.5789062500000001 0.2708333333333333 0.035937500000000004 0.18055555555555552
0 0.6078125000000001 0.20648148148148146 0.029166666666666667 0.11851851851851851
0 0.9015625 0.3986111111111111 0.04479166666666667 0.19907407407407407
0 0.6182291666666667 0.27685185185185185 0.03229166666666667 0.16296296296296295
0 0.7174479166666666 0.16157407407407404 0.02760416666666667 0.08425925925925926
0 0.016927083333333332 0.8620370370370369 0.0328125 0.27777777777777773
0 0.23932291666666666 0.4597222222222222 0.043229166666666666 0.2157407407407407
0 0.33046875 0.4763888888888888 0.06718750000000001 0.21018518518518517
0 0.26927083333333335 0.41018518518518515 0.043750000000000004 0.22037037037037036
0 0.38463541666666673 0.4078703703703704 0.05364583333333334 0.22129629629629627
0 0.3580729166666667 0.3324074074074074 0.033854166666666664 0.18148148148148147
0 0.3338541666666667 0.33055555555555555 0.036458333333333336 0.19074074074074074
0 0.4005208333333333 0.3375 0.0375 0.1787037037037037
0 0.4565104166666667 0.37037037037037035 0.05260416666666667 0.20740740740740737
0 0.5229166666666667 0.3777777777777777 0.04479166666666667 0.18703703703703703
0 0.7182291666666666 0.38611111111111107 0.05625 0.18703703703703703
0 0.3046875 0.37407407407407406 0.043750000000000004 0.19074074074074074
0 0.2911458333333333 0.35 0.043750000000000004 0.18518518518518517
0 0.8013020833333334 0.4083333333333333 0.04635416666666667 0.18703703703703703
0 0.4309895833333333 0.28703703703703703 0.04010416666666666 0.1796296296296296
0 0.7213541666666666 0.312962962962963 0.04583333333333334 0.1685185185185185
0 0.7768229166666667 0.3699074074074074 0.0390625 0.1824074074074074
0 0.8203125 0.35509259259259257 0.03958333333333334 0.18425925925925926
0 0.7255208333333334 0.3606481481481481 0.041666666666666664 0.1898148148148148
0 0.7783854166666666 0.336574074074074 0.03802083333333334 0.18796296296296294
0 0.7742187500000001 0.3226851851851852 0.033854166666666664 0.16944444444444443
0 0.7434895833333334 0.3273148148148148 0.0421875 0.21203703703703702
0 0.6286458333333333 0.24861111111111106 0.03854166666666667 0.17129629629629628
0 0.56640625 0.30879629629629624 0.0390625 0.17314814814814813
0 0.2869791666666667 0.24907407407407406 0.036458333333333336 0.15185185185185185
0 0.45390625 0.21666666666666667 0.035937500000000004 0.137037037037037
0 0.4895833333333333 0.2333333333333333 0.03125 0.12407407407407406
0 0.4682291666666667 0.22037037037037036 0.025 0.09074074074074073
0 0.4927083333333333 0.20092592592592592 0.03125 0.13518518518518519
0 0.3401041666666667 0.22824074074074072 0.042708333333333334 0.16203703703703703
0 0.3322916666666667 0.19583333333333333 0.029166666666666667 0.13796296296296295
0 0.5424479166666667 0.11851851851851851 0.0234375 0.1148148148148148
0 0.36093749999999997 0.12175925925925926 0.03333333333333333 0.1175925925925926
0 0.3411458333333333 0.11851851851851851 0.02291666666666667 0.1259259259259259
0 0.3940104166666667 0.2800925925925926 0.035937500000000004 0.1787037037037037
0 0.3354166666666667 0.12268518518518517 0.03125 0.14907407407407408
0 0.45416666666666666 0.14027777777777778 0.03229166666666667 0.12685185185185185
0 0.4026041666666667 0.15185185185185185 0.026041666666666668 0.10925925925925925
0 0.37864583333333335 0.1449074074074074 0.03125 0.12314814814814815
0 0.35833333333333334 0.15925925925925927 0.02395833333333333 0.09074074074074073
