0 0.04244791666666667 0.8888888888888888 0.07968750000000001 0.22037037037037036
0 0.14817708333333335 0.8856481481481481 0.07447916666666668 0.2287037037037037
0 0.22734375 0.7851851851851851 0.044270833333333336 0.22592592592592592
0 0.3203125 0.774537037037037 0.09166666666666667 0.32685185185185184
0 0.36614583333333334 0.8101851851851852 0.04791666666666666 0.23703703703703702
0 0.13645833333333335 0.8180555555555556 0.07604166666666667 0.32685185185185184
0 0.22630208333333335 0.8300925925925925 0.0859375 0.325
0 0.2578125 0.524537037037037 0.041666666666666664 0.1935185185185185
0 0.2911458333333333 0.5254629629629629 0.042708333333333334 0.21203703703703702
0 0.3682291666666667 0.3898148148148148 0.036458333333333336 0.17407407407407408
0 0.29375 0.4375 0.03854166666666667 0.18055555555555552
0 0.3510416666666667 0.45648148148148143 0.03229166666666667 0.1574074074074074
0 0.33854166666666674 0.37361111111111106 0.03958333333333334 0.15648148148148147
0 0.40625 0.5962962962962963 0.04895833333333334 0.24444444444444444
0 0.4166666666666667 0.2685185185185185 0.03125 0.137037037037037
0 0.20416666666666666 0.47453703703703703 0.043750000000000004 0.18425925925925926
0 0.5481770833333334 0.4166666666666667 0.043229166666666666 0.1796296296296296
0 0.3614583333333333 0.575925925925926 0.04479166666666667 0.23148148148148145
0 0.6044270833333334 0.46388888888888885 0.0484375 0.18703703703703703
0 0.5729166666666666 0.4532407407407407 0.036458333333333336 0.1824074074074074
0 0.41979166666666673 0.3976851851851852 0.030208333333333334 0.17129629629629628
0 0.27239583333333334 0.44861111111111107 0.03854166666666667 0.16574074074074074
0 0.5015624999999999 0.5055555555555555 0.043750000000000004 0.22407407407407404
0 0.8203125000000001 0.48009259259259257 0.042708333333333334 0.2046296296296296
0 0.8359375 0.461574074074074 0.046875 0.20092592592592592
0 0.6177083333333334 0.43287037037037035 0.03854166666666667 0.17129629629629628
0 0.7919270833333334 0.44166666666666665 0.04635416666666667 0.18518518518518517
0 0.4854166666666667 0.38657407407407407 0.030208333333333334 0.15462962962962962
0 0.46796875 0.30833333333333335 0.029687500000000002 0.14629629629629629
0 0.5432291666666667 0.3662037037037037 0.0375 0.16018518518518518
0 0.63046875 0.37037037037037035 0.035937500000000004 0.1796296296296296
0 0.6002604166666666 0.3453703703703704 0.033854166666666664 0.15925925925925927
0 0.5395833333333334 0.2638888888888889 0.030208333333333334 0.10925925925925925
0 0.5299479166666666 0.26620370370370366 0.0234375 0.11018518518518518
0 0.3776041666666667 0.2925925925925926 0.027083333333333334 0.11851851851851851
0 0.45546875 0.3157407407407407 0.035937500000000004 0.13518518518518519
0 0.5026041666666666 0.2726851851851852 0.030208333333333334 0.12314814814814815
0 0.3765625 0.33055555555555555 0.03229166666666667 0.15185185185185185
0 0.3515625 0.28935185185185186 0.026041666666666668 0.1175925925925926
0 0.43984375000000003 0.26620370370370366 0.02760416666666667 0.12685185185185185
0 0.4182291666666667 0.3574074074074074 0.040625 0.1685185185185185
0 0.21666666666666665 0.3875 0.042708333333333334 0.18425925925925926
0 0.4919270833333333 0.32870370370370366 0.029687500000000002 0.12222222222222222
0 0.2708333333333333 0.3689814814814814 0.034374999999999996 0.14907407407407408
0 0.3473958333333333 0.3282407407407407 0.03333333333333333 0.14351851851851852
0 0.45885416666666673 0.2569444444444444 0.02395833333333333 0.10648148148148147
0 0.14322916666666666 0.538425925925926 0.046875 0.20833333333333334
0 0.4471354166666667 0.3916666666666666 0.0390625 0.1648148148148148
0 0.49453125000000003 0.30231481481481476 0.028645833333333332 0.12685185185185185
0 0.40390625 0.30462962962962964 0.0234375 0.12407407407407406
0 0.4213541666666667 0.3143518518518518 0.028125 0.12870370370370368
0 0.5143229166666666 0.2185185185185185 0.025520833333333333 0.11851851851851851
0 0.7135416666666669 0.30787037037037035 0.027083333333333334 0.12129629629629629
0 0.6557291666666667 0.2273148148148148 0.02395833333333333 0.0824074074074074
0 0.5 0.32962962962962966 0.025 0.10925925925925925
0 0.8463541666666669 0.4939814814814814 0.027083333333333334 0.10648148148148147
0 0.9026041666666667 0.48009259259259257 0.043750000000000004 0.18796296296296294
0 0.5596354166666666 0.40138888888888885 0.035937500000000004 0.1787037037037037
0 0.5445312499999999 0.32546296296296295 0.035937500000000004 0.14537037037037034
0 0.5268229166666667 0.3162037037037037 0.02760416666666667 0.13425925925925924
0 0.6096354166666667 0.35833333333333334 0.029687500000000002 0.13518518518518519
0 0.7026041666666666 0.2601851851851852 0.030208333333333334 0.07962962962962963
0 0.3364583333333333 0.3851851851851852 0.03333333333333333 0.17037037037037037
0 0.7830729166666667 0.4666666666666666 0.0453125 0.19074074074074074
0 0.3497395833333333 0.4481481481481481 0.0484375 0.19444444444444445
0 0.24140625 0.7722222222222221 0.06822916666666667 0.23148148148148145
