0 0.5182291666666666 0.19537037037037036 0.028125 0.12407407407407406
0 0.35338541666666673 0.20925925925925923 0.03177083333333333 0.12407407407407406
0 0.33958333333333335 0.20185185185185184 0.026041666666666668 0.13518518518518519
0 0.10989583333333333 0.47638888888888886 0.035416666666666666 0.1898148148148148
0 0.5205729166666666 0.16527777777777777 0.025520833333333333 0.12129629629629629
0 0.6802083333333334 0.17175925925925925 0.02395833333333333 0.07685185185185185
0 0.58359375 0.3453703703703704 0.03802083333333334 0.18518518518518517
0 0.6192708333333333 0.26666666666666666 0.030208333333333334 0.11851851851851851
0 0.6013020833333333 0.30185185185185187 0.0328125 0.15925925925925927
0 0.6333333333333334 0.3254629629629629 0.03125 0.15462962962962962
0 0.7317708333333334 0.21342592592592588 0.028125 0.08425925925925926
0 0.340625 0.20972222222222223 0.028125 0.1398148148148148
0 0.06927083333333332 0.8638888888888888 0.075 0.27037037037037037
0 0.1046875 0.9101851851851851 0.07187500000000001 0.18148148148148147
0 0.05286458333333333 0.9402777777777778 0.06927083333333334 0.11944444444444444
0 0.2421875 0.8134259259259259 0.07395833333333333 0.3379629629629629
0 0.3473958333333333 0.3060185185185185 0.03854166666666667 0.17129629629629628
0 0.3578125 0.6361111111111111 0.058333333333333334 0.26296296296296295
0 0.6270833333333333 0.4425925925925926 0.06145833333333334 0.20185185185185184
0 0.56640625 0.300462962962963 0.029687500000000002 0.14907407407407408
0 0.5549479166666667 0.3046296296296296 0.03072916666666667 0.14629629629629629
0 0.18515625 0.8074074074074074 0.07760416666666667 0.3444444444444444
0 0.41588541666666673 0.4 0.0484375 0.25555555555555554
0 0.5421874999999999 0.3671296296296296 0.0375 0.1861111111111111
0 0.4692708333333333 0.3814814814814815 0.03125 0.15925925925925927
0 0.43593750000000003 0.36064814814814816 0.03958333333333334 0.17129629629629628
0 0.40625 0.387037037037037 0.028125 0.10925925925925925
0 0.3091145833333333 0.3532407407407407 0.035937500000000004 0.16388888888888886
0 0.42057291666666674 0.2708333333333333 0.03177083333333333 0.13425925925925924
0 0.45 0.2597222222222222 0.029166666666666667 0.12314814814814815
0 0.39739583333333334 0.2759259259259259 0.027083333333333334 0.1074074074074074
0 0.4661458333333333 0.23240740740740737 0.03229166666666667 0.14629629629629629
0 0.484375 0.25416666666666665 0.025 0.09907407407407406
0 0.4005208333333333 0.21388888888888888 0.030208333333333334 0.11851851851851851
0 0.4291666666666667 0.20740740740740737 0.028125 0.10185185185185185
0 0.3854166666666667 0.19768518518518519 0.030208333333333334 0.12129629629629629
0 0.54453125 0.2791666666666667 0.021354166666666667 0.09351851851851851
0 0.56015625 0.25092592592592594 0.033854166666666664 0.13518518518518519
0 0.47838541666666673 0.19814814814814813 0.03802083333333334 0.13148148148148148
0 0.3703125 0.18101851851851852 0.020833333333333332 0.10462962962962963
0 0.3854166666666667 0.18333333333333332 0.027083333333333334 0.10370370370370369
0 0.3880208333333333 0.18518518518518517 0.030208333333333334 0.1259259259259259
0 0.41119791666666666 0.1986111111111111 0.025520833333333333 0.12129629629629629
