0 0.09401041666666668 0.4212962962962962 0.04114583333333334 0.18703703703703703
0 0.50234375 0.12268518518518517 0.025520833333333333 0.12129629629629629
0 0.66328125 0.13842592592592592 0.0234375 0.07685185185185185
0 0.6127604166666666 0.287962962962963 0.035937500000000004 0.17407407407407408
0 0.6028645833333334 0.23240740740740737 0.029687500000000002 0.11851851851851851
0 0.8104166666666667 0.36435185185185187 0.041666666666666664 0.18425925925925926
0 0.6140625000000001 0.2907407407407407 0.03229166666666667 0.16296296296296295
0 0.7130208333333333 0.17638888888888887 0.028125 0.08425925925925926
0 0.15052083333333335 0.6157407407407407 0.051041666666666666 0.26296296296296295
0 0.22890625 0.6314814814814814 0.0734375 0.25555555555555554
0 0.22239583333333335 0.5425925925925925 0.05 0.23888888888888887
0 0.32421875 0.5699074074074074 0.06718750000000001 0.28055555555555556
0 0.4729166666666667 0.40277777777777773 0.051041666666666666 0.19074074074074074
0 0.3119791666666667 0.4217592592592593 0.04583333333333334 0.21018518518518517
0 0.4479166666666667 0.44861111111111107 0.040625 0.21018518518518517
0 0.35260416666666666 0.4837962962962962 0.06354166666666666 0.2398148148148148
0 0.40546875 0.4907407407407407 0.04635416666666667 0.2185185185185185
0 0.5588541666666667 0.44259259259259254 0.057291666666666664 0.2
0 0.5505208333333333 0.40231481481481474 0.06041666666666667 0.19537037037037036
0 0.41692708333333334 0.3699074074074074 0.0484375 0.1861111111111111
0 0.828125 0.3851851851851852 0.043750000000000004 0.19074074074074074
0 0.8369791666666666 0.4375 0.06666666666666667 0.20092592592592592
0 0.9200520833333334 0.3884259259259259 0.0578125 0.21203703703703702
0 0.7536458333333333 0.34907407407407404 0.04583333333333334 0.2037037037037037
0 0.6924479166666666 0.39120370370370366 0.051562500000000004 0.1898148148148148
0 0.7166666666666667 0.4296296296296296 0.042708333333333334 0.22407407407407404
0 0.2572916666666667 0.3212962962962963 0.03958333333333334 0.17407407407407408
0 0.4908854166666667 0.28703703703703703 0.035937500000000004 0.1574074074074074
0 0.5205729166666667 0.2967592592592592 0.033854166666666664 0.1361111111111111
0 0.48802083333333335 0.287962962962963 0.026041666666666668 0.09259259259259259
0 0.5197916666666667 0.25740740740740736 0.03333333333333333 0.14259259259259258
0 0.3546875 0.2930555555555555 0.042708333333333334 0.16944444444444443
0 0.42552083333333335 0.262037037037037 0.030208333333333334 0.14074074074074075
0 0.5539062499999999 0.11435185185185184 0.0234375 0.10462962962962963
0 0.45677083333333335 0.1611111111111111 0.030208333333333334 0.11851851851851851
0 0.42552083333333335 0.15833333333333333 0.025 0.12962962962962962
0 0.37395833333333334 0.3694444444444444 0.042708333333333334 0.20555555555555555
0 0.3752604166666667 0.19027777777777777 0.033854166666666664 0.18425925925925926
0 0.48802083333333335 0.19259259259259257 0.03125 0.137037037037037
0 0.42682291666666666 0.20185185185185184 0.025520833333333333 0.11296296296296296
0 0.4026041666666667 0.19629629629629627 0.034374999999999996 0.13148148148148148
0 0.37395833333333334 0.20925925925925923 0.02395833333333333 0.09074074074074073
0 0.3559895833333333 0.1384259259259259 0.029687500000000002 0.11203703703703702
0 0.35781250000000003 0.1375 0.025 0.11203703703703702
0 0.3729166666666667 0.13518518518518519 0.021875000000000002 0.08703703703703704
0 0.4278645833333333 0.1597222222222222 0.021354166666666667 0.0824074074074074
0 0.43125 0.13240740740740742 0.026041666666666668 0.12962962962962962
