0 0.3627604166666667 0.31666666666666665 0.033854166666666664 0.13518518518518519
0 0.5395833333333333 0.38611111111111107 0.042708333333333334 0.17407407407407408
0 0.39166666666666666 0.2486111111111111 0.028125 0.12314814814814815
0 0.4260416666666667 0.33194444444444443 0.034374999999999996 0.15648148148148147
0 0.4 0.32083333333333336 0.035416666666666666 0.15833333333333333
0 0.11354166666666667 0.5212962962962963 0.040625 0.18703703703703703
0 0.5322916666666667 0.21064814814814817 0.025 0.12129629629629629
0 0.6882812500000001 0.2162037037037037 0.0234375 0.07129629629629629
0 0.6122395833333334 0.399074074074074 0.03802083333333334 0.18703703703703703
0 0.6286458333333335 0.31666666666666665 0.03229166666666667 0.13518518518518519
0 0.5893229166666667 0.3162037037037037 0.029687500000000002 0.1398148148148148
0 0.6408854166666667 0.37037037037037035 0.0328125 0.15555555555555553
0 0.7361979166666667 0.25416666666666665 0.03072916666666667 0.0824074074074074
0 0.3770833333333333 0.3212962962962963 0.028125 0.14259259259259258
0 0.24270833333333336 0.8703703703703703 0.08854166666666667 0.25925925925925924
0 0.2252604166666667 0.8810185185185184 0.06927083333333334 0.2398148148148148
0 0.1765625 0.8564814814814814 0.07916666666666668 0.28703703703703703
0 0.3705729166666667 0.8074074074074074 0.05572916666666666 0.2944444444444444
0 0.17890625000000002 0.5925925925925927 0.0734375 0.24444444444444444
0 0.18333333333333335 0.549537037037037 0.06458333333333334 0.2361111111111111
0 0.184375 0.5217592592592593 0.05625 0.22685185185185183
0 0.2661458333333333 0.6476851851851851 0.05520833333333334 0.2361111111111111
0 0.32317708333333334 0.5629629629629629 0.05572916666666666 0.21666666666666667
0 0.36171875000000003 0.5527777777777777 0.044270833333333336 0.19629629629629627
0 0.3708333333333333 0.6055555555555555 0.042708333333333334 0.17592592592592593
0 0.38932291666666674 0.5023148148148148 0.0421875 0.23055555555555554
0 0.41979166666666673 0.5375 0.035416666666666666 0.14907407407407408
0 0.5809895833333334 0.43611111111111106 0.0453125 0.19444444444444445
0 0.7114583333333334 0.4421296296296296 0.05520833333333334 0.1824074074074074
0 0.3302083333333333 0.40231481481481485 0.043750000000000004 0.1675925925925926
0 0.3666666666666667 0.40324074074074073 0.04479166666666667 0.175
0 0.3919270833333333 0.3981481481481481 0.03802083333333334 0.15185185185185185
0 0.44296875 0.4074074074074074 0.03802083333333334 0.14629629629629629
0 0.4924479166666667 0.3759259259259259 0.0421875 0.1648148148148148
0 0.0515625 0.6592592592592592 0.0625 0.26296296296296295
0 0.3140625 0.38055555555555554 0.034374999999999996 0.15925925925925927
0 0.6828125 0.36064814814814816 0.0375 0.1787037037037037
0 0.5942708333333334 0.3453703703703704 0.026041666666666668 0.10925925925925925
0 0.5966145833333334 0.34861111111111115 0.025520833333333333 0.13425925925925924
0 0.5815104166666667 0.34814814814814815 0.03802083333333334 0.1537037037037037
0 0.39921875 0.3152777777777777 0.029687500000000002 0.13425925925925924
0 0.5593750000000001 0.30231481481481476 0.03333333333333333 0.1398148148148148
0 0.5377604166666667 0.29259259259259257 0.03177083333333333 0.12407407407407406
0 0.5 0.3324074074074074 0.03125 0.14629629629629629
0 0.503125 0.2921296296296296 0.030208333333333334 0.12314814814814815
0 0.4763020833333333 0.3310185185185185 0.035937500000000004 0.16203703703703703
0 0.4395833333333333 0.3064814814814814 0.029166666666666667 0.13333333333333333
0 0.4411458333333333 0.2310185185185185 0.028125 0.12870370370370368
0 0.3807291666666667 0.22731481481481483 0.028125 0.1175925925925926
0 0.384375 0.21296296296296294 0.026041666666666668 0.1148148148148148
0 0.5252604166666667 0.37638888888888894 0.0328125 0.16018518518518518
