0 0.07786458333333333 0.9453703703703703 0.08489583333333334 0.10925925925925925
0 0.8083333333333333 0.8527777777777777 0.06770833333333333 0.29259259259259257
0 0.8786458333333333 0.7583333333333333 0.059375000000000004 0.29259259259259257
0 0.21875 0.5796296296296296 0.05416666666666667 0.20925925925925926
0 0.13776041666666666 0.6189814814814815 0.05260416666666667 0.17314814814814813
0 0.16041666666666665 0.5537037037037037 0.058333333333333334 0.23148148148148145
0 0.26718749999999997 0.5467592592592593 0.0375 0.1898148148148148
0 0.23125 0.5412037037037037 0.043750000000000004 0.1898148148148148
0 0.3450520833333333 0.6157407407407407 0.04635416666666667 0.23333333333333334
0 0.38567708333333334 0.5638888888888888 0.0609375 0.21296296296296294
0 0.3125 0.5425925925925926 0.04791666666666666 0.22037037037037036
0 0.28802083333333334 0.43148148148148147 0.043750000000000004 0.17592592592592593
0 0.54140625 0.46481481481481485 0.050520833333333334 0.17592592592592593
0 0.3966145833333333 0.43425925925925923 0.03177083333333333 0.14629629629629629
0 0.3651041666666667 0.4129629629629629 0.042708333333333334 0.17407407407407408
0 0.3236979166666667 0.4037037037037037 0.0421875 0.1574074074074074
0 0.48671875000000003 0.4046296296296296 0.03802083333333334 0.16296296296296295
0 0.4502604166666667 0.399074074074074 0.033854166666666664 0.16296296296296295
0 0.5182291666666666 0.3712962962962963 0.03854166666666667 0.15185185185185185
0 0.4200520833333333 0.39166666666666666 0.033854166666666664 0.15925925925925927
0 0.4067708333333333 0.37083333333333335 0.03333333333333333 0.1398148148148148
0 0.4916666666666667 0.3648148148148148 0.03125 0.137037037037037
0 0.4786458333333333 0.3324074074074074 0.03125 0.14259259259259258
0 0.37265625 0.3680555555555555 0.04010416666666666 0.15462962962962962
0 0.4377604166666667 0.3680555555555555 0.033854166666666664 0.15462962962962962
0 0.41119791666666666 0.3625 0.029687500000000002 0.14907407407407408
0 0.43828125 0.29814814814814816 0.029687500000000002 0.12407407407407406
0 0.3197916666666667 0.3787037037037037 0.030208333333333334 0.1259259259259259
0 0.2747395833333333 0.3939814814814815 0.04010416666666666 0.17129629629629628
0 0.41015625000000006 0.325 0.03177083333333333 0.12407407407407406
0 0.3638020833333333 0.34259259259259256 0.028645833333333332 0.137037037037037
0 0.4018229166666667 0.30833333333333335 0.02447916666666667 0.1074074074074074
0 0.3625 0.32731481481481484 0.036458333333333336 0.13796296296296295
0 0.33906250000000004 0.3476851851851851 0.03958333333333334 0.1398148148148148
0 0.4932291666666667 0.1611111111111111 0.020833333333333332 0.09259259259259259
0 0.3861979166666667 0.3393518518518518 0.02760416666666667 0.12314814814814815
0 0.78515625 0.3638888888888889 0.03177083333333333 0.17407407407407408
0 0.4432291666666667 0.32361111111111107 0.03125 0.14537037037037034
0 0.5526041666666667 0.39166666666666666 0.034374999999999996 0.18518518518518517
0 0.5434895833333333 0.3967592592592593 0.028645833333333332 0.17685185185185184
0 0.4966145833333333 0.3444444444444444 0.025520833333333333 0.12407407407407406
0 0.4234375 0.336574074074074 0.030208333333333334 0.12685185185185185
0 0.35859375 0.3685185185185185 0.035937500000000004 0.15925925925925927
0 0.27317708333333335 0.3069444444444444 0.03072916666666667 0.14907407407407408
0 0.4515625 0.28888888888888886 0.028125 0.13148148148148148
0 0.4869791666666667 0.27962962962962956 0.028125 0.12777777777777777
0 0.5239583333333333 0.42453703703703705 0.03854166666666667 0.16574074074074074
0 0.3966145833333333 0.2555555555555556 0.0234375 0.11296296296296296
0 0.5169270833333334 0.4060185185185185 0.0328125 0.17129629629629628
0 0.40651041666666665 0.2564814814814815 0.025520833333333333 0.1074074074074074
0 0.3528645833333334 0.26018518518518513 0.03177083333333333 0.12407407407407406
0 0.3489583333333334 0.2550925925925926 0.02395833333333333 0.11018518518518518
0 0.33828125 0.23240740740740737 0.025520833333333333 0.1074074074074074
0 0.09427083333333333 0.5472222222222222 0.036458333333333336 0.19814814814814813
0 0.13229166666666667 0.4972222222222222 0.042708333333333334 0.19444444444444445
0 0.6013020833333333 0.5175925925925926 0.05260416666666667 0.20740740740740737
0 0.6309895833333334 0.5291666666666666 0.059895833333333336 0.20277777777777778
0 0.45572916666666674 0.24259259259259258 0.02395833333333333 0.11851851851851851
0 0.5364583333333334 0.23425925925925925 0.026041666666666668 0.12037037037037036
0 0.66875 0.2458333333333333 0.025 0.0787037037037037
0 0.5731770833333333 0.4060185185185185 0.035937500000000004 0.1824074074074074
0 0.6088541666666667 0.35462962962962963 0.03125 0.13518518518518519
0 0.6218750000000001 0.3453703703703704 0.03229166666666667 0.13518518518518519
0 0.6234375 0.3777777777777777 0.030208333333333334 0.13518518518518519
0 0.7161458333333334 0.2842592592592592 0.030208333333333334 0.07962962962962963
0 0.7690104166666666 0.37962962962962965 0.035937500000000004 0.1685185185185185
0 0.43645833333333334 0.2472222222222222 0.025 0.1074074074074074
