0 0.26666666666666666 0.9078703703703703 0.06770833333333333 0.1861111111111111
0 0.16302083333333336 0.898611111111111 0.08333333333333333 0.2046296296296296
0 0.08203125 0.923611111111111 0.0828125 0.15277777777777776
0 0.0859375 0.8962962962962963 0.08020833333333333 0.20925925925925926
0 0.8286458333333334 0.7967592592592593 0.06041666666666667 0.3101851851851852
0 0.8208333333333334 0.6263888888888888 0.053125 0.23240740740740737
0 0.1515625 0.6699074074074074 0.057291666666666664 0.22685185185185183
0 0.051041666666666666 0.700925925925926 0.05520833333333334 0.1925925925925926
0 0.8700520833333334 0.5143518518518518 0.04010416666666666 0.17685185185185184
0 0.08723958333333333 0.6356481481481481 0.06197916666666667 0.24907407407407406
0 0.80546875 0.5282407407407407 0.04635416666666667 0.19537037037037036
0 0.24583333333333335 0.6074074074074074 0.046875 0.20740740740740737
0 0.20885416666666667 0.599537037037037 0.043750000000000004 0.2175925925925926
0 0.29765625 0.5722222222222222 0.044270833333333336 0.21666666666666667
0 0.3901041666666667 0.49861111111111106 0.052083333333333336 0.18796296296296294
0 0.33307291666666666 0.475925925925926 0.0453125 0.20185185185185184
0 0.29531250000000003 0.4162037037037037 0.035416666666666666 0.17685185185185184
0 0.4377604166666667 0.4319444444444444 0.0453125 0.17314814814814813
0 0.38255208333333335 0.40555555555555556 0.028645833333333332 0.15
0 0.36093749999999997 0.3884259259259259 0.03854166666666667 0.17314814814814813
0 0.32890625 0.3814814814814814 0.035937500000000004 0.15185185185185185
0 0.49765625 0.3662037037037037 0.033854166666666664 0.13796296296296295
0 0.4692708333333333 0.3657407407407407 0.028125 0.15185185185185185
0 0.5200520833333334 0.3453703703703704 0.03802083333333334 0.15185185185185185
0 0.43906249999999997 0.35694444444444445 0.028125 0.13425925925925924
0 0.4216145833333333 0.3537037037037037 0.029687500000000002 0.13518518518518519
0 0.49140625000000004 0.3384259259259259 0.03177083333333333 0.12870370370370368
0 0.46458333333333335 0.30231481481481476 0.030208333333333334 0.12870370370370368
0 0.3958333333333333 0.34953703703703703 0.03229166666666667 0.15277777777777776
0 0.39557291666666666 0.34074074074074073 0.029687500000000002 0.137037037037037
0 0.37890625 0.3421296296296296 0.029687500000000002 0.14351851851851852
0 0.4296875 0.27685185185185185 0.030208333333333334 0.12407407407407406
0 0.3471354166666667 0.3685185185185185 0.029687500000000002 0.12407407407407406
0 0.2979166666666667 0.3550925925925926 0.0375 0.15092592592592594
0 0.3950520833333333 0.30925925925925923 0.028645833333333332 0.12407407407407406
0 0.35911458333333335 0.3277777777777777 0.02760416666666667 0.137037037037037
0 0.3979166666666667 0.28564814814814815 0.02395833333333333 0.09907407407407406
0 0.3520833333333333 0.30185185185185187 0.036458333333333336 0.12962962962962962
0 0.3236979166666667 0.32037037037037036 0.035937500000000004 0.13148148148148148
0 0.5041666666666667 0.17453703703703702 0.021875000000000002 0.09351851851851851
0 0.36953125 0.31481481481481477 0.025520833333333333 0.11851851851851851
0 0.7890625000000001 0.3657407407407407 0.03229166666666667 0.17407407407407408
0 0.4265625 0.2981481481481481 0.03125 0.137037037037037
0 0.5531250000000001 0.3907407407407407 0.036458333333333336 0.18518518518518517
0 0.5252604166666667 0.3967592592592592 0.03072916666666667 0.18425925925925926
0 0.4838541666666667 0.32037037037037036 0.025 0.11851851851851851
0 0.41692708333333334 0.31342592592592594 0.029687500000000002 0.12685185185185185
0 0.36432291666666666 0.3537037037037037 0.035937500000000004 0.1537037037037037
0 0.4278645833333333 0.26481481481481484 0.0265625 0.11296296296296296
0 0.4463541666666667 0.2546296296296296 0.025 0.12222222222222222
0 0.5260416666666667 0.44490740740740736 0.04479166666666667 0.17129629629629628
0 0.490625 0.4393518518518518 0.043750000000000004 0.18796296296296294
0 0.09505208333333333 0.5509259259259259 0.04010416666666666 0.19814814814814813
0 0.13307291666666665 0.4976851851851851 0.0421875 0.1935185185185185
0 0.7687499999999999 0.5587962962962963 0.04583333333333334 0.2175925925925926
0 0.7973958333333334 0.5532407407407407 0.04791666666666666 0.19907407407407407
0 0.3674479166666667 0.2518518518518518 0.0234375 0.11851851851851851
0 0.5380208333333334 0.24166666666666664 0.026041666666666668 0.12037037037037036
0 0.6713541666666666 0.24814814814814815 0.025 0.07962962962962963
0 0.5786458333333333 0.42222222222222217 0.036458333333333336 0.18518518518518517
0 0.6104166666666667 0.3574074074074074 0.03229166666666667 0.13518518518518519
0 0.6239583333333334 0.3481481481481481 0.03229166666666667 0.13518518518518519
0 0.6177083333333333 0.3777777777777777 0.030208333333333334 0.13518518518518519
0 0.71875 0.28564814814814815 0.030208333333333334 0.0787037037037037
0 0.7734375 0.3805555555555556 0.035416666666666666 0.1685185185185185
0 0.34348958333333335 0.25277777777777777 0.0234375 0.1074074074074074
