0 0.01328125 0.9569444444444443 0.025520833333333333 0.08796296296296297
0 0.0703125 0.9268518518518518 0.084375 0.14444444444444443
0 0.16484375 0.9300925925925925 0.0609375 0.14166666666666666
0 0.20364583333333336 0.9013888888888888 0.078125 0.19722222222222222
0 0.28515625000000006 0.9226851851851852 0.07447916666666668 0.15648148148148147
0 0.08098958333333334 0.8300925925925926 0.06718750000000001 0.27685185185185185
0 0.18151041666666665 0.7685185185185185 0.06718750000000001 0.2685185185185185
0 0.24218750000000003 0.8287037037037037 0.06145833333333334 0.2759259259259259
0 0.24270833333333336 0.8759259259259259 0.06979166666666667 0.25
0 0.5177083333333333 0.8453703703703702 0.06666666666666667 0.29629629629629634
0 0.27265625000000004 0.6337962962962962 0.04635416666666667 0.25833333333333336
0 0.3182291666666667 0.639351851851852 0.05 0.24537037037037035
0 0.9234375 0.4736111111111111 0.042708333333333334 0.19537037037037036
0 0.9382812500000001 0.4916666666666666 0.0453125 0.19074074074074074
0 0.8247395833333334 0.5018518518518519 0.033854166666666664 0.1796296296296296
0 0.80390625 0.5 0.051562500000000004 0.2037037037037037
0 0.8177083333333334 0.46064814814814814 0.04479166666666667 0.18425925925925926
0 0.7395833333333334 0.4935185185185185 0.046875 0.18703703703703703
0 0.7307291666666667 0.4847222222222222 0.052083333333333336 0.2157407407407407
0 0.22005208333333334 0.5300925925925926 0.035937500000000004 0.16574074074074074
0 0.26067708333333334 0.5199074074074074 0.058854166666666666 0.23425925925925925
0 0.2947916666666667 0.5361111111111111 0.030208333333333334 0.14259259259259258
0 0.2947916666666667 0.5453703703703704 0.04895833333333334 0.22777777777777777
0 0.5526041666666667 0.5365740740740741 0.052083333333333336 0.2046296296296296
0 0.4416666666666667 0.586111111111111 0.05625 0.24444444444444444
0 0.32838541666666665 0.42916666666666664 0.035937500000000004 0.16203703703703703
0 0.3557291666666667 0.42268518518518516 0.036458333333333336 0.1787037037037037
0 0.37578125 0.4513888888888889 0.04010416666666666 0.1824074074074074
0 0.5130208333333334 0.4888888888888889 0.058333333333333334 0.18703703703703703
0 0.5463541666666667 0.5300925925925927 0.04479166666666667 0.16018518518518518
0 0.6880208333333334 0.47638888888888886 0.046875 0.1787037037037037
0 0.4236979166666667 0.4504629629629629 0.04635416666666667 0.1787037037037037
0 0.63515625 0.48657407407407405 0.04635416666666667 0.20092592592592592
0 0.5442708333333334 0.4611111111111111 0.03125 0.1685185185185185
0 0.49270833333333336 0.449537037037037 0.040625 0.1824074074074074
0 0.3401041666666667 0.336574074074074 0.03229166666666667 0.15462962962962962
0 0.2643229166666667 0.35509259259259257 0.029687500000000002 0.16203703703703703
0 0.33697916666666666 0.3699074074074074 0.03229166666666667 0.14351851851851852
0 0.3317708333333333 0.3472222222222222 0.028125 0.1574074074074074
0 0.44557291666666665 0.43287037037037035 0.035937500000000004 0.18055555555555552
0 0.4450520833333333 0.375462962962963 0.04010416666666666 0.15092592592592594
0 0.30364583333333334 0.27037037037037037 0.027083333333333334 0.12962962962962962
0 0.3098958333333333 0.27777777777777773 0.028125 0.11851851851851851
0 0.6731770833333335 0.4527777777777777 0.04010416666666666 0.18703703703703703
0 0.43750000000000006 0.35879629629629634 0.029166666666666667 0.14166666666666666
0 0.4049479166666667 0.32083333333333336 0.029687500000000002 0.14351851851851852
0 0.36953125000000003 0.3592592592592592 0.03177083333333333 0.14629629629629629
0 0.5385416666666667 0.4125 0.03854166666666667 0.19166666666666668
0 0.6276041666666666 0.3675925925925926 0.034374999999999996 0.1574074074074074
0 0.6317708333333334 0.3731481481481481 0.03229166666666667 0.14074074074074075
0 0.5234375 0.3504629629629629 0.03229166666666667 0.14907407407407408
0 0.5515625000000001 0.3597222222222222 0.034374999999999996 0.14907407407407408
0 0.4768229166666667 0.3175925925925926 0.029687500000000002 0.13518518518518519
0 0.4317708333333333 0.25740740740740736 0.026041666666666668 0.12037037037037036
0 0.5270833333333333 0.3217592592592593 0.030208333333333334 0.1398148148148148
0 0.5497395833333334 0.32592592592592595 0.03177083333333333 0.15185185185185185
0 0.5408854166666667 0.300462962962963 0.025520833333333333 0.12870370370370368
0 0.5486979166666667 0.2532407407407407 0.02760416666666667 0.11018518518518518
0 0.5135416666666667 0.24166666666666667 0.02395833333333333 0.10925925925925925
0 0.3744791666666667 0.25416666666666665 0.027083333333333334 0.1175925925925926
0 0.3932291666666667 0.2634259259259259 0.028125 0.11574074074074073
0 0.48802083333333335 0.24537037037037035 0.029166666666666667 0.11851851851851851
0 0.375 0.27037037037037037 0.030208333333333334 0.11851851851851851
0 0.3458333333333333 0.2518518518518518 0.021875000000000002 0.1074074074074074
0 0.44557291666666665 0.27731481481481485 0.025520833333333333 0.10462962962962963
0 0.34661458333333334 0.26944444444444443 0.02447916666666667 0.12777777777777777
0 0.0421875 0.7226851851851852 0.05520833333333334 0.262037037037037
0 0.4322916666666667 0.3189814814814814 0.03229166666666667 0.12685185185185185
0 0.4526041666666667 0.2583333333333333 0.028125 0.12407407407407406
0 0.39375000000000004 0.25555555555555554 0.02395833333333333 0.1074074074074074
0 0.41119791666666666 0.26296296296296295 0.025520833333333333 0.12407407407407406
0 0.5231770833333333 0.22407407407407404 0.025520833333333333 0.11851851851851851
0 0.5640624999999999 0.2796296296296296 0.02291666666666667 0.10370370370370369
0 0.6609375 0.23287037037037037 0.02291666666666667 0.0824074074074074
0 0.4690104166666667 0.26759259259259255 0.021354166666666667 0.08148148148148147
0 0.6468750000000001 0.399537037037037 0.021875000000000002 0.09166666666666666
0 0.5554687500000001 0.45231481481481484 0.035937500000000004 0.17129629629629628
0 0.5822916666666667 0.40509259259259256 0.03229166666666667 0.1824074074074074
0 0.5963541666666666 0.3333333333333333 0.034374999999999996 0.14074074074074075
0 0.5955729166666667 0.33194444444444443 0.033854166666666664 0.1361111111111111
0 0.6156250000000001 0.36203703703703705 0.029166666666666667 0.137037037037037
0 0.82734375 0.48749999999999993 0.035937500000000004 0.14537037037037034
0 0.8036458333333334 0.4884259259259259 0.035416666666666666 0.14907407407407408
0 0.7065104166666667 0.2652777777777778 0.03177083333333333 0.0787037037037037
0 0.7744791666666667 0.3462962962962963 0.03229166666666667 0.1685185185185185
0 0.38046875 0.3138888888888889 0.03177083333333333 0.137037037037037
0 0.6169270833333333 0.3717592592592593 0.028645833333333332 0.1472222222222222
0 0.7999999999999999 0.524537037037037 0.06666666666666667 0.21203703703703702
0 0.6585937500000001 0.45509259259259255 0.03177083333333333 0.17129629629629628
0 0.23645833333333335 0.5282407407407407 0.046875 0.16574074074074074
