0 0.9697916666666666 0.9152777777777776 0.059375000000000004 0.17129629629629628
0 0.17083333333333334 0.8768518518518518 0.075 0.24814814814814812
0 0.47291666666666665 0.8421296296296296 0.075 0.30648148148148147
0 0.38645833333333335 0.7574074074074074 0.07291666666666667 0.30925925925925923
0 0.31015625 0.7763888888888888 0.0703125 0.3046296296296296
0 0.20677083333333335 0.7504629629629629 0.06041666666666667 0.2787037037037037
0 0.8304687500000001 0.6967592592592593 0.05572916666666666 0.2712962962962963
0 0.7846354166666666 0.5134259259259258 0.04635416666666667 0.20092592592592592
0 0.026041666666666668 0.8449074074074073 0.051041666666666666 0.22685185185185183
0 0.7700520833333334 0.4782407407407407 0.04010416666666666 0.1675925925925926
0 0.7973958333333334 0.4606481481481481 0.042708333333333334 0.17314814814814813
0 0.8015625 0.4606481481481481 0.035416666666666666 0.14907407407407408
0 0.7359375 0.45509259259259255 0.03854166666666667 0.17314814814814813
0 0.7958333333333334 0.3606481481481481 0.030208333333333334 0.14907407407407408
0 0.6158854166666666 0.49166666666666664 0.044270833333333336 0.18703703703703703
0 0.18385416666666665 0.7291666666666665 0.04791666666666666 0.2398148148148148
0 0.12604166666666666 0.7171296296296296 0.05416666666666667 0.24537037037037035
0 0.21614583333333337 0.5180555555555555 0.040625 0.19537037037037036
0 0.4015625 0.4300925925925926 0.043750000000000004 0.16944444444444443
0 0.3510416666666667 0.41388888888888886 0.042708333333333334 0.17777777777777776
0 0.3002604166666667 0.42685185185185187 0.03697916666666667 0.17592592592592593
0 0.4778645833333333 0.3921296296296296 0.04010416666666666 0.15833333333333333
0 0.4205729166666667 0.3782407407407407 0.029687500000000002 0.13425925925925924
0 0.3903645833333333 0.3675925925925926 0.035937500000000004 0.1537037037037037
0 0.3244791666666667 0.3541666666666667 0.0375 0.1472222222222222
0 0.48072916666666665 0.3351851851851852 0.03333333333333333 0.13333333333333333
0 0.45598958333333334 0.33194444444444443 0.029687500000000002 0.1324074074074074
0 0.4838541666666667 0.3050925925925926 0.03125 0.13055555555555556
0 0.4434895833333333 0.325 0.0265625 0.12962962962962962
0 0.44765625 0.32546296296296295 0.025520833333333333 0.12870370370370368
0 0.45625000000000004 0.3074074074074074 0.029166666666666667 0.12407407407407406
0 0.4223958333333333 0.2754629629629629 0.028125 0.11944444444444444
0 0.4002604166666667 0.3152777777777777 0.03072916666666667 0.12685185185185185
0 0.375 0.32083333333333336 0.030208333333333334 0.1324074074074074
0 0.35546875 0.3185185185185185 0.029687500000000002 0.13888888888888887
0 0.3640625 0.2611111111111111 0.029166666666666667 0.12037037037037036
0 0.2955729166666667 0.3449074074074074 0.029687500000000002 0.11944444444444444
0 0.3200520833333333 0.31990740740740736 0.034895833333333334 0.13425925925925924
0 0.32786458333333335 0.2916666666666667 0.02760416666666667 0.12407407407407406
0 0.28203125 0.3162037037037037 0.033854166666666664 0.13796296296296295
0 0.48046875 0.199537037037037 0.025520833333333333 0.09907407407407406
0 0.7674479166666666 0.38240740740740736 0.02760416666666667 0.17037037037037037
0 0.38723958333333336 0.2708333333333333 0.02760416666666667 0.11944444444444444
0 0.52265625 0.46481481481481474 0.043229166666666666 0.2037037037037037
0 0.4846354166666667 0.46435185185185185 0.0390625 0.20092592592592592
0 0.43125 0.2944444444444444 0.025 0.11666666666666667
0 0.39166666666666666 0.28935185185185186 0.03229166666666667 0.12129629629629629
0 0.33828125 0.34074074074074073 0.034895833333333334 0.14444444444444443
0 0.5127604166666666 0.5305555555555556 0.0453125 0.19444444444444445
0 0.47734375 0.5300925925925924 0.04739583333333334 0.21388888888888888
0 0.09062500000000001 0.5550925925925925 0.04479166666666667 0.19722222222222222
0 0.17890625 0.499537037037037 0.0421875 0.1824074074074074
0 0.540625 0.24907407407407406 0.02395833333333333 0.12037037037037036
0 0.67109375 0.2569444444444444 0.025520833333333333 0.075
0 0.5927083333333334 0.43379629629629624 0.03333333333333333 0.1824074074074074
0 0.6138020833333334 0.3601851851851851 0.03177083333333333 0.13518518518518519
0 0.6171875000000001 0.35555555555555557 0.03229166666666667 0.13518518518518519
0 0.60546875 0.37916666666666665 0.033854166666666664 0.1398148148148148
0 0.7179687499999999 0.29259259259259257 0.0328125 0.07962962962962963
0 0.7708333333333334 0.3898148148148148 0.03333333333333333 0.17407407407407408
