0 0.7731770833333333 0.6601851851851851 0.06927083333333334 0.2296296296296296
0 0.29296875000000006 0.561574074074074 0.0484375 0.19907407407407407
0 0.7989583333333333 0.5162037037037036 0.04583333333333334 0.20277777777777778
0 0.6140625000000001 0.4958333333333333 0.04895833333333334 0.20648148148148146
0 0.5442708333333334 0.5064814814814814 0.043750000000000004 0.20185185185185184
0 0.26145833333333335 0.5041666666666667 0.040625 0.1935185185185185
0 0.6903645833333334 0.5990740740740741 0.050520833333333334 0.23703703703703702
0 0.6096354166666667 0.39814814814814814 0.02760416666666667 0.12962962962962962
0 0.5510416666666667 0.3657407407407407 0.030208333333333334 0.14074074074074075
0 0.5640625 0.375462962962963 0.027083333333333334 0.13796296296296295
0 0.5007812500000001 0.3675925925925926 0.029687500000000002 0.14074074074074075
0 0.80234375 0.3597222222222222 0.029687500000000002 0.15462962962962962
0 0.4817708333333333 0.40509259259259256 0.03333333333333333 0.15648148148148147
0 0.14635416666666667 0.6148148148148148 0.053125 0.23333333333333334
0 0.40494791666666674 0.3324074074074074 0.03177083333333333 0.12962962962962962
0 0.3723958333333334 0.3212962962962963 0.034374999999999996 0.14074074074074075
0 0.3088541666666667 0.3523148148148148 0.0375 0.14537037037037034
0 0.41276041666666674 0.30833333333333335 0.03177083333333333 0.12777777777777777
0 0.409375 0.2736111111111111 0.028125 0.11018518518518518
0 0.38541666666666674 0.2726851851851852 0.029166666666666667 0.11574074074074073
0 0.3888020833333333 0.26944444444444443 0.021354166666666667 0.1074074074074074
0 0.35625 0.26805555555555555 0.02395833333333333 0.10462962962962963
0 0.346875 0.27546296296296297 0.028125 0.13425925925925924
0 0.7721354166666669 0.3837962962962963 0.029687500000000002 0.17129629629629628
0 0.6494791666666666 0.7097222222222221 0.052083333333333336 0.30277777777777776
0 0.5609375000000001 0.7078703703703704 0.06145833333333334 0.2824074074074074
0 0.5893229166666667 0.8486111111111111 0.08385416666666667 0.2898148148148148
0 0.5221354166666666 0.8342592592592593 0.07447916666666668 0.31111111111111106
0 0.09687500000000002 0.5638888888888888 0.04479166666666667 0.19629629629629627
0 0.3528645833333334 0.4078703703703704 0.03177083333333333 0.16018518518518518
0 0.5427083333333333 0.2509259259259259 0.029166666666666667 0.1259259259259259
0 0.6760416666666667 0.25925925925925924 0.026041666666666668 0.07407407407407408
0 0.596875 0.4300925925925926 0.0375 0.18425925925925926
0 0.6177083333333334 0.36203703703703705 0.03229166666666667 0.13518518518518519
0 0.6208333333333335 0.3574074074074074 0.03229166666666667 0.13518518518518519
0 0.634375 0.39444444444444443 0.034374999999999996 0.14629629629629629
0 0.7239583333333334 0.2944444444444444 0.03333333333333333 0.07962962962962963
0 0.7736979166666667 0.39444444444444443 0.033854166666666664 0.1796296296296296
0 0.5473958333333334 0.5333333333333333 0.05520833333333334 0.21296296296296294
0 0.7385416666666667 0.4375 0.03229166666666667 0.19722222222222222
0 0.5505208333333333 0.4444444444444444 0.036458333333333336 0.18148148148148147
0 0.7645833333333334 0.43935185185185177 0.0375 0.1898148148148148
0 0.21119791666666668 0.7138888888888888 0.06197916666666667 0.3037037037037037
0 0.91171875 0.5009259259259259 0.0390625 0.17592592592592593
0 0.32317708333333334 0.4736111111111111 0.043229166666666666 0.17685185185185184
0 0.35625 0.7763888888888888 0.06041666666666667 0.26944444444444443
0 0.9450520833333333 0.5291666666666666 0.058854166666666666 0.2157407407407407
0 0.6549479166666666 0.4842592592592592 0.051562500000000004 0.1796296296296296
