0 0.3955729166666667 0.16481481481481483 0.033854166666666664 0.11666666666666667
0 0.09270833333333332 0.4643518518518518 0.046875 0.1898148148148148
0 0.5130208333333334 0.1597222222222222 0.026041666666666668 0.12129629629629629
0 0.6692708333333334 0.1726851851851852 0.02395833333333333 0.07685185185185185
0 0.5776041666666667 0.336574074074074 0.035416666666666666 0.17685185185185184
0 0.6091145833333335 0.2638888888888889 0.029687500000000002 0.11851851851851851
0 0.6778645833333334 0.3222222222222222 0.033854166666666664 0.15925925925925927
0 0.6195312500000001 0.32685185185185184 0.03177083333333333 0.1611111111111111
0 0.7182291666666666 0.2125 0.028125 0.08425925925925926
0 0.07395833333333333 0.8629629629629629 0.065625 0.2759259259259259
0 0.11041666666666668 0.8824074074074074 0.08229166666666668 0.23703703703703702
0 0.17604166666666665 0.6893518518518519 0.06041666666666667 0.2935185185185185
0 0.2908854166666667 0.7439814814814815 0.0609375 0.2935185185185185
0 0.14557291666666666 0.7800925925925927 0.08697916666666668 0.3361111111111111
0 0.22187500000000002 0.8180555555555556 0.06458333333333334 0.3101851851851852
0 0.3161458333333333 0.6171296296296297 0.06145833333333334 0.27685185185185185
0 0.44140625000000006 0.3532407407407407 0.04739583333333334 0.18796296296296294
0 0.34739583333333335 0.49351851851851847 0.05 0.2185185185185185
0 0.7744791666666667 0.4194444444444444 0.05520833333333334 0.18703703703703703
0 0.7841145833333334 0.42361111111111105 0.049479166666666664 0.15462962962962962
0 0.67421875 0.42129629629629634 0.03802083333333334 0.11851851851851851
0 0.7041666666666667 0.38240740740740736 0.053125 0.18148148148148147
0 0.3817708333333333 0.36018518518518516 0.043750000000000004 0.17592592592592593
0 0.6536458333333334 0.41898148148148145 0.04583333333333334 0.1898148148148148
0 0.6229166666666667 0.11990740740740741 0.021875000000000002 0.09907407407407406
0 0.5364583333333334 0.25833333333333336 0.03125 0.14074074074074075
0 0.4966145833333333 0.25925925925925924 0.03072916666666667 0.14259259259259258
0 0.24791666666666667 0.6060185185185184 0.057291666666666664 0.27685185185185185
0 0.46458333333333335 0.3157407407407407 0.04479166666666667 0.22407407407407404
0 0.5427083333333333 0.30833333333333335 0.03229166666666667 0.1685185185185185
0 0.4505208333333333 0.3157407407407407 0.03229166666666667 0.12407407407407406
0 0.4171875 0.3064814814814814 0.03854166666666667 0.15185185185185185
0 0.38958333333333334 0.3194444444444445 0.026041666666666668 0.09259259259259259
0 0.31406249999999997 0.2916666666666667 0.03333333333333333 0.14814814814814817
0 0.4317708333333333 0.2273148148148148 0.03229166666666667 0.11574074074074073
0 0.4682291666666667 0.21712962962962964 0.029166666666666667 0.1175925925925926
0 0.4427083333333334 0.2208333333333333 0.02395833333333333 0.09537037037037037
0 0.4463541666666667 0.18564814814814812 0.030208333333333334 0.12314814814814815
0 0.4643229166666667 0.21527777777777776 0.0234375 0.0824074074074074
0 0.3309895833333333 0.1824074074074074 0.025520833333333333 0.11296296296296296
0 0.3567708333333333 0.17638888888888887 0.030208333333333334 0.10648148148148147
0 0.5544270833333333 0.2398148148148148 0.021354166666666667 0.08518518518518518
0 0.578125 0.21666666666666667 0.03229166666666667 0.13518518518518519
0 0.39140625 0.1685185185185185 0.03177083333333333 0.12407407407407406
