0 0.1765625 0.7379629629629628 0.05625 0.2462962962962963
0 0.21744791666666666 0.7402777777777776 0.04635416666666667 0.2787037037037037
0 0.18125000000000002 0.34398148148148144 0.030208333333333334 0.14907407407407408
0 0.17682291666666666 0.40879629629629627 0.033854166666666664 0.16574074074074074
0 0.20572916666666666 0.4162037037037037 0.02395833333333333 0.13425925925925924
0 0.13776041666666666 0.8930555555555555 0.06614583333333333 0.21388888888888888
0 0.6028645833333334 0.2268518518518518 0.034895833333333334 0.1074074074074074
0 0.47552083333333334 0.6337962962962963 0.057291666666666664 0.22314814814814812
0 0.41484375 0.8796296296296295 0.06510416666666667 0.24074074074074073
0 0.8354166666666667 0.5106481481481482 0.03958333333333334 0.20833333333333334
0 0.4825520833333333 0.6046296296296295 0.06302083333333333 0.23703703703703702
0 0.20911458333333333 0.8375 0.07135416666666666 0.325
0 0.8690104166666667 0.4851851851851851 0.0421875 0.18518518518518517
0 0.6057291666666667 0.38935185185185184 0.03229166666666667 0.16574074074074074
0 0.5432291666666667 0.2787037037037037 0.026041666666666668 0.10925925925925925
0 0.5408854166666667 0.3384259259259259 0.028645833333333332 0.1361111111111111
0 0.4682291666666667 0.3902777777777777 0.0375 0.15277777777777776
0 0.5614583333333334 0.4111111111111111 0.03958333333333334 0.1796296296296296
0 0.5130208333333334 0.3361111111111111 0.030208333333333334 0.13518518518518519
0 0.3932291666666667 0.44768518518518513 0.03854166666666667 0.1898148148148148
0 0.4401041666666667 0.39722222222222214 0.03229166666666667 0.1685185185185185
0 0.4864583333333333 0.3421296296296296 0.030208333333333334 0.12685185185185185
0 0.6765625 0.4472222222222222 0.043750000000000004 0.19629629629629627
0 0.22395833333333337 0.575925925925926 0.051041666666666666 0.24814814814814812
0 0.6458333333333334 0.3949074074074074 0.026041666666666668 0.1324074074074074
0 0.4911458333333333 0.4643518518518518 0.03854166666666667 0.17314814814814813
0 0.3380208333333333 0.45 0.040625 0.18888888888888886
0 0.8140625 0.624074074074074 0.03333333333333333 0.18148148148148147
0 0.5080729166666667 0.3560185185185185 0.02760416666666667 0.13796296296296295
0 0.21119791666666668 0.45648148148148143 0.03802083333333334 0.17407407407407408
0 0.3697916666666667 0.262037037037037 0.020833333333333332 0.0962962962962963
0 0.3497395833333333 0.2518518518518518 0.029687500000000002 0.1259259259259259
0 0.33177083333333335 0.25046296296296294 0.01979166666666667 0.10648148148148147
0 0.33828125000000003 0.23842592592592593 0.0234375 0.12314814814814815
0 0.5127604166666666 0.4810185185185185 0.050520833333333334 0.19537037037037036
0 0.6908854166666667 0.538425925925926 0.05260416666666667 0.21018518518518517
0 0.71875 0.5199074074074074 0.059375000000000004 0.21018518518518517
0 0.6348958333333333 0.38240740740740736 0.030208333333333334 0.14629629629629629
0 0.4997395833333333 0.4041666666666667 0.025520833333333333 0.14351851851851852
0 0.5614583333333333 0.4393518518518518 0.03854166666666667 0.1787037037037037
0 0.5080729166666667 0.23796296296296296 0.025520833333333333 0.11851851851851851
0 0.7380208333333333 0.39444444444444443 0.03125 0.14074074074074075
0 0.6541666666666667 0.24027777777777776 0.02395833333333333 0.0824074074074074
0 0.6458333333333334 0.4092592592592592 0.026041666666666668 0.12962962962962962
0 0.5783854166666667 0.40046296296296297 0.033854166666666664 0.17685185185185184
0 0.5135416666666667 0.3138888888888889 0.035416666666666666 0.13333333333333333
0 0.36614583333333334 0.3069444444444444 0.030208333333333334 0.12129629629629629
0 0.6101562500000001 0.3731481481481481 0.029687500000000002 0.13518518518518519
0 0.7005208333333334 0.27361111111111114 0.028125 0.0787037037037037
0 0.3424479166666667 0.5643518518518519 0.04010416666666666 0.2287037037037037
0 0.16770833333333335 0.41898148148148145 0.03854166666666667 0.17685185185185184
