0 0.5578124999999999 0.2949074074074074 0.03333333333333333 0.14351851851851852
0 0.3916666666666667 0.2736111111111111 0.029166666666666667 0.1361111111111111
0 0.3747395833333333 0.26481481481481484 0.03072916666666667 0.14074074074074075
0 0.12005208333333334 0.5134259259259258 0.033854166666666664 0.1898148148148148
0 0.5302083333333334 0.20601851851851852 0.026041666666666668 0.12129629629629629
0 0.6864583333333334 0.20879629629629629 0.02395833333333333 0.07685185185185185
0 0.60390625 0.39444444444444443 0.035937500000000004 0.18518518518518517
0 0.6283854166666667 0.3055555555555555 0.029687500000000002 0.12407407407407406
0 0.6197916666666666 0.32546296296296295 0.03125 0.14907407407407408
0 0.6432291666666669 0.3597222222222222 0.03229166666666667 0.14907407407407408
0 0.7369791666666666 0.24768518518518517 0.028125 0.08425925925925926
0 0.3651041666666667 0.27546296296296297 0.028125 0.14351851851851852
0 0.2708333333333333 0.9217592592592592 0.078125 0.15833333333333333
0 0.7924479166666667 0.4185185185185185 0.044270833333333336 0.1796296296296296
0 0.75546875 0.4231481481481481 0.03697916666666667 0.18518518518518517
0 0.3481770833333333 0.9717592592592592 0.051562500000000004 0.054629629629629625
0 0.3174479166666667 0.6967592592592593 0.0734375 0.38240740740740736
0 0.5265625 0.5523148148148148 0.05625 0.23796296296296296
0 0.43593750000000003 0.5657407407407408 0.05 0.1925925925925926
0 0.38906250000000003 0.5509259259259259 0.052083333333333336 0.22037037037037036
0 0.3526041666666667 0.5805555555555555 0.034374999999999996 0.15555555555555553
0 0.29140625000000003 0.5375 0.044270833333333336 0.2046296296296296
0 0.31822916666666673 0.4324074074074074 0.035416666666666666 0.1685185185185185
0 0.3744791666666667 0.3976851851851852 0.04583333333333334 0.1675925925925926
0 0.41380208333333335 0.38287037037037036 0.033854166666666664 0.15277777777777776
0 0.37682291666666673 0.4305555555555555 0.03697916666666667 0.12962962962962962
0 0.4682291666666667 0.35 0.03854166666666667 0.17592592592592593
0 0.48125 0.3694444444444444 0.029166666666666667 0.11296296296296296
0 0.3671875 0.3212962962962963 0.03333333333333333 0.15
0 0.3020833333333333 0.2944444444444444 0.034374999999999996 0.14074074074074075
0 0.3489583333333333 0.28564814814814815 0.035416666666666666 0.15462962962962962
0 0.4356770833333333 0.3009259259259259 0.034895833333333334 0.12777777777777777
0 0.4661458333333333 0.30879629629629624 0.03229166666666667 0.12129629629629629
0 0.47109375 0.2814814814814815 0.034895833333333334 0.1259259259259259
0 0.6645833333333334 0.3935185185185185 0.029166666666666667 0.11296296296296296
0 0.6992187500000001 0.36342592592592593 0.0453125 0.17685185185185184
0 0.3416666666666667 0.27777777777777773 0.027083333333333334 0.12962962962962962
0 0.5203125000000001 0.28703703703703703 0.034374999999999996 0.15185185185185185
0 0.5278645833333334 0.2736111111111111 0.021354166666666667 0.09351851851851851
0 0.5135416666666667 0.27037037037037037 0.028125 0.11296296296296296
0 0.4981770833333333 0.26944444444444443 0.033854166666666664 0.137037037037037
0 0.45390625 0.22453703703703703 0.029687500000000002 0.12314814814814815
0 0.43203125000000003 0.23703703703703702 0.0265625 0.11851851851851851
0 0.3713541666666667 0.2532407407407407 0.021875000000000002 0.12685185185185185
0 0.3859375 0.2421296296296296 0.028125 0.12314814814814815
0 0.3572916666666667 0.2458333333333333 0.027083333333333334 0.11574074074074073
0 0.49921875 0.2828703703703704 0.029687500000000002 0.12870370370370368
