0 0.07994791666666667 0.3462962962962963 0.0609375 0.18703703703703703
0 0.5020833333333333 0.05555555555555555 0.029166666666666667 0.10925925925925925
0 0.6619791666666667 0.06111111111111111 0.02395833333333333 0.07592592592592592
0 0.5632812500000001 0.22962962962962966 0.035937500000000004 0.17592592592592593
0 0.5973958333333333 0.1587962962962963 0.029166666666666667 0.1175925925925926
0 0.6169270833333333 0.21435185185185185 0.0328125 0.16203703703703703
0 0.7130208333333333 0.09907407407407408 0.030208333333333334 0.08518518518518518
0 0.06510416666666667 0.8296296296296295 0.08125 0.34074074074074073
0 0.21223958333333334 0.6449074074074074 0.07552083333333333 0.32870370370370366
0 0.17760416666666667 0.5435185185185184 0.06041666666666667 0.29259259259259257
0 0.41953125 0.6129629629629628 0.0859375 0.3037037037037037
0 0.33203125 0.28518518518518515 0.04010416666666666 0.1796296296296296
0 0.3828125 0.2912037037037037 0.05416666666666667 0.17685185185185184
0 0.3153645833333333 0.23935185185185184 0.035937500000000004 0.17314814814814813
0 0.40807291666666673 0.22268518518518518 0.0421875 0.1787037037037037
0 0.31328125 0.21990740740740738 0.035937500000000004 0.16203703703703703
0 0.27265625000000004 0.22129629629629627 0.03802083333333334 0.18148148148148147
0 0.3786458333333333 0.1949074074074074 0.0375 0.16203703703703703
0 0.49114583333333334 0.24074074074074073 0.040625 0.18148148148148147
0 0.5213541666666667 0.2351851851851852 0.035416666666666666 0.16296296296296295
0 0.45703125 0.25601851851851853 0.04010416666666666 0.17314814814814813
0 0.59453125 0.3060185185185185 0.05260416666666667 0.1898148148148148
0 0.22864583333333335 0.2810185185185185 0.03333333333333333 0.18425925925925926
0 0.20911458333333335 0.2726851851851852 0.035937500000000004 0.1898148148148148
0 0.7994791666666666 0.3074074074074074 0.03333333333333333 0.14814814814814817
0 0.7671875 0.29629629629629634 0.043750000000000004 0.18703703703703703
0 0.5851562499999999 0.26157407407407407 0.033854166666666664 0.15092592592592594
0 0.42578125 0.1560185185185185 0.035937500000000004 0.15462962962962962
0 0.5369791666666667 0.1884259259259259 0.03229166666666667 0.16018518518518518
0 0.6861979166666669 0.237962962962963 0.04010416666666666 0.15925925925925927
0 0.67578125 0.21990740740740738 0.035937500000000004 0.16574074074074074
0 0.4567708333333333 0.14074074074074075 0.03854166666666667 0.1574074074074074
0 0.5101562500000001 0.17824074074074073 0.033854166666666664 0.16203703703703703
0 0.5247395833333334 0.13796296296296295 0.025520833333333333 0.1148148148148148
0 0.52890625 0.16435185185185183 0.021354166666666667 0.08425925925925926
0 0.5380208333333334 0.16157407407407404 0.021875000000000002 0.08425925925925926
0 0.51328125 0.13379629629629627 0.029687500000000002 0.12870370370370368
0 0.4265625 0.08518518518518518 0.025 0.10925925925925925
0 0.3947916666666667 0.15092592592592594 0.034374999999999996 0.1574074074074074
