0 0.3453125 0.16481481481481483 0.026041666666666668 0.12037037037037036
0 0.08645833333333333 0.46759259259259256 0.046875 0.19074074074074074
0 0.5072916666666667 0.16342592592592592 0.026041666666666668 0.12129629629629629
0 0.6640625 0.17638888888888887 0.02395833333333333 0.07685185185185185
0 0.5786458333333333 0.3361111111111111 0.036458333333333336 0.17407407407407408
0 0.603125 0.2722222222222222 0.030208333333333334 0.11851851851851851
0 0.70390625 0.3361111111111111 0.03802083333333334 0.15925925925925927
0 0.6161458333333334 0.33055555555555555 0.03229166666666667 0.16296296296296295
0 0.7130208333333333 0.21527777777777773 0.028125 0.08425925925925926
0 0.017708333333333333 0.8898148148148147 0.034374999999999996 0.2222222222222222
0 0.08281250000000001 0.9055555555555554 0.1 0.18888888888888886
0 0.11718750000000001 0.8231481481481481 0.06458333333333334 0.31296296296296294
0 0.20260416666666667 0.8509259259259259 0.07708333333333334 0.3
0 0.8682291666666667 0.5074074074074074 0.058333333333333334 0.21296296296296294
0 0.21692708333333333 0.6277777777777778 0.0609375 0.25740740740740736
0 0.3354166666666667 0.6837962962962962 0.05625 0.26944444444444443
0 0.20625000000000002 0.7101851851851851 0.07291666666666667 0.29814814814814816
0 0.27239583333333334 0.7421296296296295 0.0625 0.2787037037037037
0 0.3328125 0.5680555555555554 0.057291666666666664 0.24907407407407406
0 0.4825520833333333 0.3763888888888889 0.05260416666666667 0.1898148148148148
0 0.31093750000000003 0.4666666666666667 0.05 0.20925925925925926
0 0.6846354166666666 0.4097222222222222 0.049479166666666664 0.1824074074074074
0 0.6986979166666667 0.4162037037037037 0.044270833333333336 0.15092592592592594
0 0.578125 0.3986111111111111 0.03854166666666667 0.11203703703703702
0 0.6184895833333334 0.3759259259259259 0.044270833333333336 0.17407407407407408
0 0.3643229166666667 0.3435185185185185 0.03697916666666667 0.17592592592592593
0 0.5924479166666666 0.39768518518518514 0.043229166666666666 0.18055555555555552
0 0.5984375 0.12916666666666668 0.02395833333333333 0.09907407407407406
0 0.5119791666666667 0.2462962962962963 0.028125 0.13333333333333333
0 0.47838541666666673 0.24953703703703703 0.03177083333333333 0.1324074074074074
0 0.2755208333333333 0.5564814814814815 0.059375000000000004 0.2462962962962963
0 0.43671875 0.300462962962963 0.0453125 0.21388888888888888
0 0.5393229166666667 0.29259259259259257 0.03177083333333333 0.1574074074074074
0 0.4375 0.3032407407407407 0.03229166666666667 0.12314814814814815
0 0.4033854166666667 0.2939814814814815 0.03802083333333334 0.15092592592592594
0 0.371875 0.3074074074074074 0.025 0.09259259259259259
0 0.3119791666666667 0.2759259259259259 0.03333333333333333 0.14259259259259258
0 0.4330729166666667 0.21805555555555553 0.03177083333333333 0.11574074074074073
0 0.4630208333333333 0.21388888888888888 0.026041666666666668 0.11851851851851851
0 0.4682291666666667 0.21342592592592594 0.02395833333333333 0.09537037037037037
0 0.43046875 0.1847222222222222 0.029687500000000002 0.12314814814814815
0 0.446875 0.20324074074074072 0.02395833333333333 0.0824074074074074
0 0.5440104166666667 0.23055555555555557 0.021354166666666667 0.07962962962962963
0 0.5645833333333333 0.2111111111111111 0.028125 0.13518518518518519
0 0.3494791666666667 0.16574074074074072 0.027083333333333334 0.12407407407407406
