0 0.34166666666666673 0.27962962962962956 0.02395833333333333 0.11296296296296296
0 0.39765625 0.8819444444444444 0.07760416666666667 0.23796296296296296
0 0.3177083333333333 0.8800925925925925 0.07708333333333334 0.23796296296296296
0 0.17786458333333335 0.9296296296296297 0.06510416666666667 0.14259259259259258
0 0.08333333333333333 0.9166666666666666 0.075 0.16666666666666666
0 0.06770833333333333 0.8912037037037037 0.07291666666666667 0.21944444444444444
0 0.11875000000000001 0.8699074074074074 0.078125 0.25833333333333336
0 0.19869791666666667 0.8439814814814814 0.0484375 0.2824074074074074
0 0.25364583333333335 0.836574074074074 0.058333333333333334 0.325
0 0.3510416666666667 0.8342592592592593 0.06354166666666666 0.28703703703703703
0 0.15026041666666665 0.7310185185185186 0.059895833333333336 0.26944444444444443
0 0.20286458333333335 0.6541666666666667 0.06718750000000001 0.22314814814814812
0 0.28177083333333336 0.7166666666666667 0.052083333333333336 0.2518518518518518
0 0.3677083333333333 0.7819444444444444 0.06770833333333333 0.2824074074074074
0 0.496875 0.7069444444444444 0.05625 0.2546296296296296
0 0.31927083333333334 0.5671296296296295 0.052083333333333336 0.23240740740740737
0 0.3799479166666667 0.5671296296296297 0.0484375 0.21944444444444444
0 0.8658854166666666 0.4634259259259259 0.0578125 0.2157407407407407
0 0.7901041666666666 0.45601851851851843 0.052083333333333336 0.1898148148148148
0 0.7341145833333335 0.46898148148148144 0.050520833333333334 0.1898148148148148
0 0.6734375 0.4856481481481481 0.043750000000000004 0.17314814814814813
0 0.6481770833333335 0.4842592592592592 0.05572916666666666 0.18703703703703703
0 0.615625 0.4439814814814814 0.03125 0.1898148148148148
0 0.6169270833333335 0.461574074074074 0.034895833333333334 0.17129629629629628
0 0.5932291666666666 0.4625 0.04583333333333334 0.20092592592592592
0 0.20364583333333336 0.42361111111111105 0.03333333333333333 0.15648148148148147
0 0.2716145833333333 0.4694444444444444 0.03177083333333333 0.14814814814814817
0 0.2911458333333333 0.4703703703703704 0.04583333333333334 0.2185185185185185
0 0.31328125 0.4824074074074074 0.034895833333333334 0.137037037037037
0 0.33958333333333335 0.4912037037037037 0.05 0.21018518518518517
0 0.36484375 0.5273148148148148 0.06406250000000001 0.1898148148148148
0 0.5283854166666667 0.5263888888888889 0.04739583333333334 0.21944444444444444
0 0.34140625 0.4041666666666667 0.04010416666666666 0.14537037037037034
0 0.3734375 0.399074074074074 0.03854166666666667 0.1611111111111111
0 0.45807291666666666 0.4921296296296296 0.04010416666666666 0.19537037037037036
0 0.6966145833333334 0.5263888888888889 0.06302083333333333 0.19907407407407407
0 0.7388020833333333 0.562962962962963 0.05364583333333334 0.1685185185185185
0 0.5421874999999999 0.46388888888888885 0.04791666666666666 0.17592592592592593
0 0.5549479166666667 0.48935185185185176 0.044270833333333336 0.17685185185185184
0 0.5111979166666667 0.461574074074074 0.04635416666666667 0.18425925925925926
0 0.4317708333333333 0.4629629629629629 0.043750000000000004 0.17037037037037037
0 0.4729166666666667 0.42361111111111105 0.0375 0.175
0 0.30078125 0.37175925925925923 0.0421875 0.16203703703703703
0 0.38958333333333334 0.3763888888888889 0.057291666666666664 0.16574074074074074
0 0.3541666666666667 0.3513888888888889 0.03333333333333333 0.1398148148148148
0 0.30182291666666666 0.34907407407407404 0.033854166666666664 0.15925925925925927
0 0.4223958333333333 0.4060185185185185 0.036458333333333336 0.17129629629629628
0 0.4432291666666667 0.35787037037037034 0.03229166666666667 0.15648148148148147
0 0.32604166666666673 0.30416666666666664 0.030208333333333334 0.14351851851851852
0 0.31406249999999997 0.3060185185185185 0.03333333333333333 0.13796296296296295
0 0.5505208333333333 0.42916666666666664 0.034374999999999996 0.1675925925925926
0 0.43124999999999997 0.33796296296296297 0.028125 0.13333333333333333
0 0.40989583333333335 0.3009259259259259 0.029166666666666667 0.12407407407407406
0 0.3809895833333333 0.350462962962963 0.03177083333333333 0.16018518518518518
0 0.5479166666666667 0.4041666666666666 0.036458333333333336 0.1824074074074074
0 0.5138020833333333 0.37175925925925923 0.0328125 0.16944444444444443
0 0.5403645833333334 0.3472222222222222 0.03177083333333333 0.14629629629629629
0 0.484375 0.33518518518518514 0.03125 0.13888888888888887
0 0.5078125 0.337037037037037 0.03229166666666667 0.13518518518518519
0 0.46640624999999997 0.300462962962963 0.025520833333333333 0.1324074074074074
0 0.4161458333333333 0.2537037037037037 0.028125 0.12407407407407406
0 0.5515625000000001 0.32962962962962966 0.03229166666666667 0.1574074074074074
0 0.5739583333333333 0.3416666666666667 0.035416666666666666 0.17037037037037037
0 0.5760416666666667 0.31851851851851853 0.026041666666666668 0.1537037037037037
0 0.5388020833333333 0.25740740740740736 0.02447916666666667 0.12407407407407406
0 0.48750000000000004 0.237962962962963 0.02395833333333333 0.10925925925925925
0 0.35078125 0.24305555555555552 0.025520833333333333 0.11203703703703702
0 0.3802083333333333 0.26435185185185184 0.030208333333333334 0.12870370370370368
0 0.46953125 0.24398148148148147 0.029687500000000002 0.11574074074074073
0 0.3078125 0.2657407407407407 0.02395833333333333 0.12037037037037036
0 0.3315104166666667 0.2458333333333333 0.022395833333333334 0.11388888888888889
0 0.43541666666666673 0.2699074074074074 0.02395833333333333 0.10092592592592592
0 0.4299479166666667 0.2907407407407407 0.02760416666666667 0.10925925925925925
0 0.4270833333333334 0.2449074074074074 0.02395833333333333 0.10833333333333334
0 0.3580729166666667 0.25046296296296294 0.0234375 0.10833333333333334
0 0.3796875 0.25555555555555554 0.026041666666666668 0.12407407407407406
0 0.5265625 0.23379629629629628 0.02395833333333333 0.12129629629629629
0 0.5351562500000001 0.2708333333333333 0.021354166666666667 0.10462962962962963
0 0.6643229166666667 0.23564814814814813 0.02447916666666667 0.0787037037037037
0 0.45546875000000003 0.2671296296296296 0.0265625 0.0898148148148148
0 0.5588541666666667 0.3777777777777777 0.017708333333333333 0.08518518518518518
0 0.43541666666666673 0.4532407407407407 0.040625 0.17314814814814813
0 0.5880208333333333 0.4111111111111111 0.035416666666666666 0.18518518518518517
0 0.61328125 0.3481481481481481 0.03177083333333333 0.13888888888888887
0 0.6049479166666666 0.3416666666666667 0.03177083333333333 0.13518518518518519
0 0.6213541666666667 0.3712962962962963 0.030208333333333334 0.13518518518518519
0 0.63984375 0.4625 0.028645833333333332 0.13055555555555556
0 0.6484375 0.46898148148148144 0.035416666666666666 0.14351851851851852
0 0.7122395833333335 0.27314814814814814 0.029687500000000002 0.07962962962962963
0 0.7796875 0.3537037037037037 0.030208333333333334 0.1685185185185185
0 0.38203125 0.28935185185185186 0.029687500000000002 0.12870370370370368
0 0.5432291666666667 0.3416666666666667 0.028125 0.1259259259259259
0 0.5710937500000001 0.4324074074074074 0.03072916666666667 0.14814814814814817
0 0.28619791666666666 0.4680555555555555 0.025520833333333333 0.14351851851851852
