0 0.20911458333333335 0.9675925925925924 0.044270833333333336 0.06481481481481481
0 0.31302083333333336 0.937962962962963 0.08854166666666667 0.1259259259259259
0 0.3638020833333333 0.9768518518518517 0.05677083333333334 0.04814814814814815
0 0.04687500000000001 0.9444444444444443 0.07708333333333334 0.11296296296296296
0 0.22239583333333335 0.6199074074074074 0.04583333333333334 0.22314814814814812
0 0.2622395833333333 0.6203703703703703 0.0453125 0.2518518518518518
0 0.30546875 0.3634259259259259 0.04010416666666666 0.15833333333333333
0 0.19375 0.4148148148148148 0.030208333333333334 0.1796296296296296
0 0.2598958333333333 0.425 0.028125 0.14629629629629629
0 0.19244791666666666 0.3412037037037037 0.033854166666666664 0.14351851851851852
0 0.296875 0.7458333333333333 0.06770833333333333 0.29907407407407405
0 0.5070312499999999 0.23796296296296296 0.02447916666666667 0.12037037037037036
0 0.24739583333333334 0.5569444444444444 0.04895833333333334 0.21018518518518517
0 0.7692708333333335 0.4509259259259259 0.04479166666666667 0.19629629629629627
0 0.4296875 0.7166666666666667 0.052083333333333336 0.2814814814814815
0 0.8434895833333333 0.5041666666666667 0.0484375 0.2046296296296296
0 0.87890625 0.4907407407407407 0.059895833333333336 0.19814814814814813
0 0.5403645833333334 0.45462962962962966 0.04010416666666666 0.1925925925925926
0 0.27708333333333335 0.5398148148148147 0.042708333333333334 0.22407407407407404
0 0.3739583333333333 0.6398148148148147 0.05416666666666667 0.2685185185185185
0 0.8682291666666666 0.4699074074074074 0.041666666666666664 0.1824074074074074
0 0.6203125 0.43657407407407406 0.03854166666666667 0.17685185185185184
0 0.5143229166666666 0.34351851851851845 0.0328125 0.15185185185185185
0 0.73046875 0.3537037037037037 0.04114583333333334 0.16666666666666666
0 0.5432291666666667 0.2657407407407407 0.030208333333333334 0.10925925925925925
0 0.5213541666666667 0.2847222222222222 0.027083333333333334 0.11018518518518518
0 0.4203125 0.33333333333333326 0.03333333333333333 0.13148148148148148
0 0.5049479166666666 0.35 0.035937500000000004 0.13518518518518519
0 0.49583333333333335 0.29398148148148145 0.030208333333333334 0.12685185185185185
0 0.4111979166666667 0.3759259259259259 0.03177083333333333 0.16666666666666666
0 0.38854166666666673 0.3347222222222222 0.029166666666666667 0.1472222222222222
0 0.43984375000000003 0.2949074074074074 0.028645833333333332 0.12685185185185185
0 0.5039062500000001 0.3976851851851852 0.04739583333333334 0.18425925925925926
0 0.22291666666666668 0.4564814814814815 0.043750000000000004 0.2
0 0.5442708333333334 0.36296296296296293 0.026041666666666668 0.13148148148148148
0 0.3549479166666667 0.4111111111111111 0.035937500000000004 0.16296296296296295
0 0.3674479166666667 0.3722222222222222 0.034895833333333334 0.1648148148148148
0 0.4536458333333333 0.3 0.027083333333333334 0.1259259259259259
0 0.18828125 0.4749999999999999 0.03802083333333334 0.19074074074074074
0 0.7932291666666667 0.5138888888888888 0.06874999999999999 0.2148148148148148
0 0.5809895833333334 0.44861111111111107 0.0421875 0.175
0 0.5473958333333334 0.3282407407407407 0.030208333333333334 0.12685185185185185
0 0.4393229166666667 0.34768518518518515 0.0234375 0.13425925925925924
0 0.46015625000000004 0.3699074074074074 0.0328125 0.16203703703703703
0 0.5132812499999999 0.225 0.025520833333333333 0.11851851851851851
0 0.70546875 0.3416666666666667 0.03072916666666667 0.1259259259259259
0 0.65234375 0.22824074074074072 0.0234375 0.0824074074074074
0 0.5651041666666666 0.3671296296296296 0.028125 0.12870370370370368
0 0.5786458333333333 0.3893518518518518 0.03854166666666667 0.17685185185185184
0 0.5541666666666667 0.3101851851851852 0.036458333333333336 0.14259259259259258
0 0.4729166666666667 0.30833333333333335 0.027083333333333334 0.13333333333333333
0 0.6080729166666669 0.3601851851851851 0.029687500000000002 0.13518518518518519
0 0.7005208333333334 0.2601851851851852 0.030208333333333334 0.07962962962962963
0 0.37265624999999997 0.44861111111111107 0.035937500000000004 0.1898148148148148
0 0.209375 0.4189814814814815 0.036458333333333336 0.18425925925925926
