0 0.31145833333333334 0.3458333333333333 0.025 0.12685185185185185
0 0.29296875 0.3486111111111111 0.029687500000000002 0.14351851851851852
0 0.11171875 0.8537037037037035 0.0890625 0.2944444444444444
0 0.2768229166666667 0.8782407407407408 0.051562500000000004 0.24537037037037035
0 0.22317708333333336 0.8407407407407407 0.06927083333333334 0.31111111111111106
0 0.16223958333333335 0.8018518518518518 0.0609375 0.30185185185185187
0 0.7158854166666666 0.8180555555555556 0.07239583333333334 0.2935185185185185
0 0.6528645833333334 0.8212962962962963 0.06302083333333333 0.30185185185185187
0 0.3315104166666667 0.6824074074074074 0.05572916666666666 0.24814814814814812
0 0.1609375 0.6819444444444444 0.059375000000000004 0.22314814814814812
0 0.9010416666666666 0.4944444444444444 0.05520833333333334 0.19629629629629627
0 0.24401041666666667 0.6583333333333333 0.059895833333333336 0.22777777777777777
0 0.6309895833333333 0.4712962962962963 0.058854166666666666 0.1925925925925926
0 0.23229166666666667 0.6324074074074074 0.03854166666666667 0.17407407407407408
0 0.15572916666666667 0.7675925925925926 0.06666666666666667 0.29629629629629634
0 0.7791666666666667 0.5092592592592592 0.05 0.19814814814814813
0 0.60234375 0.49351851851851847 0.0421875 0.1648148148148148
0 0.8528645833333334 0.5138888888888888 0.058854166666666666 0.21296296296296294
0 0.8382812500000001 0.537037037037037 0.04739583333333334 0.19444444444444445
0 0.5203125000000001 0.40462962962962956 0.0375 0.17407407407407408
0 0.4947916666666667 0.4092592592592592 0.030208333333333334 0.14629629629629629
0 0.35911458333333335 0.42037037037037034 0.0421875 0.1796296296296296
0 0.6359375 0.4689814814814815 0.03958333333333334 0.15092592592592594
0 0.47369791666666666 0.3532407407407407 0.029687500000000002 0.13425925925925924
0 0.7583333333333334 0.28379629629629627 0.03333333333333333 0.10462962962962963
0 0.859375 0.5018518518518519 0.040625 0.21296296296296294
0 0.56015625 0.5782407407407407 0.050520833333333334 0.2546296296296296
0 0.4963541666666667 0.5828703703703704 0.05 0.24537037037037035
0 0.4622395833333333 0.6310185185185184 0.0546875 0.21944444444444444
0 0.35859375 0.6296296296296297 0.05677083333333334 0.24814814814814812
0 0.27734375000000006 0.6217592592592592 0.043229166666666666 0.24166666666666667
0 0.26328124999999997 0.5916666666666667 0.050520833333333334 0.23148148148148145
0 0.3127604166666667 0.5467592592592593 0.033854166666666664 0.19907407407407407
0 0.36328125 0.5314814814814814 0.04635416666666667 0.19629629629629627
0 0.5161458333333333 0.5300925925925926 0.0375 0.1898148148148148
0 0.29791666666666666 0.49953703703703695 0.040625 0.16944444444444443
0 0.19557291666666665 0.45370370370370366 0.044270833333333336 0.17037037037037037
0 0.41067708333333336 0.4875 0.03802083333333334 0.18796296296296294
0 0.5442708333333334 0.523611111111111 0.041666666666666664 0.21018518518518517
0 0.47838541666666673 0.4703703703703704 0.0421875 0.16296296296296295
0 0.4143229166666667 0.4138888888888888 0.03802083333333334 0.1685185185185185
0 0.4479166666666667 0.4171296296296296 0.036458333333333336 0.16203703703703703
0 0.44765625000000003 0.38935185185185184 0.03802083333333334 0.17129629629629628
0 0.5393229166666667 0.3592592592592593 0.03177083333333333 0.15185185185185185
0 0.465625 0.3884259259259259 0.028125 0.15092592592592594
0 0.4015625 0.41481481481481475 0.028125 0.15185185185185185
0 0.3799479166666667 0.41157407407407404 0.0390625 0.16574074074074074
0 0.4244791666666667 0.3625 0.028125 0.13796296296296295
0 0.3765625 0.39722222222222214 0.03229166666666667 0.15185185185185185
0 0.3520833333333333 0.38425925925925924 0.03125 0.1574074074074074
0 0.13932291666666666 0.5458333333333333 0.03697916666666667 0.1935185185185185
0 0.3296875 0.35509259259259257 0.026041666666666668 0.12129629629629629
0 0.33489583333333334 0.34953703703703703 0.03958333333333334 0.14907407407407408
0 0.3395833333333333 0.3537037037037037 0.028125 0.10185185185185185
0 0.4716145833333333 0.37962962962962965 0.035937500000000004 0.15925925925925927
0 0.14375000000000002 0.5101851851851851 0.03854166666666667 0.19074074074074074
0 0.5145833333333334 0.37546296296296294 0.03125 0.14537037037037034
0 0.25546875 0.36018518518518516 0.035937500000000004 0.1574074074074074
0 0.9223958333333333 0.5625 0.05625 0.20833333333333334
0 0.37291666666666673 0.387037037037037 0.029166666666666667 0.12962962962962962
0 0.33125 0.3819444444444444 0.03125 0.15277777777777776
0 0.30390625 0.4037037037037037 0.02760416666666667 0.15185185185185185
0 0.4036458333333334 0.3550925925925926 0.034374999999999996 0.1398148148148148
0 0.21302083333333333 0.5365740740740741 0.06354166666666666 0.22685185185185183
0 0.7236979166666667 0.4532407407407407 0.05260416666666667 0.1898148148148148
0 0.32473958333333336 0.2962962962962962 0.03177083333333333 0.1148148148148148
0 0.39505208333333336 0.28703703703703703 0.03177083333333333 0.13148148148148148
0 0.2635416666666667 0.387037037037037 0.030208333333333334 0.1537037037037037
0 0.27317708333333335 0.399537037037037 0.03802083333333334 0.16203703703703703
0 0.5559895833333334 0.3768518518518518 0.029687500000000002 0.1537037037037037
0 0.3364583333333333 0.25092592592592594 0.02291666666666667 0.0962962962962963
0 0.35078125 0.28703703703703703 0.0234375 0.11851851851851851
0 0.5083333333333333 0.35833333333333334 0.03125 0.14629629629629629
0 0.4770833333333333 0.2907407407407407 0.03125 0.12407407407407406
0 0.49583333333333335 0.2847222222222222 0.03125 0.12685185185185185
0 0.31041666666666673 0.28379629629629627 0.02395833333333333 0.12314814814814815
0 0.4747395833333333 0.2726851851851852 0.0234375 0.11018518518518518
0 0.3630208333333333 0.2513888888888889 0.021875000000000002 0.11018518518518518
0 0.5627604166666667 0.3472222222222222 0.033854166666666664 0.1574074074074074
0 0.5789062500000001 0.350462962962963 0.03802083333333334 0.1675925925925926
0 0.40911458333333334 0.2587962962962963 0.03177083333333333 0.11018518518518518
0 0.3640625 0.2587962962962963 0.029166666666666667 0.11018518518518518
0 0.3403645833333333 0.25277777777777777 0.0234375 0.09814814814814814
0 0.5354166666666667 0.23935185185185184 0.025 0.12129629629629629
0 0.4583333333333333 0.2472222222222222 0.02291666666666667 0.10370370370370369
0 0.6682291666666667 0.24814814814814815 0.025 0.07962962962962963
0 0.5130208333333334 0.3152777777777778 0.021875000000000002 0.08796296296296297
0 0.2973958333333333 0.3884259259259259 0.034374999999999996 0.14907407407407408
0 0.5760416666666667 0.4138888888888888 0.03854166666666667 0.18518518518518517
0 0.6119791666666669 0.362962962962963 0.03229166666666667 0.13518518518518519
0 0.6229166666666667 0.35277777777777775 0.03229166666666667 0.13518518518518519
0 0.6239583333333334 0.38611111111111107 0.030208333333333334 0.13518518518518519
0 0.4552083333333333 0.3967592592592592 0.025 0.10648148148148147
0 0.42682291666666666 0.3981481481481481 0.025520833333333333 0.12407407407407406
0 0.7169270833333334 0.28518518518518515 0.029687500000000002 0.07962962962962963
0 0.7833333333333333 0.36203703703703705 0.030208333333333334 0.1685185185185185
0 0.5447916666666667 0.28518518518518515 0.028125 0.11851851851851851
0 0.5513020833333333 0.37361111111111106 0.033854166666666664 0.12685185185185185
0 0.3388020833333333 0.3481481481481481 0.025520833333333333 0.11851851851851851
