0 0.017187499999999998 0.9430555555555554 0.03333333333333333 0.11574074074074073
0 0.0875 0.9208333333333333 0.078125 0.15833333333333333
0 0.2265625 0.8638888888888888 0.046875 0.2537037037037037
0 0.328125 0.8439814814814814 0.078125 0.3138888888888889
0 0.3848958333333333 0.8800925925925925 0.06458333333333334 0.23796296296296296
0 0.07942708333333333 0.8611111111111109 0.08177083333333333 0.27777777777777773
0 0.1703125 0.8657407407407407 0.08958333333333333 0.26666666666666666
0 0.24973958333333335 0.5546296296296295 0.04010416666666666 0.2
0 0.27708333333333335 0.5504629629629628 0.041666666666666664 0.22129629629629627
0 0.359375 0.37407407407407406 0.035416666666666666 0.16296296296296295
0 0.2630208333333333 0.4287037037037037 0.0375 0.1796296296296296
0 0.3197916666666667 0.44907407407407407 0.03125 0.15185185185185185
0 0.29765625 0.3574074074074074 0.033854166666666664 0.1574074074074074
0 0.3721354166666667 0.637962962962963 0.0484375 0.25555555555555554
0 0.4395833333333333 0.25416666666666665 0.030208333333333334 0.1361111111111111
0 0.20885416666666665 0.5018518518518519 0.04479166666666667 0.1925925925925926
0 0.6127604166666667 0.4300925925925926 0.050520833333333334 0.1787037037037037
0 0.3796875 0.6060185185185184 0.04895833333333334 0.24351851851851852
0 0.6705729166666666 0.4810185185185185 0.04739583333333334 0.19907407407407407
0 0.6677083333333333 0.46435185185185185 0.035416666666666666 0.1824074074074074
0 0.4393229166666667 0.41388888888888886 0.033854166666666664 0.17407407407407408
0 0.28515625 0.48657407407407405 0.0390625 0.21018518518518517
0 0.4619791666666667 0.5416666666666666 0.046875 0.2351851851851852
0 0.9028645833333334 0.4597222222222222 0.04114583333333334 0.20092592592592592
0 0.696875 0.4444444444444444 0.040625 0.1796296296296296
0 0.8338541666666667 0.45509259259259255 0.04791666666666666 0.19537037037037036
0 0.5070312499999999 0.39999999999999997 0.034895833333333334 0.1648148148148148
0 0.47552083333333334 0.3157407407407407 0.030208333333333334 0.14629629629629629
0 0.5924479166666666 0.3689814814814814 0.033854166666666664 0.17314814814814813
0 0.6880208333333333 0.3509259259259259 0.035416666666666666 0.17037037037037037
0 0.6734375 0.33981481481481485 0.03333333333333333 0.15925925925925927
0 0.5424479166666667 0.26481481481481484 0.029687500000000002 0.10925925925925925
0 0.5239583333333333 0.2685185185185185 0.02291666666666667 0.1074074074074074
0 0.38984375000000004 0.3013888888888889 0.03177083333333333 0.1175925925925926
0 0.4700520833333333 0.325 0.035937500000000004 0.13518518518518519
0 0.5010416666666667 0.2796296296296296 0.030208333333333334 0.12407407407407406
0 0.38828125 0.3449074074074074 0.03177083333333333 0.15462962962962962
0 0.36171875000000003 0.3032407407407407 0.028645833333333332 0.12314814814814815
0 0.4395833333333333 0.2699074074074074 0.028125 0.12685185185185185
0 0.4447916666666667 0.36712962962962964 0.03958333333333334 0.1675925925925926
0 0.19140625 0.4069444444444444 0.0453125 0.1898148148148148
0 0.5078125 0.3379629629629629 0.027083333333333334 0.12407407407407406
0 0.2942708333333333 0.3773148148148148 0.034374999999999996 0.15092592592592594
0 0.35625 0.33888888888888885 0.03333333333333333 0.14814814814814817
0 0.46328125000000003 0.26898148148148143 0.0265625 0.11018518518518518
0 0.15729166666666666 0.5092592592592592 0.04583333333333334 0.19074074074074074
0 0.46979166666666666 0.4166666666666667 0.042708333333333334 0.17037037037037037
0 0.5007812500000001 0.31157407407407406 0.029687500000000002 0.12685185185185185
0 0.41328125 0.31851851851851853 0.0234375 0.12407407407407406
0 0.43046875 0.3310185185185185 0.029687500000000002 0.14907407407407408
0 0.5122395833333333 0.21944444444444444 0.025520833333333333 0.11851851851851851
0 0.7213541666666666 0.3162037037037037 0.03125 0.12685185185185185
0 0.6557291666666667 0.2273148148148148 0.02395833333333333 0.0824074074074074
0 0.5182291666666666 0.3412037037037037 0.02291666666666667 0.11574074074074073
0 0.9026041666666667 0.5083333333333333 0.026041666666666668 0.1074074074074074
0 0.5606770833333333 0.39629629629629626 0.0328125 0.18148148148148147
0 0.5359375000000001 0.31805555555555554 0.035416666666666666 0.14537037037037034
0 0.5119791666666667 0.312962962962963 0.027083333333333334 0.13518518518518519
0 0.60859375 0.3574074074074074 0.029687500000000002 0.13518518518518519
0 0.7020833333333334 0.2601851851851852 0.030208333333333334 0.07962962962962963
0 0.3651041666666667 0.40277777777777773 0.03333333333333333 0.17777777777777776
0 0.8723958333333334 0.4791666666666667 0.05625 0.1935185185185185
0 0.2916666666666667 0.4375 0.043750000000000004 0.18796296296296294
0 0.2502604166666667 0.8523148148148147 0.0765625 0.262037037037037
