0 0.3044270833333333 0.9041666666666667 0.0703125 0.19166666666666668
0 0.25052083333333336 0.8583333333333333 0.08333333333333333 0.2833333333333333
0 0.16536458333333334 0.8759259259259259 0.07447916666666668 0.24814814814814812
0 0.14322916666666666 0.8601851851851853 0.07083333333333333 0.2796296296296296
0 0.8304687500000001 0.7625 0.0609375 0.29537037037037034
0 0.8013020833333334 0.5842592592592591 0.050520833333333334 0.2222222222222222
0 0.11302083333333333 0.7273148148148147 0.06354166666666666 0.24351851851851852
0 0.0265625 0.7523148148148148 0.052083333333333336 0.20092592592592592
0 0.8184895833333333 0.5027777777777778 0.03802083333333334 0.1722222222222222
0 0.9330729166666667 0.49166666666666664 0.044270833333333336 0.18703703703703703
0 0.8703125 0.49537037037037035 0.04479166666666667 0.16296296296296295
0 0.8322916666666667 0.49027777777777776 0.03958333333333334 0.17129629629629628
0 0.034374999999999996 0.6837962962962963 0.06145833333333334 0.2842592592592592
0 0.73359375 0.5171296296296296 0.044270833333333336 0.19537037037037036
0 0.23203125000000002 0.6365740740740741 0.051562500000000004 0.21018518518518517
0 0.18359375 0.6310185185185184 0.051562500000000004 0.21944444444444444
0 0.2661458333333333 0.5518518518518518 0.04479166666666667 0.20740740740740737
0 0.3908854166666667 0.4699074074074074 0.0484375 0.1787037037037037
0 0.33359375 0.4513888888888889 0.0421875 0.18796296296296294
0 0.2955729166666667 0.41898148148148145 0.035937500000000004 0.17685185185185184
0 0.45234375 0.4162037037037037 0.04114583333333334 0.16388888888888886
0 0.39218749999999997 0.3986111111111111 0.03333333333333333 0.1398148148148148
0 0.3666666666666667 0.3777777777777777 0.040625 0.1648148148148148
0 0.32734375 0.3712962962962963 0.035937500000000004 0.15185185185185185
0 0.490625 0.3560185185185185 0.03854166666666667 0.13425925925925924
0 0.46875 0.3541666666666667 0.028125 0.1398148148148148
0 0.5104166666666667 0.33009259259259255 0.034374999999999996 0.14537037037037034
0 0.44036458333333334 0.3458333333333333 0.02760416666666667 0.13425925925925924
0 0.41848958333333336 0.3453703703703704 0.02760416666666667 0.13518518518518519
0 0.47552083333333334 0.3273148148148148 0.029166666666666667 0.12870370370370368
0 0.4513020833333333 0.28935185185185186 0.02760416666666667 0.12314814814814815
0 0.39739583333333334 0.33518518518518514 0.03229166666666667 0.13888888888888887
0 0.38333333333333336 0.3342592592592592 0.030208333333333334 0.137037037037037
0 0.36015625 0.3310185185185185 0.029687500000000002 0.14351851851851852
0 0.415625 0.2712962962962963 0.029166666666666667 0.12407407407407406
0 0.33880208333333334 0.36157407407407405 0.029687500000000002 0.12129629629629629
0 0.30546875 0.3421296296296296 0.035937500000000004 0.15092592592592594
0 0.37942708333333336 0.2944444444444444 0.02760416666666667 0.12407407407407406
0 0.34791666666666665 0.32407407407407407 0.03333333333333333 0.137037037037037
0 0.3966145833333333 0.2810185185185185 0.0234375 0.09907407407407406
0 0.33854166666666674 0.28564814814814815 0.029166666666666667 0.1175925925925926
0 0.3 0.3097222222222222 0.034374999999999996 0.12870370370370368
0 0.4963541666666667 0.18101851851851852 0.025 0.09351851851851851
0 0.3572916666666667 0.29907407407407405 0.026041666666666668 0.11851851851851851
0 0.7817708333333333 0.3675925925925926 0.035416666666666666 0.17407407407407408
0 0.41458333333333336 0.28888888888888886 0.030208333333333334 0.13333333333333333
0 0.5364583333333334 0.40787037037037027 0.042708333333333334 0.1898148148148148
0 0.5065104166666666 0.41157407407407404 0.033854166666666664 0.1898148148148148
0 0.46458333333333335 0.30833333333333335 0.025 0.11851851851851851
0 0.4106770833333333 0.30462962962962964 0.029687500000000002 0.12407407407407406
0 0.36328125 0.3509259259259259 0.035937500000000004 0.1537037037037037
0 0.3940104166666667 0.2574074074074074 0.0234375 0.11296296296296296
0 0.40104166666666674 0.2513888888888889 0.02395833333333333 0.11574074074074073
0 0.5109374999999999 0.4694444444444444 0.043750000000000004 0.1722222222222222
0 0.4770833333333333 0.4611111111111111 0.043750000000000004 0.19074074074074074
0 0.09114583333333333 0.5518518518518518 0.042708333333333334 0.19814814814814813
0 0.13333333333333333 0.49861111111111106 0.042708333333333334 0.1935185185185185
0 0.85546875 0.5796296296296295 0.0546875 0.2296296296296296
0 0.878125 0.5777777777777777 0.046875 0.2185185185185185
0 0.5359375000000001 0.24351851851851852 0.026041666666666668 0.12037037037037036
0 0.6703125 0.2490740740740741 0.025 0.07962962962962963
0 0.5760416666666667 0.42268518518518516 0.04791666666666666 0.1824074074074074
0 0.6106770833333334 0.35277777777777775 0.03177083333333333 0.137037037037037
0 0.6236979166666666 0.35 0.03177083333333333 0.13518518518518519
0 0.6078125 0.37592592592592594 0.030208333333333334 0.13518518518518519
0 0.7174479166666669 0.28564814814814815 0.029687500000000002 0.0787037037037037
0 0.7697916666666667 0.38240740740740736 0.035416666666666666 0.1685185185185185
