0 0.85703125 0.7916666666666666 0.08385416666666667 0.2685185185185185
0 0.24114583333333334 0.7037037037037037 0.05520833333333334 0.2518518518518518
0 0.7033854166666667 0.638425925925926 0.06302083333333333 0.24537037037037035
0 0.46953125 0.6 0.0484375 0.24444444444444444
0 0.43593750000000003 0.6222222222222221 0.057291666666666664 0.2518518518518518
0 0.19765625 0.6087962962962962 0.050520833333333334 0.23240740740740737
0 0.86328125 0.6236111111111111 0.0546875 0.24351851851851852
0 0.8520833333333334 0.4527777777777777 0.041666666666666664 0.18703703703703703
0 0.7036458333333334 0.43611111111111106 0.03854166666666667 0.15185185185185185
0 0.66484375 0.4074074074074074 0.03072916666666667 0.16296296296296295
0 0.6716145833333333 0.4134259259259259 0.02760416666666667 0.13796296296296295
0 0.61640625 0.4092592592592592 0.033854166666666664 0.14629629629629629
0 0.7999999999999999 0.36064814814814816 0.030208333333333334 0.15462962962962962
0 0.5026041666666666 0.44490740740740736 0.0375 0.1675925925925926
0 0.0796875 0.8787037037037037 0.06874999999999999 0.24444444444444444
0 0.03723958333333334 0.8624999999999999 0.05677083333333334 0.27314814814814814
0 0.21458333333333335 0.49537037037037035 0.04895833333333334 0.18703703703703703
0 0.18411458333333336 0.462037037037037 0.035937500000000004 0.18333333333333332
0 0.4104166666666667 0.3810185185185185 0.03958333333333334 0.14351851851851852
0 0.36250000000000004 0.3689814814814814 0.034374999999999996 0.16018518518518518
0 0.3151041666666667 0.38935185185185184 0.03854166666666667 0.15092592592592594
0 0.4458333333333333 0.34768518518518515 0.036458333333333336 0.13796296296296295
0 0.36510416666666673 0.34027777777777773 0.030208333333333334 0.11574074074074073
0 0.34479166666666666 0.3342592592592593 0.03229166666666667 0.13518518518518519
0 0.28541666666666665 0.32685185185185184 0.034374999999999996 0.14259259259259258
0 0.4708333333333333 0.3037037037037037 0.03229166666666667 0.12407407407407406
0 0.44140625 0.3 0.029687500000000002 0.12407407407407406
0 0.41640625 0.27037037037037037 0.029687500000000002 0.11296296296296296
0 0.4484375 0.2912037037037037 0.02291666666666667 0.10648148148148147
0 0.46380208333333334 0.2828703703703704 0.02760416666666667 0.10462962962962963
0 0.39244791666666673 0.28055555555555556 0.02760416666666667 0.10925925925925925
0 0.39453125 0.2912037037037037 0.029687500000000002 0.12685185185185185
0 0.3953125 0.21944444444444444 0.026041666666666668 0.09814814814814814
0 0.7692708333333333 0.3837962962962963 0.025 0.17129629629629628
0 0.5838541666666667 0.5703703703703703 0.04791666666666666 0.2462962962962963
0 0.5325520833333334 0.562037037037037 0.0484375 0.23333333333333334
0 0.35468750000000004 0.2759259259259259 0.02395833333333333 0.1259259259259259
0 0.5450520833333333 0.663425925925926 0.06302083333333333 0.24351851851851852
0 0.4955729166666667 0.6601851851851851 0.0609375 0.2611111111111111
0 0.09427083333333333 0.5601851851851851 0.04479166666666667 0.19629629629629627
0 0.3182291666666667 0.4666666666666667 0.03333333333333333 0.17592592592592593
0 0.5411458333333333 0.25046296296296294 0.029166666666666667 0.12314814814814815
0 0.6734375 0.2587962962962963 0.026041666666666668 0.07314814814814814
0 0.5765625000000001 0.42916666666666664 0.034374999999999996 0.18425925925925926
0 0.6161458333333334 0.36203703703703705 0.03229166666666667 0.13518518518518519
0 0.6182291666666667 0.3574074074074074 0.03229166666666667 0.13518518518518519
0 0.6135416666666667 0.38425925925925924 0.034374999999999996 0.14444444444444443
0 0.7229166666666667 0.2944444444444444 0.03333333333333333 0.07962962962962963
0 0.7755208333333334 0.3907407407407407 0.034374999999999996 0.17592592592592593
0 0.86015625 0.5476851851851852 0.06927083333333334 0.2175925925925926
0 0.8596354166666667 0.4962962962962963 0.035937500000000004 0.20185185185185184
0 0.7169270833333333 0.49351851851851847 0.03802083333333334 0.19814814814814813
0 0.88125 0.48749999999999993 0.043750000000000004 0.2157407407407407
0 0.12421874999999999 0.8759259259259259 0.07760416666666667 0.25
0 0.30833333333333335 0.948611111111111 0.07604166666666667 0.10462962962962963
