0 0.3388020833333333 0.33055555555555555 0.025520833333333333 0.12407407407407406
0 0.3166666666666667 0.32685185185185184 0.03229166666666667 0.14074074074074075
0 0.03411458333333334 0.9166666666666666 0.06718750000000001 0.1685185185185185
0 0.15026041666666665 0.9550925925925925 0.0546875 0.09166666666666666
0 0.13125 0.9050925925925924 0.08229166666666668 0.1898148148148148
0 0.09270833333333332 0.8787037037037037 0.07083333333333333 0.24259259259259258
0 0.8208333333333334 0.8962962962962963 0.078125 0.20925925925925926
0 0.7377604166666667 0.8944444444444444 0.07135416666666666 0.2111111111111111
0 0.30546875 0.8023148148148148 0.06718750000000001 0.2935185185185185
0 0.10468750000000002 0.8055555555555555 0.06041666666666667 0.23703703703703702
0 0.19947916666666665 0.7805555555555554 0.0625 0.3
0 0.8302083333333333 0.48981481481481476 0.06666666666666667 0.2037037037037037
0 0.17760416666666665 0.749537037037037 0.05 0.22314814814814812
0 0.25885416666666666 0.8717592592592592 0.08020833333333333 0.25277777777777777
0 0.8166666666666667 0.5171296296296296 0.041666666666666664 0.17129629629629628
0 0.6005208333333334 0.44305555555555554 0.041666666666666664 0.19537037037037036
0 0.5684895833333333 0.4601851851851852 0.033854166666666664 0.17407407407407408
0 0.5682291666666667 0.4689814814814815 0.06145833333333334 0.2046296296296296
0 0.5361979166666666 0.36481481481481476 0.03072916666666667 0.13518518518518519
0 0.5106770833333334 0.6708333333333333 0.059895833333333336 0.287962962962963
0 0.4606770833333333 0.6671296296296296 0.050520833333333334 0.27685185185185185
0 0.4135416666666667 0.7254629629629629 0.06145833333333334 0.24537037037037035
0 0.27265625 0.711574074074074 0.0609375 0.2601851851851852
0 0.23307291666666666 0.7087962962962963 0.0546875 0.2601851851851852
0 0.22161458333333334 0.662037037037037 0.05572916666666666 0.24814814814814812
0 0.28802083333333334 0.6185185185185185 0.035416666666666666 0.21296296296296294
0 0.33880208333333334 0.611574074074074 0.0453125 0.2472222222222222
0 0.45208333333333334 0.5939814814814814 0.042708333333333334 0.1898148148148148
0 0.24765625000000002 0.5606481481481481 0.05364583333333334 0.20833333333333334
0 0.19114583333333335 0.5055555555555554 0.053125 0.18518518518518517
0 0.39713541666666674 0.5402777777777777 0.0421875 0.20092592592592592
0 0.4875 0.5935185185185186 0.043750000000000004 0.23703703703703702
0 0.5197916666666667 0.5310185185185186 0.041666666666666664 0.19537037037037036
0 0.4018229166666667 0.45416666666666666 0.03802083333333334 0.18425925925925926
0 0.4393229166666667 0.4587962962962963 0.04010416666666666 0.17685185185185184
0 0.53671875 0.41898148148148145 0.044270833333333336 0.1861111111111111
0 0.6250000000000001 0.38240740740740736 0.03229166666666667 0.1574074074074074
0 0.47578125 0.42314814814814816 0.04010416666666666 0.1796296296296296
0 0.44453125000000004 0.4351851851851851 0.02760416666666667 0.15185185185185185
0 0.4234375 0.4384259259259259 0.0375 0.18425925925925926
0 0.440625 0.3773148148148148 0.028125 0.13796296296296295
0 0.415625 0.41157407407407404 0.026041666666666668 0.15092592592592594
0 0.40156250000000004 0.41527777777777775 0.034374999999999996 0.18796296296296294
0 0.22291666666666668 0.5106481481481482 0.035416666666666666 0.18425925925925926
0 0.35781250000000003 0.38101851851851853 0.026041666666666668 0.12129629629629629
0 0.3341145833333333 0.38240740740740736 0.034895833333333334 0.17777777777777776
0 0.3598958333333333 0.3819444444444444 0.028125 0.12129629629629629
0 0.44375000000000003 0.3976851851851852 0.035416666666666666 0.16203703703703703
0 0.14114583333333333 0.5060185185185185 0.041666666666666664 0.19537037037037036
0 0.5169270833333334 0.40555555555555556 0.03177083333333333 0.16296296296296295
0 0.2893229166666667 0.3787037037037037 0.035937500000000004 0.14074074074074075
0 0.31093750000000003 0.3694444444444444 0.03229166666666667 0.1574074074074074
0 0.7591145833333334 0.5310185185185184 0.058854166666666666 0.21018518518518517
0 0.3958333333333333 0.4037037037037037 0.030208333333333334 0.13888888888888887
0 0.859375 0.549074074074074 0.05520833333333334 0.2037037037037037
0 0.3622395833333333 0.40555555555555556 0.035937500000000004 0.1611111111111111
0 0.3135416666666667 0.4324074074074074 0.03125 0.16296296296296295
0 0.4505208333333334 0.3638888888888889 0.034374999999999996 0.14074074074074075
0 0.24791666666666665 0.46712962962962956 0.05520833333333334 0.19166666666666668
0 0.58984375 0.42407407407407405 0.05364583333333334 0.19074074074074074
0 0.35703125 0.31111111111111106 0.02760416666666667 0.12037037037037036
0 0.3091145833333333 0.3638888888888889 0.03177083333333333 0.16296296296296295
0 0.4244791666666667 0.3087962962962963 0.03229166666666667 0.14351851851851852
0 0.2619791666666667 0.36435185185185187 0.030208333333333334 0.15462962962962962
0 0.24973958333333335 0.3759259259259259 0.035937500000000004 0.16296296296296295
0 0.5565104166666667 0.3986111111111111 0.029687500000000002 0.16574074074074074
0 0.3825520833333333 0.29629629629629634 0.025520833333333333 0.12037037037037036
0 0.38541666666666674 0.2722222222222222 0.02395833333333333 0.12037037037037036
0 0.37734375000000003 0.30231481481481476 0.02760416666666667 0.12685185185185185
0 0.5263020833333334 0.3768518518518518 0.03177083333333333 0.14629629629629629
0 0.4807291666666667 0.31666666666666665 0.03229166666666667 0.14074074074074075
0 0.5018229166666667 0.3074074074074074 0.03177083333333333 0.14259259259259258
0 0.40338541666666666 0.2916666666666667 0.029687500000000002 0.12037037037037036
0 0.4786458333333333 0.287962962962963 0.027083333333333334 0.10925925925925925
0 0.384375 0.2587962962962963 0.021875000000000002 0.11018518518518518
0 0.5572916666666666 0.337037037037037 0.028125 0.1574074074074074
0 0.5789062500000001 0.3254629629629629 0.029687500000000002 0.15462962962962962
0 0.3872395833333333 0.2523148148148148 0.0234375 0.12314814814814815
0 0.4526041666666667 0.24490740740740738 0.027083333333333334 0.11018518518518518
0 0.41328125 0.25046296296296294 0.029687500000000002 0.10462962962962963
0 0.3768229166666667 0.26064814814814813 0.02447916666666667 0.09907407407407406
0 0.5338541666666667 0.23657407407407408 0.02395833333333333 0.12129629629629629
0 0.49374999999999997 0.25601851851851853 0.02291666666666667 0.10462962962962963
0 0.6703125 0.24537037037037035 0.025 0.07962962962962963
0 0.5166666666666666 0.3300925925925926 0.021875000000000002 0.08425925925925926
0 0.33125 0.41898148148148145 0.03229166666666667 0.16203703703703703
0 0.596875 0.41388888888888886 0.036458333333333336 0.18333333333333332
0 0.6125 0.3601851851851851 0.03229166666666667 0.13518518518518519
0 0.6244791666666667 0.35277777777777775 0.03229166666666667 0.13518518518518519
0 0.6257812500000001 0.38240740740740736 0.029687500000000002 0.13518518518518519
0 0.48046875000000006 0.4180555555555555 0.0265625 0.11388888888888889
0 0.4296875 0.4162037037037037 0.030208333333333334 0.1324074074074074
0 0.7171875 0.28055555555555556 0.030208333333333334 0.07962962962962963
0 0.7841145833333334 0.3601851851851851 0.029687500000000002 0.1685185185185185
0 0.54296875 0.3060185185185185 0.02760416666666667 0.12685185185185185
0 0.5768229166666666 0.39999999999999997 0.033854166666666664 0.14074074074074075
0 0.3723958333333333 0.37916666666666665 0.026041666666666668 0.12129629629629629
