0 0.5557291666666666 0.3134259259259259 0.03333333333333333 0.15648148148148147
0 0.39895833333333336 0.2828703703703704 0.029166666666666667 0.13425925925925924
0 0.3799479166666667 0.2722222222222222 0.03177083333333333 0.14074074074074075
0 0.11536458333333333 0.5226851851851851 0.0390625 0.1898148148148148
0 0.5302083333333334 0.2087962962962963 0.026041666666666668 0.12129629629629629
0 0.6861979166666666 0.2125 0.0234375 0.07685185185185185
0 0.6057291666666667 0.3962962962962963 0.036458333333333336 0.18518518518518517
0 0.6294270833333334 0.30648148148148147 0.029687500000000002 0.12407407407407406
0 0.6208333333333333 0.3282407407407407 0.03125 0.14907407407407408
0 0.6427083333333334 0.36157407407407405 0.03229166666666667 0.14907407407407408
0 0.7369791666666666 0.24861111111111106 0.028125 0.08425925925925926
0 0.3697916666666667 0.2819444444444444 0.028125 0.14351851851851852
0 0.8341145833333333 0.4425925925925926 0.0484375 0.18518518518518517
0 0.8015625 0.44629629629629625 0.04895833333333334 0.19074074074074074
0 0.26953125 0.774074074074074 0.08072916666666667 0.4092592592592592
0 0.49895833333333334 0.6 0.05 0.2537037037037037
0 0.4216145833333333 0.6143518518518519 0.051562500000000004 0.20833333333333334
0 0.3674479166666667 0.5921296296296297 0.05260416666666667 0.23055555555555554
0 0.3333333333333334 0.625925925925926 0.034374999999999996 0.15925925925925927
0 0.2747395833333333 0.575462962962963 0.044270833333333336 0.21388888888888888
0 0.032552083333333336 0.7995370370370369 0.06302083333333333 0.30277777777777776
0 0.03619791666666666 0.7462962962962963 0.07135416666666666 0.3
0 0.32421875 0.46481481481481485 0.035937500000000004 0.1796296296296296
0 0.3591145833333333 0.4180555555555555 0.04635416666666667 0.17129629629629628
0 0.3986979166666667 0.40972222222222215 0.033854166666666664 0.16018518518518518
0 0.42473958333333334 0.46712962962962956 0.03802083333333334 0.14537037037037034
0 0.46458333333333335 0.3763888888888889 0.040625 0.1787037037037037
0 0.49531250000000004 0.3949074074074074 0.034374999999999996 0.12129629629629629
0 0.3822916666666667 0.33888888888888885 0.0375 0.1537037037037037
0 0.2630208333333333 0.33888888888888885 0.042708333333333334 0.15555555555555553
0 0.3088541666666667 0.3148148148148148 0.034374999999999996 0.14074074074074075
0 0.3640625 0.3050925925925926 0.036458333333333336 0.15462962962962962
0 0.43046875 0.31805555555555554 0.034895833333333334 0.13796296296296295
0 0.4635416666666667 0.32361111111111107 0.03229166666666667 0.12129629629629629
0 0.4713541666666667 0.29583333333333334 0.035416666666666666 0.12685185185185185
0 0.7153645833333334 0.4166666666666667 0.03177083333333333 0.11851851851851851
0 0.74765625 0.3847222222222222 0.04114583333333334 0.1861111111111111
0 0.33515625000000004 0.29583333333333334 0.02760416666666667 0.12870370370370368
0 0.5226562499999999 0.30462962962962964 0.033854166666666664 0.15185185185185185
0 0.5385416666666667 0.2810185185185185 0.02291666666666667 0.10648148148148147
0 0.5276041666666667 0.2842592592592592 0.028125 0.11296296296296296
0 0.5072916666666667 0.28564814814814815 0.034374999999999996 0.13796296296296295
0 0.4890625 0.23796296296296296 0.029166666666666667 0.12407407407407406
0 0.4348958333333334 0.24305555555555552 0.029166666666666667 0.1175925925925926
0 0.39765625 0.2657407407407407 0.028645833333333332 0.1259259259259259
0 0.4072916666666667 0.24768518518518517 0.026041666666666668 0.12314814814814815
0 0.371875 0.25509259259259254 0.028125 0.11574074074074073
0 0.4997395833333333 0.3037037037037037 0.029687500000000002 0.12962962962962962
