0 0.48359375 0.18564814814814815 0.028645833333333332 0.11944444444444444
0 0.32317708333333334 0.20185185185185184 0.029687500000000002 0.12407407407407406
0 0.10625000000000001 0.4731481481481481 0.03854166666666667 0.19074074074074074
0 0.5205729166666666 0.16064814814814815 0.025520833333333333 0.1175925925925926
0 0.6781250000000001 0.16990740740740737 0.02395833333333333 0.07685185185185185
0 0.5841145833333333 0.33796296296296297 0.03802083333333334 0.18518518518518517
0 0.6166666666666666 0.262037037037037 0.030208333333333334 0.11851851851851851
0 0.6190104166666667 0.30833333333333335 0.033854166666666664 0.15925925925925927
0 0.6317708333333334 0.3222222222222222 0.03125 0.1574074074074074
0 0.728125 0.2125 0.028125 0.08425925925925926
0 0.31536458333333334 0.20925925925925923 0.02760416666666667 0.14629629629629629
0 0.08046875 0.9407407407407408 0.07552083333333333 0.11851851851851851
0 0.09661458333333334 0.8129629629629629 0.06927083333333334 0.32407407407407407
0 0.17109375 0.8671296296296295 0.0703125 0.2638888888888889
0 0.039322916666666666 0.8805555555555554 0.07760416666666667 0.24074074074074073
0 0.10703125 0.9018518518518518 0.0703125 0.19814814814814813
0 0.27057291666666666 0.736574074074074 0.06510416666666667 0.32129629629629625
0 0.3770833333333333 0.3157407407407407 0.040625 0.17592592592592593
0 0.36380208333333336 0.5837962962962961 0.05364583333333334 0.24537037037037035
0 0.8588541666666667 0.44861111111111107 0.042708333333333334 0.125
0 0.89453125 0.4134259259259259 0.058854166666666666 0.18425925925925926
0 0.5223958333333334 0.4129629629629629 0.05520833333333334 0.19814814814814813
0 0.8440104166666667 0.4629629629629629 0.06822916666666667 0.19814814814814813
0 0.5630208333333334 0.2847222222222222 0.034374999999999996 0.14907407407407408
0 0.5330729166666667 0.28935185185185186 0.033854166666666664 0.14537037037037034
0 0.20312500000000003 0.725 0.07708333333333334 0.3259259259259259
0 0.4463541666666667 0.3625 0.04479166666666667 0.24907407407407406
0 0.53515625 0.3375 0.035937500000000004 0.17314814814814813
0 0.4713541666666667 0.3555555555555555 0.03125 0.14074074074074075
0 0.4380208333333333 0.3412037037037037 0.03854166666666667 0.16203703703703703
0 0.4135416666666667 0.3689814814814814 0.03125 0.11018518518518518
0 0.3138020833333333 0.3259259259259259 0.033854166666666664 0.15555555555555553
0 0.421875 0.2537037037037037 0.03125 0.12407407407407406
0 0.46484375 0.24074074074074073 0.029687500000000002 0.12407407407407406
0 0.41406250000000006 0.24537037037037035 0.02395833333333333 0.0962962962962963
0 0.46536458333333336 0.21296296296296297 0.03177083333333333 0.14074074074074075
0 0.4877604166666667 0.23379629629629628 0.0234375 0.0898148148148148
0 0.38593750000000004 0.19722222222222222 0.029166666666666667 0.11851851851851851
0 0.41041666666666665 0.19537037037037036 0.028125 0.10185185185185185
0 0.36328125 0.18425925925925923 0.029687500000000002 0.12037037037037036
0 0.5585937500000001 0.26064814814814813 0.021354166666666667 0.09351851851851851
0 0.5713541666666667 0.23796296296296296 0.034374999999999996 0.13518518518518519
0 0.4604166666666667 0.1861111111111111 0.028125 0.13148148148148148
0 0.3440104166666667 0.1726851851851852 0.02760416666666667 0.12685185185185185
0 0.390625 0.18703703703703703 0.026041666666666668 0.12037037037037036
