0 0.9203125000000001 0.9180555555555555 0.084375 0.16574074074074074
0 0.2854166666666667 0.3879629629629629 0.028125 0.14074074074074075
0 0.26927083333333335 0.38657407407407407 0.030208333333333334 0.15092592592592594
0 0.06979166666666667 0.9444444444444444 0.078125 0.10925925925925925
0 0.19687500000000002 0.6916666666666667 0.06666666666666667 0.2685185185185185
0 0.3276041666666667 0.7092592592592593 0.03854166666666667 0.22037037037037036
0 0.29218750000000004 0.6833333333333333 0.06979166666666667 0.26666666666666666
0 0.24192708333333335 0.6541666666666667 0.05364583333333334 0.25092592592592594
0 0.6369791666666667 0.6597222222222221 0.06354166666666666 0.2398148148148148
0 0.5789062500000001 0.6611111111111111 0.050520833333333334 0.24814814814814812
0 0.3518229166666667 0.5458333333333333 0.049479166666666664 0.20092592592592592
0 0.2721354166666667 0.5407407407407407 0.035937500000000004 0.18518518518518517
0 0.6015625 0.45879629629629626 0.05 0.1824074074074074
0 0.29010416666666666 0.5328703703703703 0.04791666666666666 0.1935185185185185
0 0.90078125 0.5092592592592592 0.05677083333333334 0.19629629629629627
0 0.8846354166666667 0.5138888888888888 0.06614583333333333 0.20925925925925926
0 0.48515625 0.4407407407407407 0.04010416666666666 0.18703703703703703
0 0.23828125 0.5194444444444444 0.033854166666666664 0.14629629629629629
0 0.18958333333333335 0.6333333333333333 0.06041666666666667 0.2351851851851852
0 0.5372395833333333 0.44907407407407407 0.03697916666666667 0.1648148148148148
0 0.7127604166666666 0.5013888888888889 0.0484375 0.1898148148148148
0 0.4484375 0.4574074074074074 0.03125 0.1537037037037037
0 0.5630208333333334 0.48935185185185187 0.051041666666666666 0.2046296296296296
0 0.6731770833333334 0.5138888888888888 0.06197916666666667 0.19074074074074074
0 0.4994791666666667 0.48101851851851846 0.040625 0.17685185185185184
0 0.45416666666666666 0.3504629629629629 0.03229166666666667 0.16203703703703703
0 0.41718750000000004 0.3574074074074074 0.030208333333333334 0.13148148148148148
0 0.3119791666666667 0.3648148148148148 0.0375 0.16296296296296295
0 0.33880208333333334 0.38611111111111107 0.03177083333333333 0.12407407407407406
0 0.38125 0.3277777777777777 0.03229166666666667 0.13518518518518519
0 0.55234375 0.4587962962962963 0.03697916666666667 0.18425925925925926
0 0.5789062500000001 0.4583333333333333 0.0421875 0.18518518518518517
0 0.5213541666666667 0.4717592592592592 0.041666666666666664 0.19907407407407407
0 0.540625 0.5138888888888888 0.052083333333333336 0.18518518518518517
0 0.41953125 0.5194444444444444 0.050520833333333334 0.2037037037037037
0 0.34609375000000003 0.5074074074074074 0.0484375 0.19444444444444445
0 0.30755208333333334 0.48981481481481476 0.044270833333333336 0.20555555555555555
0 0.3671875 0.4509259259259259 0.03229166666666667 0.17407407407407408
0 0.3989583333333333 0.4384259259259259 0.036458333333333336 0.1824074074074074
0 0.5375000000000001 0.4439814814814814 0.034374999999999996 0.16574074074074074
0 0.3380208333333333 0.42407407407407405 0.035416666666666666 0.15185185185185185
0 0.4369791666666667 0.399074074074074 0.035416666666666666 0.15185185185185185
0 0.5604166666666667 0.449537037037037 0.036458333333333336 0.18796296296296294
0 0.4901041666666667 0.39444444444444443 0.03333333333333333 0.13518518518518519
0 0.4122395833333333 0.3689814814814814 0.0484375 0.15648148148148147
0 0.4419270833333333 0.3625 0.033854166666666664 0.13796296296296295
0 0.3690104166666667 0.3384259259259259 0.035937500000000004 0.15462962962962962
0 0.48880208333333336 0.3143518518518518 0.02760416666666667 0.12685185185185185
0 0.43906249999999997 0.34027777777777773 0.028125 0.1324074074074074
0 0.3776041666666667 0.3699074074074074 0.026041666666666668 0.1361111111111111
0 0.35234375 0.3625 0.03697916666666667 0.1398148148148148
0 0.396875 0.3277777777777777 0.028125 0.13518518518518519
0 0.33749999999999997 0.3541666666666667 0.028125 0.1324074074074074
0 0.32109375 0.3546296296296296 0.03177083333333333 0.1537037037037037
0 0.10989583333333333 0.5555555555555555 0.035416666666666666 0.1925925925925926
0 0.28098958333333335 0.33148148148148143 0.02760416666666667 0.10185185185185185
0 0.46848958333333335 0.33981481481481474 0.03177083333333333 0.15185185185185185
0 0.13802083333333334 0.5050925925925925 0.042708333333333334 0.19537037037037036
0 0.4971354166666667 0.3333333333333333 0.02760416666666667 0.137037037037037
0 0.33515625 0.3509259259259259 0.029687500000000002 0.12962962962962962
0 0.3091145833333333 0.3435185185185185 0.029687500000000002 0.14074074074074075
0 0.2638020833333333 0.3657407407407407 0.02760416666666667 0.14259259259259258
0 0.3255208333333333 0.32175925925925924 0.028125 0.1324074074074074
0 0.12812500000000002 0.6518518518518518 0.07187500000000001 0.24259259259259258
0 0.3536458333333333 0.2652777777777778 0.029166666666666667 0.12685185185185185
0 0.27499999999999997 0.43657407407407406 0.0375 0.18425925925925926
0 0.25703125 0.4555555555555555 0.0421875 0.18518518518518517
0 0.5575520833333334 0.32731481481481484 0.029687500000000002 0.13055555555555556
0 0.5044270833333333 0.325 0.029687500000000002 0.14629629629629629
0 0.4072916666666667 0.2587962962962963 0.03125 0.12129629629629629
0 0.44765625000000003 0.2513888888888889 0.0265625 0.11018518518518518
0 0.403125 0.2486111111111111 0.02291666666666667 0.10462962962962963
0 0.6346354166666667 0.36157407407407405 0.035937500000000004 0.1675925925925926
0 0.6692708333333334 0.3597222222222222 0.04583333333333334 0.1675925925925926
0 0.5281250000000001 0.24027777777777776 0.026041666666666668 0.12129629629629629
0 0.3765625 0.2347222222222222 0.02395833333333333 0.11018518518518518
0 0.6661458333333333 0.2462962962962963 0.025 0.07962962962962963
0 0.44765625 0.2685185185185185 0.025520833333333333 0.1074074074074074
0 0.5973958333333333 0.4166666666666667 0.03333333333333333 0.18703703703703703
0 0.6098958333333334 0.36111111111111105 0.03229166666666667 0.13518518518518519
0 0.6203125 0.3518518518518518 0.03229166666666667 0.13518518518518519
0 0.6247395833333335 0.38333333333333336 0.029687500000000002 0.13518518518518519
0 0.43281250000000004 0.3606481481481481 0.02395833333333333 0.09907407407407406
0 0.41197916666666673 0.36111111111111105 0.025 0.12407407407407406
0 0.7148437500000001 0.28703703703703703 0.029687500000000002 0.07962962962962963
0 0.7838541666666666 0.362962962962963 0.030208333333333334 0.1685185185185185
0 0.4528645833333333 0.2490740740740741 0.025520833333333333 0.1
0 0.5421875 0.33287037037037037 0.030208333333333334 0.12129629629629629
