0 0.5658854166666667 0.34305555555555556 0.033854166666666664 0.15648148148148147
0 0.4041666666666667 0.29768518518518516 0.03229166666666667 0.13425925925925924
0 0.38671875000000006 0.2944444444444444 0.03177083333333333 0.14814814814814817
0 0.11145833333333333 0.5245370370370369 0.040625 0.1898148148148148
0 0.5299479166666666 0.2046296296296296 0.025520833333333333 0.12222222222222222
0 0.6861979166666666 0.21527777777777776 0.0234375 0.07314814814814814
0 0.6161458333333334 0.40555555555555556 0.034374999999999996 0.18703703703703703
0 0.6309895833333334 0.3074074074074074 0.029687500000000002 0.12407407407407406
0 0.6195312500000001 0.32916666666666666 0.03177083333333333 0.14907407407407408
0 0.6395833333333334 0.3634259259259259 0.03229166666666667 0.15833333333333333
0 0.73671875 0.25092592592592594 0.028645833333333332 0.08518518518518518
0 0.3705729166666667 0.29861111111111105 0.028645833333333332 0.1472222222222222
0 0.20416666666666672 0.8671296296296297 0.10520833333333333 0.26759259259259255
0 0.4354166666666667 0.7023148148148147 0.053125 0.2861111111111111
0 0.3546875 0.7097222222222221 0.04791666666666666 0.23240740740740737
0 0.3247395833333333 0.687037037037037 0.0609375 0.25740740740740736
0 0.28151041666666665 0.7222222222222222 0.0421875 0.18518518518518517
0 0.28567708333333336 0.6537037037037037 0.049479166666666664 0.24074074074074073
0 0.07604166666666667 0.7685185185185185 0.09270833333333334 0.3314814814814815
0 0.10885416666666667 0.6925925925925926 0.08020833333333333 0.29259259259259257
0 0.10833333333333332 0.6398148148148147 0.07291666666666667 0.2722222222222222
0 0.31328125 0.5194444444444444 0.04635416666666667 0.19074074074074074
0 0.34817708333333336 0.475 0.04739583333333334 0.18703703703703703
0 0.3807291666666667 0.4634259259259259 0.03333333333333333 0.175
0 0.44114583333333335 0.5078703703703703 0.035416666666666666 0.15833333333333333
0 0.4473958333333333 0.4157407407407407 0.04895833333333334 0.19074074074074074
0 0.48515625 0.44907407407407407 0.035937500000000004 0.13148148148148148
0 0.4278645833333333 0.3800925925925926 0.04010416666666666 0.1675925925925926
0 0.43828125 0.36851851851851847 0.04635416666666667 0.15185185185185185
0 0.32187499999999997 0.3472222222222222 0.03854166666666667 0.1537037037037037
0 0.36953125000000003 0.3361111111111111 0.03802083333333334 0.1537037037037037
0 0.41588541666666673 0.350925925925926 0.03802083333333334 0.14259259259259258
0 0.4557291666666667 0.3537037037037037 0.03333333333333333 0.12962962962962962
0 0.4526041666666667 0.3263888888888889 0.03958333333333334 0.13425925925925924
0 0.7924479166666666 0.46712962962962956 0.035937500000000004 0.12870370370370368
0 0.8276041666666667 0.4291666666666666 0.041666666666666664 0.20277777777777778
0 0.3338541666666667 0.33055555555555555 0.03125 0.14629629629629629
0 0.5455729166666666 0.32916666666666666 0.033854166666666664 0.16203703703703703
0 0.5557291666666666 0.3138888888888889 0.027083333333333334 0.11296296296296296
0 0.5419270833333334 0.31111111111111106 0.02760416666666667 0.11666666666666667
0 0.5231770833333333 0.312037037037037 0.033854166666666664 0.14629629629629629
0 0.3119791666666667 0.2842592592592592 0.034374999999999996 0.12777777777777777
0 0.5244791666666667 0.25925925925925924 0.030208333333333334 0.12962962962962962
0 0.47500000000000003 0.25509259259259254 0.026041666666666668 0.1175925925925926
0 0.4471354166666667 0.28888888888888886 0.029687500000000002 0.1259259259259259
0 0.4510416666666667 0.2685185185185185 0.026041666666666668 0.12407407407407406
0 0.4255208333333333 0.2828703703703704 0.03229166666666667 0.12129629629629629
0 0.37916666666666665 0.2699074074074074 0.028125 0.12314814814814815
0 0.48671875000000003 0.32685185185185184 0.03177083333333333 0.137037037037037
