0 0.025260416666666667 0.912037037037037 0.049479166666666664 0.17777777777777776
0 0.14765625 0.8837962962962962 0.08802083333333333 0.23240740740740737
0 0.3315104166666667 0.9236111111111109 0.07552083333333333 0.15462962962962962
0 0.2484375 0.9643518518518518 0.06874999999999999 0.07129629629629629
0 0.65859375 0.9310185185185185 0.07447916666666668 0.1398148148148148
0 0.20416666666666666 0.7305555555555556 0.057291666666666664 0.28518518518518515
0 0.26979166666666665 0.7337962962962963 0.06354166666666666 0.27685185185185185
0 0.8848958333333334 0.5115740740740741 0.03229166666666667 0.18796296296296294
0 0.8895833333333334 0.5106481481481481 0.06145833333333334 0.22314814814814812
0 0.20598958333333334 0.6060185185185186 0.04010416666666666 0.175
0 0.28541666666666665 0.6 0.06041666666666667 0.25
0 0.3140625 0.6282407407407408 0.04583333333333334 0.1935185185185185
0 0.2625 0.6171296296296295 0.059375000000000004 0.2287037037037037
0 0.7630208333333334 0.5379629629629629 0.06458333333333334 0.2037037037037037
0 0.3770833333333333 0.6625 0.06145833333333334 0.26759259259259255
0 0.2830729166666667 0.4583333333333333 0.035937500000000004 0.16296296296296295
0 0.3138020833333333 0.45787037037037037 0.035937500000000004 0.1935185185185185
0 0.38125000000000003 0.4300925925925926 0.03958333333333334 0.1824074074074074
0 0.39557291666666666 0.46435185185185185 0.050520833333333334 0.18796296296296294
0 0.41666666666666674 0.5032407407407408 0.034374999999999996 0.15648148148148147
0 0.8755208333333333 0.5018518518518519 0.05625 0.18703703703703703
0 0.38593750000000004 0.41111111111111115 0.03958333333333334 0.15925925925925927
0 0.8270833333333334 0.5032407407407408 0.052083333333333336 0.20648148148148146
0 0.6843750000000001 0.475462962962963 0.04479166666666667 0.18055555555555552
0 0.4825520833333333 0.5041666666666667 0.044270833333333336 0.21018518518518517
0 0.3713541666666667 0.29537037037037034 0.03229166666666667 0.14074074074074075
0 0.16536458333333334 0.34259259259259256 0.035937500000000004 0.16296296296296295
0 0.29218750000000004 0.40185185185185185 0.036458333333333336 0.14259259259259258
0 0.4270833333333334 0.37083333333333335 0.029166666666666667 0.1675925925925926
0 0.4682291666666667 0.47731481481481475 0.040625 0.19537037037037036
0 0.4674479166666667 0.4180555555555555 0.04010416666666666 0.1787037037037037
0 0.8606770833333334 0.47407407407407404 0.04635416666666667 0.19814814814814813
0 0.4643229166666667 0.3898148148148148 0.03177083333333333 0.14814814814814817
0 0.4018229166666667 0.34907407407407404 0.029687500000000002 0.14629629629629629
0 0.32890625 0.40092592592592596 0.035937500000000004 0.1722222222222222
0 0.5377604166666666 0.4199074074074074 0.043229166666666666 0.19166666666666668
0 0.7177083333333334 0.42407407407407405 0.0375 0.18148148148148147
0 0.7190104166666667 0.40185185185185185 0.028645833333333332 0.17592592592592593
0 0.5328125 0.3782407407407407 0.03229166666666667 0.14907407407407408
0 0.6583333333333333 0.39259259259259255 0.035416666666666666 0.16296296296296295
0 0.47109375 0.336574074074074 0.029687500000000002 0.1398148148148148
0 0.44765625 0.2726851851851852 0.025520833333333333 0.12129629629629629
0 0.5132812499999999 0.3472222222222222 0.04114583333333334 0.16296296296296295
0 0.5580729166666667 0.3416666666666667 0.035937500000000004 0.1685185185185185
0 0.5 0.33194444444444443 0.0375 0.16388888888888886
0 0.5367187499999999 0.2532407407407407 0.025520833333333333 0.11018518518518518
0 0.5242187500000001 0.2509259259259259 0.0234375 0.10925925925925925
0 0.3734375 0.2675925925925926 0.027083333333333334 0.11851851851851851
0 0.43333333333333335 0.2833333333333333 0.036458333333333336 0.12962962962962962
0 0.503125 0.25740740740740736 0.030208333333333334 0.11851851851851851
0 0.38958333333333334 0.2907407407407407 0.03229166666666667 0.13148148148148148
0 0.3575520833333333 0.26111111111111107 0.022395833333333334 0.10925925925925925
0 0.3822916666666667 0.24074074074074073 0.026041666666666668 0.11851851851851851
0 0.28359375000000003 0.34259259259259256 0.035937500000000004 0.16296296296296295
0 0.4578125 0.2916666666666667 0.025 0.11296296296296296
0 0.34218750000000003 0.29814814814814816 0.030208333333333334 0.14444444444444443
0 0.3901041666666667 0.23564814814814816 0.02395833333333333 0.10092592592592592
0 0.08802083333333334 0.6324074074074074 0.052083333333333336 0.23703703703703702
0 0.4317708333333333 0.3453703703703704 0.03125 0.14444444444444443
0 0.47838541666666673 0.27731481481481474 0.02760416666666667 0.12685185185185185
0 0.3942708333333333 0.27777777777777773 0.02291666666666667 0.11851851851851851
0 0.4205729166666667 0.274074074074074 0.025520833333333333 0.12407407407407406
0 0.5164062500000001 0.22037037037037036 0.025520833333333333 0.11851851851851851
0 0.6229166666666667 0.29212962962962963 0.027083333333333334 0.1175925925925926
0 0.6588541666666666 0.22824074074074072 0.02291666666666667 0.0824074074074074
0 0.47812499999999997 0.2907407407407407 0.02291666666666667 0.09074074074074073
0 0.7432291666666667 0.43611111111111106 0.029166666666666667 0.10185185185185185
0 0.6895833333333333 0.46435185185185185 0.04583333333333334 0.1787037037037037
0 0.5723958333333333 0.40509259259259256 0.03854166666666667 0.18425925925925926
0 0.5916666666666667 0.3333333333333333 0.03229166666666667 0.14074074074074075
0 0.5723958333333333 0.3324074074074074 0.03333333333333333 0.13518518518518519
0 0.6130208333333333 0.3601851851851851 0.030208333333333334 0.13518518518518519
0 0.703125 0.26296296296296295 0.03125 0.07962962962962963
0 0.36302083333333335 0.34074074074074073 0.03125 0.15185185185185185
0 0.6846354166666667 0.40509259259259256 0.03177083333333333 0.16944444444444443
0 0.5934895833333333 0.48981481481481476 0.051562500000000004 0.20185185185185184
0 0.8338541666666667 0.47407407407407404 0.0375 0.17407407407407408
0 0.21953124999999998 0.611111111111111 0.05572916666666666 0.19629629629629627
