0 0.8041666666666667 0.8652777777777776 0.06874999999999999 0.262037037037037
0 0.91875 0.8356481481481481 0.06666666666666667 0.32685185185185184
0 0.23750000000000002 0.5453703703703704 0.052083333333333336 0.19444444444444445
0 0.15703125 0.5837962962962963 0.050520833333333334 0.16018518518518518
0 0.17213541666666665 0.5249999999999999 0.058854166666666666 0.22037037037037036
0 0.26458333333333334 0.5212962962962963 0.04479166666666667 0.18148148148148147
0 0.22864583333333335 0.5171296296296296 0.040625 0.18425925925925926
0 0.36979166666666674 0.6416666666666667 0.05520833333333334 0.23703703703703702
0 0.36250000000000004 0.6050925925925926 0.05625 0.22314814814814812
0 0.2916666666666667 0.5787037037037037 0.05416666666666667 0.24074074074074073
0 0.290625 0.44212962962962965 0.03854166666666667 0.17685185185185184
0 0.6239583333333334 0.4833333333333333 0.05 0.18148148148148147
0 0.39921875 0.4541666666666666 0.0328125 0.14907407407407408
0 0.365625 0.4324074074074074 0.043750000000000004 0.18333333333333332
0 0.3255208333333333 0.42546296296296293 0.042708333333333334 0.1787037037037037
0 0.48619791666666673 0.42083333333333334 0.03802083333333334 0.1675925925925926
0 0.4486979166666667 0.41851851851851846 0.03802083333333334 0.1722222222222222
0 0.50546875 0.387037037037037 0.03802083333333334 0.1574074074074074
0 0.40911458333333334 0.40231481481481474 0.029687500000000002 0.15648148148148147
0 0.39348958333333334 0.37361111111111106 0.033854166666666664 0.14907407407407408
0 0.484375 0.3796296296296296 0.030208333333333334 0.137037037037037
0 0.48281250000000003 0.3412037037037037 0.03125 0.14351851851851852
0 0.36875 0.3731481481481481 0.03229166666666667 0.1574074074074074
0 0.4455729166666667 0.38009259259259254 0.033854166666666664 0.15462962962962962
0 0.4221354166666667 0.37407407407407406 0.029687500000000002 0.15925925925925927
0 0.4385416666666667 0.30833333333333335 0.030208333333333334 0.12407407407407406
0 0.31302083333333336 0.38749999999999996 0.030208333333333334 0.1324074074074074
0 0.27578125000000003 0.4041666666666667 0.04010416666666666 0.17129629629629628
0 0.4171875 0.3324074074074074 0.03125 0.13148148148148148
0 0.371875 0.3564814814814815 0.03229166666666667 0.137037037037037
0 0.39921875 0.3273148148148148 0.02447916666666667 0.11944444444444444
0 0.3682291666666667 0.3375 0.036458333333333336 0.13796296296296295
0 0.3440104166666667 0.35787037037037034 0.04010416666666666 0.1472222222222222
0 0.4825520833333333 0.16018518518518518 0.021354166666666667 0.08703703703703704
0 0.39479166666666665 0.3472222222222222 0.028125 0.12407407407407406
0 0.7841145833333334 0.36111111111111105 0.03177083333333333 0.17407407407407408
0 0.4536458333333333 0.34074074074074073 0.03229166666666667 0.1537037037037037
0 0.5505208333333333 0.39166666666666666 0.034374999999999996 0.18518518518518517
0 0.5437500000000001 0.39537037037037037 0.025 0.17592592592592593
0 0.49244791666666665 0.3546296296296296 0.025520833333333333 0.12407407407407406
0 0.4234375 0.3458333333333333 0.030208333333333334 0.12685185185185185
0 0.3513020833333333 0.37361111111111106 0.035937500000000004 0.16944444444444443
0 0.28619791666666666 0.31990740740740736 0.035937500000000004 0.14907407407407408
0 0.46328125000000003 0.3060185185185185 0.02760416666666667 0.13055555555555556
0 0.48750000000000004 0.2907407407407407 0.029166666666666667 0.13333333333333333
0 0.5242187500000001 0.4217592592592592 0.03802083333333334 0.16574074074074074
0 0.4205729166666667 0.2717592592592592 0.029687500000000002 0.12129629629629629
0 0.5309895833333333 0.4092592592592592 0.0328125 0.17037037037037037
0 0.4447916666666667 0.2657407407407407 0.028125 0.1074074074074074
0 0.3520833333333333 0.2717592592592592 0.028125 0.12870370370370368
0 0.3682291666666667 0.26435185185185184 0.02395833333333333 0.11944444444444444
0 0.37421875000000004 0.24398148148148147 0.02760416666666667 0.11203703703703702
0 0.09479166666666668 0.5476851851851852 0.035416666666666666 0.19722222222222222
0 0.3518229166666667 0.24166666666666667 0.0265625 0.1148148148148148
0 0.13177083333333334 0.49907407407407406 0.041666666666666664 0.19444444444444445
0 0.3736979166666667 0.2412037037037037 0.02760416666666667 0.1175925925925926
0 0.5437500000000001 0.4939814814814814 0.040625 0.20648148148148146
0 0.53671875 0.5203703703703704 0.05572916666666666 0.20185185185185184
0 0.4861979166666667 0.24259259259259258 0.0234375 0.11851851851851851
0 0.3328125 0.23425925925925925 0.026041666666666668 0.11851851851851851
0 0.5328125 0.23425925925925925 0.026041666666666668 0.12037037037037036
0 0.6671874999999999 0.24490740740740738 0.025 0.0787037037037037
0 0.5750000000000001 0.4060185185185185 0.036458333333333336 0.1824074074074074
0 0.6083333333333334 0.35462962962962963 0.03229166666666667 0.13518518518518519
0 0.61875 0.3453703703703704 0.03229166666666667 0.13518518518518519
0 0.621875 0.3787037037037037 0.030208333333333334 0.13518518518518519
0 0.7127604166666667 0.28055555555555556 0.029687500000000002 0.07962962962962963
0 0.7671875 0.3787037037037037 0.034374999999999996 0.1685185185185185
0 0.4575520833333333 0.24074074074074073 0.025520833333333333 0.1074074074074074
