0 0.5625 0.4861111111111111 0.05416666666666667 0.15925925925925927
0 0.31562500000000004 0.3981481481481481 0.035416666666666666 0.14814814814814817
0 0.7377604166666666 0.3652777777777778 0.03802083333333334 0.15092592592592594
0 0.5049479166666667 0.3777777777777777 0.03802083333333334 0.1648148148148148
0 0.4822916666666667 0.38425925925925924 0.03125 0.1648148148148148
0 0.33567708333333335 0.37546296296296294 0.03177083333333333 0.14907407407407408
0 0.5588541666666667 0.5453703703703704 0.04479166666666667 0.20185185185185184
0 0.5276041666666667 0.35416666666666663 0.029166666666666667 0.12314814814814815
0 0.45885416666666673 0.2898148148148148 0.030208333333333334 0.12407407407407406
0 0.46328125 0.28657407407407404 0.025520833333333333 0.10092592592592592
0 0.4182291666666667 0.2962962962962962 0.027083333333333334 0.11296296296296296
0 0.7510416666666666 0.39444444444444443 0.046875 0.1537037037037037
0 0.4265625 0.3435185185185185 0.029166666666666667 0.137037037037037
0 0.36328125 0.26620370370370366 0.029687500000000002 0.11574074074074073
0 0.6625 0.38935185185185184 0.036458333333333336 0.16574074074074074
0 0.10677083333333333 0.5685185185185184 0.041666666666666664 0.19629629629629627
0 0.28437500000000004 0.3194444444444444 0.026041666666666668 0.14629629629629629
0 0.5393229166666667 0.25787037037037036 0.02760416666666667 0.12129629629629629
0 0.6854166666666667 0.2652777777777778 0.026041666666666668 0.07314814814814814
0 0.6000000000000001 0.4384259259259259 0.036458333333333336 0.1824074074074074
0 0.6231770833333334 0.37037037037037035 0.03177083333333333 0.13518518518518519
0 0.6229166666666667 0.36111111111111105 0.03229166666666667 0.13518518518518519
0 0.6395833333333334 0.39814814814814814 0.03333333333333333 0.14629629629629629
0 0.7299479166666667 0.2944444444444444 0.033854166666666664 0.07962962962962963
0 0.6770833333333334 0.39629629629629626 0.04583333333333334 0.16666666666666666
0 0.17161458333333335 0.4171296296296296 0.04635416666666667 0.16203703703703703
0 0.1640625 0.8037037037037036 0.07187500000000001 0.2944444444444444
0 0.2778645833333333 0.8712962962962963 0.08177083333333333 0.25925925925925924
0 0.240625 0.7277777777777776 0.059375000000000004 0.23703703703703702
0 0.3010416666666667 0.7310185185185186 0.06041666666666667 0.21944444444444444
0 0.21770833333333334 0.4314814814814814 0.036458333333333336 0.1685185185185185
0 0.12109375 0.6722222222222223 0.05364583333333334 0.2685185185185185
0 0.16588541666666665 0.7143518518518518 0.049479166666666664 0.2175925925925926
0 0.7052083333333334 0.5023148148148148 0.053125 0.18796296296296294
0 0.8096354166666667 0.4736111111111111 0.04739583333333334 0.17314814814814813
0 0.8692708333333333 0.5375 0.051041666666666666 0.20092592592592592
0 0.7635416666666667 0.47407407407407404 0.042708333333333334 0.1722222222222222
0 0.8565104166666667 0.5412037037037037 0.05572916666666666 0.22129629629629627
0 0.8671875 0.5023148148148148 0.04583333333333334 0.18425925925925926
0 0.5484374999999999 0.3638888888888889 0.028125 0.15925925925925927
0 0.47135416666666674 0.3462962962962963 0.029166666666666667 0.13518518518518519
0 0.5708333333333333 0.3504629629629629 0.03333333333333333 0.14907407407407408
0 0.30364583333333334 0.461574074074074 0.042708333333333334 0.2046296296296296
0 0.6119791666666666 0.4162037037037037 0.034374999999999996 0.15092592592592594
0 0.4669270833333333 0.4124999999999999 0.03177083333333333 0.14907407407407408
0 0.6786458333333334 0.8356481481481481 0.075 0.29537037037037034
0 0.79453125 0.5759259259259258 0.06302083333333333 0.20925925925925926
0 0.4200520833333333 0.4773148148148148 0.03802083333333334 0.17129629629629628
0 0.47239583333333335 0.4263888888888889 0.036458333333333336 0.1675925925925926
0 0.4369791666666667 0.43287037037037035 0.046875 0.18425925925925926
0 0.471875 0.41157407407407404 0.036458333333333336 0.17314814814814813
0 0.31927083333333334 0.3736111111111111 0.03125 0.15462962962962962
