0 0.3505208333333333 0.30046296296296293 0.02291666666666667 0.12129629629629629
0 0.32734375 0.3055555555555555 0.029687500000000002 0.14074074074074075
0 0.020833333333333332 0.9495370370370371 0.040625 0.10277777777777777
0 0.94609375 0.9773148148148147 0.03802083333333334 0.045370370370370366
0 0.25546875 0.9009259259259258 0.07760416666666667 0.19814814814814813
0 0.03854166666666667 0.9203703703703704 0.06979166666666667 0.1611111111111111
0 0.12994791666666666 0.8837962962962963 0.07968750000000001 0.23425925925925925
0 0.06666666666666668 0.8736111111111111 0.051041666666666666 0.25092592592592594
0 0.76640625 0.4694444444444444 0.04114583333333334 0.2111111111111111
0 0.74140625 0.4842592592592592 0.04635416666666667 0.17407407407407408
0 0.7927083333333335 0.49212962962962964 0.042708333333333334 0.22129629629629627
0 0.6625 0.374537037037037 0.03854166666666667 0.15648148148148147
0 0.453125 0.7865740740740741 0.06770833333333333 0.32685185185185184
0 0.37786458333333334 0.7763888888888888 0.0609375 0.312037037037037
0 0.3299479166666667 0.8518518518518517 0.0734375 0.2814814814814815
0 0.20234375000000002 0.8384259259259258 0.07552083333333333 0.30833333333333335
0 0.14635416666666667 0.8027777777777776 0.07291666666666667 0.27037037037037037
0 0.16223958333333335 0.7662037037037036 0.06718750000000001 0.287962962962963
0 0.25859375 0.725462962962963 0.044270833333333336 0.2601851851851852
0 0.30703125 0.7097222222222221 0.0484375 0.2787037037037037
0 0.3885416666666667 0.6935185185185184 0.05416666666666667 0.23148148148148145
0 0.21380208333333334 0.6370370370370371 0.05260416666666667 0.23333333333333334
0 0.203125 0.5680555555555556 0.06041666666666667 0.19907407407407407
0 0.3611979166666667 0.6171296296296297 0.04635416666666667 0.21018518518518517
0 0.43125 0.6773148148148148 0.053125 0.2546296296296296
0 0.5434895833333333 0.6069444444444444 0.050520833333333334 0.22129629629629627
0 0.3744791666666667 0.5041666666666667 0.043750000000000004 0.20092592592592592
0 0.41640625 0.5055555555555555 0.04010416666666666 0.19074074074074074
0 0.68125 0.44259259259259254 0.05416666666666667 0.19814814814814813
0 0.70546875 0.41898148148148145 0.0328125 0.1787037037037037
0 0.5557291666666666 0.44814814814814813 0.04895833333333334 0.1796296296296296
0 0.5364583333333334 0.4699074074074074 0.0375 0.16203703703703703
0 0.5104166666666666 0.46712962962962956 0.040625 0.1824074074074074
0 0.4888020833333333 0.4046296296296296 0.029687500000000002 0.14814814814814817
0 0.48880208333333336 0.4384259259259259 0.02760416666666667 0.16203703703703703
0 0.47369791666666666 0.44166666666666665 0.0453125 0.1925925925925926
0 0.2447916666666667 0.4629629629629629 0.035416666666666666 0.17037037037037037
0 0.3143229166666667 0.425462962962963 0.028645833333333332 0.13055555555555556
0 0.3052083333333333 0.42083333333333334 0.05 0.19537037037037036
0 0.3265625 0.4222222222222222 0.03229166666666667 0.13148148148148148
0 0.39427083333333335 0.43333333333333335 0.04583333333333334 0.1722222222222222
0 0.19348958333333333 0.5106481481481482 0.050520833333333334 0.18796296296296294
0 0.5765625 0.46388888888888885 0.0375 0.18148148148148147
0 0.3158854166666667 0.39259259259259255 0.035937500000000004 0.14629629629629629
0 0.3473958333333333 0.38425925925925924 0.03229166666666667 0.1574074074074074
0 0.59609375 0.5064814814814815 0.050520833333333334 0.19629629629629627
0 0.4510416666666667 0.4356481481481481 0.043750000000000004 0.16018518518518518
0 0.6950520833333333 0.5111111111111111 0.051562500000000004 0.1925925925925926
0 0.4075520833333333 0.42685185185185176 0.03802083333333334 0.1685185185185185
0 0.3419270833333333 0.44537037037037036 0.035937500000000004 0.16296296296296295
0 0.4661458333333333 0.4037037037037037 0.03333333333333333 0.17037037037037037
0 0.26458333333333334 0.41481481481481475 0.04583333333333334 0.17407407407407408
0 0.5070312499999999 0.4074074074074074 0.035937500000000004 0.1796296296296296
0 0.3640625 0.33333333333333326 0.029166666666666667 0.13148148148148148
0 0.2838541666666667 0.3574074074074074 0.034374999999999996 0.15925925925925927
0 0.3877604166666667 0.3837962962962963 0.03177083333333333 0.17129629629629628
0 0.43671875000000004 0.33287037037037037 0.03177083333333333 0.14351851851851852
0 0.3143229166666667 0.3337962962962963 0.029687500000000002 0.14537037037037034
0 0.29869791666666673 0.34212962962962956 0.033854166666666664 0.14907407407407408
0 0.5424479166666667 0.4134259259259259 0.029687500000000002 0.16574074074074074
0 0.4213541666666667 0.31759259259259254 0.027083333333333334 0.12962962962962962
0 0.40546875 0.2884259259259259 0.0234375 0.12129629629629629
0 0.3859375 0.324537037037037 0.028125 0.13796296296296295
0 0.5424479166666667 0.399537037037037 0.035937500000000004 0.1824074074074074
0 0.4888020833333333 0.33981481481481485 0.033854166666666664 0.14259259259259258
0 0.5044270833333334 0.3296296296296296 0.03177083333333333 0.14629629629629629
0 0.45989583333333334 0.3138888888888889 0.03125 0.12962962962962962
0 0.49114583333333334 0.3101851851851852 0.026041666666666668 0.10925925925925925
0 0.42552083333333335 0.28055555555555556 0.026041666666666668 0.11851851851851851
0 0.36640625000000004 0.24814814814814812 0.02760416666666667 0.11851851851851851
0 0.5583333333333333 0.33287037037037037 0.03229166666666667 0.15648148148148147
0 0.6690104166666667 0.35509259259259257 0.0421875 0.17129629629629628
0 0.578125 0.324537037037037 0.030208333333333334 0.15462962962962962
0 0.4734375 0.2546296296296296 0.02395833333333333 0.12407407407407406
0 0.4729166666666667 0.23611111111111108 0.02395833333333333 0.10925925925925925
0 0.3473958333333333 0.2537037037037037 0.027083333333333334 0.12962962962962962
0 0.44062500000000004 0.2398148148148148 0.030208333333333334 0.10555555555555556
0 0.4026041666666667 0.2564814814814815 0.021875000000000002 0.10185185185185185
0 0.40598958333333335 0.27638888888888885 0.02760416666666667 0.11018518518518518
0 0.3489583333333333 0.2361111111111111 0.025 0.1074074074074074
0 0.5307291666666667 0.23657407407407408 0.02395833333333333 0.12129629629629629
0 0.5203125000000001 0.26435185185185184 0.021875000000000002 0.10462962962962963
0 0.6700520833333333 0.24166666666666667 0.025520833333333333 0.07962962962962963
0 0.40520833333333334 0.25740740740740736 0.01979166666666667 0.09074074074074073
0 0.52265625 0.3657407407407407 0.017187499999999998 0.08333333333333333
0 0.3575520833333333 0.43796296296296294 0.03802083333333334 0.17037037037037037
0 0.6119791666666666 0.4106481481481481 0.035416666666666666 0.17685185185185184
0 0.6127604166666667 0.35555555555555557 0.03177083333333333 0.13518518518518519
0 0.6239583333333334 0.3481481481481481 0.03229166666666667 0.13518518518518519
0 0.6263020833333335 0.3805555555555555 0.029687500000000002 0.13518518518518519
0 0.5234375 0.4398148148148148 0.027083333333333334 0.12222222222222222
0 0.4994791666666667 0.4412037037037037 0.030208333333333334 0.1324074074074074
0 0.715625 0.27777777777777773 0.030208333333333334 0.07962962962962963
0 0.7830729166666667 0.35833333333333334 0.029687500000000002 0.1685185185185185
0 0.36484374999999997 0.2814814814814815 0.03072916666666667 0.12962962962962962
0 0.5359375000000001 0.32407407407407407 0.03125 0.1259259259259259
0 0.5651041666666667 0.4199074074074074 0.034374999999999996 0.14907407407407408
0 0.32864583333333336 0.42037037037037034 0.030208333333333334 0.137037037037037
