0 0.5578124999999999 0.2810185185185185 0.03229166666666667 0.14166666666666666
0 0.3822916666666667 0.26620370370370366 0.029166666666666667 0.13796296296296295
0 0.3684895833333333 0.25925925925925924 0.02760416666666667 0.14074074074074075
0 0.11901041666666667 0.5078703703703703 0.033854166666666664 0.1898148148148148
0 0.5291666666666667 0.2013888888888889 0.026041666666666668 0.12129629629629629
0 0.6861979166666666 0.20879629629629629 0.0234375 0.07685185185185185
0 0.6067708333333334 0.39351851851851843 0.03854166666666667 0.18518518518518517
0 0.6263020833333335 0.30277777777777776 0.029687500000000002 0.12407407407407406
0 0.6192708333333334 0.32083333333333336 0.03125 0.14907407407407408
0 0.6411458333333334 0.3587962962962962 0.03125 0.14907407407407408
0 0.7364583333333333 0.24212962962962964 0.028125 0.08425925925925926
0 0.36041666666666666 0.26620370370370366 0.028125 0.14351851851851852
0 0.3216145833333333 0.8800925925925925 0.07968750000000001 0.24166666666666667
0 0.7619791666666667 0.3958333333333333 0.03958333333333334 0.17129629629629628
0 0.7299479166666666 0.40185185185185185 0.035937500000000004 0.17592592592592593
0 0.19401041666666666 0.9402777777777778 0.06510416666666667 0.11944444444444444
0 0.3520833333333333 0.6268518518518519 0.07291666666666667 0.3537037037037037
0 0.55234375 0.5138888888888888 0.05260416666666667 0.22592592592592592
0 0.4682291666666667 0.5273148148148148 0.040625 0.18055555555555552
0 0.39739583333333334 0.5125 0.04583333333333334 0.2046296296296296
0 0.3638020833333333 0.5324074074074073 0.033854166666666664 0.12407407407407406
0 0.30625 0.5018518518518518 0.040625 0.20185185185185184
0 0.3140625 0.40601851851851845 0.036458333333333336 0.15648148148148147
0 0.3911458333333333 0.3675925925925926 0.0375 0.1537037037037037
0 0.42109375 0.36064814814814816 0.03072916666666667 0.14166666666666666
0 0.36119791666666673 0.3962962962962963 0.03177083333333333 0.1259259259259259
0 0.45494791666666673 0.3324074074074074 0.03697916666666667 0.16296296296296295
0 0.4799479166666667 0.3527777777777778 0.02760416666666667 0.10925925925925925
0 0.3536458333333333 0.30648148148148147 0.035416666666666666 0.14259259259259258
0 0.33125000000000004 0.26944444444444443 0.034374999999999996 0.14629629629629629
0 0.4348958333333333 0.2935185185185185 0.03333333333333333 0.13333333333333333
0 0.4661458333333333 0.2907407407407407 0.03229166666666667 0.11296296296296296
0 0.46328125 0.2671296296296296 0.029687500000000002 0.12129629629629629
0 0.61328125 0.37546296296296294 0.03072916666666667 0.11203703703703702
0 0.6450520833333334 0.3453703703703704 0.04114583333333334 0.16666666666666666
0 0.3442708333333333 0.2652777777777778 0.026041666666666668 0.12870370370370368
0 0.5156250000000001 0.27546296296296297 0.034374999999999996 0.15092592592592594
0 0.5117187500000001 0.26064814814814813 0.021354166666666667 0.09351851851851851
0 0.5018229166666667 0.2601851851851852 0.02760416666666667 0.11296296296296296
0 0.48151041666666666 0.2546296296296296 0.029687500000000002 0.12962962962962962
0 0.4109375 0.21435185185185185 0.029166666666666667 0.12129629629629629
0 0.43046875 0.23240740740740737 0.02760416666666667 0.11851851851851851
0 0.3421875 0.24398148148148147 0.021875000000000002 0.12685185185185185
0 0.36015625 0.22916666666666666 0.025520833333333333 0.12314814814814815
0 0.4903645833333333 0.26805555555555555 0.029687500000000002 0.12129629629629629
