0 0.3442708333333333 0.3143518518518518 0.02291666666666667 0.12314814814814815
0 0.32578125 0.3194444444444444 0.029687500000000002 0.14074074074074075
0 0.08932291666666667 0.9449074074074074 0.0828125 0.11203703703703702
0 0.04375 0.9143518518518517 0.075 0.17314814814814813
0 0.87890625 0.9310185185185185 0.06718750000000001 0.1398148148148148
0 0.7869791666666667 0.9347222222222221 0.075 0.1324074074074074
0 0.2947916666666667 0.8601851851851853 0.07395833333333333 0.27777777777777773
0 0.07630208333333333 0.875 0.06718750000000001 0.22777777777777777
0 0.16822916666666668 0.850462962962963 0.07916666666666668 0.2842592592592592
0 0.11588541666666667 0.8120370370370369 0.059895833333333336 0.23888888888888887
0 0.24244791666666668 0.9222222222222222 0.09010416666666668 0.15555555555555553
0 0.6760416666666667 0.45787037037037037 0.05416666666666667 0.19722222222222222
0 0.6494791666666666 0.474537037037037 0.043750000000000004 0.17314814814814813
0 0.6778645833333334 0.4819444444444444 0.0578125 0.21018518518518517
0 0.5966145833333334 0.37592592592592594 0.02760416666666667 0.15185185185185185
0 0.48203124999999997 0.7314814814814814 0.06718750000000001 0.31296296296296294
0 0.4125 0.7222222222222221 0.058333333333333334 0.2944444444444444
0 0.3802083333333333 0.7893518518518517 0.07291666666666667 0.26759259259259255
0 0.23828125 0.7791666666666666 0.06718750000000001 0.2898148148148148
0 0.19583333333333336 0.7546296296296295 0.06458333333333334 0.26296296296296295
0 0.19348958333333333 0.7064814814814814 0.0609375 0.25
0 0.27812499999999996 0.6601851851851851 0.0375 0.21296296296296294
0 0.3221354166666667 0.6597222222222221 0.04635416666666667 0.2601851851851852
0 0.4223958333333333 0.6342592592592592 0.04791666666666666 0.19629629629629627
0 0.22890625 0.5949074074074073 0.051562500000000004 0.21203703703703702
0 0.19453125 0.5435185185185184 0.05260416666666667 0.19074074074074074
0 0.3875 0.5773148148148147 0.04583333333333334 0.21018518518518517
0 0.4578125 0.6361111111111111 0.051041666666666666 0.2518518518518518
0 0.5416666666666666 0.5703703703703703 0.04895833333333334 0.20925925925925926
0 0.39140625 0.48287037037037034 0.044270833333333336 0.20092592592592592
0 0.42890625 0.47916666666666663 0.04010416666666666 0.1824074074074074
0 0.6028645833333334 0.43657407407407406 0.0546875 0.1898148148148148
0 0.6666666666666669 0.399537037037037 0.03229166666666667 0.1675925925925926
0 0.49713541666666666 0.4398148148148148 0.04010416666666666 0.1796296296296296
0 0.484375 0.45555555555555555 0.030208333333333334 0.16296296296296295
0 0.4630208333333333 0.4504629629629629 0.040625 0.1787037037037037
0 0.4651041666666667 0.3949074074074074 0.029166666666666667 0.1472222222222222
0 0.44817708333333334 0.4277777777777778 0.0265625 0.15925925925925927
0 0.4330729166666667 0.4282407407407407 0.033854166666666664 0.1898148148148148
0 0.24088541666666666 0.48842592592592593 0.035937500000000004 0.17685185185185184
0 0.33489583333333334 0.4037037037037037 0.026041666666666668 0.12222222222222222
0 0.32213541666666673 0.40462962962962956 0.0421875 0.18148148148148147
0 0.3341145833333333 0.4037037037037036 0.033854166666666664 0.13148148148148148
0 0.4236979166666667 0.41481481481481475 0.044270833333333336 0.1648148148148148
0 0.14947916666666666 0.5069444444444444 0.043750000000000004 0.1935185185185185
0 0.54609375 0.4351851851851852 0.0328125 0.16666666666666666
0 0.3044270833333333 0.38935185185185184 0.035937500000000004 0.14537037037037034
0 0.3276041666666667 0.38055555555555554 0.03229166666666667 0.1574074074074074
0 0.6817708333333334 0.5166666666666666 0.04791666666666666 0.2037037037037037
0 0.41692708333333334 0.4222222222222222 0.0328125 0.1574074074074074
0 0.78046875 0.5305555555555556 0.0546875 0.19629629629629627
0 0.3807291666666667 0.41851851851851846 0.03229166666666667 0.1685185185185185
0 0.3184895833333333 0.437962962962963 0.033854166666666664 0.16296296296296295
0 0.46979166666666666 0.3810185185185185 0.03229166666666667 0.1398148148148148
0 0.26171875 0.43611111111111106 0.04635416666666667 0.18148148148148147
0 0.5440104166666667 0.41435185185185186 0.03802083333333334 0.18425925925925926
0 0.36223958333333334 0.3259259259259259 0.029687500000000002 0.1259259259259259
0 0.24947916666666664 0.3574074074074074 0.03229166666666667 0.15925925925925927
0 0.35807291666666674 0.3773148148148148 0.03177083333333333 0.17129629629629628
0 0.43203125000000003 0.324537037037037 0.03177083333333333 0.14351851851851852
0 0.3020833333333333 0.3449074074074074 0.030208333333333334 0.15462962962962962
0 0.29010416666666666 0.36203703703703705 0.034374999999999996 0.14814814814814817
0 0.5528645833333333 0.4060185185185185 0.029687500000000002 0.16574074074074074
0 0.4109375 0.3097222222222222 0.027083333333333334 0.12685185185185185
0 0.39739583333333334 0.2842592592592592 0.02395833333333333 0.12037037037037036
0 0.3890625 0.312037037037037 0.028125 0.137037037037037
0 0.5236979166666667 0.3976851851851852 0.035937500000000004 0.1824074074074074
0 0.48333333333333334 0.32962962962962966 0.03229166666666667 0.14074074074074075
0 0.5023437500000001 0.32037037037037036 0.03177083333333333 0.14629629629629629
0 0.4393229166666667 0.30185185185185187 0.029687500000000002 0.12037037037037036
0 0.48619791666666673 0.29907407407407405 0.02760416666666667 0.10925925925925925
0 0.4091145833333333 0.27731481481481485 0.025520833333333333 0.1175925925925926
0 0.5580729166666667 0.336574074074074 0.03072916666666667 0.15648148148148147
0 0.7502604166666667 0.36018518518518516 0.04739583333333334 0.17037037037037037
0 0.5799479166666667 0.324537037037037 0.029687500000000002 0.15462962962962962
0 0.4278645833333333 0.2537037037037037 0.0234375 0.12407407407407406
0 0.4690104166666667 0.24166666666666667 0.02447916666666667 0.10185185185185185
0 0.42578125 0.2449074074074074 0.029687500000000002 0.10462962962962963
0 0.3690104166666667 0.25740740740740736 0.025520833333333333 0.1
0 0.38645833333333335 0.2712962962962963 0.026041666666666668 0.10185185185185185
0 0.5317708333333334 0.23657407407407408 0.02395833333333333 0.12129629629629629
0 0.5091145833333334 0.2625 0.021354166666666667 0.10462962962962963
0 0.6713541666666667 0.24351851851851852 0.026041666666666668 0.07962962962962963
0 0.3653645833333333 0.25601851851851853 0.019270833333333334 0.0898148148148148
0 0.52265625 0.33981481481481485 0.017187499999999998 0.07962962962962963
0 0.3440104166666667 0.43287037037037035 0.03802083333333334 0.1675925925925926
0 0.6041666666666666 0.4143518518518518 0.035416666666666666 0.17685185185185184
0 0.6127604166666667 0.3574074074074074 0.03177083333333333 0.13518518518518519
0 0.6244791666666667 0.350925925925926 0.03229166666666667 0.13518518518518519
0 0.6268229166666667 0.3814814814814814 0.029687500000000002 0.13518518518518519
0 0.49322916666666666 0.4282407407407407 0.027083333333333334 0.1175925925925926
0 0.44609375 0.42361111111111105 0.028645833333333332 0.1324074074074074
0 0.7166666666666666 0.27962962962962956 0.030208333333333334 0.07962962962962963
0 0.7846354166666667 0.3601851851851851 0.029687500000000002 0.1685185185185185
0 0.32447916666666665 0.274537037037037 0.028125 0.11944444444444444
0 0.5398437500000001 0.31666666666666665 0.03072916666666667 0.1259259259259259
0 0.5739583333333333 0.4106481481481481 0.03333333333333333 0.14907407407407408
0 0.35390625000000003 0.40555555555555556 0.028645833333333332 0.12962962962962962
