0 0.9020833333333333 0.8949074074074074 0.08020833333333333 0.21203703703703702
0 0.2921875 0.3949074074074074 0.027083333333333334 0.14351851851851852
0 0.26458333333333334 0.39722222222222214 0.03333333333333333 0.15185185185185185
0 0.14791666666666667 0.9060185185185184 0.08229166666666668 0.18796296296296294
0 0.02265625 0.936111111111111 0.044270833333333336 0.12962962962962962
0 0.225 0.6472222222222221 0.0625 0.2518518518518518
0 0.34348958333333335 0.6638888888888889 0.03697916666666667 0.21296296296296294
0 0.30755208333333334 0.6365740740740741 0.05572916666666666 0.2472222222222222
0 0.26536458333333335 0.6189814814814815 0.04739583333333334 0.24351851851851852
0 0.6247395833333335 0.6199074074074074 0.05260416666666667 0.225
0 0.5653645833333334 0.6157407407407407 0.050520833333333334 0.2351851851851852
0 0.8716145833333333 0.5199074074074074 0.058854166666666666 0.20277777777777778
0 0.37109375 0.5074074074074074 0.04635416666666667 0.1925925925925926
0 0.3203125 0.5013888888888889 0.036458333333333336 0.1675925925925926
0 0.903125 0.5041666666666667 0.051041666666666666 0.1861111111111111
0 0.5195312500000001 0.4476851851851852 0.03177083333333333 0.1824074074074074
0 0.31328125 0.5032407407407408 0.0484375 0.19166666666666668
0 0.7997395833333334 0.4949074074074074 0.06510416666666667 0.19537037037037036
0 0.7731770833333333 0.5018518518518519 0.06197916666666667 0.2
0 0.4692708333333333 0.413425925925926 0.03333333333333333 0.16018518518518518
0 0.23125 0.5 0.03333333333333333 0.14629629629629629
0 0.20703125 0.6027777777777777 0.050520833333333334 0.24259259259259258
0 0.47630208333333335 0.4412037037037037 0.03177083333333333 0.17685185185185184
0 0.6174479166666667 0.48703703703703705 0.044270833333333336 0.1796296296296296
0 0.42031250000000003 0.437037037037037 0.03125 0.14629629629629629
0 0.4973958333333334 0.4666666666666666 0.03958333333333334 0.19814814814814813
0 0.58359375 0.4949074074074074 0.049479166666666664 0.1787037037037037
0 0.4526041666666667 0.46388888888888885 0.041666666666666664 0.17037037037037037
0 0.43125 0.3333333333333333 0.03125 0.14629629629629629
0 0.3984375 0.3416666666666666 0.030208333333333334 0.13148148148148148
0 0.27838541666666666 0.35787037037037034 0.0390625 0.15648148148148147
0 0.3145833333333333 0.36759259259259264 0.028125 0.11851851851851851
0 0.3635416666666667 0.3175925925925926 0.030208333333333334 0.13518518518518519
0 0.4953125 0.44305555555555554 0.036458333333333336 0.18425925925925926
0 0.5559895833333334 0.4402777777777778 0.03802083333333334 0.18425925925925926
0 0.5333333333333333 0.4523148148148148 0.034374999999999996 0.1935185185185185
0 0.5575520833333334 0.48009259259259257 0.04010416666666666 0.17129629629629628
0 0.4263020833333333 0.49027777777777776 0.050520833333333334 0.1935185185185185
0 0.3536458333333333 0.4773148148148148 0.040625 0.18796296296296294
0 0.31744791666666666 0.45046296296296295 0.044270833333333336 0.17685185185185184
0 0.38932291666666674 0.42407407407407405 0.03177083333333333 0.17407407407407408
0 0.42500000000000004 0.40555555555555556 0.034374999999999996 0.16296296296296295
0 0.53671875 0.4393518518518518 0.033854166666666664 0.16574074074074074
0 0.34739583333333335 0.4074074074074074 0.036458333333333336 0.15185185185185185
0 0.44895833333333335 0.37546296296296294 0.034374999999999996 0.14166666666666666
0 0.5604166666666667 0.4393518518518518 0.036458333333333336 0.18796296296296294
0 0.48984375 0.3731481481481481 0.03177083333333333 0.13148148148148148
0 0.4065104166666667 0.3537037037037037 0.033854166666666664 0.15555555555555553
0 0.43723958333333335 0.34953703703703703 0.03177083333333333 0.13796296296296295
0 0.359375 0.33009259259259255 0.03229166666666667 0.15462962962962962
0 0.4736979166666667 0.30231481481481476 0.02760416666666667 0.12685185185185185
0 0.4450520833333333 0.32916666666666666 0.029687500000000002 0.1324074074074074
0 0.37083333333333335 0.3555555555555555 0.026041666666666668 0.12962962962962962
0 0.3481770833333333 0.35185185185185186 0.029687500000000002 0.14074074074074075
0 0.39244791666666673 0.31342592592592594 0.02760416666666667 0.125
0 0.33125 0.3449074074074074 0.028125 0.1324074074074074
0 0.3138020833333333 0.3449074074074074 0.03072916666666667 0.15462962962962962
0 0.10364583333333333 0.5546296296296297 0.036458333333333336 0.1925925925925926
0 0.46536458333333336 0.3162037037037037 0.03177083333333333 0.13055555555555556
0 0.13593750000000002 0.5032407407407408 0.042708333333333334 0.19537037037037036
0 0.4919270833333333 0.31851851851851853 0.025520833333333333 0.13148148148148148
0 0.3299479166666667 0.33981481481481485 0.029687500000000002 0.12962962962962962
0 0.3041666666666667 0.3277777777777777 0.030208333333333334 0.14074074074074075
0 0.2947916666666667 0.3106481481481482 0.028125 0.1324074074074074
0 0.09947916666666667 0.7023148148148147 0.07916666666666668 0.275
0 0.2713541666666667 0.4606481481481481 0.034374999999999996 0.1935185185185185
0 0.2700520833333333 0.4722222222222222 0.0421875 0.18333333333333332
0 0.5578125 0.3148148148148148 0.029166666666666667 0.12962962962962962
0 0.5065104166666666 0.3148148148148148 0.029687500000000002 0.14629629629629629
0 0.3643229166666667 0.2518518518518518 0.0234375 0.12037037037037036
0 0.4036458333333333 0.24583333333333332 0.026041666666666668 0.11018518518518518
0 0.35390625000000003 0.24027777777777776 0.0234375 0.10462962962962963
0 0.6768229166666666 0.35787037037037034 0.03802083333333334 0.16203703703703703
0 0.7190104166666667 0.36111111111111105 0.044270833333333336 0.17037037037037037
0 0.5281250000000001 0.23935185185185184 0.026041666666666668 0.12129629629629629
0 0.6671874999999999 0.2462962962962963 0.025 0.07962962962962963
0 0.40078125000000003 0.2546296296296296 0.0234375 0.09814814814814814
0 0.5916666666666667 0.4185185185185185 0.03333333333333333 0.18703703703703703
0 0.6101562500000001 0.36111111111111105 0.03177083333333333 0.13518518518518519
0 0.6208333333333335 0.3518518518518518 0.03229166666666667 0.13518518518518519
0 0.6247395833333335 0.38333333333333336 0.029687500000000002 0.13518518518518519
0 0.43125 0.34675925925925927 0.02395833333333333 0.09722222222222222
0 0.41197916666666673 0.34583333333333327 0.025 0.12314814814814815
0 0.7148437500000001 0.2824074074074074 0.029687500000000002 0.07962962962962963
0 0.7822916666666666 0.36666666666666664 0.03125 0.1685185185185185
0 0.4059895833333333 0.2449074074074074 0.025520833333333333 0.10648148148148147
0 0.5442708333333334 0.3189814814814815 0.030208333333333334 0.12129629629629629
