0 0.4479166666666667 0.34675925925925927 0.03229166666666667 0.1398148148148148
0 0.6471354166666666 0.23796296296296296 0.0328125 0.11296296296296296
0 0.4138020833333333 0.2444444444444444 0.035937500000000004 0.1259259259259259
0 0.39296875 0.2569444444444444 0.03072916666666667 0.12870370370370368
0 0.5611979166666667 0.4518518518518518 0.0421875 0.18888888888888886
0 0.45078125 0.2712962962962963 0.0265625 0.12407407407407406
0 0.4416666666666667 0.3587962962962962 0.030208333333333334 0.16203703703703703
0 0.40859375000000003 0.34768518518518515 0.03177083333333333 0.1675925925925926
0 0.11145833333333333 0.5324074074074073 0.040625 0.19814814814814813
0 0.53125 0.22546296296296295 0.025 0.12129629629629629
0 0.6888020833333335 0.21712962962962962 0.02447916666666667 0.07314814814814814
0 0.6067708333333334 0.4074074074074074 0.036458333333333336 0.18703703703703703
0 0.6286458333333335 0.3268518518518518 0.03229166666666667 0.13888888888888887
0 0.5588541666666667 0.31111111111111106 0.030208333333333334 0.14074074074074075
0 0.6421875 0.37731481481481477 0.03333333333333333 0.14907407407407408
0 0.7359375 0.2564814814814815 0.03333333333333333 0.07962962962962963
0 0.4002604166666667 0.3574074074074074 0.034895833333333334 0.1722222222222222
0 0.28828125 0.9541666666666667 0.0609375 0.09351851851851851
0 0.24192708333333335 0.48518518518518516 0.06197916666666667 0.20740740740740737
0 0.23750000000000002 0.45046296296296295 0.059375000000000004 0.18796296296296294
0 0.23072916666666665 0.4375 0.05 0.18796296296296294
0 0.17317708333333334 0.8208333333333333 0.06406250000000001 0.2842592592592592
0 0.24609375 0.6990740740740741 0.06614583333333333 0.2611111111111111
0 0.31171875 0.6856481481481482 0.051562500000000004 0.2361111111111111
0 0.3432291666666667 0.7606481481481481 0.05 0.22129629629629627
0 0.2700520833333333 0.6236111111111111 0.06614583333333333 0.27685185185185185
0 0.3221354166666667 0.6648148148148147 0.04010416666666666 0.16296296296296295
0 0.8442708333333334 0.4981481481481482 0.06458333333333334 0.20925925925925926
0 0.2986979166666667 0.4930555555555555 0.0453125 0.19907407407407407
0 0.37135416666666665 0.5194444444444444 0.05416666666666667 0.23148148148148145
0 0.3559895833333333 0.4717592592592592 0.0453125 0.17314814814814813
0 0.4049479166666667 0.48287037037037034 0.03802083333333334 0.16574074074074074
0 0.5763020833333333 0.43657407407407406 0.0390625 0.175
0 0.16927083333333334 0.549537037037037 0.05 0.22129629629629627
0 0.3072916666666667 0.45231481481481484 0.036458333333333336 0.17129629629629628
0 0.7861979166666667 0.41759259259259257 0.0421875 0.19814814814814813
0 0.7119791666666666 0.3935185185185185 0.026041666666666668 0.1259259259259259
0 0.7442708333333334 0.40092592592592596 0.034374999999999996 0.15185185185185185
0 0.72734375 0.4004629629629629 0.04635416666666667 0.17314814814814813
0 0.46770833333333334 0.35879629629629634 0.034374999999999996 0.15462962962962962
0 0.659375 0.3560185185185185 0.034374999999999996 0.16203703703703703
0 0.5796874999999999 0.336574074074074 0.03333333333333333 0.14351851851851852
0 0.5247395833333334 0.38796296296296295 0.035937500000000004 0.1685185185185185
0 0.5546875 0.3342592592592592 0.03229166666666667 0.12962962962962962
0 0.5007812500000001 0.3875 0.04010416666666666 0.18055555555555552
0 0.5369791666666667 0.3569444444444444 0.03333333333333333 0.14907407407407408
0 0.4973958333333333 0.2601851851851852 0.027083333333333334 0.13888888888888887
0 0.46406250000000004 0.2518518518518518 0.030208333333333334 0.12777777777777777
0 0.4994791666666667 0.2449074074074074 0.03125 0.1398148148148148
0 0.36432291666666666 0.31805555555555554 0.029687500000000002 0.13425925925925924
0 0.78515625 0.47685185185185186 0.03697916666666667 0.17592592592592593
0 0.29921875 0.30416666666666664 0.0328125 0.1398148148148148
0 0.3010416666666667 0.28425925925925927 0.029166666666666667 0.13518518518518519
0 0.6059895833333334 0.4384259259259259 0.033854166666666664 0.17129629629629628
