0 0.5572916666666666 0.26157407407407407 0.030208333333333334 0.13796296296296295
0 0.38072916666666673 0.24814814814814815 0.029166666666666667 0.12962962962962962
0 0.35911458333333335 0.2412037037037037 0.02760416666666667 0.13796296296296295
0 0.11770833333333333 0.5013888888888889 0.034374999999999996 0.1898148148148148
0 0.5265624999999999 0.19027777777777777 0.026041666666666668 0.12129629629629629
0 0.6843750000000001 0.19768518518518519 0.02395833333333333 0.07685185185185185
0 0.6033854166666667 0.3805555555555556 0.03802083333333334 0.18518518518518517
0 0.6239583333333334 0.2944444444444444 0.030208333333333334 0.12407407407407406
0 0.6192708333333334 0.3162037037037037 0.03125 0.14907407407407408
0 0.63984375 0.34861111111111115 0.03177083333333333 0.15092592592592594
0 0.734375 0.23287037037037037 0.028125 0.08425925925925926
0 0.3572916666666667 0.24675925925925926 0.028125 0.14351851851851852
0 0.2171875 0.29814814814814816 0.0375 0.1574074074074074
0 0.3291666666666667 0.8467592592592592 0.07604166666666667 0.3046296296296296
0 0.7229166666666667 0.3680555555555555 0.043750000000000004 0.1675925925925926
0 0.6942708333333334 0.37731481481481477 0.0375 0.16944444444444443
0 0.1734375 0.9560185185185185 0.065625 0.08425925925925926
0 0.05911458333333334 0.9203703703703704 0.07239583333333334 0.15925925925925927
0 0.3684895833333333 0.5675925925925926 0.06718750000000001 0.32407407407407407
0 0.5747395833333333 0.4722222222222222 0.04635416666666667 0.2148148148148148
0 0.4890625 0.48333333333333334 0.03854166666666667 0.1722222222222222
0 0.4072916666666667 0.4708333333333333 0.04583333333333334 0.19537037037037036
0 0.3796875 0.48657407407407405 0.028125 0.11574074074074073
0 0.3098958333333333 0.4569444444444445 0.040625 0.18425925925925926
0 0.3098958333333333 0.37731481481481477 0.036458333333333336 0.15648148148148147
0 0.4072916666666667 0.3462962962962963 0.036458333333333336 0.14814814814814817
0 0.42864583333333334 0.3342592592592592 0.030208333333333334 0.14074074074074075
0 0.3697916666666667 0.3555555555555555 0.03125 0.12222222222222222
0 0.4533854166666667 0.3037037037037037 0.03697916666666667 0.15185185185185185
0 0.47552083333333334 0.3263888888888889 0.027083333333333334 0.10648148148148147
0 0.33385416666666673 0.28657407407407404 0.035416666666666666 0.14537037037037034
0 0.33203125 0.24166666666666667 0.033854166666666664 0.14259259259259258
0 0.4333333333333333 0.27592592592592596 0.03333333333333333 0.13518518518518519
0 0.4635416666666667 0.26712962962962966 0.03229166666666667 0.10092592592592592
0 0.44817708333333334 0.24675925925925926 0.029687500000000002 0.12129629629629629
0 0.5635416666666667 0.34907407407407404 0.03125 0.10185185185185185
0 0.5989583333333334 0.3282407407407407 0.041666666666666664 0.16574074074074074
0 0.3411458333333334 0.24490740740740738 0.029166666666666667 0.12870370370370368
0 0.5078125 0.2564814814814815 0.0375 0.14444444444444443
0 0.4880208333333333 0.2300925925925926 0.021875000000000002 0.09351851851851851
0 0.4859375 0.23657407407407405 0.027083333333333334 0.11203703703703702
0 0.4684895833333333 0.23240740740740742 0.029687500000000002 0.12962962962962962
0 0.3635416666666667 0.1949074074074074 0.02395833333333333 0.11944444444444444
0 0.40625 0.2162037037037037 0.030208333333333334 0.1175925925925926
0 0.4768229166666667 0.2523148148148148 0.029687500000000002 0.12129629629629629
