0 0.8908854166666667 0.85 0.09427083333333333 0.2759259259259259
0 0.22994791666666667 0.7620370370370371 0.0546875 0.2685185185185185
0 0.6299479166666667 0.6962962962962962 0.0734375 0.26296296296296295
0 0.45625 0.649074074074074 0.06458333333333334 0.2648148148148148
0 0.4078125 0.6712962962962963 0.058333333333333334 0.2685185185185185
0 0.19322916666666665 0.6541666666666667 0.05 0.25092592592592594
0 0.8565104166666666 0.648611111111111 0.051562500000000004 0.25092592592592594
0 0.7984375 0.45648148148148143 0.04479166666666667 0.17407407407407408
0 0.7299479166666667 0.4481481481481481 0.033854166666666664 0.1574074074074074
0 0.7088541666666667 0.42361111111111105 0.03125 0.175
0 0.7307291666666667 0.4282407407407407 0.028125 0.13796296296296295
0 0.6609375000000001 0.4222222222222222 0.034374999999999996 0.14629629629629629
0 0.7986979166666667 0.3634259259259259 0.029687500000000002 0.15462962962962962
0 0.5296875000000001 0.4560185185185185 0.035416666666666666 0.1675925925925926
0 0.11432291666666668 0.8324074074074074 0.0765625 0.2759259259259259
0 0.07057291666666668 0.8171296296296295 0.05677083333333334 0.2787037037037037
0 0.24114583333333334 0.47268518518518515 0.042708333333333334 0.1824074074074074
0 0.20338541666666668 0.4842592592592593 0.035937500000000004 0.18888888888888886
0 0.40468750000000003 0.39398148148148143 0.035416666666666666 0.14907407407407408
0 0.36041666666666666 0.387037037037037 0.03854166666666667 0.1574074074074074
0 0.31328125 0.4069444444444444 0.03802083333333334 0.16018518518518518
0 0.4557291666666667 0.3606481481481481 0.0375 0.1472222222222222
0 0.3924479166666667 0.350462962962963 0.028645833333333332 0.1175925925925926
0 0.3716145833333333 0.34398148148148144 0.034895833333333334 0.1398148148148148
0 0.3059895833333333 0.3361111111111111 0.04010416666666666 0.14259259259259258
0 0.47552083333333334 0.3138888888888889 0.03229166666666667 0.12407407407407406
0 0.44843750000000004 0.3101851851851852 0.030208333333333334 0.12407407407407406
0 0.44765625 0.2814814814814815 0.029687500000000002 0.11296296296296296
0 0.44401041666666674 0.30277777777777776 0.0265625 0.12037037037037036
0 0.4700520833333334 0.29259259259259257 0.0265625 0.10370370370370369
0 0.42291666666666666 0.287962962962963 0.03229166666666667 0.12037037037037036
0 0.37135416666666665 0.26157407407407407 0.028125 0.11203703703703702
0 0.39921875 0.2944444444444444 0.029687500000000002 0.1259259259259259
0 0.34869791666666666 0.29953703703703705 0.029687500000000002 0.12314814814814815
0 0.3341145833333333 0.3060185185185185 0.029687500000000002 0.1324074074074074
0 0.28541666666666665 0.31851851851851853 0.02395833333333333 0.14259259259259258
0 0.4325520833333333 0.21342592592592588 0.025520833333333333 0.09907407407407406
0 0.7682291666666666 0.3837962962962963 0.02395833333333333 0.17129629629629628
0 0.56875 0.5342592592592592 0.043750000000000004 0.2296296296296296
0 0.509375 0.5300925925925926 0.046875 0.2287037037037037
0 0.38906250000000003 0.2833333333333333 0.026041666666666668 0.12407407407407406
0 0.36510416666666673 0.2736111111111111 0.025 0.11574074074074073
0 0.5421874999999999 0.6101851851851852 0.058333333333333334 0.2185185185185185
0 0.4963541666666667 0.611574074074074 0.05625 0.24351851851851852
0 0.09322916666666668 0.5583333333333333 0.04479166666666667 0.19629629629629627
0 0.2846354166666667 0.48148148148148145 0.04114583333333334 0.18148148148148147
0 0.5411458333333333 0.25046296296296294 0.029166666666666667 0.12314814814814815
0 0.6723958333333334 0.2587962962962963 0.026041666666666668 0.07314814814814814
0 0.5796875 0.4310185185185185 0.036458333333333336 0.18425925925925926
0 0.6156250000000001 0.36203703703703705 0.03229166666666667 0.13518518518518519
0 0.6171875000000001 0.3574074074074074 0.03229166666666667 0.13518518518518519
0 0.6083333333333334 0.3814814814814815 0.034374999999999996 0.14259259259259258
0 0.7223958333333333 0.2944444444444444 0.03333333333333333 0.07962962962962963
0 0.775 0.3898148148148148 0.034374999999999996 0.17407407407407408
0 0.7872395833333334 0.5175925925925926 0.05260416666666667 0.20740740740740737
0 0.0828125 0.9125 0.08020833333333333 0.17685185185185184
