0 0.4434895833333333 0.17407407407407408 0.03177083333333333 0.1148148148148148
0 0.10208333333333333 0.4685185185185185 0.040625 0.19074074074074074
0 0.5166666666666667 0.16157407407407406 0.026041666666666668 0.12129629629629629
0 0.6747395833333334 0.16990740740740737 0.0234375 0.07685185185185185
0 0.5885416666666666 0.337037037037037 0.0375 0.18148148148148147
0 0.6143229166666667 0.26296296296296295 0.029687500000000002 0.11851851851851851
0 0.6481770833333333 0.3157407407407407 0.033854166666666664 0.15925925925925927
0 0.6260416666666666 0.324537037037037 0.03125 0.15833333333333333
0 0.72421875 0.21157407407407405 0.02760416666666667 0.08425925925925926
0 0.03671875 0.9037037037037037 0.06927083333333334 0.19444444444444445
0 0.04296875 0.9226851851851852 0.0828125 0.15648148148148147
0 0.13645833333333335 0.7574074074074074 0.06874999999999999 0.32407407407407407
0 0.23411458333333335 0.8189814814814814 0.06718750000000001 0.3101851851851852
0 0.0828125 0.8430555555555554 0.09583333333333333 0.312037037037037
0 0.16067708333333336 0.8643518518518518 0.06927083333333334 0.27314814814814814
0 0.2947916666666667 0.6726851851851852 0.06458333333333334 0.2972222222222222
0 0.4046875 0.336574074074074 0.042708333333333334 0.18425925925925926
0 0.3640625 0.5407407407407407 0.05 0.2351851851851852
0 0.8682291666666666 0.4310185185185185 0.052083333333333336 0.18796296296296294
0 0.8778645833333334 0.437037037037037 0.05260416666666667 0.1574074074074074
0 0.76328125 0.4351851851851852 0.04114583333333334 0.12037037037037036
0 0.7984375 0.39768518518518514 0.053125 0.1861111111111111
0 0.4317708333333333 0.387037037037037 0.04583333333333334 0.18703703703703703
0 0.7369791666666666 0.44305555555555554 0.051041666666666666 0.19537037037037036
0 0.6531250000000001 0.12638888888888886 0.021875000000000002 0.09907407407407406
0 0.5526041666666667 0.2722222222222222 0.03125 0.14074074074074075
0 0.5174479166666667 0.27731481481481474 0.03177083333333333 0.14537037037037034
0 0.22239583333333335 0.6638888888888889 0.08645833333333333 0.29629629629629634
0 0.47890625000000003 0.3467592592592592 0.044270833333333336 0.23055555555555554
0 0.53671875 0.32685185185185184 0.033854166666666664 0.17037037037037037
0 0.465625 0.33379629629629626 0.03125 0.13796296296296295
0 0.42890625000000004 0.32083333333333336 0.03802083333333334 0.15833333333333333
0 0.4109375 0.3439814814814815 0.026041666666666668 0.10462962962962963
0 0.3177083333333333 0.30833333333333335 0.03333333333333333 0.14814814814814817
0 0.4263020833333333 0.24259259259259255 0.035937500000000004 0.12407407407407406
0 0.47369791666666666 0.2287037037037037 0.029687500000000002 0.11851851851851851
0 0.4213541666666667 0.23148148148148148 0.02395833333333333 0.0962962962962963
0 0.46171875 0.20509259259259258 0.03072916666666667 0.1398148148148148
0 0.4765625 0.22361111111111107 0.02291666666666667 0.0861111111111111
0 0.3619791666666667 0.1875 0.028125 0.11018518518518518
0 0.3875 0.18518518518518517 0.028125 0.10185185185185185
0 0.5609375 0.2569444444444444 0.021875000000000002 0.09351851851851851
0 0.5828125000000001 0.22592592592592592 0.03229166666666667 0.13518518518518519
0 0.4286458333333333 0.17731481481481481 0.028125 0.12870370370370368
0 0.3606770833333333 0.18055555555555552 0.02760416666666667 0.12037037037037036
