0 0.215625 0.6527777777777778 0.046875 0.22407407407407404
0 0.24583333333333335 0.6550925925925924 0.04479166666666667 0.2546296296296296
0 0.2643229166666667 0.35601851851851846 0.033854166666666664 0.15648148148148147
0 0.20104166666666665 0.4097222222222222 0.029166666666666667 0.1675925925925926
0 0.24895833333333334 0.4199074074074074 0.02395833333333333 0.14351851851851852
0 0.2580729166666667 0.8023148148148148 0.06927083333333334 0.312037037037037
0 0.5427083333333333 0.2300925925925926 0.029166666666666667 0.12129629629629629
0 0.2729166666666667 0.5958333333333333 0.05520833333333334 0.21018518518518517
0 0.8424479166666666 0.462037037037037 0.044270833333333336 0.20185185185185184
0 0.43671875000000004 0.7787037037037036 0.0578125 0.31111111111111106
0 0.6255208333333334 0.4731481481481481 0.04895833333333334 0.18703703703703703
0 0.3052083333333333 0.5768518518518518 0.042708333333333334 0.23148148148148145
0 0.3244791666666667 0.6958333333333333 0.05520833333333334 0.2916666666666667
0 0.9736979166666667 0.47268518518518515 0.0421875 0.1824074074074074
0 0.6921875000000001 0.4532407407407407 0.03958333333333334 0.17685185185185184
0 0.53515625 0.35833333333333334 0.033854166666666664 0.1574074074074074
0 0.784375 0.32870370370370366 0.03958333333333334 0.15925925925925927
0 0.5421874999999999 0.26759259259259255 0.028125 0.10925925925925925
0 0.5216145833333333 0.3046296296296296 0.02760416666666667 0.12777777777777777
0 0.4369791666666667 0.3546296296296296 0.03333333333333333 0.1574074074074074
0 0.5260416666666666 0.38333333333333336 0.0375 0.1685185185185185
0 0.4973958333333333 0.3125 0.030208333333333334 0.13796296296296295
0 0.4104166666666667 0.39768518518518514 0.03125 0.17314814814814813
0 0.40416666666666673 0.35833333333333334 0.034374999999999996 0.1537037037037037
0 0.4453125 0.3125 0.030208333333333334 0.12685185185185185
0 0.5533854166666666 0.4157407407407407 0.04635416666666667 0.19629629629629627
0 0.23776041666666667 0.4875 0.04635416666666667 0.20092592592592592
0 0.5617187499999999 0.374537037037037 0.025520833333333333 0.1324074074074074
0 0.39348958333333334 0.42870370370370364 0.04010416666666666 0.1648148148148148
0 0.3682291666666667 0.3949074074074074 0.035416666666666666 0.1675925925925926
0 0.8078125 0.624074074074074 0.046875 0.18148148148148147
0 0.46249999999999997 0.3138888888888889 0.028125 0.1259259259259259
0 0.1940104166666667 0.46388888888888885 0.03802083333333334 0.1796296296296296
0 0.3197916666666667 0.2490740740740741 0.025 0.11296296296296296
0 0.6927083333333334 0.5092592592592592 0.05625 0.21296296296296294
0 0.6669270833333334 0.46527777777777773 0.0453125 0.1824074074074074
0 0.5653645833333334 0.3541666666666667 0.029687500000000002 0.14537037037037034
0 0.4622395833333333 0.3625 0.0234375 0.13796296296296295
0 0.47812499999999997 0.3912037037037036 0.03333333333333333 0.17314814814814813
0 0.5138020833333333 0.22777777777777777 0.025520833333333333 0.11851851851851851
0 0.7002604166666667 0.36018518518518516 0.029687500000000002 0.13333333333333333
0 0.6528645833333334 0.23287037037037037 0.0234375 0.0824074074074074
0 0.5757812499999999 0.3814814814814815 0.025520833333333333 0.1259259259259259
0 0.5859375 0.39212962962962966 0.0375 0.17685185185185184
0 0.5583333333333333 0.31111111111111106 0.036458333333333336 0.14259259259259258
0 0.4494791666666667 0.3055555555555555 0.027083333333333334 0.13148148148148148
0 0.6080729166666669 0.36481481481481476 0.029687500000000002 0.13518518518518519
0 0.7005208333333334 0.262037037037037 0.030208333333333334 0.07962962962962963
0 0.3588541666666667 0.48703703703703705 0.03854166666666667 0.20555555555555555
0 0.178125 0.41759259259259257 0.0375 0.1796296296296296
