0 0.8036458333333334 0.6972222222222222 0.07187500000000001 0.23703703703703702
0 0.28125 0.6018518518518517 0.04895833333333334 0.2185185185185185
0 0.8458333333333334 0.5569444444444444 0.0625 0.21203703703703702
0 0.5697916666666667 0.5268518518518518 0.05520833333333334 0.2148148148148148
0 0.5057291666666667 0.5365740740740741 0.046875 0.21944444444444444
0 0.24244791666666665 0.5365740740740741 0.044270833333333336 0.19907407407407407
0 0.73984375 0.6138888888888888 0.05364583333333334 0.24259259259259258
0 0.6403645833333333 0.40925925925925927 0.03072916666666667 0.13518518518518519
0 0.5760416666666667 0.3759259259259259 0.030208333333333334 0.15
0 0.58359375 0.3837962962962963 0.02760416666666667 0.13796296296296295
0 0.5265624999999999 0.38240740740740736 0.03229166666666667 0.14629629629629629
0 0.8013020833333334 0.3597222222222222 0.029687500000000002 0.15462962962962962
0 0.49062500000000003 0.41157407407407404 0.035416666666666666 0.15648148148148147
0 0.17500000000000002 0.576388888888889 0.052083333333333336 0.21944444444444444
0 0.4026041666666667 0.34629629629629627 0.03125 0.14074074074074075
0 0.3716145833333333 0.337037037037037 0.033854166666666664 0.14074074074074075
0 0.31145833333333334 0.36435185185185187 0.036458333333333336 0.14907407407407408
0 0.4268229166666667 0.32129629629629625 0.03177083333333333 0.13148148148148148
0 0.28489583333333335 0.3194444444444444 0.025 0.1148148148148148
0 0.43593750000000003 0.27777777777777773 0.030208333333333334 0.11296296296296296
0 0.40859375000000003 0.2824074074074074 0.03177083333333333 0.12407407407407406
0 0.4255208333333333 0.27314814814814814 0.021875000000000002 0.1074074074074074
0 0.403125 0.2671296296296296 0.028125 0.10462962962962963
0 0.3703125 0.27546296296296297 0.027083333333333334 0.12685185185185185
0 0.77109375 0.3837962962962963 0.02760416666666667 0.17129629629629628
0 0.6130208333333333 0.6611111111111111 0.04583333333333334 0.28888888888888886
0 0.5268229166666667 0.6472222222222221 0.05364583333333334 0.25740740740740736
0 0.5666666666666667 0.7777777777777778 0.06770833333333333 0.2722222222222222
0 0.5104166666666666 0.7773148148148148 0.06979166666666667 0.30648148148148147
0 0.09583333333333334 0.5629629629629629 0.04479166666666667 0.19629629629629627
0 0.35208333333333336 0.42407407407407405 0.034374999999999996 0.1611111111111111
0 0.5411458333333333 0.2509259259259259 0.029166666666666667 0.12407407407407406
0 0.6752604166666666 0.25925925925925924 0.025520833333333333 0.07407407407407408
0 0.59375 0.43287037037037035 0.0375 0.18425925925925926
0 0.6171875000000001 0.36203703703703705 0.03229166666666667 0.13518518518518519
0 0.6197916666666669 0.3574074074074074 0.03229166666666667 0.13518518518518519
0 0.6322916666666667 0.39166666666666666 0.034374999999999996 0.14629629629629629
0 0.7234375 0.2944444444444444 0.03333333333333333 0.07962962962962963
0 0.7755208333333334 0.3935185185185185 0.034374999999999996 0.1796296296296296
0 0.6453125000000001 0.5365740740740741 0.0625 0.2175925925925926
0 0.7611979166666667 0.4583333333333333 0.033854166666666664 0.20185185185185184
0 0.5893229166666667 0.45972222222222214 0.03697916666666667 0.17685185185185184
0 0.7903645833333334 0.4504629629629629 0.04635416666666667 0.19907407407407407
0 0.18177083333333335 0.7828703703703703 0.0625 0.3416666666666667
0 0.27395833333333336 0.4574074074074074 0.040625 0.17037037037037037
0 0.3447916666666667 0.8537037037037037 0.065625 0.29259259259259257
0 0.76484375 0.5027777777777778 0.04635416666666667 0.2037037037037037
