0 0.5372395833333333 0.21388888888888888 0.028645833333333332 0.12407407407407406
0 0.37135416666666665 0.22175925925925927 0.028125 0.12870370370370368
0 0.3515625 0.2125 0.027083333333333334 0.13425925925925924
0 0.11302083333333332 0.4828703703703703 0.034374999999999996 0.1898148148148148
0 0.5236979166666667 0.1736111111111111 0.025520833333333333 0.12129629629629629
0 0.6817708333333334 0.1773148148148148 0.02395833333333333 0.07685185185185185
0 0.5979166666666667 0.35462962962962963 0.0375 0.18518518518518517
0 0.6234375 0.275 0.030208333333333334 0.12407407407407406
0 0.6028645833333334 0.29861111111111105 0.03177083333333333 0.15092592592592594
0 0.6380208333333334 0.33287037037037037 0.03125 0.15462962962962962
0 0.7333333333333334 0.21805555555555553 0.028125 0.08425925925925926
0 0.35260416666666666 0.2212962962962963 0.027083333333333334 0.14074074074074075
0 0.03697916666666667 0.9060185185185184 0.06979166666666667 0.1898148148148148
0 0.2447916666666667 0.8662037037037036 0.08750000000000001 0.26944444444444443
0 0.3091145833333333 0.29814814814814816 0.03802083333333334 0.1574074074074074
0 0.35651041666666666 0.6967592592592592 0.0609375 0.2824074074074074
0 0.7484375000000001 0.4703703703703704 0.06874999999999999 0.20555555555555555
0 0.6101562500000001 0.31990740740740736 0.029687500000000002 0.15462962962962962
0 0.5963541666666666 0.32870370370370366 0.0375 0.15925925925925927
0 0.14401041666666667 0.8569444444444443 0.0890625 0.2861111111111111
0 0.3924479166666667 0.44861111111111107 0.05572916666666666 0.275
0 0.565625 0.39537037037037037 0.040625 0.1925925925925926
0 0.4640625 0.41157407407407404 0.03333333333333333 0.16018518518518518
0 0.4270833333333333 0.3972222222222222 0.046875 0.1796296296296296
0 0.39479166666666665 0.4185185185185185 0.028125 0.10925925925925925
0 0.3130208333333333 0.3814814814814814 0.035416666666666666 0.1722222222222222
0 0.2755208333333333 0.32083333333333336 0.03229166666666667 0.15648148148148147
0 0.4263020833333333 0.2935185185185185 0.034895833333333334 0.137037037037037
0 0.4375 0.2833333333333333 0.030208333333333334 0.13518518518518519
0 0.384375 0.29629629629629634 0.027083333333333334 0.1074074074074074
0 0.4598958333333333 0.25509259259259254 0.03333333333333333 0.14907407407407408
0 0.48515625 0.27638888888888885 0.03072916666666667 0.09907407407407406
0 0.2864583333333333 0.2347222222222222 0.034374999999999996 0.13425925925925924
0 0.3158854166666667 0.20046296296296295 0.03177083333333333 0.1324074074074074
0 0.41692708333333334 0.23425925925925925 0.03697916666666667 0.13333333333333333
0 0.44375 0.22314814814814812 0.028125 0.10185185185185185
0 0.41015625 0.2125 0.029687500000000002 0.12129629629629629
0 0.5317708333333333 0.29907407407407405 0.02291666666666667 0.10370370370370369
0 0.5552083333333333 0.2791666666666667 0.03333333333333333 0.15462962962962962
0 0.49114583333333334 0.2148148148148148 0.03125 0.13888888888888887
0 0.41588541666666673 0.19675925925925924 0.021354166666666667 0.09351851851851851
0 0.42864583333333334 0.19907407407407407 0.027083333333333334 0.09814814814814814
0 0.4236979166666667 0.19814814814814816 0.03072916666666667 0.12777777777777777
0 0.42864583333333334 0.21342592592592594 0.026041666666666668 0.12129629629629629
