0 0.7984375 0.8694444444444444 0.06458333333333334 0.2611111111111111
0 0.22578125000000002 0.4537037037037036 0.03802083333333334 0.1648148148148148
0 0.196875 0.49212962962962964 0.046875 0.1398148148148148
0 0.1765625 0.44583333333333325 0.05 0.1898148148148148
0 0.25078125 0.4462962962962963 0.0328125 0.15925925925925927
0 0.22734375 0.4453703703703703 0.035937500000000004 0.1648148148148148
0 0.31223958333333335 0.8055555555555555 0.06614583333333333 0.29629629629629634
0 0.24505208333333336 0.8495370370370369 0.07968750000000001 0.2972222222222222
0 0.175 0.7999999999999999 0.07395833333333333 0.3148148148148148
0 0.2721354166666667 0.5453703703703704 0.06510416666666667 0.22037037037037036
0 0.38828125 0.5550925925925926 0.03802083333333334 0.17685185185185184
0 0.3533854166666667 0.5328703703703703 0.050520833333333334 0.21203703703703702
0 0.31145833333333334 0.5226851851851851 0.043750000000000004 0.20833333333333334
0 0.5807291666666666 0.5175925925925926 0.04583333333333334 0.19629629629629627
0 0.53671875 0.5208333333333333 0.043229166666666666 0.20277777777777778
0 0.6111979166666667 0.4703703703703704 0.0453125 0.1796296296296296
0 0.38567708333333334 0.45092592592592595 0.03177083333333333 0.1722222222222222
0 0.3692708333333333 0.43981481481481477 0.036458333333333336 0.15185185185185185
0 0.5950520833333334 0.461574074074074 0.03177083333333333 0.17314814814814813
0 0.4893229166666667 0.3981481481481481 0.03177083333333333 0.1537037037037037
0 0.3458333333333333 0.4412037037037037 0.040625 0.1787037037037037
0 0.52890625 0.44907407407407407 0.03802083333333334 0.1796296296296296
0 0.4924479166666667 0.4527777777777777 0.03802083333333334 0.19074074074074074
0 0.4536458333333333 0.36111111111111105 0.03229166666666667 0.12407407407407406
0 0.28229166666666666 0.43981481481481477 0.029166666666666667 0.137037037037037
0 0.2682291666666667 0.5060185185185184 0.043750000000000004 0.20277777777777778
0 0.44791666666666674 0.39351851851851843 0.029166666666666667 0.13888888888888887
0 0.4466145833333333 0.43287037037037035 0.035937500000000004 0.16574074074074074
0 0.4161458333333333 0.3847222222222222 0.025 0.12129629629629629
0 0.40677083333333336 0.4074074074074074 0.034374999999999996 0.1722222222222222
0 0.40598958333333335 0.4324074074074074 0.03802083333333334 0.1685185185185185
0 0.42473958333333334 0.399074074074074 0.02760416666666667 0.12407407407407406
0 0.37786458333333334 0.3 0.029687500000000002 0.14074074074074075
0 0.3536458333333333 0.30925925925925923 0.03333333333333333 0.13148148148148148
0 0.32265625 0.2884259259259259 0.03072916666666667 0.13425925925925924
0 0.7848958333333333 0.36249999999999993 0.030208333333333334 0.17314814814814813
0 0.4640625 0.4013888888888888 0.036458333333333336 0.17685185185185184
0 0.5187499999999999 0.4041666666666667 0.041666666666666664 0.18425925925925926
0 0.49635416666666665 0.4111111111111111 0.03333333333333333 0.1722222222222222
0 0.4859375 0.43287037037037035 0.030208333333333334 0.15092592592592594
0 0.42682291666666666 0.4171296296296296 0.029687500000000002 0.16574074074074074
0 0.32708333333333334 0.42407407407407405 0.036458333333333336 0.16296296296296295
0 0.2963541666666667 0.38518518518518513 0.03854166666666667 0.14814814814814817
0 0.45859375 0.3574074074074074 0.02760416666666667 0.13518518518518519
0 0.49505208333333334 0.3569444444444444 0.03177083333333333 0.14351851851851852
0 0.5270833333333333 0.4282407407407407 0.034374999999999996 0.16574074074074074
0 0.3276041666666667 0.3662037037037037 0.03229166666666667 0.15092592592592594
0 0.4809895833333333 0.325 0.029687500000000002 0.12037037037037036
0 0.5479166666666667 0.4259259259259259 0.035416666666666666 0.17037037037037037
0 0.5070312499999999 0.32175925925925924 0.03072916666666667 0.11574074074074073
0 0.38463541666666673 0.31990740740740736 0.03177083333333333 0.14537037037037034
0 0.4244791666666667 0.32037037037037036 0.030208333333333334 0.137037037037037
0 0.2984375 0.3069444444444444 0.027083333333333334 0.15462962962962962
0 0.4390625 0.2699074074074074 0.026041666666666668 0.12129629629629629
0 0.4494791666666667 0.29953703703703705 0.030208333333333334 0.1324074074074074
0 0.3309895833333333 0.3263888888888889 0.025520833333333333 0.1175925925925926
0 0.30364583333333334 0.3212962962962963 0.03229166666666667 0.13518518518518519
0 0.3880208333333333 0.2791666666666667 0.026041666666666668 0.11574074074074073
0 0.08958333333333333 0.5509259259259258 0.040625 0.1925925925925926
0 0.4471354166666667 0.2819444444444444 0.029687500000000002 0.12685185185185185
0 0.13177083333333334 0.5027777777777778 0.040625 0.19629629629629627
0 0.46484375 0.2833333333333333 0.029687500000000002 0.12962962962962962
0 0.2760416666666667 0.3060185185185185 0.029166666666666667 0.12129629629629629
0 0.01328125 0.8768518518518518 0.025520833333333333 0.24814814814814812
0 0.3736979166666667 0.4824074074074074 0.03802083333333334 0.1925925925925926
0 0.38203125 0.5013888888888888 0.044270833333333336 0.1935185185185185
0 0.5664062500000001 0.2856481481481481 0.03177083333333333 0.12870370370370368
0 0.47968750000000004 0.2787037037037037 0.030208333333333334 0.137037037037037
0 0.5255208333333333 0.23564814814814816 0.026041666666666668 0.12129629629629629
0 0.6666666666666666 0.2462962962962963 0.025 0.07962962962962963
0 0.5854166666666667 0.41435185185185186 0.036458333333333336 0.1787037037037037
0 0.60703125 0.36111111111111105 0.03177083333333333 0.13518518518518519
0 0.6190104166666667 0.35 0.03177083333333333 0.13518518518518519
0 0.6221354166666667 0.3814814814814814 0.029687500000000002 0.13518518518518519
0 0.41640625 0.3 0.019270833333333334 0.09074074074074073
0 0.4114583333333333 0.3138888888888889 0.027083333333333334 0.11851851851851851
0 0.71640625 0.2824074074074074 0.029687500000000002 0.07962962962962963
0 0.76953125 0.38240740740740736 0.02760416666666667 0.1685185185185185
0 0.5437500000000001 0.28055555555555556 0.026041666666666668 0.1111111111111111
