0 0.07005208333333333 0.9009259259259258 0.059895833333333336 0.19814814814814813
0 0.11822916666666668 0.8912037037037037 0.06979166666666667 0.2175925925925926
0 0.18333333333333335 0.4162037037037037 0.042708333333333334 0.16574074074074074
0 0.7494791666666667 0.4527777777777778 0.04479166666666667 0.1925925925925926
0 0.534375 0.30185185185185187 0.030208333333333334 0.137037037037037
0 0.6075520833333334 0.36342592592592593 0.029687500000000002 0.12685185185185185
0 0.6484375 0.46296296296296297 0.03958333333333334 0.18518518518518517
0 0.7255208333333334 0.4652777777777778 0.05 0.20092592592592592
0 0.5807291666666666 0.3768518518518518 0.03125 0.14629629629629629
0 0.3411458333333333 0.5703703703703703 0.046875 0.22777777777777777
0 0.6213541666666667 0.4666666666666666 0.035416666666666666 0.19074074074074074
0 0.6776041666666667 0.3893518518518518 0.03854166666666667 0.14351851851851852
0 0.11197916666666667 0.7837962962962962 0.065625 0.2824074074074074
0 0.815625 0.48009259259259257 0.03958333333333334 0.16574074074074074
0 0.60234375 0.562037037037037 0.044270833333333336 0.20925925925925926
0 0.29296875000000006 0.5694444444444444 0.0484375 0.22777777777777777
0 0.6526041666666667 0.5143518518518518 0.051041666666666666 0.23425925925925925
0 0.8794270833333334 0.549074074074074 0.04739583333333334 0.24074074074074073
0 0.8697916666666666 0.6236111111111111 0.05520833333333334 0.17685185185185184
0 0.7036458333333334 0.39629629629629626 0.027083333333333334 0.14074074074074075
0 0.25234375000000003 0.4282407407407407 0.033854166666666664 0.16018518518518518
0 0.3796875 0.28009259259259256 0.02291666666666667 0.10648148148148147
0 0.39999999999999997 0.2550925925925926 0.028125 0.12685185185185185
0 0.4513020833333333 0.26111111111111107 0.0234375 0.1074074074074074
0 0.4643229166666667 0.2513888888888889 0.029687500000000002 0.12314814814814815
0 0.43072916666666666 0.18796296296296294 0.021875000000000002 0.10370370370370369
0 0.2611979166666667 0.43611111111111106 0.03802083333333334 0.18333333333333332
0 0.3463541666666667 0.48148148148148145 0.035416666666666666 0.18703703703703703
0 0.39817708333333335 0.46574074074074073 0.05260416666666667 0.19444444444444445
0 0.7734375000000001 0.44861111111111107 0.042708333333333334 0.1898148148148148
0 0.6666666666666666 0.475462962962963 0.035416666666666666 0.1675925925925926
0 0.9294270833333333 0.5134259259259258 0.044270833333333336 0.2175925925925926
0 0.5151041666666667 0.23703703703703702 0.026041666666666668 0.11851851851851851
0 0.8559895833333334 0.4018518518518518 0.029687500000000002 0.15185185185185185
0 0.65625 0.24398148148148147 0.02395833333333333 0.0824074074074074
0 0.8057291666666666 0.47685185185185186 0.03125 0.14629629629629629
0 0.5557291666666667 0.40138888888888885 0.036458333333333336 0.17314814814814813
0 0.3755208333333333 0.3138888888888889 0.03333333333333333 0.13518518518518519
0 0.20885416666666665 0.29907407407407405 0.029166666666666667 0.12222222222222222
0 0.6122395833333334 0.375 0.029687500000000002 0.13518518518518519
0 0.7028645833333335 0.275 0.03177083333333333 0.07962962962962963
0 0.2630208333333333 0.774074074074074 0.052083333333333336 0.30185185185185187
0 0.16770833333333335 0.4217592592592593 0.03854166666666667 0.17685185185185184
