0 0.04140625 0.9333333333333333 0.06927083333333334 0.13333333333333333
0 0.09322916666666667 0.9236111111111109 0.06145833333333334 0.15462962962962962
0 0.18072916666666666 0.41481481481481475 0.04479166666666667 0.1648148148148148
0 0.8098958333333335 0.4708333333333333 0.0375 0.1935185185185185
0 0.5260416666666666 0.3069444444444444 0.03229166666666667 0.14351851851851852
0 0.6473958333333334 0.3796296296296296 0.03229166666666667 0.137037037037037
0 0.7036458333333333 0.4768518518518518 0.040625 0.18518518518518517
0 0.7713541666666667 0.4819444444444444 0.042708333333333334 0.21018518518518517
0 0.62421875 0.39444444444444443 0.03177083333333333 0.14629629629629629
0 0.3255208333333334 0.6087962962962963 0.05 0.24351851851851852
0 0.6901041666666666 0.48935185185185187 0.043750000000000004 0.19907407407407407
0 0.7161458333333334 0.4125 0.03854166666666667 0.14351851851851852
0 0.078125 0.8518518518518519 0.07604166666666667 0.29629629629629634
0 0.8812500000000001 0.4981481481481481 0.034374999999999996 0.1648148148148148
0 0.5958333333333334 0.5972222222222221 0.04791666666666666 0.21666666666666667
0 0.28098958333333335 0.6064814814814814 0.050520833333333334 0.24259259259259258
0 0.5966145833333334 0.4930555555555555 0.044270833333333336 0.22314814814814812
0 0.7872395833333334 0.5402777777777777 0.0546875 0.23796296296296296
0 0.8361979166666667 0.5337962962962962 0.035937500000000004 0.2157407407407407
0 0.8799479166666666 0.6129629629629629 0.0484375 0.17592592592592593
0 0.7473958333333335 0.425 0.027083333333333334 0.16666666666666666
0 0.26328124999999997 0.4217592592592593 0.033854166666666664 0.16018518518518518
0 0.403125 0.27777777777777773 0.02395833333333333 0.1074074074074074
0 0.4015625 0.2550925925925926 0.028125 0.12685185185185185
0 0.4755208333333333 0.26805555555555555 0.02291666666666667 0.10648148148148147
0 0.4893229166666667 0.25601851851851853 0.02760416666666667 0.12314814814814815
0 0.4658854166666667 0.18888888888888886 0.021354166666666667 0.10185185185185185
0 0.20651041666666667 0.4351851851851851 0.049479166666666664 0.18148148148148147
0 0.2890625 0.46898148148148144 0.0375 0.17685185185185184
0 0.3447916666666667 0.4560185185185185 0.04583333333333334 0.18796296296296294
0 0.7973958333333334 0.4606481481481481 0.042708333333333334 0.1898148148148148
0 0.71875 0.4837962962962962 0.036458333333333336 0.175
0 0.5171875 0.2398148148148148 0.026041666666666668 0.11851851851851851
0 0.83984375 0.4074074074074074 0.03072916666666667 0.15185185185185185
0 0.65625 0.2458333333333333 0.02395833333333333 0.0824074074074074
0 0.8783854166666667 0.48796296296296293 0.029687500000000002 0.14629629629629629
0 0.5359375000000001 0.3981481481481481 0.034374999999999996 0.17407407407407408
0 0.3424479166666667 0.31481481481481477 0.033854166666666664 0.13518518518518519
0 0.184375 0.3013888888888889 0.029166666666666667 0.11944444444444444
0 0.6130208333333333 0.375 0.030208333333333334 0.13518518518518519
0 0.7028645833333335 0.27546296296296297 0.029687500000000002 0.0787037037037037
0 0.22395833333333337 0.8370370370370369 0.05625 0.3277777777777777
0 0.16770833333333335 0.4226851851851851 0.03854166666666667 0.17685185185185184
