0 0.91875 0.9439814814814814 0.08229166666666668 0.11203703703703702
0 0.28802083333333334 0.3787037037037037 0.028125 0.14074074074074075
0 0.2729166666666667 0.3717592592592593 0.030208333333333334 0.14351851851851852
0 0.171875 0.7509259259259259 0.06874999999999999 0.2907407407407407
0 0.32005208333333335 0.7675925925925925 0.050520833333333334 0.23888888888888887
0 0.27578125000000003 0.7351851851851852 0.06406250000000001 0.2814814814814815
0 0.21744791666666666 0.7032407407407407 0.05677083333333334 0.26759259259259255
0 0.6518229166666666 0.7087962962962963 0.05677083333333334 0.25833333333333336
0 0.5940104166666667 0.7101851851851851 0.05364583333333334 0.2648148148148148
0 0.34765625 0.5902777777777778 0.050520833333333334 0.2175925925925926
0 0.22760416666666666 0.5773148148148147 0.04791666666666666 0.18425925925925926
0 0.6908854166666666 0.4773148148148148 0.051562500000000004 0.18796296296296294
0 0.2768229166666667 0.5689814814814814 0.05260416666666667 0.2046296296296296
0 0.49921875 0.4532407407407407 0.04010416666666666 0.1935185185185185
0 0.24973958333333335 0.5634259259259259 0.03802083333333334 0.17129629629629628
0 0.14869791666666668 0.6930555555555554 0.06510416666666667 0.27314814814814814
0 0.6231770833333334 0.46296296296296297 0.033854166666666664 0.1722222222222222
0 0.8111979166666666 0.5175925925925926 0.04114583333333334 0.19444444444444445
0 0.4739583333333333 0.48287037037037034 0.03125 0.16574074074074074
0 0.659375 0.4976851851851851 0.052083333333333336 0.20648148148148146
0 0.7747395833333335 0.5296296296296296 0.06614583333333333 0.19814814814814813
0 0.5919270833333333 0.5018518518518519 0.03802083333333334 0.18333333333333332
0 0.47500000000000003 0.3699074074074074 0.036458333333333336 0.16203703703703703
0 0.44453125 0.3777777777777777 0.029687500000000002 0.13888888888888887
0 0.3283854166666667 0.3819444444444444 0.033854166666666664 0.16574074074074074
0 0.3828125 0.41435185185185186 0.03854166666666667 0.13796296296296295
0 0.41328125 0.34074074074074073 0.033854166666666664 0.13518518518518519
0 0.6447916666666667 0.4782407407407407 0.05520833333333334 0.19166666666666668
0 0.5864583333333333 0.5037037037037037 0.046875 0.2185185185185185
0 0.5085937500000001 0.5032407407407408 0.044270833333333336 0.21203703703703702
0 0.5223958333333333 0.5574074074074074 0.04895833333333334 0.2037037037037037
0 0.3989583333333333 0.5578703703703703 0.052083333333333336 0.21203703703703702
0 0.3239583333333333 0.5439814814814814 0.057291666666666664 0.2175925925925926
0 0.29609375000000004 0.5273148148148148 0.04635416666666667 0.21018518518518517
0 0.34609375000000003 0.4796296296296296 0.03177083333333333 0.17407407407407408
0 0.3875 0.4685185185185185 0.042708333333333334 0.18703703703703703
0 0.5364583333333334 0.4652777777777778 0.034374999999999996 0.1675925925925926
0 0.32421875 0.4518518518518518 0.04010416666666666 0.1648148148148148
0 0.43463541666666666 0.4282407407407407 0.035937500000000004 0.16574074074074074
0 0.5604166666666667 0.4689814814814815 0.036458333333333336 0.18796296296296294
0 0.48541666666666666 0.41759259259259257 0.0375 0.14444444444444443
0 0.4174479166666667 0.38425925925925924 0.0390625 0.1611111111111111
0 0.44505208333333335 0.3800925925925926 0.033854166666666664 0.1472222222222222
0 0.3859375 0.35787037037037034 0.0375 0.16018518518518518
0 0.5093749999999999 0.3273148148148148 0.028125 0.12685185185185185
0 0.4466145833333333 0.3532407407407407 0.02760416666666667 0.1324074074074074
0 0.38307291666666665 0.3888888888888889 0.025520833333333333 0.14074074074074075
0 0.35833333333333334 0.37916666666666665 0.035416666666666666 0.1472222222222222
0 0.4057291666666667 0.3453703703703704 0.028125 0.137037037037037
0 0.3473958333333333 0.3652777777777778 0.027083333333333334 0.13796296296296295
0 0.3216145833333334 0.3648148148148148 0.03177083333333333 0.1537037037037037
0 0.1171875 0.5550925925925926 0.035416666666666666 0.1935185185185185
0 0.29453125 0.32175925925925924 0.0328125 0.14537037037037034
0 0.3119791666666667 0.337037037037037 0.027083333333333334 0.10185185185185185
0 0.4747395833333333 0.3537037037037037 0.03177083333333333 0.1574074074074074
0 0.14296875 0.5083333333333333 0.0421875 0.19074074074074074
0 0.5023437500000001 0.34907407407407404 0.03177083333333333 0.137037037037037
0 0.34218750000000003 0.36203703703703705 0.029166666666666667 0.12962962962962962
0 0.31744791666666666 0.36342592592592593 0.029687500000000002 0.15092592592592594
0 0.29973958333333334 0.37731481481481477 0.02760416666666667 0.14351851851851852
0 0.3518229166666667 0.3356481481481481 0.02760416666666667 0.1324074074074074
0 0.159375 0.6060185185185186 0.0625 0.24166666666666667
0 0.8971354166666666 0.48101851851851846 0.06718750000000001 0.1935185185185185
0 0.3723958333333333 0.274537037037037 0.028125 0.1324074074074074
0 0.27864583333333337 0.4180555555555555 0.035416666666666666 0.17314814814814813
0 0.26015625000000003 0.4324074074074074 0.0421875 0.17407407407407408
0 0.5559895833333334 0.350462962962963 0.029687500000000002 0.13796296296296295
0 0.5018229166666667 0.337037037037037 0.029687500000000002 0.14629629629629629
0 0.4427083333333333 0.2685185185185185 0.030208333333333334 0.11851851851851851
0 0.4739583333333333 0.27685185185185185 0.030208333333333334 0.10925925925925925
0 0.446875 0.2601851851851852 0.025 0.10925925925925925
0 0.5932291666666666 0.3652777777777778 0.034374999999999996 0.17129629629629628
0 0.6268229166666667 0.35694444444444445 0.0421875 0.1675925925925926
0 0.3466145833333333 0.2550925925925926 0.025520833333333333 0.11018518518518518
0 0.5281250000000001 0.2412037037037037 0.026041666666666668 0.12129629629629629
0 0.40625 0.23842592592592593 0.025 0.10648148148148147
0 0.6666666666666666 0.2472222222222222 0.025 0.07962962962962963
0 0.4778645833333333 0.29953703703703705 0.02447916666666667 0.0898148148148148
0 0.23932291666666666 0.3699074074074074 0.033854166666666664 0.15277777777777776
0 0.5942708333333334 0.41481481481481475 0.034374999999999996 0.18518518518518517
0 0.6104166666666667 0.36203703703703705 0.03229166666666667 0.13518518518518519
0 0.6213541666666667 0.3518518518518518 0.03229166666666667 0.13518518518518519
0 0.62265625 0.3842592592592593 0.029687500000000002 0.13518518518518519
0 0.434375 0.374537037037037 0.02395833333333333 0.10092592592592592
0 0.41328125 0.3759259259259259 0.025520833333333333 0.12407407407407406
0 0.715625 0.2898148148148148 0.030208333333333334 0.07962962962962963
0 0.7830729166666667 0.36481481481481476 0.029687500000000002 0.1685185185185185
0 0.49375 0.2560185185185185 0.025 0.09907407407407406
0 0.5377604166666666 0.34768518518518515 0.033854166666666664 0.12129629629629629
