0 0.3958333333333333 0.32407407407407407 0.03229166666666667 0.13518518518518519
0 0.7921874999999999 0.21944444444444444 0.025 0.11296296296296296
0 0.375 0.21944444444444444 0.03229166666666667 0.12037037037037036
0 0.35781250000000003 0.22824074074074072 0.025 0.12870370370370368
0 0.5411458333333333 0.40833333333333327 0.041666666666666664 0.18148148148148147
0 0.4125 0.2564814814814815 0.028125 0.12407407407407406
0 0.42473958333333334 0.3458333333333333 0.033854166666666664 0.16018518518518518
0 0.3984375 0.3333333333333333 0.035416666666666666 0.1685185185185185
0 0.11432291666666668 0.5217592592592593 0.04010416666666666 0.18796296296296294
0 0.5338541666666666 0.21527777777777776 0.025 0.12129629629629629
0 0.6885416666666667 0.2162037037037037 0.02395833333333333 0.07129629629629629
0 0.6122395833333334 0.399074074074074 0.04010416666666666 0.18703703703703703
0 0.6286458333333335 0.32037037037037036 0.03229166666666667 0.13518518518518519
0 0.5825520833333333 0.3087962962962963 0.029687500000000002 0.1398148148148148
0 0.64140625 0.3726851851851852 0.0328125 0.15277777777777776
0 0.7361979166666667 0.2546296296296296 0.03177083333333333 0.08148148148148147
0 0.37734375 0.3296296296296296 0.03072916666666667 0.14629629629629629
0 0.15833333333333335 0.9138888888888889 0.09479166666666668 0.17407407407407408
0 0.1296875 0.9277777777777777 0.065625 0.14444444444444443
0 0.11458333333333333 0.8898148148148147 0.07187500000000001 0.2185185185185185
0 0.3497395833333333 0.8634259259259259 0.058854166666666666 0.26759259259259255
0 0.19895833333333335 0.5555555555555555 0.07083333333333333 0.23703703703703702
0 0.20677083333333335 0.5157407407407407 0.06458333333333334 0.22407407407407404
0 0.20208333333333334 0.49212962962962964 0.053125 0.2175925925925926
0 0.24114583333333334 0.7004629629629628 0.057291666666666664 0.2472222222222222
0 0.3020833333333333 0.6032407407407407 0.059375000000000004 0.23240740740740737
0 0.3489583333333333 0.5935185185185184 0.04583333333333334 0.20740740740740737
0 0.3606770833333333 0.6453703703703703 0.0453125 0.18703703703703703
0 0.34791666666666665 0.5379629629629629 0.04895833333333334 0.23703703703703702
0 0.3911458333333333 0.5754629629629628 0.041666666666666664 0.16203703703703703
0 0.6557291666666667 0.4592592592592592 0.052083333333333336 0.20925925925925926
0 0.8601562500000001 0.4611111111111111 0.06302083333333333 0.18888888888888886
0 0.32317708333333334 0.42962962962962964 0.043229166666666666 0.17592592592592593
0 0.3653645833333333 0.43749999999999994 0.04635416666666667 0.1898148148148148
0 0.38541666666666674 0.42314814814814816 0.03958333333333334 0.16296296296296295
0 0.4328125 0.4324074074074074 0.03854166666666667 0.1574074074074074
0 0.49843750000000003 0.39166666666666666 0.03958333333333334 0.1685185185185185
0 0.10286458333333333 0.6226851851851851 0.0578125 0.2398148148148148
0 0.309375 0.40185185185185185 0.035416666666666666 0.15925925925925927
0 0.70703125 0.3819444444444444 0.0390625 0.19722222222222222
0 0.6411458333333334 0.3638888888888889 0.026041666666666668 0.10925925925925925
0 0.6471354166666666 0.36435185185185187 0.0265625 0.1361111111111111
0 0.6341145833333334 0.3574074074074074 0.03802083333333334 0.1537037037037037
0 0.4221354166666667 0.324537037037037 0.029687500000000002 0.13425925925925924
0 0.5789062500000001 0.3222222222222222 0.035937500000000004 0.15925925925925927
0 0.5526041666666667 0.30648148148148147 0.034374999999999996 0.12962962962962962
0 0.5127604166666667 0.350462962962963 0.03177083333333333 0.15462962962962962
0 0.5174479166666667 0.30416666666666664 0.03072916666666667 0.12314814814814815
0 0.49140625 0.3467592592592592 0.035937500000000004 0.16203703703703703
0 0.4645833333333333 0.32129629629629625 0.028125 0.14629629629629629
0 0.46640625 0.2412037037037037 0.02760416666666667 0.12870370370370368
0 0.41510416666666666 0.2319444444444444 0.028125 0.1175925925925926
0 0.42630208333333336 0.22685185185185183 0.03177083333333333 0.13148148148148148
0 0.3028645833333333 0.29953703703703705 0.029687500000000002 0.13796296296296295
0 0.5466145833333333 0.3925925925925926 0.035937500000000004 0.1685185185185185
