0 0.29218750000000004 0.3657407407407407 0.028125 0.13148148148148148
0 0.2838541666666667 0.36435185185185176 0.030208333333333334 0.14351851851851852
0 0.13697916666666668 0.8055555555555555 0.07395833333333333 0.3037037037037037
0 0.31536458333333334 0.8273148148148147 0.050520833333333334 0.262037037037037
0 0.25703125 0.7884259259259259 0.07135416666666666 0.29907407407407405
0 0.18645833333333336 0.7527777777777778 0.06145833333333334 0.2833333333333333
0 0.6799479166666667 0.7625 0.06718750000000001 0.2712962962962963
0 0.6174479166666667 0.7657407407407407 0.05677083333333334 0.28703703703703703
0 0.34010416666666665 0.6333333333333333 0.04895833333333334 0.23333333333333334
0 0.1984375 0.6231481481481481 0.04791666666666666 0.19629629629629627
0 0.7890625 0.4856481481481481 0.05520833333333334 0.1898148148148148
0 0.25859375 0.6083333333333333 0.058854166666666666 0.2148148148148148
0 0.5463541666666667 0.4671296296296296 0.03958333333333334 0.1935185185185185
0 0.25234375000000003 0.5935185185185184 0.03802083333333334 0.17407407407407408
0 0.11406250000000001 0.7439814814814815 0.06458333333333334 0.29907407407407405
0 0.7015625 0.4884259259259259 0.04583333333333334 0.18796296296296294
0 0.5153645833333333 0.48796296296296293 0.03802083333333334 0.1648148148148148
0 0.7536458333333335 0.5078703703703703 0.053125 0.21203703703703702
0 0.7111979166666667 0.523611111111111 0.049479166666666664 0.18425925925925926
0 0.5 0.38240740740740736 0.036458333333333336 0.16296296296296295
0 0.47239583333333335 0.39537037037037037 0.029166666666666667 0.14629629629629629
0 0.32812500000000006 0.3967592592592592 0.034374999999999996 0.17314814814814813
0 0.4653645833333333 0.43611111111111106 0.04010416666666666 0.137037037037037
0 0.4466145833333333 0.34675925925925927 0.029687500000000002 0.13425925925925924
0 0.7760416666666666 0.26898148148148143 0.028125 0.10648148148148147
0 0.7497395833333333 0.4930555555555555 0.05364583333333334 0.20092592592592592
0 0.584375 0.5407407407407407 0.04791666666666666 0.23888888888888887
0 0.5083333333333333 0.5421296296296296 0.043750000000000004 0.22314814814814812
0 0.48333333333333334 0.5907407407407407 0.057291666666666664 0.2037037037037037
0 0.38255208333333335 0.5907407407407407 0.0578125 0.2296296296296296
0 0.2989583333333333 0.5782407407407407 0.05520833333333334 0.2175925925925926
0 0.28098958333333335 0.5583333333333333 0.04635416666666667 0.22592592592592592
0 0.33125 0.5064814814814814 0.03333333333333333 0.18888888888888886
0 0.3729166666666667 0.5027777777777778 0.042708333333333334 0.1925925925925926
0 0.5320312500000001 0.4944444444444444 0.03802083333333334 0.18148148148148147
0 0.3166666666666667 0.4749999999999999 0.03958333333333334 0.1648148148148148
0 0.17864583333333334 0.4282407407407407 0.042708333333333334 0.1675925925925926
0 0.4276041666666667 0.4532407407407407 0.036458333333333336 0.17314814814814813
0 0.5583333333333333 0.4972222222222222 0.040625 0.19814814814814813
0 0.47578125000000004 0.44907407407407407 0.0421875 0.15925925925925927
0 0.41875 0.39861111111111114 0.0375 0.1675925925925926
0 0.4486979166666667 0.40324074074074073 0.033854166666666664 0.15833333333333333
0 0.4151041666666667 0.375 0.034374999999999996 0.17037037037037037
0 0.5234375 0.33981481481481474 0.028125 0.13518518518518519
0 0.45598958333333334 0.37083333333333335 0.02760416666666667 0.13425925925925924
0 0.3953125 0.4018518518518518 0.027083333333333334 0.15185185185185185
0 0.3697916666666667 0.3949074074074074 0.036458333333333336 0.15462962962962962
0 0.4171875 0.35277777777777775 0.028125 0.137037037037037
0 0.35703125 0.3842592592592593 0.03177083333333333 0.15185185185185185
0 0.3315104166666667 0.3736111111111111 0.03177083333333333 0.15462962962962962
0 0.12604166666666666 0.5504629629629629 0.035416666666666666 0.1935185185185185
0 0.2786458333333333 0.34861111111111115 0.026041666666666668 0.12129629629629629
0 0.3216145833333333 0.3347222222222222 0.029687500000000002 0.14537037037037034
0 0.32265625000000003 0.3444444444444444 0.02760416666666667 0.10185185185185185
0 0.4778645833333333 0.3657407407407407 0.033854166666666664 0.15925925925925927
0 0.1421875 0.5092592592592592 0.03958333333333334 0.18703703703703703
0 0.5111979166666667 0.36111111111111105 0.03177083333333333 0.137037037037037
0 0.23437500000000003 0.3634259259259259 0.030208333333333334 0.16203703703703703
0 0.35729166666666673 0.3731481481481482 0.029166666666666667 0.12962962962962962
0 0.32604166666666673 0.3712962962962963 0.030208333333333334 0.15185185185185185
0 0.30572916666666666 0.3888888888888889 0.028125 0.14444444444444443
0 0.37994791666666666 0.34629629629629627 0.034895833333333334 0.14074074074074075
0 0.184375 0.5689814814814814 0.0625 0.23240740740740737
0 0.7955729166666666 0.4703703703703704 0.059895833333333336 0.18703703703703703
0 0.37734375000000003 0.27777777777777773 0.0328125 0.13148148148148148
0 0.27812499999999996 0.4009259259259259 0.03229166666666667 0.1611111111111111
0 0.27005208333333336 0.41388888888888886 0.0390625 0.1648148148148148
0 0.5502604166666667 0.3597222222222222 0.029687500000000002 0.13796296296296295
0 0.3158854166666667 0.2791666666666667 0.021354166666666667 0.11574074074074073
0 0.5000000000000001 0.3472222222222222 0.029166666666666667 0.14629629629629629
0 0.4658854166666667 0.2814814814814815 0.03177083333333333 0.12407407407407406
0 0.4861979166666667 0.2791666666666667 0.029687500000000002 0.12129629629629629
0 0.46848958333333335 0.262037037037037 0.0234375 0.10925925925925925
0 0.3375 0.25046296296296294 0.021875000000000002 0.11018518518518518
0 0.5791666666666666 0.3537037037037037 0.03333333333333333 0.1574074074074074
0 0.5927083333333334 0.3541666666666667 0.036458333333333336 0.1675925925925926
0 0.37942708333333336 0.2587962962962963 0.0265625 0.10648148148148147
0 0.5330729166666667 0.2412037037037037 0.025520833333333333 0.12129629629629629
0 0.4395833333333333 0.24166666666666664 0.021875000000000002 0.10370370370370369
0 0.6677083333333333 0.24814814814814815 0.025 0.07962962962962963
0 0.5002604166666667 0.30787037037037035 0.021354166666666667 0.08796296296296297
0 0.2752604166666667 0.38287037037037036 0.03177083333333333 0.14907407407407408
0 0.5916666666666667 0.4180555555555555 0.03333333333333333 0.18796296296296294
0 0.6114583333333334 0.36203703703703705 0.03229166666666667 0.13518518518518519
0 0.6218750000000001 0.3518518518518518 0.03229166666666667 0.13518518518518519
0 0.625 0.38611111111111107 0.030208333333333334 0.13518518518518519
0 0.44244791666666666 0.38657407407407407 0.02447916666666667 0.10277777777777777
0 0.4205729166666667 0.3888888888888889 0.025520833333333333 0.12407407407407406
0 0.71640625 0.28703703703703703 0.029687500000000002 0.07962962962962963
0 0.7830729166666667 0.36388888888888893 0.029687500000000002 0.1685185185185185
0 0.5276041666666667 0.2657407407407407 0.027083333333333334 0.10555555555555556
0 0.5395833333333334 0.35879629629629634 0.034374999999999996 0.12129629629629629
0 0.2815104166666667 0.337037037037037 0.025520833333333333 0.11296296296296296
