0 0.59375 0.5189814814814814 0.05416666666666667 0.18055555555555552
0 0.3140625 0.41944444444444445 0.036458333333333336 0.15925925925925927
0 0.7135416666666666 0.3837962962962963 0.034374999999999996 0.15462962962962962
0 0.521875 0.39722222222222214 0.03854166666666667 0.1685185185185185
0 0.4986979166666667 0.399074074074074 0.033854166666666664 0.1648148148148148
0 0.3283854166666667 0.3884259259259259 0.03177083333333333 0.15462962962962962
0 0.5567708333333333 0.5472222222222222 0.04479166666666667 0.20185185185185184
0 0.53671875 0.3657407407407407 0.03177083333333333 0.12962962962962962
0 0.4752604166666667 0.3037037037037037 0.029687500000000002 0.12407407407407406
0 0.4955729166666667 0.3074074074074074 0.0265625 0.10925925925925925
0 0.4377604166666667 0.3037037037037037 0.02760416666666667 0.11851851851851851
0 0.7927083333333333 0.38657407407407407 0.03854166666666667 0.15648148148148147
0 0.44375000000000003 0.34953703703703703 0.030208333333333334 0.1361111111111111
0 0.403125 0.27546296296296297 0.03125 0.11203703703703702
0 0.7135416666666666 0.39120370370370366 0.036458333333333336 0.16574074074074074
0 0.10520833333333333 0.5685185185185184 0.043750000000000004 0.19629629629629627
0 0.30234375 0.3449074074074074 0.0328125 0.13796296296296295
0 0.5442708333333334 0.25601851851851853 0.028125 0.12129629629629629
0 0.6843750000000001 0.26296296296296295 0.026041666666666668 0.07407407407407408
0 0.6026041666666667 0.4393518518518518 0.036458333333333336 0.1824074074074074
0 0.6229166666666667 0.3694444444444444 0.03229166666666667 0.13518518518518519
0 0.6218750000000001 0.3592592592592593 0.03229166666666667 0.13518518518518519
0 0.6388020833333334 0.3962962962962963 0.033854166666666664 0.14629629629629629
0 0.7294270833333334 0.2944444444444444 0.033854166666666664 0.07962962962962963
0 0.7328125000000001 0.39768518518518514 0.042708333333333334 0.16944444444444443
0 0.13593750000000002 0.8592592592592592 0.06874999999999999 0.2833333333333333
0 0.25156249999999997 0.9175925925925925 0.09166666666666667 0.16666666666666666
0 0.2125 0.7824074074074073 0.06874999999999999 0.2518518518518518
0 0.27630208333333334 0.7847222222222221 0.06510416666666667 0.2398148148148148
0 0.24322916666666666 0.4194444444444444 0.041666666666666664 0.1648148148148148
0 0.16380208333333335 0.6166666666666667 0.058854166666666666 0.2518518518518518
0 0.13463541666666667 0.7833333333333332 0.058854166666666666 0.23148148148148145
0 0.7794270833333334 0.5282407407407407 0.050520833333333334 0.19166666666666668
0 0.8630208333333333 0.4898148148148148 0.06458333333333334 0.1925925925925926
0 0.8158854166666667 0.4972222222222222 0.0421875 0.17777777777777776
0 0.5635416666666667 0.3777777777777777 0.029166666666666667 0.17037037037037037
0 0.4807291666666667 0.3601851851851851 0.03229166666666667 0.13888888888888887
0 0.5841145833333333 0.3694444444444444 0.033854166666666664 0.1574074074074074
0 0.29036458333333337 0.4944444444444444 0.043229166666666666 0.22037037037037036
0 0.6726562500000001 0.4273148148148148 0.03177083333333333 0.15462962962962962
0 0.40390625 0.4013888888888888 0.03177083333333333 0.14351851851851852
0 0.7333333333333334 0.7643518518518518 0.075 0.27314814814814814
0 0.7080729166666667 0.5583333333333333 0.05572916666666666 0.20555555555555555
0 0.42864583333333334 0.5111111111111111 0.041666666666666664 0.18333333333333332
0 0.5315104166666667 0.4504629629629629 0.03802083333333334 0.1787037037037037
0 0.48697916666666674 0.45370370370370366 0.04479166666666667 0.19074074074074074
0 0.5244791666666667 0.4282407407407407 0.040625 0.17129629629629628
0 0.3416666666666667 0.39953703703703697 0.03229166666666667 0.15648148148148147
