0 0.15651041666666665 0.7847222222222221 0.058854166666666666 0.2546296296296296
0 0.20052083333333334 0.7796296296296297 0.04791666666666666 0.29259259259259257
0 0.14244791666666667 0.33055555555555555 0.02447916666666667 0.1259259259259259
0 0.17708333333333334 0.4124999999999999 0.034374999999999996 0.16574074074074074
0 0.18385416666666665 0.4259259259259259 0.02395833333333333 0.14444444444444443
0 0.06822916666666667 0.9342592592592591 0.07083333333333333 0.13148148148148148
0 0.6330729166666667 0.22268518518518518 0.0265625 0.10648148148148147
0 0.6091145833333333 0.6370370370370371 0.0734375 0.22407407407407404
0 0.4098958333333333 0.9199074074074074 0.06979166666666667 0.16018518518518518
0 0.5927083333333334 0.5962962962962962 0.057291666666666664 0.23703703703703702
0 0.13515625 0.8759259259259259 0.08697916666666668 0.24814814814814812
0 0.6330729166666667 0.39398148148148143 0.03177083333333333 0.16574074074074074
0 0.5437500000000001 0.28009259259259256 0.027083333333333334 0.11203703703703702
0 0.5481770833333334 0.34907407407407404 0.033854166666666664 0.14074074074074075
0 0.49453125 0.41759259259259257 0.035937500000000004 0.17037037037037037
0 0.5789062500000001 0.42916666666666664 0.04010416666666666 0.18055555555555552
0 0.5213541666666667 0.3481481481481481 0.030208333333333334 0.13518518518518519
0 0.37812500000000004 0.4759259259259259 0.040625 0.2
0 0.46197916666666666 0.4180555555555555 0.0375 0.17314814814814813
0 0.51796875 0.3680555555555556 0.034895833333333334 0.14351851851851852
0 0.7471354166666666 0.461574074074074 0.043229166666666666 0.20648148148148146
0 0.20520833333333335 0.6314814814814814 0.05520833333333334 0.25925925925925924
0 0.6830729166666666 0.42685185185185176 0.0328125 0.14814814814814817
0 0.5359375000000001 0.48611111111111105 0.04479166666666667 0.18518518518518517
0 0.3223958333333333 0.47407407407407404 0.041666666666666664 0.19074074074074074
0 0.8223958333333333 0.6291666666666667 0.040625 0.1824074074074074
0 0.5440104166666667 0.3652777777777778 0.02760416666666667 0.13796296296296295
0 0.22317708333333336 0.44675925925925924 0.03802083333333334 0.1675925925925926
0 0.3723958333333333 0.2726851851851852 0.020833333333333332 0.10648148148148147
0 0.353125 0.2564814814814815 0.029166666666666667 0.1259259259259259
0 0.3609375 0.25416666666666665 0.02395833333333333 0.10648148148148147
0 0.3729166666666667 0.24027777777777776 0.028125 0.12314814814814815
0 0.4447916666666667 0.4699074074074074 0.04895833333333334 0.19537037037037036
0 0.59296875 0.5277777777777778 0.050520833333333334 0.20185185185185184
0 0.628125 0.5097222222222222 0.059375000000000004 0.21018518518518517
0 0.67734375 0.387037037037037 0.029687500000000002 0.14814814814814817
0 0.5296875000000001 0.4143518518518518 0.026041666666666668 0.14351851851851852
0 0.6328125000000001 0.46111111111111114 0.0375 0.1925925925925926
0 0.5085937500000001 0.2361111111111111 0.025520833333333333 0.11851851851851851
0 0.7744791666666667 0.40277777777777773 0.034374999999999996 0.14814814814814817
0 0.6541666666666667 0.24305555555555552 0.02395833333333333 0.0824074074074074
0 0.6848958333333334 0.42407407407407405 0.026041666666666668 0.13333333333333333
0 0.5783854166666667 0.40324074074074073 0.033854166666666664 0.17685185185185184
0 0.48046875 0.3152777777777777 0.035937500000000004 0.1324074074074074
0 0.31484375000000003 0.3069444444444444 0.0328125 0.12685185185185185
0 0.6101562500000001 0.375 0.029687500000000002 0.13518518518518519
0 0.7020833333333334 0.274537037037037 0.028125 0.0787037037037037
0 0.3307291666666667 0.6078703703703704 0.043750000000000004 0.24351851851851852
0 0.16770833333333335 0.41898148148148145 0.03854166666666667 0.17685185185185184
