0 0.33125000000000004 0.30462962962962964 0.035416666666666666 0.13518518518518519
0 0.5505208333333333 0.36898148148148147 0.036458333333333336 0.17129629629629628
0 0.3684895833333333 0.2421296296296296 0.02760416666666667 0.12314814814814815
0 0.41901041666666666 0.32407407407407407 0.035937500000000004 0.1574074074074074
0 0.3953125 0.3101851851851852 0.03229166666666667 0.1574074074074074
0 0.11067708333333333 0.5226851851851851 0.0421875 0.18796296296296294
0 0.53125 0.20787037037037034 0.025 0.12129629629629629
0 0.6882812500000001 0.2162037037037037 0.0234375 0.07129629629629629
0 0.6127604166666667 0.399074074074074 0.0390625 0.18703703703703703
0 0.6286458333333335 0.312962962962963 0.03229166666666667 0.13518518518518519
0 0.6010416666666666 0.32361111111111107 0.03125 0.1398148148148148
0 0.6401041666666667 0.3680555555555555 0.03229166666666667 0.15648148148148147
0 0.7364583333333333 0.25277777777777777 0.030208333333333334 0.08333333333333333
0 0.375 0.312962962962963 0.028125 0.14259259259259258
0 0.3255208333333333 0.8314814814814814 0.084375 0.3277777777777777
0 0.29374999999999996 0.8226851851851851 0.058333333333333334 0.2657407407407407
0 0.2421875 0.8037037037037037 0.07291666666666667 0.30185185185185187
0 0.17916666666666667 0.861574074074074 0.051041666666666666 0.1935185185185185
0 0.37604166666666666 0.7337962962962962 0.04895833333333334 0.2638888888888889
0 0.15052083333333335 0.6370370370370371 0.07291666666666667 0.26296296296296295
0 0.16744791666666667 0.587962962962963 0.07135416666666666 0.23888888888888887
0 0.16848958333333333 0.5518518518518519 0.05677083333333334 0.23333333333333334
0 0.2872395833333333 0.5962962962962963 0.050520833333333334 0.2222222222222222
0 0.3333333333333333 0.5300925925925926 0.058333333333333334 0.20648148148148146
0 0.36562500000000003 0.5203703703703704 0.041666666666666664 0.18518518518518517
0 0.38906250000000003 0.5625 0.040625 0.17129629629629628
0 0.41875 0.4717592592592592 0.041666666666666664 0.22129629629629627
0 0.45677083333333335 0.5023148148148148 0.040625 0.14537037037037034
0 0.5091145833333334 0.41712962962962963 0.04010416666666666 0.18425925925925926
0 0.5947916666666666 0.4199074074074074 0.05625 0.1787037037037037
0 0.33645833333333336 0.3837962962962963 0.040625 0.1675925925925926
0 0.3731770833333333 0.37916666666666665 0.044270833333333336 0.17129629629629628
0 0.39765625000000004 0.38333333333333336 0.03802083333333334 0.14814814814814817
0 0.44921875 0.3921296296296296 0.03802083333333334 0.14537037037037034
0 0.49375 0.3569444444444444 0.03958333333333334 0.15833333333333333
0 0.3192708333333333 0.36342592592592593 0.03333333333333333 0.15092592592592594
0 0.6234375 0.3509259259259259 0.036458333333333336 0.17407407407407408
0 0.5695312499999999 0.33796296296296297 0.025520833333333333 0.10925925925925925
0 0.5640625 0.336574074074074 0.026041666666666668 0.13425925925925924
0 0.5510416666666667 0.33564814814814814 0.042708333333333334 0.15092592592592594
0 0.3721354166666667 0.30416666666666664 0.0328125 0.13425925925925924
0 0.5494791666666666 0.2814814814814815 0.03125 0.12962962962962962
0 0.5190104166666667 0.27685185185185185 0.029687500000000002 0.11851851851851851
0 0.48307291666666674 0.31851851851851853 0.03177083333333333 0.14629629629629629
0 0.49114583333333334 0.2810185185185185 0.029166666666666667 0.12314814814814815
0 0.4609375 0.3162037037037037 0.035416666666666666 0.15648148148148147
0 0.4111979166666667 0.2912037037037037 0.02760416666666667 0.12685185185185185
0 0.41197916666666673 0.22546296296296295 0.030208333333333334 0.12870370370370368
0 0.52109375 0.3601851851851851 0.0328125 0.15185185185185185
