0 0.3575520833333333 0.924537037037037 0.08177083333333333 0.15092592592592594
0 0.2760416666666667 0.9310185185185185 0.07708333333333334 0.1361111111111111
0 0.065625 0.9689814814814814 0.053125 0.06203703703703703
0 0.03307291666666667 0.9212962962962963 0.06510416666666667 0.15925925925925927
0 0.08697916666666668 0.9009259259259258 0.078125 0.19814814814814813
0 0.18203125 0.8824074074074074 0.05677083333333334 0.23703703703703702
0 0.21901041666666665 0.8638888888888888 0.0609375 0.27037037037037037
0 0.3106770833333333 0.8842592592592592 0.06510416666666667 0.23333333333333334
0 0.10729166666666667 0.7703703703703703 0.06770833333333333 0.2722222222222222
0 0.19557291666666665 0.7083333333333334 0.06302083333333333 0.23703703703703702
0 0.24739583333333334 0.7694444444444443 0.057291666666666664 0.27037037037037037
0 0.29791666666666666 0.8324074074074074 0.06979166666666667 0.29629629629629634
0 0.4916666666666667 0.7694444444444443 0.05416666666666667 0.27777777777777773
0 0.29531250000000003 0.5958333333333333 0.051041666666666666 0.2361111111111111
0 0.3471354166666667 0.6 0.0484375 0.23148148148148145
0 0.8559895833333334 0.46527777777777773 0.05677083333333334 0.19537037037037036
0 0.82578125 0.4833333333333333 0.05260416666666667 0.19814814814814813
0 0.7510416666666666 0.4939814814814814 0.040625 0.1787037037037037
0 0.7223958333333333 0.4925925925925926 0.046875 0.2
0 0.7153645833333334 0.45046296296296295 0.04635416666666667 0.1935185185185185
0 0.6726562500000001 0.47407407407407404 0.050520833333333334 0.18518518518518517
0 0.6611979166666667 0.475462962962963 0.0421875 0.21018518518518517
0 0.16770833333333335 0.40138888888888885 0.03125 0.15462962962962962
0 0.25104166666666666 0.49907407407407406 0.036458333333333336 0.15925925925925927
0 0.2682291666666667 0.4981481481481481 0.052083333333333336 0.22777777777777777
0 0.3065104166666667 0.5115740740740741 0.029687500000000002 0.13796296296296295
0 0.31328125 0.5171296296296296 0.04635416666666667 0.2157407407407407
0 0.4546875 0.5342592592592593 0.046875 0.20185185185185184
0 0.48723958333333334 0.5578703703703703 0.0484375 0.2287037037037037
0 0.3401041666666667 0.41898148148148145 0.035416666666666666 0.16203703703703703
0 0.3684895833333333 0.4124999999999999 0.035937500000000004 0.17314814814814813
0 0.40625 0.4717592592592592 0.040625 0.1898148148148148
0 0.5906250000000001 0.5074074074074074 0.05 0.20925925925925926
0 0.63828125 0.5462962962962963 0.0328125 0.1648148148148148
0 0.6111979166666667 0.47407407407407404 0.0390625 0.17407407407407408
0 0.484375 0.47268518518518515 0.036458333333333336 0.1787037037037037
0 0.5697916666666667 0.474537037037037 0.040625 0.1898148148148148
0 0.48828125 0.4625 0.033854166666666664 0.1675925925925926
0 0.484375 0.4393518518518518 0.03854166666666667 0.1824074074074074
0 0.3286458333333333 0.3532407407407407 0.036458333333333336 0.15462962962962962
0 0.3109375 0.3671296296296296 0.036458333333333336 0.16203703703703703
0 0.3481770833333333 0.36157407407407405 0.033854166666666664 0.14351851851851852
0 0.3065104166666667 0.3481481481481481 0.02760416666666667 0.1574074074074074
0 0.4260416666666667 0.4217592592592593 0.036458333333333336 0.17685185185185184
0 0.44296875 0.36435185185185187 0.03697916666666667 0.15092592592592594
0 0.3223958333333333 0.28518518518518515 0.027083333333333334 0.12962962962962962
0 0.3182291666666667 0.28425925925925927 0.027083333333333334 0.11851851851851851
0 0.59375 0.44629629629629625 0.034374999999999996 0.18703703703703703
0 0.4322916666666667 0.3449074074074074 0.028125 0.13796296296296295
0 0.4083333333333333 0.31481481481481477 0.030208333333333334 0.13888888888888887
0 0.3752604166666667 0.35 0.03177083333333333 0.14629629629629629
0 0.5403645833333334 0.41018518518518515 0.035937500000000004 0.1925925925925926
0 0.565625 0.37407407407407406 0.034374999999999996 0.1574074074074074
0 0.5768229166666667 0.3555555555555555 0.03177083333333333 0.14259259259259258
0 0.49973958333333335 0.34953703703703703 0.0328125 0.14907407407407408
0 0.5216145833333333 0.3541666666666667 0.033854166666666664 0.14907407407407408
0 0.471875 0.3060185185185185 0.027083333333333334 0.1324074074074074
0 0.421875 0.2537037037037037 0.026041666666666668 0.11296296296296296
0 0.5398437500000001 0.3217592592592593 0.03072916666666667 0.14351851851851852
0 0.5585937500000001 0.325 0.03177083333333333 0.14814814814814817
0 0.5630208333333333 0.3064814814814814 0.026041666666666668 0.137037037037037
0 0.5481770833333334 0.25416666666666665 0.02760416666666667 0.11018518518518518
0 0.5015625 0.23703703703703702 0.02395833333333333 0.10925925925925925
0 0.3677083333333333 0.2513888888888889 0.027083333333333334 0.1175925925925926
0 0.38385416666666666 0.2569444444444444 0.027083333333333334 0.11574074074074073
0 0.4776041666666667 0.24074074074074073 0.029166666666666667 0.11851851851851851
0 0.3424479166666667 0.2652777777777778 0.029687500000000002 0.11018518518518518
0 0.34348958333333335 0.2449074074074074 0.021354166666666667 0.10833333333333334
0 0.43802083333333336 0.27037037037037037 0.025 0.10370370370370369
0 0.32109375 0.2712962962962963 0.025520833333333333 0.12037037037037036
0 0.017447916666666667 0.7782407407407407 0.033854166666666664 0.2787037037037037
0 0.43125 0.30462962962962964 0.030208333333333334 0.11851851851851851
0 0.4432291666666667 0.24907407407407406 0.026041666666666668 0.1111111111111111
0 0.38125000000000003 0.2509259259259259 0.02395833333333333 0.10555555555555556
0 0.40208333333333335 0.2587962962962963 0.025 0.11574074074074073
0 0.525 0.2287037037037037 0.025 0.11851851851851851
0 0.5471354166666667 0.274537037037037 0.021354166666666667 0.10092592592592592
0 0.6640625 0.2361111111111111 0.02291666666666667 0.08148148148148147
0 0.4671875 0.26296296296296295 0.02291666666666667 0.07962962962962963
0 0.59375 0.38287037037037036 0.01979166666666667 0.08796296296296297
0 0.4973958333333333 0.45092592592592595 0.035416666666666666 0.1685185185185185
0 0.584375 0.4097222222222222 0.03229166666666667 0.1824074074074074
0 0.6153645833333333 0.34259259259259256 0.0328125 0.14074074074074075
0 0.5953125 0.34074074074074073 0.03333333333333333 0.14074074074074075
0 0.6182291666666667 0.36712962962962964 0.029166666666666667 0.1398148148148148
0 0.72578125 0.46435185185185185 0.044270833333333336 0.13796296296296295
0 0.7192708333333333 0.47777777777777775 0.035416666666666666 0.14814814814814817
0 0.7093750000000001 0.27037037037037037 0.034374999999999996 0.07962962962962963
0 0.77734375 0.3472222222222222 0.03177083333333333 0.1685185185185185
0 0.38255208333333335 0.29629629629629634 0.03177083333333333 0.12407407407407406
0 0.5799479166666667 0.3564814814814815 0.028645833333333332 0.137037037037037
0 0.5927083333333334 0.44537037037037036 0.03229166666666667 0.1685185185185185
0 0.2625 0.49629629629629624 0.040625 0.14629629629629629
