0 0.83203125 0.7412037037037037 0.07968750000000001 0.25092592592592594
0 0.2625 0.650462962962963 0.05416666666666667 0.2361111111111111
0 0.7796875 0.5898148148148148 0.05625 0.22777777777777777
0 0.5085937500000001 0.5532407407407407 0.050520833333333334 0.2157407407407407
0 0.4661458333333333 0.5699074074074074 0.053125 0.23240740740740737
0 0.21302083333333335 0.5712962962962962 0.04895833333333334 0.22037037037037036
0 0.8 0.6222222222222221 0.07291666666666667 0.24259259259259258
0 0.671875 0.4226851851851851 0.035416666666666666 0.14351851851851852
0 0.6182291666666666 0.3925925925925926 0.030208333333333334 0.15185185185185185
0 0.6143229166666666 0.3976851851851852 0.02760416666666667 0.13796296296296295
0 0.5640625 0.39537037037037037 0.034374999999999996 0.14629629629629629
0 0.8005208333333333 0.35879629629629634 0.030208333333333334 0.15462962962962962
0 0.49296875 0.42546296296296293 0.035937500000000004 0.15648148148148147
0 0.027343750000000003 0.9092592592592592 0.051562500000000004 0.18333333333333332
0 0.017447916666666667 0.8893518518518518 0.033854166666666664 0.2157407407407407
0 0.19244791666666666 0.5324074074074073 0.0484375 0.2037037037037037
0 0.40598958333333335 0.3597222222222223 0.033854166666666664 0.1398148148148148
0 0.36510416666666673 0.35231481481481475 0.034374999999999996 0.15648148148148147
0 0.31145833333333334 0.3763888888888889 0.0375 0.15092592592592594
0 0.43671875000000004 0.3324074074074074 0.03177083333333333 0.14074074074074075
0 0.325 0.33379629629629626 0.030208333333333334 0.11574074074074073
0 0.309375 0.3277777777777777 0.030208333333333334 0.13518518518518519
0 0.4565104166666667 0.2916666666666667 0.03177083333333333 0.12222222222222222
0 0.42760416666666673 0.28888888888888886 0.030208333333333334 0.12407407407407406
0 0.37656249999999997 0.262037037037037 0.028125 0.1074074074074074
0 0.44427083333333334 0.2796296296296296 0.021875000000000002 0.1074074074074074
0 0.44166666666666665 0.274537037037037 0.028125 0.10462962962962963
0 0.3552083333333333 0.274074074074074 0.027083333333333334 0.12037037037037036
0 0.3809895833333333 0.2837962962962963 0.02760416666666667 0.12685185185185185
0 0.7700520833333334 0.3837962962962963 0.0265625 0.17129629629629628
0 0.5890624999999999 0.6078703703703704 0.04895833333333334 0.2657407407407407
0 0.534375 0.6023148148148147 0.05 0.24907407407407406
0 0.5453125000000001 0.7166666666666667 0.0625 0.25925925925925924
0 0.49765625 0.7032407407407407 0.06302083333333333 0.27314814814814814
0 0.09479166666666668 0.5611111111111111 0.04479166666666667 0.19629629629629627
0 0.3453125 0.4444444444444444 0.034374999999999996 0.1685185185185185
0 0.5411458333333333 0.2509259259259259 0.029166666666666667 0.12407407407407406
0 0.67421875 0.25925925925925924 0.025520833333333333 0.07407407407407408
0 0.5789062500000001 0.4282407407407407 0.034895833333333334 0.18425925925925926
0 0.6166666666666667 0.36203703703703705 0.03229166666666667 0.13518518518518519
0 0.61875 0.3574074074074074 0.03229166666666667 0.13518518518518519
0 0.6234375000000001 0.3875 0.034374999999999996 0.14537037037037034
0 0.7234375 0.2944444444444444 0.03333333333333333 0.07962962962962963
0 0.7755208333333334 0.39259259259259255 0.034374999999999996 0.17777777777777776
0 0.7463541666666667 0.5328703703703703 0.05520833333333334 0.21944444444444444
0 0.7864583333333334 0.47453703703703703 0.03854166666666667 0.20092592592592592
0 0.6494791666666667 0.4791666666666667 0.03958333333333334 0.1935185185185185
0 0.82109375 0.4768518518518518 0.04635416666666667 0.2148148148148148
0 0.15989583333333335 0.837962962962963 0.06979166666666667 0.3259259259259259
0 0.22656250000000003 0.4462962962962963 0.040625 0.1685185185185185
0 0.325 0.898611111111111 0.07604166666666667 0.20092592592592592
0 0.8888020833333334 0.5125 0.0453125 0.2046296296296296
