0 0.1328125 0.8351851851851853 0.058333333333333334 0.2796296296296296
0 0.18151041666666665 0.837037037037037 0.050520833333333334 0.31851851851851853
0 0.17890625 0.41388888888888886 0.03697916666666667 0.1648148148148148
0 0.6677083333333333 0.22083333333333333 0.026041666666666668 0.10648148148148147
0 0.7328125 0.6324074074074074 0.046875 0.2296296296296296
0 0.40208333333333335 0.9685185185185184 0.057291666666666664 0.06296296296296296
0 0.7143229166666667 0.5893518518518519 0.07135416666666666 0.2287037037037037
0 0.06067708333333334 0.9189814814814814 0.0921875 0.16388888888888886
0 0.6861979166666666 0.41759259259259257 0.03177083333333333 0.18148148148148147
0 0.5440104166666667 0.2824074074074074 0.028645833333333332 0.1148148148148148
0 0.5570312500000001 0.3550925925925926 0.033854166666666664 0.1398148148148148
0 0.52578125 0.43055555555555547 0.04010416666666666 0.1685185185185185
0 0.6213541666666667 0.4351851851851852 0.04479166666666667 0.18703703703703703
0 0.53125 0.35648148148148145 0.030208333333333334 0.13518518518518519
0 0.3703125 0.5050925925925925 0.041666666666666664 0.20648148148148146
0 0.49973958333333335 0.43333333333333335 0.033854166666666664 0.1796296296296296
0 0.5671875000000001 0.375462962962963 0.03854166666666667 0.14351851851851852
0 0.8192708333333334 0.4731481481481481 0.04895833333333334 0.20740740740740737
0 0.17734375000000002 0.6689814814814814 0.059895833333333336 0.2601851851851852
0 0.7145833333333335 0.4421296296296296 0.034374999999999996 0.14907407407407408
0 0.59296875 0.4962962962962963 0.0390625 0.18518518518518517
0 0.30390625 0.4981481481481481 0.04635416666666667 0.2037037037037037
0 0.8093750000000001 0.5342592592592592 0.06874999999999999 0.24259259259259258
0 0.8583333333333334 0.6296296296296295 0.04479166666666667 0.18148148148148147
0 0.5955729166666667 0.375462962962963 0.02760416666666667 0.13796296296296295
0 0.22734374999999998 0.4402777777777778 0.034895833333333334 0.1675925925925926
0 0.3734375 0.26805555555555555 0.021875000000000002 0.11203703703703702
0 0.3606770833333333 0.25462962962962965 0.02760416666666667 0.1259259259259259
0 0.3924479166666667 0.25555555555555554 0.0234375 0.1074074074074074
0 0.3986979166666667 0.24074074074074073 0.0265625 0.12407407407407406
0 0.3736979166666667 0.45648148148148143 0.04635416666666667 0.18703703703703703
0 0.5005208333333334 0.5092592592592592 0.051041666666666666 0.18703703703703703
0 0.5364583333333334 0.49537037037037035 0.058333333333333334 0.2037037037037037
0 0.7203125 0.4074074074074074 0.036458333333333336 0.1648148148148148
0 0.5598958333333334 0.4319444444444444 0.026041666666666668 0.14351851851851852
0 0.71640625 0.47962962962962963 0.04010416666666666 0.19629629629629627
0 0.5096354166666667 0.23425925925925925 0.025520833333333333 0.11851851851851851
0 0.8166666666666667 0.4037037037037037 0.034374999999999996 0.15185185185185185
0 0.65546875 0.24398148148148147 0.0234375 0.0824074074074074
0 0.725 0.437962962962963 0.028125 0.13888888888888887
0 0.5796875 0.40601851851851845 0.034374999999999996 0.17685185185185184
0 0.44609375 0.3101851851851852 0.035937500000000004 0.13518518518518519
0 0.2630208333333333 0.3013888888888889 0.029166666666666667 0.12685185185185185
0 0.6109375 0.375 0.030208333333333334 0.13518518518518519
0 0.7026041666666666 0.27361111111111114 0.028125 0.0787037037037037
0 0.3138020833333333 0.6537037037037037 0.0453125 0.26296296296296295
0 0.16770833333333335 0.4199074074074074 0.03854166666666667 0.17685185185185184
