0 0.53515625 0.3337962962962963 0.033854166666666664 0.14351851851851852
0 0.7434895833333334 0.42962962962962964 0.035937500000000004 0.1685185185185185
0 0.7130208333333333 0.4287037037037037 0.03854166666666667 0.15925925925925927
0 0.2791666666666667 0.7430555555555556 0.058333333333333334 0.2935185185185185
0 0.8557291666666667 0.4814814814814815 0.06458333333333334 0.19629629629629627
0 0.5510416666666667 0.7087962962962963 0.052083333333333336 0.25277777777777777
0 0.22395833333333337 0.736574074074074 0.06145833333333334 0.28055555555555556
0 0.4653645833333333 0.44166666666666665 0.04114583333333334 0.2
0 0.5546875 0.48981481481481476 0.04791666666666666 0.2148148148148148
0 0.6447916666666667 0.5162037037037037 0.053125 0.2046296296296296
0 0.6848958333333334 0.5074074074074074 0.05 0.2037037037037037
0 0.63046875 0.5046296296296297 0.04635416666666667 0.20185185185185184
0 0.7307291666666667 0.4958333333333333 0.051041666666666666 0.2157407407407407
0 0.84921875 0.5787037037037037 0.0609375 0.1685185185185185
0 0.8947916666666667 0.475 0.036458333333333336 0.1796296296296296
0 0.103125 0.8101851851851851 0.07083333333333333 0.29259259259259257
0 0.0765625 0.774537037037037 0.059375000000000004 0.2657407407407407
0 0.27057291666666666 0.38935185185185184 0.033854166666666664 0.15092592592592594
0 0.42994791666666665 0.274537037037037 0.025520833333333333 0.10092592592592592
0 0.3416666666666667 0.2462962962962963 0.028125 0.1148148148148148
0 0.31953125 0.2458333333333333 0.028645833333333332 0.11203703703703702
0 0.403125 0.2550925925925926 0.028125 0.12685185185185185
0 0.4817708333333333 0.2847222222222222 0.021875000000000002 0.11574074074074073
0 0.5096354166666667 0.26805555555555555 0.03177083333333333 0.1324074074074074
0 0.5625 0.17407407407407408 0.020833333333333332 0.09814814814814814
0 0.14739583333333334 0.42731481481481476 0.030208333333333334 0.1824074074074074
0 0.17994791666666668 0.44907407407407407 0.035937500000000004 0.1722222222222222
0 0.24895833333333334 0.44166666666666665 0.041666666666666664 0.18518518518518517
0 0.5111979166666667 0.2351851851851852 0.0234375 0.11851851851851851
0 0.6557291666666667 0.24305555555555552 0.02395833333333333 0.0824074074074074
0 0.5390625 0.3884259259259259 0.03333333333333333 0.17314814814814813
0 0.6109375 0.3731481481481481 0.030208333333333334 0.13518518518518519
0 0.70078125 0.27731481481481485 0.02760416666666667 0.0787037037037037
0 0.05130208333333334 0.9481481481481481 0.06510416666666667 0.10370370370370369
0 0.16614583333333335 0.42407407407407405 0.036458333333333336 0.17592592592592593
