0 0.17083333333333334 0.924074074074074 0.075 0.15
0 0.07864583333333333 0.9407407407407408 0.08229166666666668 0.12037037037037036
0 0.03515625 0.9337962962962963 0.06927083333333334 0.13425925925925924
0 0.8166666666666667 0.8388888888888888 0.065625 0.32037037037037036
0 0.8479166666666667 0.6962962962962963 0.05625 0.2759259259259259
0 0.19218749999999998 0.625 0.058333333333333334 0.20925925925925926
0 0.09739583333333333 0.6550925925925924 0.04895833333333334 0.1824074074074074
0 0.92734375 0.5300925925925926 0.044270833333333336 0.1824074074074074
0 0.1375 0.5990740740740741 0.058333333333333334 0.24814814814814812
0 0.878125 0.5453703703703704 0.046875 0.20185185185185184
0 0.265625 0.5768518518518518 0.043750000000000004 0.19814814814814813
0 0.22421875 0.5731481481481481 0.0453125 0.20555555555555555
0 0.32708333333333334 0.5939814814814814 0.04479166666666667 0.23055555555555554
0 0.39348958333333334 0.5347222222222221 0.05364583333333334 0.20092592592592592
0 0.3268229166666667 0.5083333333333333 0.04635416666666667 0.20185185185185184
0 0.29296875 0.4185185185185185 0.03697916666666667 0.17592592592592593
0 0.47057291666666673 0.4560185185185185 0.0421875 0.17129629629629628
0 0.3940104166666667 0.4180555555555555 0.029687500000000002 0.14537037037037034
0 0.36041666666666666 0.40509259259259256 0.043750000000000004 0.17314814814814813
0 0.32708333333333334 0.39351851851851843 0.0375 0.15185185185185185
0 0.4955729166666667 0.3898148148148148 0.03802083333333334 0.1537037037037037
0 0.46171875 0.38287037037037036 0.033854166666666664 0.15462962962962962
0 0.5242187500000001 0.35833333333333334 0.03802083333333334 0.15185185185185185
0 0.4348958333333333 0.3731481481481481 0.028125 0.14444444444444443
0 0.4182291666666667 0.36064814814814816 0.03229166666666667 0.13796296296296295
0 0.49609375000000006 0.3523148148148148 0.03177083333333333 0.13055555555555556
0 0.4734375 0.3134259259259259 0.03125 0.12870370370370368
0 0.3854166666666667 0.3597222222222222 0.03854166666666667 0.15462962962962962
0 0.4174479166666667 0.3537037037037037 0.029687500000000002 0.14259259259259258
0 0.3971354166666667 0.35231481481481475 0.029687500000000002 0.14351851851851852
0 0.4372395833333333 0.28888888888888886 0.029687500000000002 0.12407407407407406
0 0.3372395833333333 0.37407407407407406 0.029687500000000002 0.1259259259259259
0 0.28541666666666665 0.3777777777777777 0.03958333333333334 0.1611111111111111
0 0.4065104166666667 0.3212962962962963 0.03177083333333333 0.12407407407407406
0 0.36119791666666673 0.33935185185185185 0.02760416666666667 0.13796296296296295
0 0.40234375 0.2944444444444444 0.0234375 0.09814814814814814
0 0.35625 0.31481481481481477 0.035416666666666666 0.137037037037037
0 0.33515625000000004 0.3356481481481481 0.03802083333333334 0.1398148148148148
0 0.5031249999999999 0.1685185185185185 0.021875000000000002 0.09259259259259259
0 0.38203125000000004 0.32870370370370366 0.0265625 0.12037037037037036
0 0.7877604166666666 0.3657407407407407 0.03177083333333333 0.17407407407407408
0 0.4354166666666667 0.31111111111111106 0.03229166666666667 0.13888888888888887
0 0.5531250000000001 0.3925925925925926 0.034374999999999996 0.18518518518518517
0 0.5354166666666667 0.39768518518518514 0.028125 0.18055555555555552
0 0.49843750000000003 0.3324074074074074 0.026041666666666668 0.12407407407407406
0 0.4221354166666667 0.3226851851851852 0.029687500000000002 0.12685185185185185
0 0.36432291666666666 0.36111111111111105 0.035937500000000004 0.1537037037037037
0 0.4440104166666667 0.2787037037037037 0.029687500000000002 0.1259259259259259
0 0.4752604166666667 0.2736111111111111 0.02760416666666667 0.12685185185185185
0 0.5291666666666667 0.42731481481481476 0.0375 0.16574074074074074
0 0.35859375 0.25231481481481477 0.0234375 0.11203703703703702
0 0.5041666666666667 0.4148148148148148 0.036458333333333336 0.1796296296296296
0 0.36614583333333334 0.24953703703703703 0.025 0.10648148148148147
0 0.3424479166666667 0.25231481481481477 0.029687500000000002 0.11574074074074073
0 0.09453125 0.549074074074074 0.03802083333333334 0.19814814814814813
0 0.13541666666666666 0.5041666666666667 0.042708333333333334 0.1935185185185185
0 0.6833333333333335 0.5449074074074074 0.058333333333333334 0.20833333333333334
0 0.7140625 0.5384259259259259 0.04895833333333334 0.20092592592592592
0 0.4270833333333334 0.2472222222222222 0.02395833333333333 0.11851851851851851
0 0.5385416666666667 0.23796296296296296 0.026041666666666668 0.12037037037037036
0 0.6703125 0.2472222222222222 0.025 0.07962962962962963
0 0.578125 0.41759259259259257 0.035416666666666666 0.18148148148148147
0 0.6127604166666667 0.3574074074074074 0.03177083333333333 0.13518518518518519
0 0.6244791666666667 0.34722222222222227 0.03229166666666667 0.13518518518518519
0 0.6213541666666667 0.3777777777777777 0.030208333333333334 0.13518518518518519
0 0.7177083333333334 0.28518518518518515 0.030208333333333334 0.07962962962962963
0 0.7708333333333334 0.3805555555555556 0.035416666666666666 0.1685185185185185
0 0.3971354166666667 0.25555555555555554 0.025520833333333333 0.1074074074074074
