0 0.5604166666666667 0.32916666666666666 0.03333333333333333 0.15648148148148147
0 0.403125 0.28935185185185186 0.030208333333333334 0.13425925925925924
0 0.3833333333333333 0.28055555555555556 0.03125 0.14074074074074075
0 0.11302083333333333 0.5245370370370369 0.040625 0.1898148148148148
0 0.5299479166666666 0.20740740740740737 0.025520833333333333 0.12222222222222222
0 0.6846354166666666 0.21435185185185185 0.0234375 0.07685185185185185
0 0.6106770833333334 0.4009259259259259 0.04010416666666666 0.18703703703703703
0 0.63046875 0.30648148148148147 0.029687500000000002 0.12407407407407406
0 0.6208333333333333 0.32916666666666666 0.03125 0.14907407407407408
0 0.6406250000000001 0.362962962962963 0.03229166666666667 0.15185185185185185
0 0.73671875 0.24999999999999997 0.028645833333333332 0.08518518518518518
0 0.37109375 0.28935185185185186 0.02760416666666667 0.14351851851851852
0 0.8973958333333334 0.4578703703703703 0.057291666666666664 0.1898148148148148
0 0.8729166666666667 0.4666666666666666 0.052083333333333336 0.19814814814814813
0 0.23046875 0.8189814814814814 0.09427083333333333 0.36018518518518516
0 0.4630208333333333 0.6467592592592593 0.05520833333333334 0.2712962962962963
0 0.3875 0.6601851851851852 0.05520833333333334 0.22037037037037036
0 0.3447916666666667 0.6402777777777777 0.05625 0.24537037037037035
0 0.29531250000000003 0.6814814814814815 0.04583333333333334 0.1796296296296296
0 0.2572916666666667 0.624537037037037 0.046875 0.23240740740740737
0 0.039843750000000004 0.8314814814814814 0.07864583333333333 0.3222222222222222
0 0.06432291666666667 0.7435185185185185 0.08802083333333333 0.29259259259259257
0 0.06927083333333334 0.686574074074074 0.08125 0.287962962962963
0 0.3244791666666667 0.4884259259259259 0.035416666666666666 0.1824074074074074
0 0.3557291666666667 0.4444444444444444 0.05 0.1796296296296296
0 0.3861979166666667 0.4319444444444444 0.033854166666666664 0.16018518518518518
0 0.4604166666666667 0.48518518518518516 0.035416666666666666 0.1537037037037037
0 0.4526041666666667 0.39444444444444443 0.042708333333333334 0.18703703703703703
0 0.48932291666666666 0.42083333333333334 0.035937500000000004 0.12129629629629629
0 0.4026041666666667 0.3625 0.040625 0.16388888888888886
0 0.3481770833333333 0.3532407407407407 0.04635416666666667 0.15092592592592594
0 0.3119791666666667 0.3333333333333333 0.035416666666666666 0.1537037037037037
0 0.36614583333333334 0.32083333333333336 0.036458333333333336 0.15462962962962962
0 0.4244791666666667 0.33379629629629626 0.036458333333333336 0.13796296296296295
0 0.4591145833333333 0.33611111111111114 0.0328125 0.12222222222222222
0 0.465625 0.30833333333333335 0.0375 0.13333333333333333
0 0.74375 0.43796296296296294 0.040625 0.12407407407407406
0 0.7838541666666666 0.40648148148148144 0.043750000000000004 0.19814814814814813
0 0.3328125 0.3157407407407407 0.029166666666666667 0.13518518518518519
0 0.5312500000000001 0.3162037037037037 0.034374999999999996 0.16018518518518518
0 0.5473958333333333 0.29768518518518516 0.02291666666666667 0.11018518518518518
0 0.5328124999999999 0.29259259259259257 0.028125 0.11296296296296296
0 0.5171875 0.29768518518518516 0.034374999999999996 0.13796296296296295
0 0.5078125 0.24722222222222223 0.030208333333333334 0.12962962962962962
0 0.4497395833333333 0.2518518518518518 0.028645833333333332 0.11851851851851851
0 0.42031250000000003 0.27685185185185185 0.030208333333333334 0.1259259259259259
0 0.42864583333333334 0.2550925925925926 0.026041666666666668 0.12314814814814815
0 0.3979166666666667 0.26805555555555555 0.028125 0.11574074074074073
0 0.3536458333333333 0.262037037037037 0.030208333333333334 0.12407407407407406
0 0.4864583333333333 0.312037037037037 0.030208333333333334 0.12962962962962962
