0 0.11614583333333332 0.9226851851851852 0.08229166666666668 0.15648148148148147
0 0.40911458333333334 0.9699074074074073 0.0546875 0.058333333333333334
0 0.7471354166666666 0.9828703703703704 0.033854166666666664 0.03611111111111111
0 0.15625 0.8009259259259258 0.06666666666666667 0.3055555555555555
0 0.24218750000000003 0.7944444444444444 0.07187500000000001 0.29814814814814816
0 0.22656250000000003 0.6629629629629629 0.040625 0.19629629629629627
0 0.3026041666666667 0.6509259259259259 0.06874999999999999 0.2833333333333333
0 0.3447916666666667 0.6773148148148148 0.046875 0.19722222222222222
0 0.22604166666666667 0.6837962962962962 0.06041666666666667 0.28055555555555556
0 0.85078125 0.5351851851851852 0.0609375 0.2037037037037037
0 0.3510416666666667 0.7199074074074073 0.06354166666666666 0.28055555555555556
0 0.2736979166666667 0.4856481481481481 0.035937500000000004 0.17685185185185184
0 0.30078125 0.47407407407407404 0.035937500000000004 0.18703703703703703
0 0.3809895833333333 0.41759259259259257 0.04010416666666666 0.1796296296296296
0 0.3588541666666667 0.46064814814814814 0.040625 0.18796296296296294
0 0.39036458333333335 0.49027777777777776 0.0328125 0.15648148148148147
0 0.3763020833333333 0.40138888888888885 0.04010416666666666 0.15648148148148147
0 0.7486979166666666 0.48796296296296293 0.04635416666666667 0.18148148148148147
0 0.4625 0.5356481481481481 0.04479166666666667 0.2157407407407407
0 0.3989583333333333 0.2842592592592592 0.03125 0.137037037037037
0 0.26406250000000003 0.4296296296296296 0.036458333333333336 0.17037037037037037
0 0.46953125 0.38657407407407407 0.029687500000000002 0.16574074074074074
0 0.4338541666666667 0.5064814814814814 0.03958333333333334 0.2111111111111111
0 0.4838541666666667 0.4407407407407407 0.03958333333333334 0.18333333333333332
0 0.4671875 0.41527777777777775 0.03854166666666667 0.16018518518518518
0 0.40703125 0.3675925925925926 0.029687500000000002 0.1537037037037037
0 0.30625 0.4124999999999999 0.036458333333333336 0.16574074074074074
0 0.5442708333333334 0.43611111111111106 0.043750000000000004 0.19074074074074074
0 0.73828125 0.44166666666666665 0.04114583333333334 0.18703703703703703
0 0.7447916666666666 0.42685185185185187 0.035416666666666666 0.18703703703703703
0 0.5281250000000001 0.4041666666666667 0.03854166666666667 0.16018518518518518
0 0.6953125 0.41018518518518515 0.040625 0.17592592592592593
0 0.4684895833333333 0.3476851851851851 0.029687500000000002 0.1398148148148148
0 0.45625 0.28935185185185186 0.028125 0.1398148148148148
0 0.5166666666666666 0.3550925925925926 0.0375 0.1675925925925926
0 0.5658854166666667 0.3518518518518518 0.035937500000000004 0.1685185185185185
0 0.5174479166666667 0.33935185185185185 0.03802083333333334 0.16574074074074074
0 0.5309895833333333 0.2597222222222222 0.025520833333333333 0.11018518518518518
0 0.5276041666666667 0.2597222222222222 0.02395833333333333 0.11018518518518518
0 0.3697916666666667 0.27685185185185185 0.027083333333333334 0.11851851851851851
0 0.4388020833333333 0.2972222222222222 0.035937500000000004 0.12962962962962962
0 0.5015625 0.2657407407407407 0.030208333333333334 0.11851851851851851
0 0.3744791666666667 0.3037037037037037 0.03229166666666667 0.13518518518518519
0 0.35260416666666666 0.2699074074074074 0.02291666666666667 0.11018518518518518
0 0.4067708333333333 0.25 0.028125 0.11851851851851851
0 0.32708333333333334 0.3458333333333333 0.040625 0.16203703703703703
0 0.23151041666666666 0.3449074074074074 0.0390625 0.16203703703703703
0 0.4705729166666667 0.3046296296296296 0.025520833333333333 0.1111111111111111
0 0.34296875 0.31157407407407406 0.029687500000000002 0.14351851851851852
0 0.41953125 0.2439814814814815 0.0234375 0.10092592592592592
0 0.11458333333333333 0.6064814814814814 0.052083333333333336 0.22407407407407404
0 0.4317708333333333 0.3611111111111111 0.03125 0.14629629629629629
0 0.48984375 0.28657407407407404 0.02760416666666667 0.12685185185185185
0 0.3830729166666667 0.29027777777777775 0.0234375 0.12129629629629629
0 0.41770833333333335 0.2916666666666667 0.026041666666666668 0.12407407407407406
0 0.5190104166666667 0.22037037037037036 0.025520833333333333 0.11851851851851851
0 0.6640625000000001 0.2949074074074074 0.027083333333333334 0.1175925925925926
0 0.6578125 0.23194444444444443 0.02395833333333333 0.0824074074074074
0 0.4875 0.3069444444444444 0.02291666666666667 0.10092592592592592
0 0.7682291666666666 0.4625 0.029166666666666667 0.10462962962962963
0 0.7520833333333333 0.47453703703703703 0.04583333333333334 0.1861111111111111
0 0.5755208333333334 0.40925925925925927 0.0375 0.18518518518518517
0 0.5789062500000001 0.337037037037037 0.03177083333333333 0.14444444444444443
0 0.546875 0.3277777777777777 0.030208333333333334 0.13148148148148148
0 0.6122395833333334 0.36111111111111105 0.029687500000000002 0.13518518518518519
0 0.7028645833333333 0.26296296296296295 0.03072916666666667 0.07962962962962963
0 0.3411458333333333 0.3587962962962962 0.03333333333333333 0.15648148148148147
0 0.6981770833333334 0.42916666666666664 0.0390625 0.17685185185185184
0 0.51015625 0.47731481481481475 0.05677083333333334 0.19722222222222222
0 0.23802083333333335 0.6583333333333333 0.05625 0.19814814814814813
