0 0.5393229166666667 0.324537037037037 0.033854166666666664 0.14351851851851852
0 0.7223958333333333 0.4148148148148148 0.035416666666666666 0.15925925925925927
0 0.8505208333333334 0.5 0.040625 0.18518518518518517
0 0.9390625 0.49675925925925923 0.051041666666666666 0.20277777777777778
0 0.6893229166666667 0.41712962962962963 0.03697916666666667 0.16018518518518518
0 0.3096354166666667 0.6981481481481481 0.06302083333333333 0.2722222222222222
0 0.8325520833333334 0.5087962962962963 0.035937500000000004 0.20648148148148146
0 0.7841145833333334 0.47129629629629627 0.044270833333333336 0.18703703703703703
0 0.5687500000000001 0.6708333333333333 0.052083333333333336 0.2398148148148148
0 0.24765625 0.6925925925925925 0.0609375 0.2648148148148148
0 0.5119791666666667 0.45787037037037037 0.0375 0.21203703703703702
0 0.6216145833333334 0.5120370370370371 0.0578125 0.22037037037037036
0 0.71796875 0.5314814814814814 0.06302083333333333 0.2037037037037037
0 0.7536458333333335 0.5194444444444444 0.058333333333333334 0.2185185185185185
0 0.7018229166666666 0.5101851851851851 0.049479166666666664 0.20185185185185184
0 0.8078125 0.5157407407407407 0.053125 0.2148148148148148
0 0.8721354166666666 0.5953703703703703 0.0484375 0.1685185185185185
0 0.8208333333333334 0.4662037037037037 0.036458333333333336 0.1787037037037037
0 0.04973958333333334 0.861574074074074 0.06718750000000001 0.2787037037037037
0 0.028645833333333332 0.8333333333333334 0.052083333333333336 0.28703703703703703
0 0.26536458333333335 0.40509259259259256 0.033854166666666664 0.15092592592592594
0 0.4541666666666667 0.2699074074074074 0.02395833333333333 0.10092592592592592
0 0.4020833333333333 0.2550925925925926 0.028125 0.12685185185185185
0 0.48411458333333335 0.2828703703703704 0.021354166666666667 0.11018518518518518
0 0.5057291666666667 0.26620370370370366 0.028125 0.1324074074074074
0 0.5361979166666667 0.1773148148148148 0.0265625 0.09907407407407406
0 0.14791666666666667 0.4319444444444444 0.030208333333333334 0.1824074074074074
0 0.18854166666666666 0.4532407407407407 0.0375 0.16944444444444443
0 0.26927083333333335 0.4476851851851852 0.046875 0.18425925925925926
0 0.5140625000000001 0.23888888888888887 0.026041666666666668 0.11851851851851851
0 0.8505208333333334 0.4162037037037037 0.03229166666666667 0.15092592592592594
0 0.65625 0.24305555555555552 0.02395833333333333 0.0824074074074074
0 0.5401041666666666 0.3949074074074074 0.03333333333333333 0.17314814814814813
0 0.2630208333333333 0.3194444444444444 0.0375 0.13518518518518519
0 0.6119791666666666 0.37407407407407406 0.030208333333333334 0.13518518518518519
0 0.7020833333333334 0.27546296296296297 0.028125 0.0787037037037037
0 0.1 0.9055555555555554 0.06770833333333333 0.18888888888888886
0 0.16770833333333335 0.42361111111111105 0.03854166666666667 0.17685185185185184
